Error at _cmdno 5 executing "solve" command
(file amplin, line 1961, offset 37058):
error processing param distances:
	3680 invalid subscripts discarded:
	distances[71,1,1]
	distances[71,1,2]
	distances[71,1,3]
	and 3677 more.
##### This license is only intended for use by NEOS. #####
##### License is valid until Jan 16, 2026 #####
ariables.
Substitution eliminates 1 variable.
Adjusted problem:
12918 variables:
	8088 nonlinear variables
	4830 linear variables
25903 constraints; 155161 nonzeros
	22925 nonlinear constraints
	2978 linear constraints
	2486 equality constraints
	23417 inequality constraints
1 nonlinear objective; 3 nonzeros.

Artelys Knitro 14.2.0: threads=4
algorithm=1
ms_enable=1
ms_maxsolves=10
feastol=1e-5
opttol=1e-5
honorbnds=1
bar_initpt=3
bar_murule=4
scale=1
outlev=2
maxtime_real=1200
WARNING:  Option 'threads' is deprecated, please use 'numthreads'.
WARNING: 1 constraint is constant or undefined and will be ignored.

=======================================
           Academic License
       (NOT FOR COMMERCIAL USE)
         Artelys Knitro 14.2.0
=======================================

No start point provided -- Knitro computing one.

Knitro presolve eliminated 0 variables and 1 constraint.

algorithm                1
bar_initpt               3
bar_murule               4
concurrent_evals         0
datacheck                0
feastol                  1e-05
findiff_numthreads       1
hessian_no_f             1
hessopt                  1
honorbnds                1
maxtime_real             1200
ms_enable                1
ms_maxsolves             10
numthreads               4
opttol                   1e-05

Problem Characteristics                                 (   Presolved)
-----------------------
Objective goal:  Minimize
Objective type:  general
Number of variables:                              12918 (       12918)
    bounded below only:                               1 (           1)
    bounded above only:                               0 (           0)
    bounded below and above:                          0 (           0)
    fixed:                                            0 (           0)
    free:                                         12917 (       12917)
Number of constraints:                            25903 (       25902)
    linear equalities:                                1 (           0)
    quadratic equalities:                          2415 (        2415)
    gen. nonlinear equalities:                       70 (          70)
    linear one-sided inequalities:                 2977 (        2977)
    quadratic one-sided inequalities:             20440 (       20440)
    gen. nonlinear one-sided inequalities:            0 (           0)
    linear two-sided inequalities:                    0 (           0)
    quadratic two-sided inequalities:                 0 (           0)
    gen. nonlinear two-sided inequalities:            0 (           0)
Number of nonzeros in Jacobian:                  155161 (      155161)
Number of nonzeros in Hessian:                    70668 (       70668)

Knitro parallel multistart will run with 4 threads.

Return codes description
------------------------
  0:  The final solution satisfies the termination conditions for verifying optimality.
  -100 to -199:  A feasible approximate solution was found.
  -200 to -299:  Knitro terminated at an infeasible point.
  -300 to -301:  The problem was determined to be unbounded.
  -400 to -499:  Knitro terminated because it reached a pre-defined limit.
    -400 to -409:  A feasible point was found.
    -410 to -419:  No feasible point was found.
  -500 to -599:  Knitro terminated with an input error or some non-standard error.
A more detailed description of individual return codes and their corresponding
termination messages is provided at
https://www.artelys.com/app/docs/knitro/3_referenceManual/returnCodes.html

 Solve #  ThreadID  Status     Objective      FeasError    OptError    Real Time 
--------  --------  ------  --------------   ----------   ----------  ----------
      0          0       0         4.19999  2.11364e-06  7.66037e-07      489.040
      1          1    -410     4.38461e+10  5.06722e+06      11177.3      2637.40
      2          3    -410     2.92716e+13  2.40348e+06      696693.      2790.85
      4          0    -410     2.74982e+10      186972.      20924.0      2634.39
      3          2    -410     1.45967e+11      209244.      48758.5      3192.08
      5          1    -410     4.94004e+11  3.22047e+06      54344.5      2345.96
      7          0    -410     5.99162e+12      44243.7      245750.      2286.94
      8          2    -410     3.36754e+13      920404.  2.47276e+06      2220.27
      9          1    -410     8.02491e+08      210092.      780.981      2049.73
      6          3    -410     4.91051e+11     0.259510      12253.8      2446.34

MULTISTART: Best locally optimal solution is returned.
EXIT: Locally optimal solution found.

Final Statistics
----------------
Final objective value               =   4.19999332708928e+00
Final feasibility error (abs / rel) =   2.11e-06 / 3.83e-07
Final optimality error  (abs / rel) =   7.66e-07 / 9.69e-08
# of iterations                     =      92268 
# of CG iterations                  =          0 
# of function evaluations           =     100304
# of gradient evaluations           =      92390
# of Hessian evaluations            =      92299
Total program time (secs)           =    7035.99463 ( 23001.629 CPU time)

===============================================================================

Knitro 14.2.0: Locally optimal or satisfactory solution.
objective 4.199993327; feasibility error 2.11e-06
92268 iterations; 100304 function evaluations

suffix feaserror OUT;
suffix opterror OUT;
suffix numfcevals OUT;
suffix numiters OUT;
---------------------------- Solver Status Report ----------------------------
solve_result_num = 0
solve_result = solved
solve_message = 'Knitro 14.2.0: Locally optimal or satisfactory solution.\
objective 4.199993327; feasibility error 2.11e-06\
92268 iterations; 100304 function evaluations'


---------------------------- Problem Dimensions ----------------------------
Variables: 25414
Constraints: 25974
---------------------------- Container and geometric considerations  ----------------------------
Container type: cylinder
Structural conservation type: volume & surface
---------------------------- Solution execution data ----------------------------
solve_result_num = 0
solve_result = solved

---------------------------- Solution data ----------------------------
card(figures) = 70

coords [*,*,1]
:         1             2             3            4         :=
1    -0.286783     -0.916458     -0.908145     -0.19437
2     0.127236      0.186478      0.158518      0.897088
3     0.78683       1.04973       0.128661      1.05458
4     0.133236      1.03725       0.888026      0.903897
5     0.897088      0.186478      0.127236      0.430388
6     0.317483      0.597741      0.180291      1.05508
7    -0.104553      0.300343     -0.641771     -0.308813
8    -1.05569      -0.918342     -0.18419      -0.940957
9     0.805549      1.06141       0.203313      0.612782
10    0.881458      0.821033      0.613389     -0.0662028
11   -0.0743422    -1.06233      -0.641771     -0.985742
12    0.24586      -0.402141      0.579794     -0.120347
13   -0.686258     -0.908467     -0.171679     -1.06222
14   -0.305161      0.232652      0.542557     -0.323318
15   -0.0457144    -0.873742     -0.0773117    -0.300543
16    0.128414      0.736521      1.05458       1.04923
17   -0.156985     -0.0605954    -0.20843      -0.932919
18   -0.073726     -0.985704     -0.304372     -0.641771
19    0.168039     -0.353252      0.539466      0.568575
20   -0.801558     -0.17624      -0.324037     -1.0453
21   -0.7669        0.0708478    -0.118029      0.145302
22    0.992754      0.161933      0.106539      0.469343
23   -0.186071     -0.606234      0.0783825     0.184822
24   -0.932003     -0.217377     -0.636822     -0.0420761
25    0.158115      0.885319      1.03328       1.03492
26    0.00774516   -0.261104     -0.993877     -0.665673
27    0.300343      0.591352     -0.104222     -0.293453
28   -1.05568      -0.18419      -0.918342     -0.497625
29   -0.124463     -0.365924     -0.246541     -1.0046
30   -0.264192     -0.491892      0.508906     -0.0539191
31    1.01661       0.655215      1.04858       0.180736
32   -0.0894399    -0.929597     -0.169143     -0.861249
33    0.371653      0.313375     -0.431941      0.176023
34    0.321122      0.042764     -0.648993      0.10672
35   -0.785203     -0.0215031    -0.829925     -0.0555024
36    0.315105     -0.00216954   -0.615068     -0.483806
37   -0.893765     -0.821337     -0.11655      -1.0262
38   -0.632206     -0.117773      0.155666     -0.697109
39    0.271012      0.11663       1.01396       0.154449
40    0.76814       1.02817       0.305769      0.18422
41   -0.116203     -1.04431      -1.04187      -0.832658
42    0.752023     -0.23666       0.489499     -0.0210521
43   -0.880836     -0.908151     -1.01922      -0.165729
44   -0.697109     -0.581018      0.172043     -0.636057
45   -0.260474      0.0217197    -0.00637649   -0.91219
46    0.538284     -0.0102695    -0.386148      0.197496
47    0.435151     -0.242119     -0.376526     -0.132389
48    0.158115      0.598895      1.03497       1.03328
49   -0.130476     -0.374711     -0.940325     -1.00708
50    0.574801     -0.198098     -0.0838866    -0.209946
51    0.160021      0.446906      1.01723       0.559927
52   -0.114595     -1.0453       -1.04433      -0.820095
53   -0.0486631    -0.288342      0.437817     -0.599361
54    0.214903      0.949203      0.965488      1.06245
55   -0.48408       0.221931      0.202445      0.461809
56    0.124133     -0.622098     -0.16905       0.310704
57    0.179718      0.376175      0.317897      1.05909
58    0.300343      0.835287      0.421551     -0.23666
59    0.133157      0.153146     -0.664952      0.152933
60   -0.0107866    -0.00854532    0.706903      0.717498
61    0.158518      0.711035      0.127236      0.897088
62   -0.796869     -0.889045     -0.0727964    -1.06222
63   -0.072075     -0.289325     -0.829507     -0.973568
64    0.55851      -0.266077      0.44541       0.161711
65    0.400331      1.05151       0.0968241     0.822122
66    0.809701      0.0646787    -0.134683      0.419689
67    0.616371      1.06265       0.187474      0.968842
68   -0.0805889     0.23768      -0.0544995     0.789815
69   -0.18419      -1.05569      -0.911175     -0.636823
70    0.504088     -0.565857      0.0614188    -0.184694

 [*,*,2]
:        1             2             3             4         :=
1     1.02323      0.53791       0.551829      0.038297
2     1.05501      0.126063      0.143534      0.569628
3    -0.714241    -0.165255     -0.110457      0.130801
4     0.10637     -0.230976      0.583654      0.55876
5     0.569628     0.126063      1.05501       0.971601
6    -0.621075    -0.878606      0.0159878    -0.126669
7    -0.0973536   -1.01933      -0.846978     -1.0168
8     0.121537     0.534687      0.0271113    -0.493803
9     0.693061     0.0514761    -0.0126519     0.836513
10    0.133129    -0.674646     -0.867754     -0.361298
11   -0.0896754   -0.0265318    -0.846978     -0.396931
12   -1.03383     -0.983628     -0.890551     -0.158835
13    0.811352     0.551299     -0.0332506    -0.0304176
14   -0.0705636    0.102006      0.586228      0.940407
15   -1.06167     -0.604828     -0.082406     -1.01927
16   -0.110393     0.637159      0.130769     -0.165337
17    0.74324     -0.0113408     1.04202       0.508827
18   -0.0888573   -0.397026     -1.01814      -0.846978
19   -0.0808094    0.664313      0.636875      0.897755
20    0.697673    -0.0131716     0.978111      0.191263
21   -0.296252     0.00480336    0.543368     -0.28567
22   -0.228469    -0.621017      0.0512257    -0.953393
23   -0.124076     0.369625     -0.236496      0.724748
24   -0.510503    -0.0734963    -0.850705     -1.06182
25    0.0193733    0.587752     -0.248154     -0.241225
26   -0.200976    -1.03008      -0.249485     -0.828324
27   -1.01933     -0.699487     -0.0958674    -0.947658
28    0.121537     0.0271113     0.534687      0.938942
29   -0.0415213   -0.997668     -0.123051     -0.346436
30    1.02929      0.776943      0.932876      0.0863275
31    0.309418     0.836621     -0.131399      0.00896788
32    0.477161     0.51487      -0.167739     -0.2642
33    0.374231    -0.696565     -0.153882     -0.0603044
34   -1.01298     -1.0618       -0.841458     -0.143366
35   -0.540543    -0.131979      0.434522      0.158161
36    1.01487      0.171031      0.656358      0.946136
37    0.574826    -0.293577     -0.00744076   -0.275962
38    0.854142    -0.0352245     0.658268      0.0525594
39    0.223313     0.0479082    -0.218448     -0.624553
40    0.734304    -0.00203171    0.729345      0.0208378
41   -0.0298087   -0.196594      0.209171     -0.660244
42   -0.252335    -0.179116      0.609993      0.162794
43    0.513037     0.551819     -0.300712      0.0185902
44    0.0525594    0.889753      0.6699        0.851277
45   -1.02679     -0.200299     -0.148464     -0.245529
46    0.636912    -0.0628743     0.665324     -0.0984804
47   -0.630452    -0.0795487    -0.993715     -0.0545703
48    0.0193733   -0.87782      -0.241004     -0.248154
49   -0.0247687   -0.994401     -0.495006     -0.339176
50    0.893782     1.04403       0.172844      1.04171
51    0.110372     0.964115      0.307399      0.903174
52   -0.0361498    0.191292     -0.196516      0.675786
53    0.13058     -0.235277      0.553832      0.631716
54    0.0337821    0.477761     -0.44393      -0.0209985
55    0.945996     0.196289      1.0432        0.957065
56   -0.149426    -0.78735      -1.04913      -1.01622
57    0.0186067    0.457319     -0.613477     -0.0870527
58   -1.01933     -0.148639     -0.528676     -0.179116
59    0.658834    -0.24047       0.441855      0.74593
60   -0.0306011   -0.206035     -0.65599       0.359406
61    0.143534     0.789729      1.05501       0.569628
62   -0.426493     0.474637     -0.0958807    -0.0303784
63   -0.0580305   -0.992204     -0.664198     -0.171951
64    0.904051     1.02881       0.964807      0.115919
65   -0.984366    -0.153495     -0.15614      -0.673318
66   -0.688205    -0.1362       -1.05409      -0.97627
67   -0.865638    -0.00376395    0.0332615    -0.436563
68   -0.148405    -1.03574      -1.06126      -0.710939
69    0.0271109    0.121537     -0.546811     -0.850705
70   -0.707377    -0.774697     -0.0800316     0.0403394

 [*,*,3]
:         1            2            3             4         :=
1     0.102201     -0.443119     0.62741      0.172491
2     0.355114      0.8876      -0.147831     0.502522
3    -0.499694      0.277592    -0.268877    -0.753101
4     0.509088      0.320483    -0.0846229    0.953592
5     0.502522      0.8876       0.355114     1.38037
6     1.64321       0.782466     0.791543     1.39519
7    -1.74604      -2.0761      -2.0761      -1.2333
8     1.64321       0.763119     1.35758      0.886269
9    -0.0224773    -0.842784    -0.511792    -1.02292
10   -0.669503     -1.27041     -0.393148    -0.755995
11   -1.69279      -2.0761      -2.0761      -1.21965
12    0.790225      1.64321      1.64321      1.29051
13   -2.0761       -1.17975     -1.66154     -2.06743
14    1.64321       0.914524     1.64321      1.28598
15   -1.30322      -1.17687     -0.889839    -0.418193
16   -0.269197     -0.0512723   -0.75299      0.277686
17    0.211104     -0.54475     -0.659577    -0.457526
18   -1.69238      -1.2198      -1.22299     -2.0761
19   -0.444843     -0.717179    -1.1498      -0.266009
20   -0.479895     -0.835539    -1.217       -1.27178
21   -0.0897861    -0.658917     0.0651498    0.370685
22    0.303244      0.0921615    0.79983      0.895296
23    1.29875       0.444517     0.326543     0.758444
24    0.738575      1.34858      1.64321      0.971115
25    0.776157      0.975513     1.33519      0.311874
26    0.00742621   -0.433509    -0.372574     0.369995
27   -2.0761       -1.19749     -1.74687     -1.27186
28    1.64321       1.35758      0.763119     1.64321
29    0.28159       0.678412     1.28734      0.812531
30   -1.42996      -0.572942    -0.925205    -1.26665
31   -1.69244      -1.02803     -0.78679     -1.4009
32   -0.0294057    -0.449134    -0.774332     0.0391069
33    1.64321       1.64321      1.64321      0.790969
34    0.202036      1.07961      0.329246     0.529706
35   -1.08508      -1.70121     -1.30759     -0.826758
36   -1.92282      -1.34206     -2.0761      -1.21077
37    0.643749      0.944796     0.188886     0.00451515
38    1.39622       1.39862      0.80067      0.68682
39   -0.252575      0.794038     0.308632     0.0902602
40    0.793395      1.45648      1.59101      0.795243
41   -0.830001     -0.323184    -1.31583     -1.09145
42   -1.86394      -2.0761      -2.0761      -1.24748
43   -0.424982      0.62668     -0.0142983    0.202828
44    0.686819      0.318539     0.802856     1.38881
45   -0.431916      0.0127279   -0.907339    -0.341583
46   -1.14923      -1.39293     -0.701237    -0.447047
47    1.03581       1.33214      0.787869     0.331356
48    0.776157      0.783613     0.279325     1.33519
49    0.280106      0.667613    -0.0944143    0.81182
50   -0.260523      0.27539     -0.33942     -0.796923
51   -1.41805      -2.00014     -1.69442     -0.935471
52   -0.814663     -1.27174     -0.323374    -0.520373
53   -1.26449      -2.0761      -2.0761      -2.03624
54   -1.43564      -2.0195      -2.03431     -1.07694
55    1.21945       0.979058     0.606233     1.64321
56   -0.0845812     0.34692     -0.589146     0.201571
57    0.787999      1.64321      1.64321      1.34775
58   -2.0761       -2.0761      -1.30502     -2.0761
59   -0.156687      0.3402       0.463271     0.760931
60   -1.55982      -0.654717    -1.22085     -0.876087
61   -0.147831     -0.504423     0.355113     0.502522
62   -1.10681      -1.27847     -1.67627     -2.06737
63   -0.902578     -0.427917    -1.0992      -0.333076
64   -0.949184     -1.43102     -2.01385     -1.42317
65    0.413715      0.292286    -0.196141    -0.433774
66   -0.402177     -0.182152    -0.532682     0.381985
67   -1.28073      -1.04003     -1.45214     -2.0167
68   -0.934234     -0.423013    -1.32987     -1.20983
69    1.35758       1.64321      0.817114     1.64321
70   -1.19765      -1.22385     -1.74727     -0.856334
;

radius = 1.06266
height = 3.7193
softness = 0.15

---------------------------- Solution coords data ----------------------------
distances [*,1,*]
:    1   2   3   4    :=
1    0   1   0   1
2    0   1   0   1
3    0   1   0   1
4    0   1   0   1
5    0   1   0   1
6    0   1   0   1
7    0   1   0   1
8    0   1   0   1
9    0   1   0   1
10   0   1   0   1
11   0   1   0   1
12   0   1   0   1
13   0   1   0   1
14   0   1   0   1
15   0   1   0   1
16   0   1   0   1
17   0   1   0   1
18   0   1   0   1
19   0   1   0   1
20   0   1   0   1
21   0   1   0   1
22   0   1   0   1
23   0   1   0   1
24   0   1   0   1
25   0   1   0   1
26   0   1   0   1
27   0   1   0   1
28   0   1   0   1
29   0   1   0   1
30   0   1   0   1
31   0   1   0   1
32   0   1   0   1
33   0   1   0   1
34   0   1   0   1
35   0   1   0   1
36   0   1   0   1
37   0   1   0   1
38   0   1   0   1
39   0   1   0   1
40   0   1   0   1
41   0   1   0   1
42   0   1   0   1
43   0   1   0   1
44   0   1   0   1
45   0   1   0   1
46   0   1   0   1
47   0   1   0   1
48   0   1   0   1
49   0   1   0   1
50   0   1   0   1
51   0   1   0   1
52   0   1   0   1
53   0   1   0   1
54   0   1   0   1
55   0   1   0   1
56   0   1   0   1
57   0   1   0   1
58   0   1   0   1
59   0   1   0   1
60   0   1   0   1
61   0   1   0   1
62   0   1   0   1
63   0   1   0   1
64   0   1   0   1
65   0   1   0   1
66   0   1   0   1
67   0   1   0   1
68   0   1   0   1
69   0   1   0   1
70   0   1   0   1

 [*,2,*]
:    1   2   3   4    :=
1    0   0   1   1
2    0   0   1   1
3    0   0   1   1
4    0   0   1   1
5    0   0   1   1
6    0   0   1   1
7    0   0   1   1
8    0   0   1   1
9    0   0   1   1
10   0   0   1   1
11   0   0   1   1
12   0   0   1   1
13   0   0   1   1
14   0   0   1   1
15   0   0   1   1
16   0   0   1   1
17   0   0   1   1
18   0   0   1   1
19   0   0   1   1
20   0   0   1   1
21   0   0   1   1
22   0   0   1   1
23   0   0   1   1
24   0   0   1   1
25   0   0   1   1
26   0   0   1   1
27   0   0   1   1
28   0   0   1   1
29   0   0   1   1
30   0   0   1   1
31   0   0   1   1
32   0   0   1   1
33   0   0   1   1
34   0   0   1   1
35   0   0   1   1
36   0   0   1   1
37   0   0   1   1
38   0   0   1   1
39   0   0   1   1
40   0   0   1   1
41   0   0   1   1
42   0   0   1   1
43   0   0   1   1
44   0   0   1   1
45   0   0   1   1
46   0   0   1   1
47   0   0   1   1
48   0   0   1   1
49   0   0   1   1
50   0   0   1   1
51   0   0   1   1
52   0   0   1   1
53   0   0   1   1
54   0   0   1   1
55   0   0   1   1
56   0   0   1   1
57   0   0   1   1
58   0   0   1   1
59   0   0   1   1
60   0   0   1   1
61   0   0   1   1
62   0   0   1   1
63   0   0   1   1
64   0   0   1   1
65   0   0   1   1
66   0   0   1   1
67   0   0   1   1
68   0   0   1   1
69   0   0   1   1
70   0   0   1   1

 [*,3,*]
:    1   2   3   4    :=
1    1   0   0   1
2    1   0   0   1
3    1   0   0   1
4    1   0   0   1
5    1   0   0   1
6    1   0   0   1
7    1   0   0   1
8    1   0   0   1
9    1   0   0   1
10   1   0   0   1
11   1   0   0   1
12   1   0   0   1
13   1   0   0   1
14   1   0   0   1
15   1   0   0   1
16   1   0   0   1
17   1   0   0   1
18   1   0   0   1
19   1   0   0   1
20   1   0   0   1
21   1   0   0   1
22   1   0   0   1
23   1   0   0   1
24   1   0   0   1
25   1   0   0   1
26   1   0   0   1
27   1   0   0   1
28   1   0   0   1
29   1   0   0   1
30   1   0   0   1
31   1   0   0   1
32   1   0   0   1
33   1   0   0   1
34   1   0   0   1
35   1   0   0   1
36   1   0   0   1
37   1   0   0   1
38   1   0   0   1
39   1   0   0   1
40   1   0   0   1
41   1   0   0   1
42   1   0   0   1
43   1   0   0   1
44   1   0   0   1
45   1   0   0   1
46   1   0   0   1
47   1   0   0   1
48   1   0   0   1
49   1   0   0   1
50   1   0   0   1
51   1   0   0   1
52   1   0   0   1
53   1   0   0   1
54   1   0   0   1
55   1   0   0   1
56   1   0   0   1
57   1   0   0   1
58   1   0   0   1
59   1   0   0   1
60   1   0   0   1
61   1   0   0   1
62   1   0   0   1
63   1   0   0   1
64   1   0   0   1
65   1   0   0   1
66   1   0   0   1
67   1   0   0   1
68   1   0   0   1
69   1   0   0   1
70   1   0   0   1

 [*,4,*]
:    1   2   3   4    :=
1    1   1   1   0
2    1   1   1   0
3    1   1   1   0
4    1   1   1   0
5    1   1   1   0
6    1   1   1   0
7    1   1   1   0
8    1   1   1   0
9    1   1   1   0
10   1   1   1   0
11   1   1   1   0
12   1   1   1   0
13   1   1   1   0
14   1   1   1   0
15   1   1   1   0
16   1   1   1   0
17   1   1   1   0
18   1   1   1   0
19   1   1   1   0
20   1   1   1   0
21   1   1   1   0
22   1   1   1   0
23   1   1   1   0
24   1   1   1   0
25   1   1   1   0
26   1   1   1   0
27   1   1   1   0
28   1   1   1   0
29   1   1   1   0
30   1   1   1   0
31   1   1   1   0
32   1   1   1   0
33   1   1   1   0
34   1   1   1   0
35   1   1   1   0
36   1   1   1   0
37   1   1   1   0
38   1   1   1   0
39   1   1   1   0
40   1   1   1   0
41   1   1   1   0
42   1   1   1   0
43   1   1   1   0
44   1   1   1   0
45   1   1   1   0
46   1   1   1   0
47   1   1   1   0
48   1   1   1   0
49   1   1   1   0
50   1   1   1   0
51   1   1   1   0
52   1   1   1   0
53   1   1   1   0
54   1   1   1   0
55   1   1   1   0
56   1   1   1   0
57   1   1   1   0
58   1   1   1   0
59   1   1   1   0
60   1   1   1   0
61   1   1   1   0
62   1   1   1   0
63   1   1   1   0
64   1   1   1   0
65   1   1   1   0
66   1   1   1   0
67   1   1   1   0
68   1   1   1   0
69   1   1   1   0
70   1   1   1   0
;

---------------------------- Solution stats data ----------------------------
_ampl_time = 0.135377
_total_solve_time = 23002
_ampl_elapsed_time = 0.132129
_ampl_user_time = 0.10553

Total time elapsed: $23002.03.
_total_solve_time = 23002

---------------------------- Solution miscs data ----------------------------
tetrahedron_volume [*] :=
 1 0.117851   15 0.117851   29 0.117851   43 0.117851   57 0.117851
 2 0.117851   16 0.117851   30 0.117851   44 0.117851   58 0.117851
 3 0.117851   17 0.117851   31 0.117851   45 0.117851   59 0.117851
 4 0.117851   18 0.117851   32 0.117851   46 0.117851   60 0.117851
 5 0.117851   19 0.117851   33 0.117851   47 0.117851   61 0.117851
 6 0.117851   20 0.117851   34 0.117851   48 0.117851   62 0.117851
 7 0.117851   21 0.117851   35 0.117851   49 0.117851   63 0.117851
 8 0.117851   22 0.117851   36 0.117851   50 0.117851   64 0.117851
 9 0.117851   23 0.117851   37 0.117851   51 0.117851   65 0.117851
10 0.117851   24 0.117851   38 0.117851   52 0.117851   66 0.117851
11 0.117851   25 0.117851   39 0.117851   53 0.117851   67 0.117851
12 0.117851   26 0.117851   40 0.117851   54 0.117851   68 0.117851
13 0.117851   27 0.117851   41 0.117851   55 0.117851   69 0.117851
14 0.117851   28 0.117851   42 0.117851   56 0.117851   70 0.117851
;

---------------------------- Solution miscs data ----------------------------
tetrahedron_surface_area [*] :=
 1 0    8 0   15 0   22 0   29 0   36 0   43 0   50 0   57 0   64 0
 2 0    9 0   16 0   23 0   30 0   37 0   44 0   51 0   58 0   65 0
 3 0   10 0   17 0   24 0   31 0   38 0   45 0   52 0   59 0   66 0
 4 0   11 0   18 0   25 0   32 0   39 0   46 0   53 0   60 0   67 0
 5 0   12 0   19 0   26 0   33 0   40 0   47 0   54 0   61 0   68 0
 6 0   13 0   20 0   27 0   34 0   41 0   48 0   55 0   62 0   69 0
 7 0   14 0   21 0   28 0   35 0   42 0   49 0   56 0   63 0   70 0
;

