Error at _cmdno 5 executing "solve" command
(file amplin, line 2001, offset 39164):
error processing param distances:
	4000 invalid subscripts discarded:
	distances[51,1,1]
	distances[51,1,2]
	distances[51,1,3]
	and 3997 more.
##### This license is only intended for use by NEOS. #####
##### License is valid until Jan 16, 2026 #####
ariables.
Substitution eliminates 1 variable.
Adjusted problem:
6728 variables:
	4278 nonlinear variables
	2450 linear variables
13553 constraints; 80931 nonzeros
	11925 nonlinear constraints
	1628 linear constraints
	1326 equality constraints
	12227 inequality constraints
1 nonlinear objective; 3 nonzeros.

Artelys Knitro 14.2.0: threads=4
algorithm=1
ms_enable=1
ms_maxsolves=10
feastol=1e-5
opttol=1e-5
honorbnds=1
bar_initpt=3
bar_murule=4
scale=1
outlev=2
maxtime_real=3600
WARNING:  Option 'threads' is deprecated, please use 'numthreads'.
WARNING: 1 constraint is constant or undefined and will be ignored.

=======================================
           Academic License
       (NOT FOR COMMERCIAL USE)
         Artelys Knitro 14.2.0
=======================================

No start point provided -- Knitro computing one.

Knitro presolve eliminated 0 variables and 1 constraint.

algorithm                1
bar_initpt               3
bar_murule               4
concurrent_evals         0
datacheck                0
feastol                  1e-05
findiff_numthreads       1
hessian_no_f             1
hessopt                  1
honorbnds                1
maxtime_real             3600
ms_enable                1
ms_maxsolves             10
numthreads               4
opttol                   1e-05

Problem Characteristics                                 (   Presolved)
-----------------------
Objective goal:  Minimize
Objective type:  general
Number of variables:                               6728 (        6728)
    bounded below only:                               1 (           1)
    bounded above only:                               0 (           0)
    bounded below and above:                          0 (           0)
    fixed:                                            0 (           0)
    free:                                          6727 (        6727)
Number of constraints:                            13553 (       13552)
    linear equalities:                                1 (           0)
    quadratic equalities:                          1225 (        1225)
    gen. nonlinear equalities:                      100 (         100)
    linear one-sided inequalities:                 1627 (        1627)
    quadratic one-sided inequalities:             10600 (       10600)
    gen. nonlinear one-sided inequalities:            0 (           0)
    linear two-sided inequalities:                    0 (           0)
    quadratic two-sided inequalities:                 0 (           0)
    gen. nonlinear two-sided inequalities:            0 (           0)
Number of nonzeros in Jacobian:                   80931 (       80931)
Number of nonzeros in Hessian:                    36978 (       36978)

Knitro parallel multistart will run with 4 threads.

Return codes description
------------------------
  0:  The final solution satisfies the termination conditions for verifying optimality.
  -100 to -199:  A feasible approximate solution was found.
  -200 to -299:  Knitro terminated at an infeasible point.
  -300 to -301:  The problem was determined to be unbounded.
  -400 to -499:  Knitro terminated because it reached a pre-defined limit.
    -400 to -409:  A feasible point was found.
    -410 to -419:  No feasible point was found.
  -500 to -599:  Knitro terminated with an input error or some non-standard error.
A more detailed description of individual return codes and their corresponding
termination messages is provided at
https://www.artelys.com/app/docs/knitro/3_referenceManual/returnCodes.html

 Solve #  ThreadID  Status     Objective      FeasError    OptError    Real Time 
--------  --------  ------  --------------   ----------   ----------  ----------
      7          0    -410     1.87856e+10      101831.      36280.1      1117.90
      1          2    -410     1.35095e+11      652238.      36565.1      1140.36
      8          2    -410     3.55782e+11      751953.      108785.      1076.48
      3          3    -410     4.41297e+13      3511.85      559484.      1172.44
      4          2    -410     7.24493e+12      183.523      534493.      1137.93
      9          3    -410     7.79636e+10      33.0649      31315.0      1050.56
      5          1    -410     2.43384e+12      52.1046      361991.      1152.61
      2          1    -410     5.16084e+12      187.416      442623.      1159.33
      6          3    -410     6.40537e+11      35.2610      44966.0      1126.70
      0          0    -400         3.57131  5.68084e-07  6.07949e-02      1300.03

MULTISTART: Best locally optimal solution is returned.
EXIT: Locally optimal solution found.

Final Statistics
----------------
Final objective value               =   3.57130826617612e+00
Final feasibility error (abs / rel) =   5.68e-07 / 1.28e-07
Final optimality error  (abs / rel) =   6.08e-02 / 8.74e-03
# of iterations                     =     100000 
# of CG iterations                  =          0 
# of function evaluations           =     118408
# of gradient evaluations           =     100206
# of Hessian evaluations            =     100040
Total program time (secs)           =    3356.18604 ( 11394.459 CPU time)

===============================================================================

Knitro 14.2.0: Locally optimal or satisfactory solution.
objective 3.571308266; feasibility error 5.68e-07
100000 iterations; 118408 function evaluations

suffix feaserror OUT;
suffix opterror OUT;
suffix numfcevals OUT;
suffix numiters OUT;
---------------------------- Container and geometric considerations  ----------------------------
Container type: cylinder
Structural conservation type: volume & surface
---------------------------- Solution execution data ----------------------------
solve_result_num = 0
solve_result = solved

---------------------------- Solution data ----------------------------
card(figures) = 50

coords [*,*,1]
:         1             2              3             4         :=
1     0.0044143     0.000380004   -0.495767      0.503814
2    -0.890637      0.0550125     -0.496978     -0.186202
3     0.104749     -0.352135      -0.00663451    0.634375
4    -0.121825      0.0184703     -0.483275      0.502859
5     0.328884      0.700559       0.0708219     0.998678
6    -0.813296     -0.0225782      0.0999009    -0.356383
7    -0.226241      0.0630994      0.670629     -0.158692
8     0.0962817     0.190198       0.529014     -0.45568
9    -0.442073     -1.01965       -0.869082     -0.122125
10    0.556002      0.0772472      0.887742      0.981498
11    0.683375      0.0541629      0.437077      1.02155
12    0.156346      0.563229       1.02625       0.182369
13    0.698733     -0.266569       0.0680322     0.326861
14   -0.273525     -0.0698098      0.320017     -0.659486
15   -0.480607     -0.126668      -0.130374     -0.993089
16   -1.00942      -1.02386       -0.694391     -0.151339
17    1.01807       0.549514       0.971564      0.146752
18    1.02553       0.794475       0.129384      0.947003
19   -0.247447     -0.648344      -0.0641605    -0.974756
20    0.160453      0.114081       0.786158      0.893834
21    0.568444      0.938673       1.01459       0.124126
22   -0.648417     -0.976914      -0.0669182    -0.881735
23    0.686208     -0.130544       0.627253      0.0581371
24   -0.870391      0.0604947     -0.0980344    -0.220366
25   -0.876849     -0.449809      -1.02099      -0.126244
26   -0.790859      0.155861      -0.0979726    -0.0811862
27   -0.1292        0.629029       0.0610456    -0.315503
28    0.437918      0.934438       1.01801       0.161261
29    0.0795771     0.840643       0.273967      0.897184
30    0.70323       0.122496       0.996988      0.978467
31   -0.809154     -1.01397       -0.131183     -0.962159
32   -0.459933      0.0866338      0.204027      0.520151
33   -0.0624683    -0.807234      -0.41267       0.116294
34    0.076455      0.0393798      0.577255      0.883958
35    0.00505196   -0.448619      -0.0513901    -0.875072
36    0.794812      0.687729       0.347526     -0.111655
37   -0.348053     -0.138513      -0.14515      -1.00401
38   -0.956356     -0.199557      -0.727526     -0.113313
39   -0.00935512   -0.107798      -0.386233      0.584248
40   -0.0974183    -0.402332      -0.797845     -1.01433
41   -0.323889      0.0393271     -0.13111       0.62235
42   -0.989348     -0.23611       -0.729171     -0.126832
43    0.325702      0.791665      -0.14108       0.0297333
44   -0.119772     -0.990106      -0.675253     -0.980898
45   -0.154291     -0.733326       0.208243      0.0263406
46   -0.416513      0.0256102     -0.857244     -0.0335998
47   -0.248927      0.71973        0.284925      0.0620076
48   -0.42129       0.572554      -0.017679      0.00582752
49   -0.73009      -0.12662       -0.995171     -0.98989
50   -0.264877     -0.67798        0.0429106     0.265189

 [*,*,2]
:         1             2             3             4         :=
1    -1.01732      -0.12824      -0.898689     -0.894173
2    -0.450024     -0.779129     -0.898109      0.0132746
3    -1.02046      -0.963496     -0.134698     -0.80642
4    -0.0329052     0.0276113    -0.745898     -0.668167
5    -0.97148      -0.750116     -0.117456     -0.234662
6    -0.618368     -0.133467     -1.02128      -0.962354
7    -1.00097      -0.0454977    -0.776717     -0.562265
8    -0.0825622    -0.0650044    -0.84961      -0.696494
9    -0.926371     -0.112181     -0.545685     -0.0569675
10   -0.862695     -0.0313333    -0.335794      0.0300019
11   -0.765566     -0.108843     -0.850826     -0.0987232
12    0.0186289    -0.852242      0.00780976   -0.233037
13   -0.750859     -0.991124     -0.117882     -0.97215
14   -0.989236     -0.106288     -0.944227     -0.761304
15   -0.737705     -0.0472618     0.131112      0.107398
16   -0.133649      0.0700638     0.755864     -0.0630296
17   -0.00841315   -0.866442     -0.330195      0.00541444
18    0.0418886     0.648335     -0.0246918    -0.326145
19   -0.995562     -0.795616     -0.119163     -0.313798
20    0.192501     -0.0186255     0.641249     -0.331733
21    0.516415     -0.414184      0.154482     -0.200112
22   -0.79542      -0.314238     -0.116334      0.174718
23   -0.763369     -0.580938      0.0731348    -0.0367449
24   -0.152062     -0.0640127    -0.0636164    -0.905638
25    0.533405      0.921724      0.104256      0.049803
26    0.103158     -0.080248     -0.0633154     0.78615
27   -0.579524      0.0736981    -0.0355685     0.403147
28    0.686231      0.423551     -0.128613     -0.127381
29   -0.072513     -0.347582      0.438259      0.498635
30    0.746701      0.0268836     0.244013     -0.212183
31    0.631399      0.158131      0.0216628    -0.356629
32    0.184854      0.00125014   -0.563958      0.385109
33    0.115871      0.633924      0.93923       1.01616
34    0.0429347     1.02564       0.677621      0.519719
35    0.030694     -0.706128      0.0664773     0.197028
36    0.649494      0.76196      -0.0633782     0.812639
37    0.96555       0.114359      0.135913      0.211306
38   -0.238917     -0.893543     -0.724102     -0.0201574
39    0.15991       0.0665469     0.914361      0.682038
40    0.0894535     0.944013      0.644612      0.153569
41    0.871118      0.0226942     0.0912904     0.603296
42    0.273025      0.930697      0.722336      0.0377841
43    0.973256      0.652826      1.01135       0.129813
44    0.0369475     0.269725     -0.678667     -0.246263
45    1.01085       0.717474      1.00463       0.140647
46    0.937618      1.02596       0.564161      0.130593
47    0.970826      0.730954      0.985689      0.113116
48    0.868589      0.802355      0.105027      1.02638
49    0.719881      0.0343511    -0.24467       0.270794
50    0.991336      0.657098      0.127909      0.991552

 [*,*,3]
:        1           2           3           4        :=
1    -11.5789    -12.039     -12.4372    -12.4371
2    -11.6355    -11.6129    -12.4373    -12.1749
3    -10.7704    -11.6581    -11.2199    -11.5914
4    -12.1125    -11.125     -11.5128    -11.6567
5    -10.7495     -9.84826   -10.2965    -10.6515
6    -10.8421    -11.2165    -10.7752    -11.6635
7     -9.9437     -9.87606    -9.56449    -9.04851
8    -10.2905    -11.2845    -10.7646    -10.855
9    -11.5375    -11.6075    -10.7175    -11.1678
10    -9.64402    -9.92318   -10.4252     -9.49848
11   -11.329     -11.7438    -12.2958    -11.9923
12   -11.3536    -11.0736    -10.8628    -10.3854
13    -9.8497     -9.94789   -10.3001    -10.7519
14    -9.93949   -10.3602    -10.7429    -10.8333
15   -11.5104    -12.1418    -11.1599    -11.6658
16   -11.7139    -10.7341    -11.3827    -11.204
17   -10.8681    -11.0828    -11.8135    -11.3601
18    -9.45913   -10.22       -9.89444   -10.3859
19    -9.88488   -10.7785    -10.3308     -9.96536
20   -10.8597     -9.88439   -10.2211    -10.4266
21   -12.437     -12.4371    -11.6184    -11.8986
22   -10.7794     -9.96637   -10.3313    -10.8334
23    -9.59362    -9.04866    -9.05124    -9.86782
24   -10.0391    -10.3962     -9.41018    -9.93269
25    -9.86378   -10.6815    -10.755     -10.3127
26   -10.1099    -10.3757     -9.40883    -9.93559
27    -9.04824    -9.04835    -9.86408    -9.04832
28   -11.2203    -12.0481    -11.2183    -11.7313
29    -9.88677    -9.2986     -9.04891    -9.82831
30   -10.5075    -10.8894    -11.3202    -10.4305
31   -12.4367    -11.5792    -12.0286    -12.436
32   -12.4373    -11.6215    -12.4373    -12.437
33   -12.0185    -12.4372    -11.5709    -12.4166
34   -10.0986     -9.92092   -10.6881     -9.749
35   -11.2682    -10.7668    -10.2713    -10.8238
36   -12.4173    -11.4288    -11.8782    -12.0278
37   -10.8167    -10.3359    -11.3358    -10.8283
38    -9.89262    -9.88049    -9.04834    -9.4006
39   -12.1096    -11.1199    -11.5725    -11.4977
40   -11.9616    -11.5419    -12.4107    -11.5674
41   -10.8409    -11.2264    -10.2446    -10.6585
42    -9.04919    -9.05934    -9.90472    -9.49601
43   -11.6098    -10.7843    -10.7255    -11.1652
44    -9.47972    -9.04841    -9.05419    -9.90383
45   -10.6983    -11.4588    -11.6301    -11.1611
46   -10.7295     -9.83697    -9.91317   -10.2787
47    -9.06646    -9.04886    -9.91372    -9.47521
48   -10.7665    -10.6693    -10.2617     -9.87656
49    -9.90263    -9.49372    -9.90504    -9.0487
50    -9.04839    -9.89704    -9.44816    -9.8958
;

radius = 1.02651
softness = 0.7

---------------------------- Solution coords data ----------------------------
distances [*,1,*]
:    1   2   3   4    :=
1    0   1   0   1
2    0   1   0   1
3    0   1   0   1
4    0   1   0   1
5    0   1   0   1
6    0   1   0   1
7    0   1   0   1
8    0   1   0   1
9    0   1   0   1
10   0   1   0   1
11   0   1   0   1
12   0   1   0   1
13   0   1   0   1
14   0   1   0   1
15   0   1   0   1
16   0   1   0   1
17   0   1   0   1
18   0   1   0   1
19   0   1   0   1
20   0   1   0   1
21   0   1   0   1
22   0   1   0   1
23   0   1   0   1
24   0   1   0   1
25   0   1   0   1
26   0   1   0   1
27   0   1   0   1
28   0   1   0   1
29   0   1   0   1
30   0   1   0   1
31   0   1   0   1
32   0   1   0   1
33   0   1   0   1
34   0   1   0   1
35   0   1   0   1
36   0   1   0   1
37   0   1   0   1
38   0   1   0   1
39   0   1   0   1
40   0   1   0   1
41   0   1   0   1
42   0   1   0   1
43   0   1   0   1
44   0   1   0   1
45   0   1   0   1
46   0   1   0   1
47   0   1   0   1
48   0   1   0   1
49   0   1   0   1
50   0   1   0   1

 [*,2,*]
:    1   2   3   4    :=
1    0   0   1   1
2    0   0   1   1
3    0   0   1   1
4    0   0   1   1
5    0   0   1   1
6    0   0   1   1
7    0   0   1   1
8    0   0   1   1
9    0   0   1   1
10   0   0   1   1
11   0   0   1   1
12   0   0   1   1
13   0   0   1   1
14   0   0   1   1
15   0   0   1   1
16   0   0   1   1
17   0   0   1   1
18   0   0   1   1
19   0   0   1   1
20   0   0   1   1
21   0   0   1   1
22   0   0   1   1
23   0   0   1   1
24   0   0   1   1
25   0   0   1   1
26   0   0   1   1
27   0   0   1   1
28   0   0   1   1
29   0   0   1   1
30   0   0   1   1
31   0   0   1   1
32   0   0   1   1
33   0   0   1   1
34   0   0   1   1
35   0   0   1   1
36   0   0   1   1
37   0   0   1   1
38   0   0   1   1
39   0   0   1   1
40   0   0   1   1
41   0   0   1   1
42   0   0   1   1
43   0   0   1   1
44   0   0   1   1
45   0   0   1   1
46   0   0   1   1
47   0   0   1   1
48   0   0   1   1
49   0   0   1   1
50   0   0   1   1

 [*,3,*]
:    1   2   3   4    :=
1    1   0   0   1
2    1   0   0   1
3    1   0   0   1
4    1   0   0   1
5    1   0   0   1
6    1   0   0   1
7    1   0   0   1
8    1   0   0   1
9    1   0   0   1
10   1   0   0   1
11   1   0   0   1
12   1   0   0   1
13   1   0   0   1
14   1   0   0   1
15   1   0   0   1
16   1   0   0   1
17   1   0   0   1
18   1   0   0   1
19   1   0   0   1
20   1   0   0   1
21   1   0   0   1
22   1   0   0   1
23   1   0   0   1
24   1   0   0   1
25   1   0   0   1
26   1   0   0   1
27   1   0   0   1
28   1   0   0   1
29   1   0   0   1
30   1   0   0   1
31   1   0   0   1
32   1   0   0   1
33   1   0   0   1
34   1   0   0   1
35   1   0   0   1
36   1   0   0   1
37   1   0   0   1
38   1   0   0   1
39   1   0   0   1
40   1   0   0   1
41   1   0   0   1
42   1   0   0   1
43   1   0   0   1
44   1   0   0   1
45   1   0   0   1
46   1   0   0   1
47   1   0   0   1
48   1   0   0   1
49   1   0   0   1
50   1   0   0   1

 [*,4,*]
:    1   2   3   4    :=
1    1   1   1   0
2    1   1   1   0
3    1   1   1   0
4    1   1   1   0
5    1   1   1   0
6    1   1   1   0
7    1   1   1   0
8    1   1   1   0
9    1   1   1   0
10   1   1   1   0
11   1   1   1   0
12   1   1   1   0
13   1   1   1   0
14   1   1   1   0
15   1   1   1   0
16   1   1   1   0
17   1   1   1   0
18   1   1   1   0
19   1   1   1   0
20   1   1   1   0
21   1   1   1   0
22   1   1   1   0
23   1   1   1   0
24   1   1   1   0
25   1   1   1   0
26   1   1   1   0
27   1   1   1   0
28   1   1   1   0
29   1   1   1   0
30   1   1   1   0
31   1   1   1   0
32   1   1   1   0
33   1   1   1   0
34   1   1   1   0
35   1   1   1   0
36   1   1   1   0
37   1   1   1   0
38   1   1   1   0
39   1   1   1   0
40   1   1   1   0
41   1   1   1   0
42   1   1   1   0
43   1   1   1   0
44   1   1   1   0
45   1   1   1   0
46   1   1   1   0
47   1   1   1   0
48   1   1   1   0
49   1   1   1   0
50   1   1   1   0
;

---------------------------- Solution stats data ----------------------------
_ampl_time = 0.056101
_total_solve_time = 11394.6
_ampl_elapsed_time = 0.053297
_ampl_user_time = 0.046994

Total time elapsed: $11394.62.
_total_solve_time = 11394.6

---------------------------- Solution miscs data ----------------------------
tetrahedron_volume [*] :=
 1 0.117851   11 0.117851   21 0.117851   31 0.117851   41 0.117851
 2 0.117851   12 0.117851   22 0.117851   32 0.117851   42 0.117851
 3 0.117851   13 0.117851   23 0.117851   33 0.117851   43 0.117851
 4 0.117851   14 0.117851   24 0.117851   34 0.117851   44 0.117851
 5 0.117851   15 0.117851   25 0.117851   35 0.117851   45 0.117851
 6 0.117851   16 0.117851   26 0.117851   36 0.117851   46 0.117851
 7 0.117851   17 0.117851   27 0.117851   37 0.117851   47 0.117851
 8 0.117851   18 0.117851   28 0.117851   38 0.117851   48 0.117851
 9 0.117851   19 0.117851   29 0.117851   39 0.117851   49 0.117851
10 0.117851   20 0.117851   30 0.117851   40 0.117851   50 0.117851
;

---------------------------- Solution miscs data ----------------------------
tetrahedron_surface_area [*] :=
 1 1.73205   10 1.73205   19 1.73205   28 1.73205   37 1.73205   46 1.73205
 2 1.73205   11 1.73205   20 1.73205   29 1.73205   38 1.73205   47 1.73205
 3 1.73205   12 1.73205   21 1.73205   30 1.73205   39 1.73205   48 1.73205
 4 1.73205   13 1.73205   22 1.73205   31 1.73205   40 1.73205   49 1.73205
 5 1.73205   14 1.73205   23 1.73205   32 1.73205   41 1.73205   50 1.73205
 6 1.73205   15 1.73205   24 1.73205   33 1.73205   42 1.73205
 7 1.73205   16 1.73205   25 1.73205   34 1.73205   43 1.73205
 8 1.73205   17 1.73205   26 1.73205   35 1.73205   44 1.73205
 9 1.73205   18 1.73205   27 1.73205   36 1.73205   45 1.73205
;

