Error at _cmdno 5 executing "solve" command
(file amplin, line 1977, offset 37900):
error processing param distances:
	3600 invalid subscripts discarded:
	distances[76,1,1]
	distances[76,1,2]
	distances[76,1,3]
	and 3597 more.
##### This license is only intended for use by NEOS. #####
##### License is valid until Jan 16, 2026 #####
ariables.
Adjusted problem:
14776 variables:
	9225 nonlinear variables
	5551 linear variables
30525 constraints; 179175 nonzeros
	25950 nonlinear constraints
	4575 linear constraints
	2850 equality constraints
	27675 inequality constraints
1 linear objective; 1 nonzero.

Artelys Knitro 14.2.0: threads=4
algorithm=1
ms_enable=1
ms_maxsolves=10
feastol=1e-5
opttol=1e-5
honorbnds=1
bar_initpt=3
bar_murule=4
scale=1
outlev=2
maxtime_real=1200
WARNING:  Option 'threads' is deprecated, please use 'numthreads'.

=======================================
           Academic License
       (NOT FOR COMMERCIAL USE)
         Artelys Knitro 14.2.0
=======================================

No start point provided -- Knitro computing one.

Knitro presolve eliminated 0 variables and 0 constraints.

algorithm                1
bar_initpt               3
bar_murule               4
concurrent_evals         0
datacheck                0
feastol                  1e-05
findiff_numthreads       1
hessian_no_f             1
hessopt                  1
honorbnds                1
maxtime_real             1200
ms_enable                1
ms_maxsolves             10
numthreads               4
opttol                   1e-05

Problem Characteristics                                 (   Presolved)
-----------------------
Objective goal:  Minimize
Objective type:  linear
Number of variables:                              14776 (       14776)
    bounded below only:                             901 (         901)
    bounded above only:                               0 (           0)
    bounded below and above:                          0 (           0)
    fixed:                                            0 (           0)
    free:                                         13875 (       13875)
Number of constraints:                            30525 (       30525)
    linear equalities:                                0 (           0)
    quadratic equalities:                          2775 (        2775)
    gen. nonlinear equalities:                       75 (          75)
    linear one-sided inequalities:                 4575 (        4575)
    quadratic one-sided inequalities:             23100 (       23100)
    gen. nonlinear one-sided inequalities:            0 (           0)
    linear two-sided inequalities:                    0 (           0)
    quadratic two-sided inequalities:                 0 (           0)
    gen. nonlinear two-sided inequalities:            0 (           0)
Number of nonzeros in Jacobian:                  179175 (      179175)
Number of nonzeros in Hessian:                    80775 (       80775)

Knitro parallel multistart will run with 4 threads.

Return codes description
------------------------
  0:  The final solution satisfies the termination conditions for verifying optimality.
  -100 to -199:  A feasible approximate solution was found.
  -200 to -299:  Knitro terminated at an infeasible point.
  -300 to -301:  The problem was determined to be unbounded.
  -400 to -499:  Knitro terminated because it reached a pre-defined limit.
    -400 to -409:  A feasible point was found.
    -410 to -419:  No feasible point was found.
  -500 to -599:  Knitro terminated with an input error or some non-standard error.
A more detailed description of individual return codes and their corresponding
termination messages is provided at
https://www.artelys.com/app/docs/knitro/3_referenceManual/returnCodes.html

 Solve #  ThreadID  Status     Objective      FeasError    OptError    Real Time 
--------  --------  ------  --------------   ----------   ----------  ----------
      0          0       0         2.07459  5.10540e-05  7.58933e-06      748.607
      5          1    -410         691.945  3.73988e-03     0.138588      2836.61
      9          1    -410         666.741  1.23467e-02     0.202600      2097.54
      3          3    -410         7640.45      14.7186      1.17980      3239.70
      7          2    -410         1009.50  2.98956e-02     0.122470      2769.33
      4          0    -410         1098.51  1.94539e-03     0.139137      3116.35
      1          1    -410         508.928  1.64702e-02     0.199530      3067.59
      2          2    -410         5187.72  6.35246e-02     0.983923      3249.88
      8          0    -410         3114.72  1.77505e-02     0.267502      2841.37
      6          3    -410         1704.82  8.28732e-03     0.194896      2934.80

MULTISTART: Best locally optimal solution is returned.
EXIT: Locally optimal solution found.

Final Statistics
----------------
Final objective value               =   2.07458727084782e+00
Final feasibility error (abs / rel) =   5.11e-05 / 2.82e-06
Final optimality error  (abs / rel) =   7.59e-06 / 7.59e-06
# of iterations                     =      93089 
# of CG iterations                  =          0 
# of function evaluations           =     119204
# of gradient evaluations           =      93324
# of Hessian evaluations            =      93168
Total program time (secs)           =    8003.00146 ( 26816.500 CPU time)

===============================================================================

Knitro 14.2.0: Locally optimal or satisfactory solution.
objective 2.074587271; feasibility error 5.11e-05
93089 iterations; 119204 function evaluations

suffix feaserror OUT;
suffix opterror OUT;
suffix numfcevals OUT;
suffix numiters OUT;
---------------------------- Container and geometric considerations  ----------------------------
Container type: cube
Structural conservation type: surface
---------------------------- Solution execution data ----------------------------
solve_result_num = 0
solve_result = solved

---------------------------- Solution data ----------------------------
card(figures) = 75

coords [*,*,1]
:       1         2         3         4       :=
1    20.1157   20.2453   19.5114   20.2003
2    21.0373   21.0373   20.8383   20.1576
3    19.6839   20.5854   20.4882   20.8844
4    19.9478   19.061    19.8917   18.9627
5    21.0373   21.0373   21.0373   20.5884
6    18.9627   19.0001   18.9627   19.8891
7    20.4229   20.8726   19.9801   20.2423
8    21.0373   20.1827   21.007    20.3467
9    19.8697   20.4924   20.8922   19.9692
10   19.6069   18.9627   18.9627   19.541
11   18.9627   18.9627   19.6554   18.9627
12   19.2169   19.2758   19.8885   19.8415
13   20.2071   19.5166   19.8458   19.8481
14   20.9818   19.9231   20.8382   20.3539
15   18.9627   19.814    19.2416   18.9627
16   21.0373   20.9498   20.3659   21.0373
17   19.8255   18.9627   18.9627   19.6444
18   20.1406   19.1502   18.9627   18.9823
19   20.3656   21.0373   21.0373   20.4656
20   19.1859   19.5907   20.2192   20.3827
21   19.7934   20.1348   19.1341   19.6725
22   20.2034   19.0015   19.318    18.9627
23   20.6835   20.7878   20.2936   19.7736
24   20.034    19.8511   20.6261   20.9683
25   20.9528   21.0035   20.07     20.4306
26   18.9627   18.9627   19.3535   20.1116
27   19.8891   18.9627   19.0001   18.9627
28   19.952    20.8368   21.0373   21.035
29   20.9927   19.8724   21.0373   20.5047
30   20.7259   20.0966   19.461    20.5447
31   20.4681   19.4295   20.1447   19.3224
32   19.486    20.0256   20.6214   19.8415
33   21.0373   20.7337   20.1624   21.0373
34   20.0231   20.315    21.0373   20.3573
35   18.9935   19.0181   19.9791   19.0339
36   20.1828   18.9627   18.9627   19.3569
37   19.4642   19.4491   20.0098   20.0816
38   21.0373   20.458    19.9016   20.4192
39   20.1897   20.8389   19.8045   20.7652
40   19.9722   20.3341   20.2369   20.9277
41   19.3384   19.776    20.2238   19.0219
42   19.8665   20.3012   19.8515   19.5855
43   19.7772   21.0373   20.8199   20.9038
44   21.0373   21.0373   19.9475   20.8077
45   19.9308   19.8698   20.3243   21.0106
46   20.4935   19.9415   21.0373   21.0373
47   20.6676   20.9918   19.9621   20.2462
48   21.0373   20.5389   21.0373   19.878
49   19.7099   20.2703   19.9791   19.2982
50   19.0226   18.9627   20.0254   19.6673
51   21.0373   20.9967   20.358    20.0105
52   19.8547   18.9627   19.6768   19.0574
53   18.9627   19.5771   19.0129   20.0169
54   21.0373   20.1949   21.0373   20.8198
55   19.2091   19.4374   19.916    18.9627
56   18.9627   19.0479   18.9732   19.9483
57   19.8641   20.0267   19.7048   18.9627
58   20.6884   19.7784   20.21     19.767
59   18.9627   20.223    19.1628   19.1699
60   19.7224   18.9627   19.8623   18.9627
61   20.867    20.8935   19.7687   20.2273
62   20.9441   19.7982   20.7349   21.0373
63   19.4937   19.499    20.0124   20.3088
64   19.5233   19.7465   20.2103   19.1033
65   20.3134   21.0339   21.0236   21.0373
66   19.9996   18.9627   20.2229   19.5424
67   21.0373   21.0373   20.8333   20.2359
68   21.0373   21.0373   21.0373   20.0986
69   19.36     19.5646   18.9627   19.9118
70   19.2196   19.4336   18.9636   19.9382
71   21.0373   20.0649   21.0373   20.9975
72   20.379    19.6845   20.4473   19.9923
73   20.4899   20.4847   19.5956   19.8941
74   20.0916   19.8851   20.7713   20.2579
75   20.4194   19.8862   20.0328   19.6941

 [*,*,2]
:       1         2         3         4       :=
1    20.7343   20.2349   19.7155   20.7419
2    21.033    20.1443   20.7718   20.1948
3    19.9725   20.7982   20.1441   20.2971
4    19.6799   19.7134   20.3725   20.4734
5    21.0373   21.0266   19.8471   20.5337
6    19.7546   19.5687   18.9627   19.7271
7    21.0373   20.8522   20.2475   20.1887
8    21.0373   20.2188   21.0021   21.0373
9    21.0373   20.5312   20.8256   20.0823
10   19.9396   18.9627   19.0249   19.2623
11   19.6587   18.9986   19.6544   19.9157
12   19.3986   18.9627   20.0635   18.9627
13   20.7527   19.7087   20.3918   20.8192
14   20.1431   19.9559   20.7718   20.1236
15   19.6611   19.5507   19.8388   20.3959
16   19.9084   20.9444   20.3919   21.0373
17   20.5369   20.5236   19.7888   19.9757
18   20.1481   19.5346   20.2781   20.6501
19   20.3921   19.9084   21.036    19.9204
20   18.9627   18.9627   19.5224   18.9627
21   19.4281   20.4971   19.8964   19.9331
22   21.0373   21.0373   20.4307   20.9518
23   19.9146   20.2932   19.6939   19.625
24   19.1103   20.0025   19.7165   19.4148
25   19.062    19.7031   19.448    20.211
26   20.9315   20.2039   19.9739   20.4265
27   19.7271   19.7546   19.5687   20.471
28   20.5168   20.0545   20.4016   21.0373
29   21.0373   21.0293   21.0354   20.5255
30   19.0019   19.5637   19.009    19.0812
31   19.709    18.987    19.6246   19.6104
32   19.0909   20.0959   18.9801   18.9627
33   19.3837   19.5943   19.1785   20.0161
34   19.0993   18.9627   19.0715   20.1327
35   20.3191   19.5612   19.8576   19.0909
36   20.7645   20.5438   21.0373   20.4562
37   19.9863   21.0373   20.976    21.0373
38   20.9033   21.0373   20.3714   21.0373
39   19.1983   19.8447   19.3449   19.6173
40   20.0568   20.9982   20.4813   20.8134
41   20.4307   20.8941   21.0373   21.0373
42   19.69     18.9627   19.9956   18.9627
43   19.9938   19.8974   19.7175   20.4157
44   18.9627   18.9627   18.9627   19.5642
45   19.4927   19.935    20.0726   20.1514
46   19.8506   19.4162   19.9771   19.7462
47   20.3644   21.0373   20.3072   21.0373
48   18.9627   19.5395   19.4818   19.1152
49   19.5268   20.5533   20.3471   19.7518
50   21.0373   20.6549   21.0373   20.01
51   19.7719   20.403    19.5267   20.5106
52   19.3254   19.0535   19.6779   18.9627
53   19.1059   18.9627   18.9627   19.3423
54   20.1019   19.4738   18.9627   18.9627
55   21.0373   19.8237   20.8707   20.9563
56   20.3335   20.7438   19.5131   19.872
57   21.0373   21.0373   20.1464   21.0373
58   20.3757   19.5494   20.1869   20.152
59   20.4405   20.3365   19.8849   21.0373
60   20.1551   20.7929   21.0373   20.9286
61   19.7701   20.4143   19.9905   20.0136
62   19.3756   18.9627   19.003    18.9627
63   19.1012   19.6783   20.1208   18.9627
64   19.1885   19.8531   18.9627   18.9627
65   20.0056   20.1684   20.4285   21.0373
66   20.3596   21.0373   20.9369   20.1576
67   20.4415   20.1414   19.8428   19.5761
68   19.1029   19.646    19.4252   19.0615
69   19.79     21.0373   20.9685   20.7685
70   20.2094   18.9627   19.3859   19.5672
71   19.3836   19.9083   19.9395   19.6034
72   21.0373   20.0766   21.0323   21.0373
73   19.2265   20.1159   19.6187   20.3423
74   18.9627   19.3821   18.9627   20.0865
75   21.0373   20.6971   21.0373   20.095

 [*,*,3]
:       1         2         3         4       :=
1    20.1739   19.7279   20.6176   20.8859
2    19.6235   20.1631   19.083    19.272
3    20.6848   21.0095   19.9313   20.4534
4    21.0373   20.3477   21.0373   21.0373
5    20.2112   21.0373   20.5802   19.9623
6    21.0373   20.1516   21.0373   21.0373
7    20.571    20.1453   20.8069   19.6505
8    19.1594   19.2688   19.8227   20.2192
9    20.4777   19.4999   20.0966   19.6542
10   20.3514   19.953    20.9416   21.0373
11   19.2643   19.613    20.1815   20.4841
12   20.0275   20.7545   20.8682   21.0373
13   20.8851   20.7026   19.7279   20.1957
14   20.0606   19.3943   19.083    18.9627
15   19.2756   19.9039   20.4966   20.3052
16   20.3121   19.5917   19.3561   20.2112
17   19.9987   20.4842   19.4546   20.3264
18   19.8414   19.3487   19.4098   19.9209
19   19.3556   20.3121   20.2113   20.0418
20   19.8057   18.9801   19.9244   19.396
21   19.6165   20.0281   19.5406   20.4729
22   20.539    20.9335   19.8696   20.308
23   20.1456   18.9627   18.9627   19.3161
24   19.64     20.5178   19.983    20.4364
25   20.954    20.9492   20.1345   21.0373
26   20.8884   20.6011   20.1602   21.0373
27   21.0373   21.0373   20.1516   21.0373
28   21.0373   20.2657   21.0373   21.037
29   19.8747   20.462    20.5169   19.4891
30   18.9627   19.9052   18.9627   19.6111
31   18.9627   18.9627   19.7885   18.9627
32   20.4908   21.0373   21.0373   21.0373
33   18.9627   20.0005   18.9627   18.9627
34   20.2819   20.889    21.0373   20.9303
35   19.0852   18.9627   19.7299   19.3853
36   20.8283   20.5777   20.9732   19.9211
37   19.3008   18.9627   19.8691   18.9627
38   18.9627   20.0483   19.128    18.9627
39   19.0123   18.9627   19.492    20.0578
40   19.3497   20.1131   18.9627   19.0115
41   19.8629   20.9555   20.5323   20.9268
42   19.9285   20.8677   20.5047   19.8247
43   20.6463   20.7      19.9856   21.0371
44   20.5716   19.7056   19.9294   20.6352
45   20.0255   19.5304   18.9725   20.0321
46   20.2381   19.3938   19.1031   19.9325
47   20.0526   20.9518   20.8707   21.0373
48   18.9627   19.9668   19.324    18.9752
49   19.4446   18.9627   19.847    18.9627
50   19.8553   19.3176   19.8873   19.4961
51   21.0314   21.0373   20.3859   21.0373
52   19.3754   19.3519   20.1839   20.2879
53   18.9627   19.0079   20.1401   19.6205
54   20.9483   20.2442   21.0373   20.4434
55   19.5395   19.2656   19.7897   18.9627
56   19.0651   19.5388   19.2565   19.7098
57   20.4986   19.8873   19.6149   19.8534
58   20.0876   19.7893   19.7171   20.9014
59   21.007    21.0373   20.5158   21.0373
60   19.635    19.6423   20.4973   20.2865
61   20.0555   21.0373   20.6432   20.0395
62   20.3015   19.96     19.1109   19.7056
63   20.4975   20.2165   21.0373   20.8738
64   19.7817   20.3021   20.8194   20.2074
65   19.0258   20.0527   18.9627   19.1334
66   20.9076   20.9933   21.0373   20.3096
67   18.9627   20.1748   18.9627   19.376
68   19.1668   19.5441   20.3899   20.0136
69   19.1944   19.1456   18.9639   19.7759
70   18.9627   18.9627   18.9627   19.7484
71   20.5494   20.4306   20.8511   19.6323
72   19.0937   19.535    19.8588   20.2981
73   21.0373   21.0373   20.2874   21.0373
74   20.2813   19.8553   20.6545   20.8375
75   18.9678   18.9627   20.1722   19.3992
;

side = 2.07459
softness = 0.6

---------------------------- Solution coords data ----------------------------
distances [*,1,*]
:    1   2   3   4    :=
1    0   1   0   1
2    0   1   0   1
3    0   1   0   1
4    0   1   0   1
5    0   1   0   1
6    0   1   0   1
7    0   1   0   1
8    0   1   0   1
9    0   1   0   1
10   0   1   0   1
11   0   1   0   1
12   0   1   0   1
13   0   1   0   1
14   0   1   0   1
15   0   1   0   1
16   0   1   0   1
17   0   1   0   1
18   0   1   0   1
19   0   1   0   1
20   0   1   0   1
21   0   1   0   1
22   0   1   0   1
23   0   1   0   1
24   0   1   0   1
25   0   1   0   1
26   0   1   0   1
27   0   1   0   1
28   0   1   0   1
29   0   1   0   1
30   0   1   0   1
31   0   1   0   1
32   0   1   0   1
33   0   1   0   1
34   0   1   0   1
35   0   1   0   1
36   0   1   0   1
37   0   1   0   1
38   0   1   0   1
39   0   1   0   1
40   0   1   0   1
41   0   1   0   1
42   0   1   0   1
43   0   1   0   1
44   0   1   0   1
45   0   1   0   1
46   0   1   0   1
47   0   1   0   1
48   0   1   0   1
49   0   1   0   1
50   0   1   0   1
51   0   1   0   1
52   0   1   0   1
53   0   1   0   1
54   0   1   0   1
55   0   1   0   1
56   0   1   0   1
57   0   1   0   1
58   0   1   0   1
59   0   1   0   1
60   0   1   0   1
61   0   1   0   1
62   0   1   0   1
63   0   1   0   1
64   0   1   0   1
65   0   1   0   1
66   0   1   0   1
67   0   1   0   1
68   0   1   0   1
69   0   1   0   1
70   0   1   0   1
71   0   1   0   1
72   0   1   0   1
73   0   1   0   1
74   0   1   0   1
75   0   1   0   1

 [*,2,*]
:    1   2   3   4    :=
1    0   0   1   1
2    0   0   1   1
3    0   0   1   1
4    0   0   1   1
5    0   0   1   1
6    0   0   1   1
7    0   0   1   1
8    0   0   1   1
9    0   0   1   1
10   0   0   1   1
11   0   0   1   1
12   0   0   1   1
13   0   0   1   1
14   0   0   1   1
15   0   0   1   1
16   0   0   1   1
17   0   0   1   1
18   0   0   1   1
19   0   0   1   1
20   0   0   1   1
21   0   0   1   1
22   0   0   1   1
23   0   0   1   1
24   0   0   1   1
25   0   0   1   1
26   0   0   1   1
27   0   0   1   1
28   0   0   1   1
29   0   0   1   1
30   0   0   1   1
31   0   0   1   1
32   0   0   1   1
33   0   0   1   1
34   0   0   1   1
35   0   0   1   1
36   0   0   1   1
37   0   0   1   1
38   0   0   1   1
39   0   0   1   1
40   0   0   1   1
41   0   0   1   1
42   0   0   1   1
43   0   0   1   1
44   0   0   1   1
45   0   0   1   1
46   0   0   1   1
47   0   0   1   1
48   0   0   1   1
49   0   0   1   1
50   0   0   1   1
51   0   0   1   1
52   0   0   1   1
53   0   0   1   1
54   0   0   1   1
55   0   0   1   1
56   0   0   1   1
57   0   0   1   1
58   0   0   1   1
59   0   0   1   1
60   0   0   1   1
61   0   0   1   1
62   0   0   1   1
63   0   0   1   1
64   0   0   1   1
65   0   0   1   1
66   0   0   1   1
67   0   0   1   1
68   0   0   1   1
69   0   0   1   1
70   0   0   1   1
71   0   0   1   1
72   0   0   1   1
73   0   0   1   1
74   0   0   1   1
75   0   0   1   1

 [*,3,*]
:    1   2   3   4    :=
1    1   0   0   1
2    1   0   0   1
3    1   0   0   1
4    1   0   0   1
5    1   0   0   1
6    1   0   0   1
7    1   0   0   1
8    1   0   0   1
9    1   0   0   1
10   1   0   0   1
11   1   0   0   1
12   1   0   0   1
13   1   0   0   1
14   1   0   0   1
15   1   0   0   1
16   1   0   0   1
17   1   0   0   1
18   1   0   0   1
19   1   0   0   1
20   1   0   0   1
21   1   0   0   1
22   1   0   0   1
23   1   0   0   1
24   1   0   0   1
25   1   0   0   1
26   1   0   0   1
27   1   0   0   1
28   1   0   0   1
29   1   0   0   1
30   1   0   0   1
31   1   0   0   1
32   1   0   0   1
33   1   0   0   1
34   1   0   0   1
35   1   0   0   1
36   1   0   0   1
37   1   0   0   1
38   1   0   0   1
39   1   0   0   1
40   1   0   0   1
41   1   0   0   1
42   1   0   0   1
43   1   0   0   1
44   1   0   0   1
45   1   0   0   1
46   1   0   0   1
47   1   0   0   1
48   1   0   0   1
49   1   0   0   1
50   1   0   0   1
51   1   0   0   1
52   1   0   0   1
53   1   0   0   1
54   1   0   0   1
55   1   0   0   1
56   1   0   0   1
57   1   0   0   1
58   1   0   0   1
59   1   0   0   1
60   1   0   0   1
61   1   0   0   1
62   1   0   0   1
63   1   0   0   1
64   1   0   0   1
65   1   0   0   1
66   1   0   0   1
67   1   0   0   1
68   1   0   0   1
69   1   0   0   1
70   1   0   0   1
71   1   0   0   1
72   1   0   0   1
73   1   0   0   1
74   1   0   0   1
75   1   0   0   1

 [*,4,*]
:    1   2   3   4    :=
1    1   1   1   0
2    1   1   1   0
3    1   1   1   0
4    1   1   1   0
5    1   1   1   0
6    1   1   1   0
7    1   1   1   0
8    1   1   1   0
9    1   1   1   0
10   1   1   1   0
11   1   1   1   0
12   1   1   1   0
13   1   1   1   0
14   1   1   1   0
15   1   1   1   0
16   1   1   1   0
17   1   1   1   0
18   1   1   1   0
19   1   1   1   0
20   1   1   1   0
21   1   1   1   0
22   1   1   1   0
23   1   1   1   0
24   1   1   1   0
25   1   1   1   0
26   1   1   1   0
27   1   1   1   0
28   1   1   1   0
29   1   1   1   0
30   1   1   1   0
31   1   1   1   0
32   1   1   1   0
33   1   1   1   0
34   1   1   1   0
35   1   1   1   0
36   1   1   1   0
37   1   1   1   0
38   1   1   1   0
39   1   1   1   0
40   1   1   1   0
41   1   1   1   0
42   1   1   1   0
43   1   1   1   0
44   1   1   1   0
45   1   1   1   0
46   1   1   1   0
47   1   1   1   0
48   1   1   1   0
49   1   1   1   0
50   1   1   1   0
51   1   1   1   0
52   1   1   1   0
53   1   1   1   0
54   1   1   1   0
55   1   1   1   0
56   1   1   1   0
57   1   1   1   0
58   1   1   1   0
59   1   1   1   0
60   1   1   1   0
61   1   1   1   0
62   1   1   1   0
63   1   1   1   0
64   1   1   1   0
65   1   1   1   0
66   1   1   1   0
67   1   1   1   0
68   1   1   1   0
69   1   1   1   0
70   1   1   1   0
71   1   1   1   0
72   1   1   1   0
73   1   1   1   0
74   1   1   1   0
75   1   1   1   0
;

---------------------------- Solution stats data ----------------------------
_ampl_time = 0.146325
_total_solve_time = 26816.9
_ampl_elapsed_time = 0.142589
_ampl_user_time = 0.118469

Total time elapsed: $26816.91.
_total_solve_time = 26816.9

---------------------------- Solution miscs data ----------------------------
tetrahedron_volume [*] :=
 1 0    8 0   15 0   22 0   29 0   36 0   43 0   50 0   57 0   64 0   71 0
 2 0    9 0   16 0   23 0   30 0   37 0   44 0   51 0   58 0   65 0   72 0
 3 0   10 0   17 0   24 0   31 0   38 0   45 0   52 0   59 0   66 0   73 0
 4 0   11 0   18 0   25 0   32 0   39 0   46 0   53 0   60 0   67 0   74 0
 5 0   12 0   19 0   26 0   33 0   40 0   47 0   54 0   61 0   68 0   75 0
 6 0   13 0   20 0   27 0   34 0   41 0   48 0   55 0   62 0   69 0
 7 0   14 0   21 0   28 0   35 0   42 0   49 0   56 0   63 0   70 0
;

---------------------------- Solution miscs data ----------------------------
tetrahedron_surface_area [*] :=
 1 1.73205   14 1.73205   27 1.73205   40 1.73205   53 1.73205   66 1.73205
 2 1.73205   15 1.73205   28 1.73205   41 1.73205   54 1.73205   67 1.73205
 3 1.73205   16 1.73205   29 1.73205   42 1.73205   55 1.73205   68 1.73205
 4 1.73205   17 1.73205   30 1.73205   43 1.73205   56 1.73205   69 1.73205
 5 1.73205   18 1.73205   31 1.73205   44 1.73205   57 1.73205   70 1.73205
 6 1.73205   19 1.73205   32 1.73205   45 1.73205   58 1.73205   71 1.73205
 7 1.73205   20 1.73205   33 1.73205   46 1.73205   59 1.73205   72 1.73205
 8 1.73205   21 1.73205   34 1.73205   47 1.73205   60 1.73205   73 1.73205
 9 1.73205   22 1.73205   35 1.73205   48 1.73205   61 1.73205   74 1.73205
10 1.73205   23 1.73205   36 1.73205   49 1.73205   62 1.73205   75 1.73205
11 1.73205   24 1.73205   37 1.73205   50 1.73205   63 1.73205
12 1.73205   25 1.73205   38 1.73205   51 1.73205   64 1.73205
13 1.73205   26 1.73205   39 1.73205   52 1.73205   65 1.73205
;

