Error at _cmdno 5 executing "solve" command
(file amplin, line 1977, offset 37909):
error processing param distances:
	4000 invalid subscripts discarded:
	distances[51,1,1]
	distances[51,1,2]
	distances[51,1,3]
	and 3997 more.
##### This license is only intended for use by NEOS. #####
##### License is valid until Jan 16, 2026 #####
riables.
Adjusted problem:
6726 variables:
	4275 nonlinear variables
	2451 linear variables
14100 constraints; 81325 nonzeros
	11675 nonlinear constraints
	2425 linear constraints
	1275 equality constraints
	12825 inequality constraints
1 linear objective; 1 nonzero.

Artelys Knitro 14.2.0: threads=4
algorithm=1
ms_enable=1
ms_maxsolves=10
feastol=1e-5
opttol=1e-5
honorbnds=1
bar_initpt=3
bar_murule=4
scale=1
outlev=2
maxtime_real=1200
WARNING:  Option 'threads' is deprecated, please use 'numthreads'.

=======================================
           Academic License
       (NOT FOR COMMERCIAL USE)
         Artelys Knitro 14.2.0
=======================================

No start point provided -- Knitro computing one.

Knitro presolve eliminated 0 variables and 0 constraints.

algorithm                1
bar_initpt               3
bar_murule               4
concurrent_evals         0
datacheck                0
feastol                  1e-05
findiff_numthreads       1
hessian_no_f             1
hessopt                  1
honorbnds                1
maxtime_real             1200
ms_enable                1
ms_maxsolves             10
numthreads               4
opttol                   1e-05

Problem Characteristics                                 (   Presolved)
-----------------------
Objective goal:  Minimize
Objective type:  linear
Number of variables:                               6726 (        6726)
    bounded below only:                             601 (         601)
    bounded above only:                               0 (           0)
    bounded below and above:                          0 (           0)
    fixed:                                            0 (           0)
    free:                                          6125 (        6125)
Number of constraints:                            14100 (       14100)
    linear equalities:                                0 (           0)
    quadratic equalities:                          1225 (        1225)
    gen. nonlinear equalities:                       50 (          50)
    linear one-sided inequalities:                 2425 (        2425)
    quadratic one-sided inequalities:             10400 (       10400)
    gen. nonlinear one-sided inequalities:            0 (           0)
    linear two-sided inequalities:                    0 (           0)
    quadratic two-sided inequalities:                 0 (           0)
    gen. nonlinear two-sided inequalities:            0 (           0)
Number of nonzeros in Jacobian:                   81325 (       81325)
Number of nonzeros in Hessian:                    36975 (       36975)

Knitro parallel multistart will run with 4 threads.

Return codes description
------------------------
  0:  The final solution satisfies the termination conditions for verifying optimality.
  -100 to -199:  A feasible approximate solution was found.
  -200 to -299:  Knitro terminated at an infeasible point.
  -300 to -301:  The problem was determined to be unbounded.
  -400 to -499:  Knitro terminated because it reached a pre-defined limit.
    -400 to -409:  A feasible point was found.
    -410 to -419:  No feasible point was found.
  -500 to -599:  Knitro terminated with an input error or some non-standard error.
A more detailed description of individual return codes and their corresponding
termination messages is provided at
https://www.artelys.com/app/docs/knitro/3_referenceManual/returnCodes.html

 Solve #  ThreadID  Status     Objective      FeasError    OptError    Real Time 
--------  --------  ------  --------------   ----------   ----------  ----------
      4          0    -202         2344.89      37046.4      93.1829      289.514
      0          0       0         1.95809  1.31596e-06  2.70607e-06      649.796
      6          2    -410         652.582     0.102010     0.500880      3067.43
      1          1    -410         563.029  7.74351e-03  7.72956e-02      3414.20
      5          0    -410         909.260     0.181685     0.794472      3123.14
      8          1    -410         960.709  8.07308e-03      2.01687      3203.45
      3          2    -410         960.916  2.28420e-02     0.412683      3061.64
      2          3    -410         331.141  5.22796e-04  9.29290e-03      3141.94
      9          0    -410         3517.42  2.26828e-03  7.33698e-02      2959.26
      7          3    -410         30540.0     0.117088     0.999997      4030.10

MULTISTART: Best locally optimal solution is returned.
EXIT: Locally optimal solution found.

Final Statistics
----------------
Final objective value               =   1.95809205486566e+00
Final feasibility error (abs / rel) =   1.32e-06 / 7.20e-08
Final optimality error  (abs / rel) =   2.71e-06 / 2.71e-06
# of iterations                     =      83027 
# of CG iterations                  =          0 
# of function evaluations           =     132977
# of gradient evaluations           =      83222
# of Hessian evaluations            =      83095
Total program time (secs)           =    7173.07227 ( 17473.328 CPU time)

===============================================================================

Knitro 14.2.0: Locally optimal or satisfactory solution.
objective 1.958092055; feasibility error 1.32e-06
83027 iterations; 132977 function evaluations

suffix feaserror OUT;
suffix opterror OUT;
suffix numfcevals OUT;
suffix numiters OUT;
---------------------------- Container and geometric considerations  ----------------------------
Container type: cube
Structural conservation type: volume & surface
---------------------------- Solution execution data ----------------------------
solve_result_num = 0
solve_result = solved

---------------------------- Solution data ----------------------------
card(figures) = 50

coords [*,*,1]
:       1         2         3         4       :=
1    20.2147   19.6897   19.4211   19.4588
2    20.9669   19.7628   20.7023   20.0545
3    19.857    20.7087   20.1756   20.979
4    19.6681   19.4488   19.021    19.2589
5    20.0887   19.8318   19.5394   19.7577
6    19.7914   20.0872   20.6575   20.979
7    19.6395   19.9003   19.5718   19.4222
8    20.979    20.3456   19.8299   20.3388
9    20.979    20.9788   20.979    20.5542
10   19.021    19.021    19.1683   19.5793
11   20.1603   20.979    20.855    20.979
12   20.3773   19.6198   20.3591   19.8153
13   19.021    19.6811   19.4812   19.4258
14   20.979    20.0496   20.6008   20.979
15   19.021    19.021    19.5567   19.021
16   20.979    20.979    20.2159   20.979
17   19.6864   19.3114   19.024    19.124
18   19.5798   19.7127   19.021    19.8109
19   20.5391   19.7611   20.2106   19.8412
20   20.5396   20.7473   20.979    19.7766
21   20.0769   20.0714   19.3066   19.222
22   20.7856   20.0265   19.5963   20.1421
23   20.979    20.979    20.4192   20.979
24   20.4927   20.1193   20.9134   19.9263
25   20.979    20.002    20.979    20.6341
26   19.6642   19.857    19.0243   19.021
27   19.021    19.021    19.021    19.5986
28   19.7631   19.5454   20.245    19.8077
29   20.0977   20.482    20.9709   20.9354
30   20.979    20.0701   19.7844   20.4755
31   19.6928   19.021    19.021    19.021
32   20.115    20.6225   19.9231   19.7833
33   20.5185   20.0897   20.1089   19.9001
34   19.9437   20.4505   20.979    20.979
35   20.786    20.0897   20.979    20.0544
36   19.8086   19.021    19.021    19.021
37   19.0357   19.8086   19.7626   19.021
38   20.979    20.4927   20.979    20.0314
39   20.0898   19.5637   20.1089   19.8907
40   19.5728   19.5285   19.021    19.7626
41   19.021    19.5645   19.0359   19.7199
42   19.3231   20.0046   20.1236   19.9142
43   20.1076   20.979    20.4418   19.7901
44   20.2407   19.8277   19.3615   19.7611
45   19.021    19.548    20.1167   19.2879
46   19.8201   19.7626   20.7055   20.1976
47   19.9208   20.979    20.5599   20.979
48   20.396    20.979    20.979    20.979
49   20.0117   20.5411   20.2629   20.979
50   20.5764   19.4728   19.5915   19.7639

 [*,*,2]
:       1         2         3         4       :=
1    20.9567   20.2173   20.2907   20.979
2    20.979    20.979    20.9754   20.2347
3    19.021    19.8723   19.021    19.021
4    20.282    19.4098   19.2879   20.0618
5    20.3155   20.5474   19.9709   19.3465
6    19.6965   19.6316   19.2074   19.82
7    20.1683   19.7759   20.4378   19.3044
8    20.979    20.2756   20.9449   20.2296
9    19.9202   20.979    20.9261   20.3711
10   19.9034   19.3762   19.1296   20.1798
11   19.021    19.021    19.8192   19.021
12   19.021    19.4327   19.5244   19.021
13   20.3586   20.4252   19.7775   20.979
14   20.1815   20.2308   20.9303   20.979
15   20.979    19.9009   20.979    20.979
16   19.9714   20.1728   19.853    19.1311
17   20.2483   20.1006   19.3916   20.5887
18   20.0503   19.021    19.0545   19.5823
19   20.0077   20.8762   20.4175   19.6764
20   19.5586   20.6926   20.1815   20.2453
21   19.0425   20.1377   19.4113   19.6015
22   19.021    19.6245   19.021    19.021
23   19.7454   20.1815   19.5074   19.021
24   19.8884   19.061    19.0632   19.6978
25   20.1728   19.6491   19.021    19.9475
26   19.9784   19.021    19.3146   19.021
27   19.3403   20.3144   19.1259   19.8914
28   20.979    20.0749   20.3882   20.9672
29   20.1096   20.4134   19.9642   20.9526
30   19.021    19.8108   19.1268   19.919
31   20.2297   20.1614   19.3877   19.9034
32   20.4022   20.2054   19.8934   19.3983
33   20.374    20.979    20.3975   19.873
34   19.582    19.1078   19.021    20.1728
35   19.9966   20.979    20.979    20.6737
36   20.979    20.0764   20.979    20.979
37   20.1555   20.979    20.979    20.979
38   19.021    19.8884   19.021    19.0651
39   20.9772   20.4545   20.3956   19.7902
40   19.9535   20.559    20.1472   20.979
41   19.021    20.0334   19.021    19.021
42   19.1278   20.0907   19.021    19.5641
43   19.6345   19.8212   20.3118   19.6963
44   20.3769   19.7694   19.6437   20.6113
45   19.021    19.7144   19.021    19.021
46   20.979    20.979    20.979    20.3983
47   20.979    20.979    20.3792   20.979
48   19.9549   20.979    20.2389   19.9862
49   19.7767   20.4919   19.8081   20.1297
50   20.8272   20.979    20.9758   20.2016

 [*,*,3]
:       1         2         3         4       :=
1    20.5997   19.8075   20.979    20.7055
2    19.021    19.021    19.7151   19.021
3    20.979    20.9735   20.3093   20.979
4    19.703    20.5037   19.9103   20.8017
5    19.8196   20.4755   19.4596   20.4533
6    20.979    20.0369   20.3004   20.8237
7    19.8074   20.9156   20.979    20.6009
8    19.7477   20.0861   20.1058   19.2816
9    19.5974   19.0563   20.2593   20.0051
10   19.021    20.1036   19.021    19.4431
11   20.2965   19.9781   20.8711   20.979
12   19.8853   20.0329   20.979    20.9503
13   20.8177   19.8128   20.7945   20.8511
14   19.021    19.021    19.8314   19.021
15   20.979    20.4428   20.4661   19.9065
16   20.979    20.1127   20.3433   20.1166
17   19.551    20.6857   20.0775   20.1598
18   19.8544   20.4651   20.1998   20.9396
19   19.3811   19.0939   19.9048   19.0305
20   19.2278   19.5756   19.021    19.021
21   19.1013   19.6018   19.021    19.739
22   19.7933   20.0077   19.982    19.0386
23   19.9828   19.021    19.021    19.021
24   19.6116   19.0898   19.7806   20.0508
25   20.1127   20.0301   19.7626   19.4961
26   20.979    20.979    20.2046   20.979
27   20.0775   20.7855   20.979    20.979
28   19.0311   19.3515   19.9631   20.1164
29   20.5313   19.9745   20.979    20.725
30   19.021    19.021    19.0453   19.6324
31   19.5417   20.1971   20.0799   19.021
32   19.8994   20.4031   20.9738   20.0962
33   20.979    20.979    19.9248   20.979
34   20.0142   20.2755   19.7626   20.1127
35   20.979    20.979    20.7734   20.3036
36   19.9318   19.8098   19.9065   19.021
37   19.5143   19.9318   19.021    19.021
38   19.7626   19.6116   19.021    19.021
39   20.9756   20.979    19.9213   20.9367
40   19.021    20.0609   19.477    19.021
41   20.2182   19.8582   19.4767   20.4677
42   19.8522   19.6104   19.0706   20.1247
43   20.0413   20.8351   20.979    20.979
44   19.9572   19.021    19.5838   19.0447
45   19.049    19.8805   19.077    19.8418
46   20.1593   19.021    19.7186   19.1743
47   20.1989   19.7477   19.9847   20.7734
48   20.1669   20.2941   19.8071   20.9756
49   19.1522   19.9635   20.3295   19.487
50   20.4128   19.9556   20.6877   19.7817
;

side = 1.95809
softness = 0.45

---------------------------- Solution coords data ----------------------------
distances [*,1,*]
:    1   2   3   4    :=
1    0   1   0   1
2    0   1   0   1
3    0   1   0   1
4    0   1   0   1
5    0   1   0   1
6    0   1   0   1
7    0   1   0   1
8    0   1   0   1
9    0   1   0   1
10   0   1   0   1
11   0   1   0   1
12   0   1   0   1
13   0   1   0   1
14   0   1   0   1
15   0   1   0   1
16   0   1   0   1
17   0   1   0   1
18   0   1   0   1
19   0   1   0   1
20   0   1   0   1
21   0   1   0   1
22   0   1   0   1
23   0   1   0   1
24   0   1   0   1
25   0   1   0   1
26   0   1   0   1
27   0   1   0   1
28   0   1   0   1
29   0   1   0   1
30   0   1   0   1
31   0   1   0   1
32   0   1   0   1
33   0   1   0   1
34   0   1   0   1
35   0   1   0   1
36   0   1   0   1
37   0   1   0   1
38   0   1   0   1
39   0   1   0   1
40   0   1   0   1
41   0   1   0   1
42   0   1   0   1
43   0   1   0   1
44   0   1   0   1
45   0   1   0   1
46   0   1   0   1
47   0   1   0   1
48   0   1   0   1
49   0   1   0   1
50   0   1   0   1

 [*,2,*]
:    1   2   3   4    :=
1    0   0   1   1
2    0   0   1   1
3    0   0   1   1
4    0   0   1   1
5    0   0   1   1
6    0   0   1   1
7    0   0   1   1
8    0   0   1   1
9    0   0   1   1
10   0   0   1   1
11   0   0   1   1
12   0   0   1   1
13   0   0   1   1
14   0   0   1   1
15   0   0   1   1
16   0   0   1   1
17   0   0   1   1
18   0   0   1   1
19   0   0   1   1
20   0   0   1   1
21   0   0   1   1
22   0   0   1   1
23   0   0   1   1
24   0   0   1   1
25   0   0   1   1
26   0   0   1   1
27   0   0   1   1
28   0   0   1   1
29   0   0   1   1
30   0   0   1   1
31   0   0   1   1
32   0   0   1   1
33   0   0   1   1
34   0   0   1   1
35   0   0   1   1
36   0   0   1   1
37   0   0   1   1
38   0   0   1   1
39   0   0   1   1
40   0   0   1   1
41   0   0   1   1
42   0   0   1   1
43   0   0   1   1
44   0   0   1   1
45   0   0   1   1
46   0   0   1   1
47   0   0   1   1
48   0   0   1   1
49   0   0   1   1
50   0   0   1   1

 [*,3,*]
:    1   2   3   4    :=
1    1   0   0   1
2    1   0   0   1
3    1   0   0   1
4    1   0   0   1
5    1   0   0   1
6    1   0   0   1
7    1   0   0   1
8    1   0   0   1
9    1   0   0   1
10   1   0   0   1
11   1   0   0   1
12   1   0   0   1
13   1   0   0   1
14   1   0   0   1
15   1   0   0   1
16   1   0   0   1
17   1   0   0   1
18   1   0   0   1
19   1   0   0   1
20   1   0   0   1
21   1   0   0   1
22   1   0   0   1
23   1   0   0   1
24   1   0   0   1
25   1   0   0   1
26   1   0   0   1
27   1   0   0   1
28   1   0   0   1
29   1   0   0   1
30   1   0   0   1
31   1   0   0   1
32   1   0   0   1
33   1   0   0   1
34   1   0   0   1
35   1   0   0   1
36   1   0   0   1
37   1   0   0   1
38   1   0   0   1
39   1   0   0   1
40   1   0   0   1
41   1   0   0   1
42   1   0   0   1
43   1   0   0   1
44   1   0   0   1
45   1   0   0   1
46   1   0   0   1
47   1   0   0   1
48   1   0   0   1
49   1   0   0   1
50   1   0   0   1

 [*,4,*]
:    1   2   3   4    :=
1    1   1   1   0
2    1   1   1   0
3    1   1   1   0
4    1   1   1   0
5    1   1   1   0
6    1   1   1   0
7    1   1   1   0
8    1   1   1   0
9    1   1   1   0
10   1   1   1   0
11   1   1   1   0
12   1   1   1   0
13   1   1   1   0
14   1   1   1   0
15   1   1   1   0
16   1   1   1   0
17   1   1   1   0
18   1   1   1   0
19   1   1   1   0
20   1   1   1   0
21   1   1   1   0
22   1   1   1   0
23   1   1   1   0
24   1   1   1   0
25   1   1   1   0
26   1   1   1   0
27   1   1   1   0
28   1   1   1   0
29   1   1   1   0
30   1   1   1   0
31   1   1   1   0
32   1   1   1   0
33   1   1   1   0
34   1   1   1   0
35   1   1   1   0
36   1   1   1   0
37   1   1   1   0
38   1   1   1   0
39   1   1   1   0
40   1   1   1   0
41   1   1   1   0
42   1   1   1   0
43   1   1   1   0
44   1   1   1   0
45   1   1   1   0
46   1   1   1   0
47   1   1   1   0
48   1   1   1   0
49   1   1   1   0
50   1   1   1   0
;

---------------------------- Solution stats data ----------------------------
_ampl_time = 0.119735
_total_solve_time = 17473.7
_ampl_elapsed_time = 0.115071
_ampl_user_time = 0.091069

Total time elapsed: $17473.66.
_total_solve_time = 17473.7

---------------------------- Solution miscs data ----------------------------
tetrahedron_volume [*] :=
 1 0    6 0   11 0   16 0   21 0   26 0   31 0   36 0   41 0   46 0
 2 0    7 0   12 0   17 0   22 0   27 0   32 0   37 0   42 0   47 0
 3 0    8 0   13 0   18 0   23 0   28 0   33 0   38 0   43 0   48 0
 4 0    9 0   14 0   19 0   24 0   29 0   34 0   39 0   44 0   49 0
 5 0   10 0   15 0   20 0   25 0   30 0   35 0   40 0   45 0   50 0
;

---------------------------- Solution miscs data ----------------------------
tetrahedron_surface_area [*] :=
 1 1.73205   10 1.73205   19 1.73205   28 1.73205   37 1.73205   46 1.73205
 2 1.73205   11 1.73205   20 1.73205   29 1.73205   38 1.73205   47 1.73205
 3 1.73205   12 1.73205   21 1.73205   30 1.73205   39 1.73205   48 1.73205
 4 1.73205   13 1.73205   22 1.73205   31 1.73205   40 1.73205   49 1.73205
 5 1.73205   14 1.73205   23 1.73205   32 1.73205   41 1.73205   50 1.73205
 6 1.73205   15 1.73205   24 1.73205   33 1.73205   42 1.73205
 7 1.73205   16 1.73205   25 1.73205   34 1.73205   43 1.73205
 8 1.73205   17 1.73205   26 1.73205   35 1.73205   44 1.73205
 9 1.73205   18 1.73205   27 1.73205   36 1.73205   45 1.73205
;

