Error at _cmdno 5 executing "solve" command
(file amplin, line 1945, offset 37257):
error processing param distances:
	4000 invalid subscripts discarded:
	distances[51,1,1]
	distances[51,1,2]
	distances[51,1,3]
	and 3997 more.
##### This license is only intended for use by NEOS. #####
##### License is valid until Jan 16, 2026 #####
riables.
Adjusted problem:
6726 variables:
	4276 nonlinear variables
	2450 linear variables
13100 constraints; 79725 nonzeros
	11875 nonlinear constraints
	1225 linear constraints
	1275 equality constraints
	11825 inequality constraints
1 linear objective; 1 nonzero.

Artelys Knitro 14.2.0: threads=4
algorithm=1
ms_enable=1
ms_maxsolves=10
feastol=1e-5
opttol=1e-5
honorbnds=1
bar_initpt=3
bar_murule=4
scale=1
outlev=2
maxtime_real=3600
WARNING:  Option 'threads' is deprecated, please use 'numthreads'.

=======================================
           Academic License
       (NOT FOR COMMERCIAL USE)
         Artelys Knitro 14.2.0
=======================================

No start point provided -- Knitro computing one.

Knitro presolve eliminated 0 variables and 0 constraints.

algorithm                1
bar_initpt               3
bar_murule               4
concurrent_evals         0
datacheck                0
feastol                  1e-05
findiff_numthreads       1
hessian_no_f             1
hessopt                  1
honorbnds                1
maxtime_real             3600
ms_enable                1
ms_maxsolves             10
numthreads               4
opttol                   1e-05

Problem Characteristics                                 (   Presolved)
-----------------------
Objective goal:  Minimize
Objective type:  linear
Number of variables:                               6726 (        6726)
    bounded below only:                             601 (         601)
    bounded above only:                               0 (           0)
    bounded below and above:                          0 (           0)
    fixed:                                            0 (           0)
    free:                                          6125 (        6125)
Number of constraints:                            13100 (       13100)
    linear equalities:                                0 (           0)
    quadratic equalities:                          1225 (        1225)
    gen. nonlinear equalities:                       50 (          50)
    linear one-sided inequalities:                 1225 (        1225)
    quadratic one-sided inequalities:             10600 (       10600)
    gen. nonlinear one-sided inequalities:            0 (           0)
    linear two-sided inequalities:                    0 (           0)
    quadratic two-sided inequalities:                 0 (           0)
    gen. nonlinear two-sided inequalities:            0 (           0)
Number of nonzeros in Jacobian:                   79725 (       79725)
Number of nonzeros in Hessian:                    36976 (       36976)

Knitro parallel multistart will run with 4 threads.

Return codes description
------------------------
  0:  The final solution satisfies the termination conditions for verifying optimality.
  -100 to -199:  A feasible approximate solution was found.
  -200 to -299:  Knitro terminated at an infeasible point.
  -300 to -301:  The problem was determined to be unbounded.
  -400 to -499:  Knitro terminated because it reached a pre-defined limit.
    -400 to -409:  A feasible point was found.
    -410 to -419:  No feasible point was found.
  -500 to -599:  Knitro terminated with an input error or some non-standard error.
A more detailed description of individual return codes and their corresponding
termination messages is provided at
https://www.artelys.com/app/docs/knitro/3_referenceManual/returnCodes.html

 Solve #  ThreadID  Status     Objective      FeasError    OptError    Real Time 
--------  --------  ------  --------------   ----------   ----------  ----------
      7          3    -202         652.753      60440.8      7.90137      181.776
      2          2    -202         1853.28      52623.4      55.2364      96.8266
      4          2    -202         1765.25      32738.4      80.4309      101.994
      0          0       0        0.705064  4.80650e-04  9.85155e-06      157.146
      8          1    -202         4164.91      42983.8      1.00000      1166.26
      1          3    -410         3256.80      207142.      1.00000      1953.78
      6          2    -410         1.23042  1.83803e-03     0.591686      2018.13
      9          3    -410         10636.9      18.6949     0.999922      2156.22
      3          1    -410         8022.07  4.72987e-02      1.00000      2114.20
      5          0    -410         21325.1      1.56155     0.999985      2141.39

MULTISTART: Best locally optimal solution is returned.
EXIT: Locally optimal solution found.

Final Statistics
----------------
Final objective value               =   7.05063924371145e-01
Final feasibility error (abs / rel) =   4.81e-04 / 4.48e-07
Final optimality error  (abs / rel) =   9.85e-06 / 9.85e-06
# of iterations                     =      58965 
# of CG iterations                  =          0 
# of function evaluations           =      78570
# of gradient evaluations           =      59247
# of Hessian evaluations            =      58996
Total program time (secs)           =    4293.16895 ( 11707.735 CPU time)

===============================================================================

Knitro 14.2.0: Locally optimal or satisfactory solution.
objective 0.7050639244; feasibility error 0.000481
58965 iterations; 78570 function evaluations

suffix feaserror OUT;
suffix opterror OUT;
suffix numfcevals OUT;
suffix numiters OUT;
---------------------------- Container and geometric considerations  ----------------------------
Container type: sphere
Structural conservation type: surface
---------------------------- Solution execution data ----------------------------
solve_result_num = 0
solve_result = solved

---------------------------- Solution data ----------------------------
card(figures) = 50

coords [*,*,1]
:       1         2         3         4       :=
1    20.5226   19.9748   19.8395   19.9695
2    20.5317   19.8327   19.2991   19.9695
3    19.8399   20.5327   19.9554   19.298
4    19.298    19.8399   19.9559   20.5327
5    19.9589   20.532    19.8368   19.2985
6    19.9749   19.329    20.4298   19.9173
7    20.4331   20.532    19.8731   19.972
8    20.5314   19.2992   19.9701   19.8311
9    19.8297   20.5312   19.9704   19.2993
10   19.8745   20.4327   19.9751   19.329
11   20.5326   19.9554   19.2981   19.8399
12   19.2981   20.5325   19.8392   19.9551
13   19.2989   19.8326   19.9655   20.5316
14   20.5387   19.9344   19.2956   19.8998
15   19.8388   19.2982   19.9586   20.5326
16   19.9674   19.8355   19.2988   20.5322
17   19.8735   19.329    19.9752   20.4329
18   20.5325   19.2981   19.9567   19.8391
19   20.5324   19.2989   19.9681   19.8361
20   19.329    19.9753   19.8744   20.4328
21   19.9553   19.298    19.8396   20.5326
22   19.8367   19.9624   19.2985   20.5323
23   19.2955   19.903    19.9311   20.5387
24   20.532    19.8758   20.4313   19.9721
25   19.9752   20.4329   19.329    19.8734
26   19.2982   20.5325   19.958    19.8389
27   20.5326   19.9573   19.839    19.2982
28   19.2977   19.8622   20.5363   19.9757
29   20.433    20.5322   19.9719   19.8729
30   20.4329   19.8734   19.9721   20.5319
31   19.9705   19.2994   19.8291   20.5311
32   20.5322   19.8404   19.2982   19.9584
33   19.9769   19.3299   19.9186   20.4303
34   19.9721   20.4328   19.8735   20.5319
35   20.5324   19.2985   19.9609   19.8375
36   20.4301   19.9183   19.9761   19.3296
37   20.5322   19.9719   20.433    19.8731
38   19.9599   20.5325   19.2983   19.8384
39   19.9629   20.5323   19.8366   19.2986
40   20.533    19.9752   19.8379   20.4329
41   20.5323   19.2985   19.9619   19.837
42   20.5323   19.8371   19.963    19.2985
43   19.9199   20.4305   19.9785   19.3306
44   19.9752   19.9706   19.329    19.8273
45   20.5324   19.9718   19.8731   20.433
46   19.9693   20.5319   19.8335   19.2991
47   19.9631   19.2987   19.8365   20.5322
48   19.9204   20.4305   19.9766   19.3306
49   19.2989   19.8359   19.9691   20.5324
50   19.2982   20.5325   19.8387   19.9584

 [*,*,2]
:       1         2         3         4       :=
1    20.4332   20.5378   19.3386   19.8875
2    20.4434   20.5085   19.9852   19.892
3    20.5109   20.4414   19.8867   19.9901
4    19.9901   20.5109   19.8869   20.4412
5    19.8877   20.4436   20.5096   19.9877
6    20.5502   19.9166   19.803    19.3
7    19.8535   20.4408   19.3067   19.8946
8    20.4444   19.9846   19.8921   20.5078
9    20.5073   20.4452   19.8921   19.9842
10   19.3064   19.8517   20.5522   19.9225
11   20.4415   19.8866   19.99     20.5108
12   19.99     20.4419   20.5105   19.8865
13   19.9859   20.5083   19.8902   20.4443
14   20.4024   19.8822   20.0115   20.5317
15   20.5105   19.9892   19.8879   20.4415
16   19.8914   20.5096   19.9865   20.4418
17   19.3066   19.9227   20.5523   19.8529
18   20.4417   19.9896   19.8871   20.5106
19   20.4413   19.9865   19.8917   20.5098
20   19.9224   20.5522   19.3064   19.8518
21   19.8866   19.9901   20.5107   20.4415
22   20.5098   19.8893   19.9878   20.442
23   20.013    20.5327   19.8812   20.4011
24   20.4407   19.3061   19.8491   19.8946
25   20.5523   19.8529   19.9227   19.3066
26   19.9893   20.4416   19.8876   20.5105
27   20.4416   19.8874   20.5105   19.9895
28   20.0503   19.8617   20.3624   20.5531
29   19.8534   20.4407   19.8944   19.3067
30   19.8528   19.3066   19.8946   20.4408
31   19.8921   19.984    20.5071   20.4456
32   20.4426   20.511    19.9892   19.8876
33   20.5504   19.9138   19.2998   19.8029
34   19.8946   19.8526   19.3066   20.4408
35   20.4412   19.9879   19.8885   20.5099
36   19.8031   19.2999   20.5503   19.9148
37   20.4407   19.8944   19.8534   19.3067
38   19.8884   20.4415   19.9888   20.5104
39   19.8895   20.442    20.5098   19.9876
40   20.4405   20.5523   19.3315   19.8532
41   20.442    19.9879   19.8891   20.5099
42   20.4419   20.51     19.8896   19.9877
43   19.2997   19.8032   20.5504   19.9122
44   20.5523   19.8916   19.9227   19.318
45   20.4407   19.8943   19.3067   19.8534
46   19.892    20.4429   20.5088   19.9854
47   19.8892   19.9869   20.5095   20.4414
48   19.2996   19.8044   20.5509   19.9112
49   19.9862   20.5098   19.8921   20.4412
50   19.9892   20.4416   20.5105   19.8878

 [*,*,3]
:       1         2         3         4       :=
1    19.8673   20.4292   19.8488   19.3109
2    19.8667   20.4589   19.9247   19.3039
3    20.4588   19.8637   19.3055   19.9347
4    19.9347   20.4588   19.3055   19.8634
5    19.3052   19.8683   20.4591   19.9306
6    20.4402   19.8003   20.5231   20.015
7    20.5367   19.8594   19.9818   19.3034
8    19.8688   19.9237   19.3039   20.459
9    20.4591   19.8706   19.3039   19.9231
10   19.9833   20.5366   20.4377   19.7978
11   19.864    19.3055   19.9346   20.4588
12   19.9347   19.865    20.4589   19.3056
13   19.9265   20.4591   19.3044   19.8691
14   19.7879   19.308    19.9721   20.4521
15   20.4588   19.9328   19.3051   19.8636
16   19.3041   20.4587   19.9271   19.8635
17   19.9824   19.7977   20.4376   20.5367
18   19.8643   19.9338   19.3054   20.4588
19   19.8624   19.927    19.304    20.4586
20   19.7977   20.4377   19.9832   20.5365
21   19.3056   19.9349   20.4589   19.8641
22   20.4588   19.3047   19.9299   19.8645
23   19.9748   20.4516   19.3084   19.7855
24   19.859    19.9871   20.537    19.3034
25   20.4375   20.5367   19.7977   19.9824
26   19.9332   19.8641   19.3052   20.4588
27   19.8641   19.3053   20.4588   19.9335
28   20.0376   19.3225   19.7205   20.4366
29   20.5368   19.8598   19.3035   19.9815
30   20.5367   19.9824   19.3034   19.859
31   19.3039   19.9228   20.4591   19.8714
32   19.8664   20.4589   19.9332   19.3052
33   20.4401   19.7983   20.0152   20.5226
34   19.3034   20.5368   19.9826   19.859
35   19.8639   19.9308   19.305    20.459
36   20.5228   20.0153   20.4401   19.7991
37   19.8599   19.3035   20.5368   19.982
38   19.305    19.8636   19.932    20.4588
39   19.3047   19.8644   20.4588   19.9296
40   19.8623   20.4376   19.8538   20.5368
41   19.8645   19.9302   19.3048   20.4588
42   19.8642   20.4588   19.3046   19.9298
43   20.0156   20.5225   20.4401   19.7969
44   20.4376   19.3039   19.7977   19.9541
45   19.8604   19.3035   19.9819   20.5368
46   19.3039   19.8656   20.4588   19.9251
47   19.3047   19.9289   20.459    19.8642
48   20.0161   20.523    20.4394   19.7972
49   19.9264   20.4586   19.3039   19.8621
50   19.9329   19.8639   20.4588   19.3052
;

radius = 0.705064
softness = 0.85

---------------------------- Solution coords data ----------------------------
distances [*,1,*]
:    1   2   3   4    :=
1    0   1   0   1
2    0   1   0   1
3    0   1   0   1
4    0   1   0   1
5    0   1   0   1
6    0   1   0   1
7    0   1   0   1
8    0   1   0   1
9    0   1   0   1
10   0   1   0   1
11   0   1   0   1
12   0   1   0   1
13   0   1   0   1
14   0   1   0   1
15   0   1   0   1
16   0   1   0   1
17   0   1   0   1
18   0   1   0   1
19   0   1   0   1
20   0   1   0   1
21   0   1   0   1
22   0   1   0   1
23   0   1   0   1
24   0   1   0   1
25   0   1   0   1
26   0   1   0   1
27   0   1   0   1
28   0   1   0   1
29   0   1   0   1
30   0   1   0   1
31   0   1   0   1
32   0   1   0   1
33   0   1   0   1
34   0   1   0   1
35   0   1   0   1
36   0   1   0   1
37   0   1   0   1
38   0   1   0   1
39   0   1   0   1
40   0   1   0   1
41   0   1   0   1
42   0   1   0   1
43   0   1   0   1
44   0   1   0   1
45   0   1   0   1
46   0   1   0   1
47   0   1   0   1
48   0   1   0   1
49   0   1   0   1
50   0   1   0   1

 [*,2,*]
:    1   2   3   4    :=
1    0   0   1   1
2    0   0   1   1
3    0   0   1   1
4    0   0   1   1
5    0   0   1   1
6    0   0   1   1
7    0   0   1   1
8    0   0   1   1
9    0   0   1   1
10   0   0   1   1
11   0   0   1   1
12   0   0   1   1
13   0   0   1   1
14   0   0   1   1
15   0   0   1   1
16   0   0   1   1
17   0   0   1   1
18   0   0   1   1
19   0   0   1   1
20   0   0   1   1
21   0   0   1   1
22   0   0   1   1
23   0   0   1   1
24   0   0   1   1
25   0   0   1   1
26   0   0   1   1
27   0   0   1   1
28   0   0   1   1
29   0   0   1   1
30   0   0   1   1
31   0   0   1   1
32   0   0   1   1
33   0   0   1   1
34   0   0   1   1
35   0   0   1   1
36   0   0   1   1
37   0   0   1   1
38   0   0   1   1
39   0   0   1   1
40   0   0   1   1
41   0   0   1   1
42   0   0   1   1
43   0   0   1   1
44   0   0   1   1
45   0   0   1   1
46   0   0   1   1
47   0   0   1   1
48   0   0   1   1
49   0   0   1   1
50   0   0   1   1

 [*,3,*]
:    1   2   3   4    :=
1    1   0   0   1
2    1   0   0   1
3    1   0   0   1
4    1   0   0   1
5    1   0   0   1
6    1   0   0   1
7    1   0   0   1
8    1   0   0   1
9    1   0   0   1
10   1   0   0   1
11   1   0   0   1
12   1   0   0   1
13   1   0   0   1
14   1   0   0   1
15   1   0   0   1
16   1   0   0   1
17   1   0   0   1
18   1   0   0   1
19   1   0   0   1
20   1   0   0   1
21   1   0   0   1
22   1   0   0   1
23   1   0   0   1
24   1   0   0   1
25   1   0   0   1
26   1   0   0   1
27   1   0   0   1
28   1   0   0   1
29   1   0   0   1
30   1   0   0   1
31   1   0   0   1
32   1   0   0   1
33   1   0   0   1
34   1   0   0   1
35   1   0   0   1
36   1   0   0   1
37   1   0   0   1
38   1   0   0   1
39   1   0   0   1
40   1   0   0   1
41   1   0   0   1
42   1   0   0   1
43   1   0   0   1
44   1   0   0   1
45   1   0   0   1
46   1   0   0   1
47   1   0   0   1
48   1   0   0   1
49   1   0   0   1
50   1   0   0   1

 [*,4,*]
:    1   2   3   4    :=
1    1   1   1   0
2    1   1   1   0
3    1   1   1   0
4    1   1   1   0
5    1   1   1   0
6    1   1   1   0
7    1   1   1   0
8    1   1   1   0
9    1   1   1   0
10   1   1   1   0
11   1   1   1   0
12   1   1   1   0
13   1   1   1   0
14   1   1   1   0
15   1   1   1   0
16   1   1   1   0
17   1   1   1   0
18   1   1   1   0
19   1   1   1   0
20   1   1   1   0
21   1   1   1   0
22   1   1   1   0
23   1   1   1   0
24   1   1   1   0
25   1   1   1   0
26   1   1   1   0
27   1   1   1   0
28   1   1   1   0
29   1   1   1   0
30   1   1   1   0
31   1   1   1   0
32   1   1   1   0
33   1   1   1   0
34   1   1   1   0
35   1   1   1   0
36   1   1   1   0
37   1   1   1   0
38   1   1   1   0
39   1   1   1   0
40   1   1   1   0
41   1   1   1   0
42   1   1   1   0
43   1   1   1   0
44   1   1   1   0
45   1   1   1   0
46   1   1   1   0
47   1   1   1   0
48   1   1   1   0
49   1   1   1   0
50   1   1   1   0
;

---------------------------- Solution stats data ----------------------------
_ampl_time = 0.124884
_total_solve_time = 11708
_ampl_elapsed_time = 0.11932
_ampl_user_time = 0.09711

Total time elapsed: $11708.04.
_total_solve_time = 11708

---------------------------- Solution miscs data ----------------------------
tetrahedron_volume [*] :=
 1 0    6 0   11 0   16 0   21 0   26 0   31 0   36 0   41 0   46 0
 2 0    7 0   12 0   17 0   22 0   27 0   32 0   37 0   42 0   47 0
 3 0    8 0   13 0   18 0   23 0   28 0   33 0   38 0   43 0   48 0
 4 0    9 0   14 0   19 0   24 0   29 0   34 0   39 0   44 0   49 0
 5 0   10 0   15 0   20 0   25 0   30 0   35 0   40 0   45 0   50 0
;

---------------------------- Solution miscs data ----------------------------
tetrahedron_surface_area [*] :=
 1 1.73205   10 1.73205   19 1.73205   28 1.73205   37 1.73205   46 1.73205
 2 1.73205   11 1.73205   20 1.73205   29 1.73205   38 1.73205   47 1.73205
 3 1.73205   12 1.73205   21 1.73205   30 1.73205   39 1.73205   48 1.73205
 4 1.73205   13 1.73205   22 1.73205   31 1.73205   40 1.73205   49 1.73205
 5 1.73205   14 1.73205   23 1.73205   32 1.73205   41 1.73205   50 1.73205
 6 1.73205   15 1.73205   24 1.73205   33 1.73205   42 1.73205
 7 1.73205   16 1.73205   25 1.73205   34 1.73205   43 1.73205
 8 1.73205   17 1.73205   26 1.73205   35 1.73205   44 1.73205
 9 1.73205   18 1.73205   27 1.73205   36 1.73205   45 1.73205
;

