Error at _cmdno 5 executing "solve" command
(file amplin, line 1977, offset 37909):
error processing param distances:
	4000 invalid subscripts discarded:
	distances[51,1,1]
	distances[51,1,2]
	distances[51,1,3]
	and 3997 more.
##### This license is only intended for use by NEOS. #####
##### License is valid until Jan 16, 2026 #####
riables.
Adjusted problem:
6726 variables:
	4275 nonlinear variables
	2451 linear variables
14100 constraints; 81325 nonzeros
	11675 nonlinear constraints
	2425 linear constraints
	1275 equality constraints
	12825 inequality constraints
1 linear objective; 1 nonzero.

Artelys Knitro 14.2.0: threads=4
algorithm=1
ms_enable=1
ms_maxsolves=10
feastol=1e-5
opttol=1e-5
honorbnds=1
bar_initpt=3
bar_murule=4
scale=1
outlev=2
maxtime_real=1200
WARNING:  Option 'threads' is deprecated, please use 'numthreads'.

=======================================
           Academic License
       (NOT FOR COMMERCIAL USE)
         Artelys Knitro 14.2.0
=======================================

No start point provided -- Knitro computing one.

Knitro presolve eliminated 0 variables and 0 constraints.

algorithm                1
bar_initpt               3
bar_murule               4
concurrent_evals         0
datacheck                0
feastol                  1e-05
findiff_numthreads       1
hessian_no_f             1
hessopt                  1
honorbnds                1
maxtime_real             1200
ms_enable                1
ms_maxsolves             10
numthreads               4
opttol                   1e-05

Problem Characteristics                                 (   Presolved)
-----------------------
Objective goal:  Minimize
Objective type:  linear
Number of variables:                               6726 (        6726)
    bounded below only:                             601 (         601)
    bounded above only:                               0 (           0)
    bounded below and above:                          0 (           0)
    fixed:                                            0 (           0)
    free:                                          6125 (        6125)
Number of constraints:                            14100 (       14100)
    linear equalities:                                0 (           0)
    quadratic equalities:                          1225 (        1225)
    gen. nonlinear equalities:                       50 (          50)
    linear one-sided inequalities:                 2425 (        2425)
    quadratic one-sided inequalities:             10400 (       10400)
    gen. nonlinear one-sided inequalities:            0 (           0)
    linear two-sided inequalities:                    0 (           0)
    quadratic two-sided inequalities:                 0 (           0)
    gen. nonlinear two-sided inequalities:            0 (           0)
Number of nonzeros in Jacobian:                   81325 (       81325)
Number of nonzeros in Hessian:                    36975 (       36975)

Knitro parallel multistart will run with 4 threads.

Return codes description
------------------------
  0:  The final solution satisfies the termination conditions for verifying optimality.
  -100 to -199:  A feasible approximate solution was found.
  -200 to -299:  Knitro terminated at an infeasible point.
  -300 to -301:  The problem was determined to be unbounded.
  -400 to -499:  Knitro terminated because it reached a pre-defined limit.
    -400 to -409:  A feasible point was found.
    -410 to -419:  No feasible point was found.
  -500 to -599:  Knitro terminated with an input error or some non-standard error.
A more detailed description of individual return codes and their corresponding
termination messages is provided at
https://www.artelys.com/app/docs/knitro/3_referenceManual/returnCodes.html

 Solve #  ThreadID  Status     Objective      FeasError    OptError    Real Time 
--------  --------  ------  --------------   ----------   ----------  ----------
      5          3    -202         2765.38      51431.7      65.4606      874.314
      0          0       0         1.86244  6.44452e-05  1.17497e-08      1141.67
      3          1    -410         3815.26      34.5314      4.58631      3062.38
      1          3    -410         177.633  1.77033e-03  3.44545e-03      2727.28
      8          3    -410         401.544  4.03122e-03  2.04553e-02      2208.69
      6          2    -410         183.692  2.35006e-02  5.54293e-02      2238.22
      2          2    -410         310.188     0.232215     0.315219      2776.25
      9          0    -410         1680.82  6.40881e-02      2.37644      2121.50
      7          1    -410         26848.1     0.819978     0.999988      2599.72
      4          0    -410         6374.18     0.150454      18.0638      2843.60

MULTISTART: Best locally optimal solution is returned.
EXIT: Locally optimal solution found.

Final Statistics
----------------
Final objective value               =   1.86243924327253e+00
Final feasibility error (abs / rel) =   6.44e-05 / 3.52e-06
Final optimality error  (abs / rel) =   1.17e-08 / 1.17e-08
# of iterations                     =      87311 
# of CG iterations                  =          0 
# of function evaluations           =     106573
# of gradient evaluations           =      87599
# of Hessian evaluations            =      87372
Total program time (secs)           =    6108.45020 ( 18695.256 CPU time)

===============================================================================

Knitro 14.2.0: Locally optimal or satisfactory solution.
objective 1.862439243; feasibility error 6.44e-05
87311 iterations; 106573 function evaluations

suffix feaserror OUT;
suffix opterror OUT;
suffix numfcevals OUT;
suffix numiters OUT;
---------------------------- Container and geometric considerations  ----------------------------
Container type: cube
Structural conservation type: volume & surface
---------------------------- Solution execution data ----------------------------
solve_result_num = 0
solve_result = solved

---------------------------- Solution data ----------------------------
card(figures) = 50

coords [*,*,1]
:       1         2         3         4       :=
1    20.9312   20.5326   19.9954   20.2704
2    20.7806   20.9312   20.9312   19.8387
3    19.3554   19.3187   19.6186   19.0688
4    20.0537   19.1266   19.78     19.8975
5    19.83     20.5326   19.9129   20.1633
6    20.9312   20.0738   20.6382   20.8524
7    19.8757   20.9312   20.2899   20.8881
8    19.9631   20.891    20.9312   20.8706
9    20.287    20.091    20.6171   19.4819
10   19.5216   20.154    19.1981   20.2988
11   19.8449   20.6986   20.9287   20.4381
12   19.0688   19.0688   19.0688   19.6169
13   19.195    19.0688   19.3069   20.302
14   20.2197   20.704    20.6396   19.6148
15   19.8385   19.1985   19.7331   19.0688
16   19.8797   20.2835   19.908    20.9071
17   19.4546   19.6193   20.4585   20.2514
18   19.6861   19.8346   19.1825   19.9629
19   19.7904   20.4693   20.9205   19.8842
20   20.809    20.9312   20.9312   20.0473
21   19.3875   19.0688   19.0688   19.0688
22   20.5576   19.4047   20.189    19.5976
23   20.9312   20.9312   20.0879   20.2382
24   20.9312   20.9312   20.155    20.9312
25   20.8929   20.9312   20.9312   20.189
26   19.6313   19.8395   19.108    19.0788
27   19.7288   19.0688   19.0694   19.746
28   19.5513   19.7426   19.9113   20.695
29   20.4383   20.8552   19.8662   19.8305
30   19.326    19.5665   20.3597   20.571
31   19.5799   19.0688   19.0688   19.0688
32   19.7633   20.2505   20.8752   20.1097
33   20.174    20.2505   19.1224   19.537
34   20.2161   19.791    20.6382   20.8265
35   19.754    19.2592   19.9667   19.0688
36   19.8279   19.1851   19.0688   19.0688
37   20.0386   19.6726   19.7336   19.0957
38   20.3937   20.7464   20.8555   19.8106
39   19.0688   19.8768   19.9059   20.2374
40   19.2913   19.6949   19.0688   19.0688
41   19.7929   19.8441   19.8267   20.9312
42   19.0688   19.806    19.335    20.1444
43   20.1232   20.9312   20.9312   20.8887
44   20.2642   20.0274   19.0715   20.2403
45   19.4015   19.6031   20.5443   20.1003
46   19.3961   19.6193   19.2515   20.4126
47   20.8762   20.9312   20.9312   20.222
48   20.1987   20.8724   20.1108   20.9239
49   20.2382   20.9312   20.9312   20.9312
50   19.1188   19.5638   20.0149   19.479

 [*,*,2]
:       1         2         3         4       :=
1    20.6908   20.9312   20.0495   20.9312
2    19.6142   20.6439   19.9738   20.2419
3    19.0688   19.4351   20.1033   20.0833
4    20.2273   19.5845   19.8811   20.5211
5    20.4486   20.9312   19.914    20.7472
6    20.3076   19.4682   19.6172   19.9337
7    19.8873   20.5051   20.7019   20.0491
8    20.5996   19.9264   20.9312   20.9312
9    19.7018   20.9312   20.7914   20.6513
10   19.085    19.0688   19.0688   19.5394
11   19.8227   19.7908   20.418    19.8739
12   19.9816   20.9312   20.9312   20.3234
13   20.9312   20.9312   20.4507   20.9312
14   19.1613   19.8952   19.0688   19.7752
15   20.5601   19.8104   20.9312   20.9312
16   19.9013   20.6807   19.858    20.0504
17   20.1949   20.9312   20.9312   20.8
18   19.7972   19.5201   19.2216   20.1765
19   20.6745   19.7179   20.8765   20.1872
20   19.0688   19.6161   19.0688   19.0688
21   19.0688   20.2675   19.2633   19.128
22   19.5392   19.1092   20.0334   20.2819
23   20.6725   20.9312   20.9312   19.9096
24   19.6176   19.0688   19.0971   20.02
25   19.968    19.0688   19.9747   19.0849
26   20.583    19.9693   19.8391   19.5573
27   19.8477   19.0688   19.6084   19.9148
28   19.2168   19.3022   19.8986   19.7076
29   20.564    19.8573   20.6109   19.5534
30   19.0688   19.8028   19.0688   19.0688
31   20.3644   19.5411   20.7794   19.8298
32   19.2713   19.0688   19.3133   20.2951
33   19.7352   19.0688   19.0688   19.3653
34   19.1938   19.4047   19.6172   19.8955
35   19.8606   20.7918   20.8411   20.3293
36   20.7827   20.0387   20.9312   20.9312
37   19.7161   20.7867   20.4187   19.7106
38   20.6371   20.5641   19.8575   19.9228
39   20.9312   20.0352   20.3963   20.9312
40   19.5028   20.1049   20.0917   20.7277
41   20.9312   20.9312   20.3889   20.9312
42   19.5875   20.5156   20.8036   19.8577
43   19.1315   19.0688   20.0052   19.7377
44   19.3878   19.0688   19.0688   19.0688
45   19.0901   20.3152   19.5485   20.0534
46   20.1543   20.9312   20.7913   20.8722
47   19.9048   20.9312   20.4607   20.6881
48   19.1231   19.0688   19.0688   19.9982
49   19.9096   19.6862   20.9312   20.6727
50   19.0688   19.7634   19.8914   19.0984

 [*,*,3]
:       1         2         3         4       :=
1    20.7725   19.9458   20.2597   20.9312
2    19.0688   19.7465   19.7769   19.3052
3    19.246    20.1325   19.8866   19.0994
4    20.8664   20.3399   19.7042   20.0598
5    19.7695   19.9458   20.3079   20.9312
6    20.9312   20.5991   20.9312   19.7463
7    20.7233   20.9312   20.9312   20.0559
8    19.6671   19.7621   20.3761   19.708
9    19.0846   19.0714   19.5884   19.0969
10   19.1908   19.5952   20.3929   20.0507
11   20.6222   19.7166   20.7672   20.9312
12   20.1261   19.9931   20.9312   20.9312
13   20.7332   19.9931   19.5901   20.1636
14   19.743    19.461    19.0688   19.0947
15   19.9742   19.2137   19.3029   19.0688
16   20.7293   20.9162   20.0605   20.0422
17   20.008    20.9312   20.0116   20.7489
18   19.7266   20.9312   20.709    20.8796
19   19.2323   19.6497   19.7141   19.6837
20   20.8006   20.4325   19.5616   19.8158
21   19.6975   19.8048   19.0688   20.3064
22   19.6339   19.4443   19.1604   19.3566
23   19.7671   19.0688   19.0688   19.0688
24   20.4351   19.3176   19.8267   19.8983
25   20.071    20.9312   20.9312   20.5951
26   20.4921   20.9142   19.9152   20.9312
27   19.6882   20.3183   20.7167   20.9312
28   19.631    20.3519   20.6084   19.6602
29   20.0621   19.652    19.715    20.0362
30   19.0688   19.1151   19.726    19.0688
31   20.9312   20.9312   20.8025   19.9974
32   20.3726   20.9312   20.9312   20.9312
33   20.9312   20.9312   20.9312   20.1131
34   19.8392   20.376    20.9312   19.8894
35   19.7233   20.3852   20.1326   19.4385
36   19.9634   19.1996   19.0688   19.9931
37   19.8317   19.3123   19.8699   19.0688
38   20.1052   20.6712   19.6519   20.1584
39   20.9312   20.9312   20.2978   20.9312
40   20.0227   19.9971   19.0907   20.0216
41   20.0932   19.0688   19.4861   19.6756
42   19.0688   19.4498   19.0688   19.0688
43   19.8678   19.0688   19.8893   19.0955
44   20.3379   19.7008   20.4986   20.9275
45   19.4458   19.3541   19.6302   19.8115
46   20.0112   20.9312   20.388    19.9735
47   19.7416   20.3761   20.8542   19.8566
48   20.5641   20.8826   19.8978   20.0558
49   19.0688   19.0688   19.0688   19.7669
50   20.4475   19.515    20.286    19.4898
;

side = 1.86244
softness = 0.55

---------------------------- Solution coords data ----------------------------
distances [*,1,*]
:    1   2   3   4    :=
1    0   1   0   1
2    0   1   0   1
3    0   1   0   1
4    0   1   0   1
5    0   1   0   1
6    0   1   0   1
7    0   1   0   1
8    0   1   0   1
9    0   1   0   1
10   0   1   0   1
11   0   1   0   1
12   0   1   0   1
13   0   1   0   1
14   0   1   0   1
15   0   1   0   1
16   0   1   0   1
17   0   1   0   1
18   0   1   0   1
19   0   1   0   1
20   0   1   0   1
21   0   1   0   1
22   0   1   0   1
23   0   1   0   1
24   0   1   0   1
25   0   1   0   1
26   0   1   0   1
27   0   1   0   1
28   0   1   0   1
29   0   1   0   1
30   0   1   0   1
31   0   1   0   1
32   0   1   0   1
33   0   1   0   1
34   0   1   0   1
35   0   1   0   1
36   0   1   0   1
37   0   1   0   1
38   0   1   0   1
39   0   1   0   1
40   0   1   0   1
41   0   1   0   1
42   0   1   0   1
43   0   1   0   1
44   0   1   0   1
45   0   1   0   1
46   0   1   0   1
47   0   1   0   1
48   0   1   0   1
49   0   1   0   1
50   0   1   0   1

 [*,2,*]
:    1   2   3   4    :=
1    0   0   1   1
2    0   0   1   1
3    0   0   1   1
4    0   0   1   1
5    0   0   1   1
6    0   0   1   1
7    0   0   1   1
8    0   0   1   1
9    0   0   1   1
10   0   0   1   1
11   0   0   1   1
12   0   0   1   1
13   0   0   1   1
14   0   0   1   1
15   0   0   1   1
16   0   0   1   1
17   0   0   1   1
18   0   0   1   1
19   0   0   1   1
20   0   0   1   1
21   0   0   1   1
22   0   0   1   1
23   0   0   1   1
24   0   0   1   1
25   0   0   1   1
26   0   0   1   1
27   0   0   1   1
28   0   0   1   1
29   0   0   1   1
30   0   0   1   1
31   0   0   1   1
32   0   0   1   1
33   0   0   1   1
34   0   0   1   1
35   0   0   1   1
36   0   0   1   1
37   0   0   1   1
38   0   0   1   1
39   0   0   1   1
40   0   0   1   1
41   0   0   1   1
42   0   0   1   1
43   0   0   1   1
44   0   0   1   1
45   0   0   1   1
46   0   0   1   1
47   0   0   1   1
48   0   0   1   1
49   0   0   1   1
50   0   0   1   1

 [*,3,*]
:    1   2   3   4    :=
1    1   0   0   1
2    1   0   0   1
3    1   0   0   1
4    1   0   0   1
5    1   0   0   1
6    1   0   0   1
7    1   0   0   1
8    1   0   0   1
9    1   0   0   1
10   1   0   0   1
11   1   0   0   1
12   1   0   0   1
13   1   0   0   1
14   1   0   0   1
15   1   0   0   1
16   1   0   0   1
17   1   0   0   1
18   1   0   0   1
19   1   0   0   1
20   1   0   0   1
21   1   0   0   1
22   1   0   0   1
23   1   0   0   1
24   1   0   0   1
25   1   0   0   1
26   1   0   0   1
27   1   0   0   1
28   1   0   0   1
29   1   0   0   1
30   1   0   0   1
31   1   0   0   1
32   1   0   0   1
33   1   0   0   1
34   1   0   0   1
35   1   0   0   1
36   1   0   0   1
37   1   0   0   1
38   1   0   0   1
39   1   0   0   1
40   1   0   0   1
41   1   0   0   1
42   1   0   0   1
43   1   0   0   1
44   1   0   0   1
45   1   0   0   1
46   1   0   0   1
47   1   0   0   1
48   1   0   0   1
49   1   0   0   1
50   1   0   0   1

 [*,4,*]
:    1   2   3   4    :=
1    1   1   1   0
2    1   1   1   0
3    1   1   1   0
4    1   1   1   0
5    1   1   1   0
6    1   1   1   0
7    1   1   1   0
8    1   1   1   0
9    1   1   1   0
10   1   1   1   0
11   1   1   1   0
12   1   1   1   0
13   1   1   1   0
14   1   1   1   0
15   1   1   1   0
16   1   1   1   0
17   1   1   1   0
18   1   1   1   0
19   1   1   1   0
20   1   1   1   0
21   1   1   1   0
22   1   1   1   0
23   1   1   1   0
24   1   1   1   0
25   1   1   1   0
26   1   1   1   0
27   1   1   1   0
28   1   1   1   0
29   1   1   1   0
30   1   1   1   0
31   1   1   1   0
32   1   1   1   0
33   1   1   1   0
34   1   1   1   0
35   1   1   1   0
36   1   1   1   0
37   1   1   1   0
38   1   1   1   0
39   1   1   1   0
40   1   1   1   0
41   1   1   1   0
42   1   1   1   0
43   1   1   1   0
44   1   1   1   0
45   1   1   1   0
46   1   1   1   0
47   1   1   1   0
48   1   1   1   0
49   1   1   1   0
50   1   1   1   0
;

---------------------------- Solution stats data ----------------------------
_ampl_time = 0.118242
_total_solve_time = 18695.6
_ampl_elapsed_time = 0.239501
_ampl_user_time = 0.100281

Total time elapsed: $18695.61.
_total_solve_time = 18695.6

---------------------------- Solution miscs data ----------------------------
tetrahedron_volume [*] :=
 1 0    6 0   11 0   16 0   21 0   26 0   31 0   36 0   41 0   46 0
 2 0    7 0   12 0   17 0   22 0   27 0   32 0   37 0   42 0   47 0
 3 0    8 0   13 0   18 0   23 0   28 0   33 0   38 0   43 0   48 0
 4 0    9 0   14 0   19 0   24 0   29 0   34 0   39 0   44 0   49 0
 5 0   10 0   15 0   20 0   25 0   30 0   35 0   40 0   45 0   50 0
;

---------------------------- Solution miscs data ----------------------------
tetrahedron_surface_area [*] :=
 1 1.73205   10 1.73205   19 1.73205   28 1.73205   37 1.73205   46 1.73205
 2 1.73205   11 1.73205   20 1.73205   29 1.73205   38 1.73205   47 1.73205
 3 1.73205   12 1.73205   21 1.73205   30 1.73205   39 1.73205   48 1.73205
 4 1.73205   13 1.73205   22 1.73205   31 1.73205   40 1.73205   49 1.73205
 5 1.73205   14 1.73205   23 1.73205   32 1.73205   41 1.73205   50 1.73205
 6 1.73205   15 1.73205   24 1.73205   33 1.73205   42 1.73205
 7 1.73205   16 1.73205   25 1.73205   34 1.73205   43 1.73205
 8 1.73205   17 1.73205   26 1.73205   35 1.73205   44 1.73205
 9 1.73205   18 1.73205   27 1.73205   36 1.73205   45 1.73205
;

