Error at _cmdno 5 executing "solve" command
(file amplin, line 1961, offset 37058):
error processing param distances:
	3680 invalid subscripts discarded:
	distances[71,1,1]
	distances[71,1,2]
	distances[71,1,3]
	and 3677 more.
##### This license is only intended for use by NEOS. #####
##### License is valid until Jan 16, 2026 #####
ariables.
Substitution eliminates 1 variable.
Adjusted problem:
12918 variables:
	8088 nonlinear variables
	4830 linear variables
25903 constraints; 155161 nonzeros
	22925 nonlinear constraints
	2978 linear constraints
	2486 equality constraints
	23417 inequality constraints
1 nonlinear objective; 3 nonzeros.

Artelys Knitro 14.2.0: threads=4
algorithm=1
ms_enable=1
ms_maxsolves=10
feastol=1e-5
opttol=1e-5
honorbnds=1
bar_initpt=3
bar_murule=4
scale=1
outlev=2
maxtime_real=1200
WARNING:  Option 'threads' is deprecated, please use 'numthreads'.
WARNING: 1 constraint is constant or undefined and will be ignored.

=======================================
           Academic License
       (NOT FOR COMMERCIAL USE)
         Artelys Knitro 14.2.0
=======================================

No start point provided -- Knitro computing one.

Knitro presolve eliminated 0 variables and 1 constraint.

algorithm                1
bar_initpt               3
bar_murule               4
concurrent_evals         0
datacheck                0
feastol                  1e-05
findiff_numthreads       1
hessian_no_f             1
hessopt                  1
honorbnds                1
maxtime_real             1200
ms_enable                1
ms_maxsolves             10
numthreads               4
opttol                   1e-05

Problem Characteristics                                 (   Presolved)
-----------------------
Objective goal:  Minimize
Objective type:  general
Number of variables:                              12918 (       12918)
    bounded below only:                               1 (           1)
    bounded above only:                               0 (           0)
    bounded below and above:                          0 (           0)
    fixed:                                            0 (           0)
    free:                                         12917 (       12917)
Number of constraints:                            25903 (       25902)
    linear equalities:                                1 (           0)
    quadratic equalities:                          2415 (        2415)
    gen. nonlinear equalities:                       70 (          70)
    linear one-sided inequalities:                 2977 (        2977)
    quadratic one-sided inequalities:             20440 (       20440)
    gen. nonlinear one-sided inequalities:            0 (           0)
    linear two-sided inequalities:                    0 (           0)
    quadratic two-sided inequalities:                 0 (           0)
    gen. nonlinear two-sided inequalities:            0 (           0)
Number of nonzeros in Jacobian:                  155161 (      155161)
Number of nonzeros in Hessian:                    70668 (       70668)

Knitro parallel multistart will run with 4 threads.

Return codes description
------------------------
  0:  The final solution satisfies the termination conditions for verifying optimality.
  -100 to -199:  A feasible approximate solution was found.
  -200 to -299:  Knitro terminated at an infeasible point.
  -300 to -301:  The problem was determined to be unbounded.
  -400 to -499:  Knitro terminated because it reached a pre-defined limit.
    -400 to -409:  A feasible point was found.
    -410 to -419:  No feasible point was found.
  -500 to -599:  Knitro terminated with an input error or some non-standard error.
A more detailed description of individual return codes and their corresponding
termination messages is provided at
https://www.artelys.com/app/docs/knitro/3_referenceManual/returnCodes.html

 Solve #  ThreadID  Status     Objective      FeasError    OptError    Real Time 
--------  --------  ------  --------------   ----------   ----------  ----------
      0          0       0         3.33915  3.43457e-05  1.17063e-06      2116.59
      3          2    -410     6.70735e+10      197238.      28190.3      9938.38
      1          1    -410     8.11543e+09  8.24554e+06      3255.16      10065.7
      5          3    -410     4.73078e+11  2.78617e+06      52682.7      9527.01
      6          2    -410     3.90838e+11      250277.      64364.2      9488.74
      7          1    -410     4.41740e+12      113.413      213197.      9311.75
      8          0    -410     1.53265e+09      120.836      3274.98      7491.59
      9          3    -410     1.00218e+09      6.82690      903.212      3351.27
      4          0    -410     2.40599e+12      222.979      438194.      10392.0
      2          3    -410     3.64162e+10     0.217688      148.658      9656.67

MULTISTART: Best locally optimal solution is returned.
EXIT: Locally optimal solution found.

Final Statistics
----------------
Final objective value               =   3.33914504458006e+00
Final feasibility error (abs / rel) =   3.43e-05 / 6.23e-06
Final optimality error  (abs / rel) =   1.17e-06 / 1.93e-07
# of iterations                     =      92947 
# of CG iterations                  =          0 
# of function evaluations           =      94446
# of gradient evaluations           =      93069
# of Hessian evaluations            =      92991
Total program time (secs)           =   22535.65039 ( 70528.273 CPU time)

===============================================================================

Knitro 14.2.0: Locally optimal or satisfactory solution.
objective 3.339145045; feasibility error 3.43e-05
92947 iterations; 94446 function evaluations

suffix feaserror OUT;
suffix opterror OUT;
suffix numfcevals OUT;
suffix numiters OUT;
---------------------------- Solver Status Report ----------------------------
solve_result_num = 0
solve_result = solved
solve_message = 'Knitro 14.2.0: Locally optimal or satisfactory solution.\
objective 3.339145045; feasibility error 3.43e-05\
92947 iterations; 94446 function evaluations'


---------------------------- Problem Dimensions ----------------------------
Variables: 25414
Constraints: 25974
---------------------------- Container and geometric considerations  ----------------------------
Container type: cylinder
Structural conservation type: volume & surface
---------------------------- Solution execution data ----------------------------
solve_result_num = 0
solve_result = solved

---------------------------- Solution data ----------------------------
card(figures) = 70

coords [*,*,1]
:         1             2             3             4         :=
1    -0.946409     -0.167023     -0.362907     -0.814004
2     0.966427      0.631466      0.0817258     0.183135
3     1.10092       0.485432      0.961081      0.932973
4     0.976888      1.08876       0.0882338     1.06359
5     0.413101      0.0371815     0.966352      0.206648
6    -0.0139376     0.436862      1.06641       0.135239
7    -0.456785     -0.243131      0.127661     -0.151661
8    -0.835273     -0.975211     -0.135801     -1.09783
9     1.06632       0.0644619     0.57895       0.979565
10   -0.207748      0.619518      0.436978      0.30874
11   -1.07821      -0.0609623    -1.06384      -0.456785
12    0.357572      0.891264      0.254814      0.451598
13   -1.09993      -0.796917     -0.0347344    -0.926476
14   -0.632555      0.098973      0.458079     -0.0552611
15    0.254796     -0.450231     -0.223448     -0.161313
16    1.00011       0.163957      1.06359       1.09503
17    0.219368      0.0374446     0.415491     -0.545083
18   -0.792407     -0.176177     -0.926475     -0.0347358
19    0.580968      0.716933      1.06607      -0.0768587
20   -0.536965      0.0765092    -0.436974     -0.890842
21    0.483918     -0.307674     -0.612958     -0.140025
22    1.09662       0.254818      0.946635      0.35743
23   -0.714781     -0.358677      0.365159      0.177867
24   -0.911211      0.173684      0.254806      0.00251492
25   -0.151649      0.958336      0.486174      0.94857
26    0.451597      0.254813      0.362294     -0.20733
27   -0.243129      0.127662      0.58788      -0.151659
28   -0.994986      0.0765051    -0.536965     -0.890842
29   -0.177518     -0.234052     -0.419697     -0.912085
30   -0.543451     -0.436772      0.083781      0.0611886
31    0.850313     -0.0758555     1.07405       0.716943
32   -0.814007      0.0619499    -0.239498     -0.362914
33   -0.734044     -0.675742      0.135882      0.324315
34   -0.194417      0.254809     -0.223432      0.442898
35   -0.901932     -0.981523     -0.553252      0.00961854
36    0.00961747   -0.901928     -1.06641      -0.814013
37   -0.798511     -0.835274     -0.975142      0.0693308
38    0.117558     -0.774902     -0.247923      0.446173
39    1.06652      -0.077234      0.932968      0.988246
40    0.961063      1.10092       0.599977      0.0874018
41   -1.06641      -1.07821       0.00963404   -0.814014
42   -0.675595      0.32446      -0.0701197     0.134809
43   -0.819895     -0.363657      0.180154     -0.711397
44   -0.247929      0.0645617    -0.324607     -0.908168
45   -0.397526      0.0139232     0.436981     -0.163736
46    0.135853     -0.010928      1.06587       0.301496
47    0.378272     -0.403747     -0.377656      0.466886
48    0.24722       1.09663       0.00251644    0.254813
49   -0.174202     -0.975145     -0.419816     -0.934171
50    0.45821      -0.0552599     0.0989878     0.716937
51    0.850311      0.0177807    -0.0758546     0.716941
52   -1.0999       -1.03864      -0.444984     -0.884934
53   -0.305984     -0.864287     -0.458818     -1.06729
54    0.211967      1.00012       0.876822      1.09503
55    0.0839622    -0.335517      0.0797463     0.627464
56    0.309376      0.436984      0.636103      0.903525
57   -0.173235      0.0879507     0.512987      0.958335
58    0.529327     -0.346717      0.0600424     0.885316
59    0.0797455     0.627425     -0.247927     -0.240448
60   -0.076572      0.0442662    -0.381703      0.850328
61    1.06598       0.259272      0.987228     -0.0643152
62   -0.456787     -0.197305     -0.992335     -0.0567377
63   -0.456786     -0.237129     -0.924363     -0.113004
64   -0.275587     -0.242542      0.062573      0.499354
65    0.485319      0.94857      -0.147695      0.932952
66    0.89903       0.047339      1.06642       0.437041
67    0.213226      0.876817      0.636841      1.00012
68    0.619516     -0.243129      0.418886     -0.166399
69   -0.253905     -1.07813      -0.975145     -0.93333
70   -0.912073      0.00770052   -0.177251     -0.403748

 [*,*,2]
:         1            2            3             4         :=
1     0.563143      1.08854      0.183705     0.741767
2     0.528052      0.902137     0.0268143    1.08595
3     0.0282113     0.344357     0.537722    -0.585133
4     0.507921     -0.165571     0.222238     0.285669
5     1.02086       0.0658964    0.52819      1.08172
6    -0.0393743    -1.01092     -0.274916    -0.339349
7    -1.00208      -1.07411     -1.09386     -0.0853371
8     0.717732      0.511647     0.342777    -0.087135
9     0.275286      0.219656     0.936823     0.503259
10   -0.209593     -0.910504    -1.01086      0.0819966
11   -0.224229      0.0420215   -0.27523     -1.00208
12    0.00880585   -0.646892    -1.0714      -1.00443
13   -0.0544896    -0.760094    -0.163278    -0.595368
14    0.901496      0.0537768    0.8733       1.09989
15   -1.0714       -1.00504     -1.07837     -0.209117
16   -0.461068      0.227068     0.285664    -0.117169
17    1.07921       0.0817478    1.01989      0.956924
18   -0.764795     -1.0871      -0.595369    -0.16328
19    0.935573      0.83595      0.276256     0.10814
20    0.961502      0.0222299    1.01088      0.647472
21    0.77204      -0.142434     0.346149     1.09234
22   -0.101204     -1.0714      -0.562763     0.00756988
23   -0.445902     -0.0628466   -0.0409523    0.468019
24   -0.618464     -0.155274    -1.0714       0.188104
25   -0.0314482     0.542598     0.344524    -0.0207887
26   -1.00443      -1.0714      -0.0420927   -0.194072
27   -1.07411      -1.09386     -0.931245    -0.0853231
28    0.472041      0.0222285    0.961501     0.647472
29   -1.08287      -0.31086     -1.01817     -0.617188
30    0.957843      1.01096      1.09809      0.0428859
31   -0.441632      0.109065     0.2434       0.835948
32    0.741762      0.0344316    1.07492      0.183722
33    0.296495     -0.100711    -0.339258     0.705411
34   -0.21859      -1.0714      -1.07838     -1.0083
35    0.631932     -0.366005     0.25059      0.0528211
36    0.0528126     0.631933    -0.274926     0.741757
37    0.0461032     0.71773     -0.51177      0.235942
38    0.204723      0.782526     1.07301      1.00685
39   -0.274524     -0.0675251   -0.585141     0.485992
40    0.537751      0.0282147    0.923498     0.68879
41   -0.274925     -0.224228     0.0528089    0.741755
42   -0.100592      0.705528    -0.0701612   -0.340533
43    0.166257     -0.068023     0.470392    -0.442622
44    1.07301       0.0733075    0.491006     0.622938
45   -0.384124     -0.159553    -1.00098     -1.08904
46   -0.339298     -0.0454159   -0.274638     0.57884
47   -0.0357142    -0.387515    -0.031299    -0.997415
48   -0.111071     -0.10116      0.188109    -1.07139
49   -0.223514     -0.511774    -1.01812     -0.58322
50    0.873109      1.09989      0.0538055    0.835956
51   -0.44163      -0.0489989    0.109064     0.83594
52   -0.0550816     0.366131     0.376909    -0.655525
53   -0.341863     -0.679147     0.377359     0.144653
54    0.207254     -0.461058    -0.666336    -0.117153
55    1.09808       1.04893      0.0247392    0.905045
56    0.0765712    -1.01087     -0.898996    -0.629653
57   -0.0409972     0.688158     0.358593     0.542599
58   -0.965729     -0.79477      0.0963155   -0.431322
59    0.0247376     0.905072     1.07301      0.449973
60   -0.00450352    0.0700789   -0.805089    -0.441642
61   -0.274749      0.626003     0.488058    -0.148236
62   -1.00208      -0.146933    -0.368918     0.0475448
63   -1.00208      -1.07545     -0.598643    -0.16286
64   -0.127744      1.07424      0.0815735    0.828856
65    0.345199     -0.0207894   -0.0314115   -0.585163
66   -0.636055     -0.146563    -0.274901    -1.01085
67    0.201645     -0.666341    -0.898469    -0.461059
68   -0.910506     -1.07411     -1.01851     -0.244628
69   -0.301412      0.224638    -0.511772    -0.584564
70   -0.617181     -0.162948    -1.08692     -0.387515

 [*,*,3]
:        1            2            3            4         :=
1    -0.0876167   -0.626227    -0.49413     -1.35275
2     0.193473     0.997326     0.234702     0.212783
3     1.40044      1.40045      0.229615     0.64709
4     0.243171    -0.0203493   -0.639256    -0.92438
5    -0.605512     0.166966     0.193477     0.212753
6    -0.613768     0.095351    -0.0959861    0.358246
7    -1.35275     -0.123081    -1.35276     -0.737798
8     1.40045      0.140309     1.09784      0.667602
9    -0.978115    -0.637519    -0.39301      0.218141
10   -0.61655     -1.06066      0.0953576   -0.56737
11   -1.35276     -1.35099     -0.613706    -1.35276
12    0.862674     0.763235     1.40044      0.132851
13   -0.364793     0.150905    -0.373072    -0.948363
14   -1.10914     -1.35276     -0.431117    -1.35276
15    1.40041      1.40045      0.208255     0.984082
16   -1.35275     -0.661872    -0.924374    -0.118765
17    0.163166     0.176639    -0.61517     -0.466613
18    0.184553    -0.0289921   -0.948363    -0.373074
19   -0.394527    -1.35276     -0.977431    -0.652623
20   -0.393039     0.23259      0.687817     0.801177
21   -0.424465    -0.688832     0.03139     -0.677182
22    1.40045      1.40045      0.687509     0.863308
23    1.38972      0.216495     0.824269     1.25587
24    1.38791      0.87953      1.40045      1.40045
25    0.348978     0.220596     1.39865      0.433833
26    0.132851     1.40044      0.826013     0.880597
27   -0.123074    -1.35276     -1.01846     -0.737794
28   -0.0433132    0.232594    -0.393041     0.801175
29   -0.0230902    1.002        1.23673      0.200866
30   -0.465377     0.689932     0.044624     0.2034
31   -1.35276     -0.653514    -0.953273    -1.35276
32   -1.35276     -1.35276     -0.718726    -0.49415
33    0.079137    -0.355415     0.357923    -0.362683
34    0.89513      1.40044      0.208287     0.191935
35   -0.551552    -0.698942    -0.109474    -1.24704
36   -1.24704     -0.551555    -0.626802    -1.35276
37    0.800999     1.40045      1.40045      1.40044
38    1.40045      1.40045      0.619753     1.40045
39   -0.0968361    0.368701     0.647089     0.244401
40    0.229628     1.40044      1.40044      1.15313
41   -0.626804    -1.35276     -1.24706     -1.35276
42   -0.355417    -0.362687    -0.782768     0.358259
43    0.653651     0.221993     1.25368      1.40045
44    0.619757     0.249743     1.40043      0.803018
45    0.783421    -0.41252      0.198447    -0.0697625
46    0.357931    -0.594183    -0.0967751   -0.275377
47    0.825949     0.801505     0.138667     0.133422
48    0.858622     1.40045      1.40045      1.40045
49    1.02882      1.40045      1.23652      0.142766
50   -0.430933    -1.35276     -1.35272     -1.35276
51   -1.35276     -1.35276     -0.653517    -1.35276
52    0.633885    -0.525765     0.613286     0.0484017
53   -0.212558     0.0945563    0.586547    -0.520519
54   -0.640283    -1.35269     -0.0907223   -0.11871
55    0.0444092    0.560846     0.231766     0.990096
56   -0.564074     0.0953353   -1.16872      0.046277
57    0.390779     1.154        1.40045      0.220598
58   -1.07118     -1.35276     -0.521788    -1.35276
59    0.231767     0.990092     0.619754     1.11049
60   -1.35276     -0.545049    -1.35276     -1.35276
61   -0.096753    -0.285249     0.245594     0.330954
62   -1.35275     -0.430039    -0.70333     -1.35276
63   -1.35275     -0.0892775   -0.944815    -0.443086
64   -0.678089    -0.71262     -1.35276     -0.441732
65    1.40044      0.433833     0.349281     0.647145
66    0.778416     0.434353    -0.0959876    0.0953422
67   -0.655519    -0.090691    -1.16571     -1.35269
68   -1.06066     -0.123072     0.20036     -0.638748
69    0.358544     1.02809      1.40044      0.118669
70    0.200879    -0.394439    -0.028502     0.801501
;

radius = 1.10128
height = 2.7532
softness = 0.65

---------------------------- Solution coords data ----------------------------
distances [*,1,*]
:    1   2   3   4    :=
1    0   1   0   1
2    0   1   0   1
3    0   1   0   1
4    0   1   0   1
5    0   1   0   1
6    0   1   0   1
7    0   1   0   1
8    0   1   0   1
9    0   1   0   1
10   0   1   0   1
11   0   1   0   1
12   0   1   0   1
13   0   1   0   1
14   0   1   0   1
15   0   1   0   1
16   0   1   0   1
17   0   1   0   1
18   0   1   0   1
19   0   1   0   1
20   0   1   0   1
21   0   1   0   1
22   0   1   0   1
23   0   1   0   1
24   0   1   0   1
25   0   1   0   1
26   0   1   0   1
27   0   1   0   1
28   0   1   0   1
29   0   1   0   1
30   0   1   0   1
31   0   1   0   1
32   0   1   0   1
33   0   1   0   1
34   0   1   0   1
35   0   1   0   1
36   0   1   0   1
37   0   1   0   1
38   0   1   0   1
39   0   1   0   1
40   0   1   0   1
41   0   1   0   1
42   0   1   0   1
43   0   1   0   1
44   0   1   0   1
45   0   1   0   1
46   0   1   0   1
47   0   1   0   1
48   0   1   0   1
49   0   1   0   1
50   0   1   0   1
51   0   1   0   1
52   0   1   0   1
53   0   1   0   1
54   0   1   0   1
55   0   1   0   1
56   0   1   0   1
57   0   1   0   1
58   0   1   0   1
59   0   1   0   1
60   0   1   0   1
61   0   1   0   1
62   0   1   0   1
63   0   1   0   1
64   0   1   0   1
65   0   1   0   1
66   0   1   0   1
67   0   1   0   1
68   0   1   0   1
69   0   1   0   1
70   0   1   0   1

 [*,2,*]
:    1   2   3   4    :=
1    0   0   1   1
2    0   0   1   1
3    0   0   1   1
4    0   0   1   1
5    0   0   1   1
6    0   0   1   1
7    0   0   1   1
8    0   0   1   1
9    0   0   1   1
10   0   0   1   1
11   0   0   1   1
12   0   0   1   1
13   0   0   1   1
14   0   0   1   1
15   0   0   1   1
16   0   0   1   1
17   0   0   1   1
18   0   0   1   1
19   0   0   1   1
20   0   0   1   1
21   0   0   1   1
22   0   0   1   1
23   0   0   1   1
24   0   0   1   1
25   0   0   1   1
26   0   0   1   1
27   0   0   1   1
28   0   0   1   1
29   0   0   1   1
30   0   0   1   1
31   0   0   1   1
32   0   0   1   1
33   0   0   1   1
34   0   0   1   1
35   0   0   1   1
36   0   0   1   1
37   0   0   1   1
38   0   0   1   1
39   0   0   1   1
40   0   0   1   1
41   0   0   1   1
42   0   0   1   1
43   0   0   1   1
44   0   0   1   1
45   0   0   1   1
46   0   0   1   1
47   0   0   1   1
48   0   0   1   1
49   0   0   1   1
50   0   0   1   1
51   0   0   1   1
52   0   0   1   1
53   0   0   1   1
54   0   0   1   1
55   0   0   1   1
56   0   0   1   1
57   0   0   1   1
58   0   0   1   1
59   0   0   1   1
60   0   0   1   1
61   0   0   1   1
62   0   0   1   1
63   0   0   1   1
64   0   0   1   1
65   0   0   1   1
66   0   0   1   1
67   0   0   1   1
68   0   0   1   1
69   0   0   1   1
70   0   0   1   1

 [*,3,*]
:    1   2   3   4    :=
1    1   0   0   1
2    1   0   0   1
3    1   0   0   1
4    1   0   0   1
5    1   0   0   1
6    1   0   0   1
7    1   0   0   1
8    1   0   0   1
9    1   0   0   1
10   1   0   0   1
11   1   0   0   1
12   1   0   0   1
13   1   0   0   1
14   1   0   0   1
15   1   0   0   1
16   1   0   0   1
17   1   0   0   1
18   1   0   0   1
19   1   0   0   1
20   1   0   0   1
21   1   0   0   1
22   1   0   0   1
23   1   0   0   1
24   1   0   0   1
25   1   0   0   1
26   1   0   0   1
27   1   0   0   1
28   1   0   0   1
29   1   0   0   1
30   1   0   0   1
31   1   0   0   1
32   1   0   0   1
33   1   0   0   1
34   1   0   0   1
35   1   0   0   1
36   1   0   0   1
37   1   0   0   1
38   1   0   0   1
39   1   0   0   1
40   1   0   0   1
41   1   0   0   1
42   1   0   0   1
43   1   0   0   1
44   1   0   0   1
45   1   0   0   1
46   1   0   0   1
47   1   0   0   1
48   1   0   0   1
49   1   0   0   1
50   1   0   0   1
51   1   0   0   1
52   1   0   0   1
53   1   0   0   1
54   1   0   0   1
55   1   0   0   1
56   1   0   0   1
57   1   0   0   1
58   1   0   0   1
59   1   0   0   1
60   1   0   0   1
61   1   0   0   1
62   1   0   0   1
63   1   0   0   1
64   1   0   0   1
65   1   0   0   1
66   1   0   0   1
67   1   0   0   1
68   1   0   0   1
69   1   0   0   1
70   1   0   0   1

 [*,4,*]
:    1   2   3   4    :=
1    1   1   1   0
2    1   1   1   0
3    1   1   1   0
4    1   1   1   0
5    1   1   1   0
6    1   1   1   0
7    1   1   1   0
8    1   1   1   0
9    1   1   1   0
10   1   1   1   0
11   1   1   1   0
12   1   1   1   0
13   1   1   1   0
14   1   1   1   0
15   1   1   1   0
16   1   1   1   0
17   1   1   1   0
18   1   1   1   0
19   1   1   1   0
20   1   1   1   0
21   1   1   1   0
22   1   1   1   0
23   1   1   1   0
24   1   1   1   0
25   1   1   1   0
26   1   1   1   0
27   1   1   1   0
28   1   1   1   0
29   1   1   1   0
30   1   1   1   0
31   1   1   1   0
32   1   1   1   0
33   1   1   1   0
34   1   1   1   0
35   1   1   1   0
36   1   1   1   0
37   1   1   1   0
38   1   1   1   0
39   1   1   1   0
40   1   1   1   0
41   1   1   1   0
42   1   1   1   0
43   1   1   1   0
44   1   1   1   0
45   1   1   1   0
46   1   1   1   0
47   1   1   1   0
48   1   1   1   0
49   1   1   1   0
50   1   1   1   0
51   1   1   1   0
52   1   1   1   0
53   1   1   1   0
54   1   1   1   0
55   1   1   1   0
56   1   1   1   0
57   1   1   1   0
58   1   1   1   0
59   1   1   1   0
60   1   1   1   0
61   1   1   1   0
62   1   1   1   0
63   1   1   1   0
64   1   1   1   0
65   1   1   1   0
66   1   1   1   0
67   1   1   1   0
68   1   1   1   0
69   1   1   1   0
70   1   1   1   0
;

---------------------------- Solution stats data ----------------------------
_ampl_time = 0.430594
_total_solve_time = 70529
_ampl_elapsed_time = 0.427442
_ampl_user_time = 0.381215

Total time elapsed: $70529.02.
_total_solve_time = 70529

---------------------------- Solution miscs data ----------------------------
tetrahedron_volume [*] :=
 1 0.117851   15 0.117851   29 0.117851   43 0.117851   57 0.117851
 2 0.117851   16 0.117851   30 0.117851   44 0.117851   58 0.117851
 3 0.117851   17 0.117851   31 0.117851   45 0.117851   59 0.117851
 4 0.117851   18 0.117851   32 0.117851   46 0.117851   60 0.117851
 5 0.117851   19 0.117851   33 0.117851   47 0.117851   61 0.117851
 6 0.117851   20 0.117851   34 0.117851   48 0.117851   62 0.117851
 7 0.117851   21 0.117851   35 0.117851   49 0.117851   63 0.117851
 8 0.117851   22 0.117851   36 0.117851   50 0.117851   64 0.117851
 9 0.117851   23 0.117851   37 0.117851   51 0.117851   65 0.117851
10 0.117851   24 0.117851   38 0.117851   52 0.117851   66 0.117851
11 0.117851   25 0.117851   39 0.117851   53 0.117851   67 0.117851
12 0.117851   26 0.117851   40 0.117851   54 0.117851   68 0.117851
13 0.117851   27 0.117851   41 0.117851   55 0.117851   69 0.117851
14 0.117851   28 0.117851   42 0.117851   56 0.117851   70 0.117851
;

---------------------------- Solution miscs data ----------------------------
tetrahedron_surface_area [*] :=
 1 0    8 0   15 0   22 0   29 0   36 0   43 0   50 0   57 0   64 0
 2 0    9 0   16 0   23 0   30 0   37 0   44 0   51 0   58 0   65 0
 3 0   10 0   17 0   24 0   31 0   38 0   45 0   52 0   59 0   66 0
 4 0   11 0   18 0   25 0   32 0   39 0   46 0   53 0   60 0   67 0
 5 0   12 0   19 0   26 0   33 0   40 0   47 0   54 0   61 0   68 0
 6 0   13 0   20 0   27 0   34 0   41 0   48 0   55 0   62 0   69 0
 7 0   14 0   21 0   28 0   35 0   42 0   49 0   56 0   63 0   70 0
;

