Error at _cmdno 5 executing "solve" command
(file amplin, line 1961, offset 37059):
error processing param distances:
	3200 invalid subscripts discarded:
	distances[101,1,1]
	distances[101,1,2]
	distances[101,1,3]
	and 3197 more.
##### This license is only intended for use by NEOS. #####
##### License is valid until Jan 16, 2026 #####
iables.
Substitution eliminates 1 variable.
Adjusted problem:
25953 variables:
	16053 nonlinear variables
	9900 linear variables
52003 constraints; 313156 nonzeros
	46250 nonlinear constraints
	5753 linear constraints
	5051 equality constraints
	46952 inequality constraints
1 nonlinear objective; 3 nonzeros.

Artelys Knitro 14.2.0: threads=4
algorithm=1
ms_enable=1
ms_maxsolves=10
feastol=1e-5
opttol=1e-5
honorbnds=1
bar_initpt=3
bar_murule=4
scale=1
outlev=2
maxtime_real=1200
WARNING:  Option 'threads' is deprecated, please use 'numthreads'.
WARNING: 1 constraint is constant or undefined and will be ignored.

=======================================
           Academic License
       (NOT FOR COMMERCIAL USE)
         Artelys Knitro 14.2.0
=======================================

No start point provided -- Knitro computing one.

Knitro presolve eliminated 0 variables and 1 constraint.

algorithm                1
bar_initpt               3
bar_murule               4
concurrent_evals         0
datacheck                0
feastol                  1e-05
findiff_numthreads       1
hessian_no_f             1
hessopt                  1
honorbnds                1
maxtime_real             1200
ms_enable                1
ms_maxsolves             10
numthreads               4
opttol                   1e-05

Problem Characteristics                                 (   Presolved)
-----------------------
Objective goal:  Minimize
Objective type:  general
Number of variables:                              25953 (       25953)
    bounded below only:                               1 (           1)
    bounded above only:                               0 (           0)
    bounded below and above:                          0 (           0)
    fixed:                                            0 (           0)
    free:                                         25952 (       25952)
Number of constraints:                            52003 (       52002)
    linear equalities:                                1 (           0)
    quadratic equalities:                          4950 (        4950)
    gen. nonlinear equalities:                      100 (         100)
    linear one-sided inequalities:                 5752 (        5752)
    quadratic one-sided inequalities:             41200 (       41200)
    gen. nonlinear one-sided inequalities:            0 (           0)
    linear two-sided inequalities:                    0 (           0)
    quadratic two-sided inequalities:                 0 (           0)
    gen. nonlinear two-sided inequalities:            0 (           0)
Number of nonzeros in Jacobian:                  313156 (      313156)
Number of nonzeros in Hessian:                   141453 (      141453)

Knitro parallel multistart will run with 4 threads.

Return codes description
------------------------
  0:  The final solution satisfies the termination conditions for verifying optimality.
  -100 to -199:  A feasible approximate solution was found.
  -200 to -299:  Knitro terminated at an infeasible point.
  -300 to -301:  The problem was determined to be unbounded.
  -400 to -499:  Knitro terminated because it reached a pre-defined limit.
    -400 to -409:  A feasible point was found.
    -410 to -419:  No feasible point was found.
  -500 to -599:  Knitro terminated with an input error or some non-standard error.
A more detailed description of individual return codes and their corresponding
termination messages is provided at
https://www.artelys.com/app/docs/knitro/3_referenceManual/returnCodes.html

 Solve #  ThreadID  Status     Objective      FeasError    OptError    Real Time 
--------  --------  ------  --------------   ----------   ----------  ----------
      0          0       0         4.45497  5.21316e-05  5.14901e-05      2019.58
      1          2    -410     1.51921e+11  5.29087e+06      14681.1      6124.98
      3          3    -410     1.45355e+12  1.75833e+06      91623.1      6168.33
      4          0    -410     1.49747e+10      93129.7      7046.46      6342.37
      6          2    -410     8.56891e+11  1.75888e+06      191009.      5982.01
      5          1    -410     2.71168e+13  1.73586e+06      524337.      6409.49
      7          3    -410     1.15378e+12  4.52938e+06      234827.      6376.81
      2          1    -410     2.40420e+09      117.890      4019.76      6057.24
      9          2    -410     2.12693e+09      10580.0      4179.47      4948.40
      8          0    -410     2.07805e+09      7.82769      6523.96      5981.34

MULTISTART: Best locally optimal solution is returned.
EXIT: Locally optimal solution found.

Final Statistics
----------------
Final objective value               =   4.45496504567955e+00
Final feasibility error (abs / rel) =   5.21e-05 / 8.96e-06
Final optimality error  (abs / rel) =   5.15e-05 / 6.78e-06
# of iterations                     =      94287 
# of CG iterations                  =          0 
# of function evaluations           =      96423
# of gradient evaluations           =      94409
# of Hessian evaluations            =      94322
Total program time (secs)           =   17056.27344 ( 56099.059 CPU time)

===============================================================================

Knitro 14.2.0: Locally optimal or satisfactory solution.
objective 4.454965046; feasibility error 5.21e-05
94287 iterations; 96423 function evaluations

suffix feaserror OUT;
suffix opterror OUT;
suffix numfcevals OUT;
suffix numiters OUT;
---------------------------- Solver Status Report ----------------------------
solve_result_num = 0
solve_result = solved
solve_message = 'Knitro 14.2.0: Locally optimal or satisfactory solution.\
objective 4.454965046; feasibility error 5.21e-05\
94287 iterations; 96423 function evaluations'


---------------------------- Problem Dimensions ----------------------------
Variables: 51304
Constraints: 52104
---------------------------- Container and geometric considerations  ----------------------------
Container type: cylinder
Structural conservation type: volume & surface
---------------------------- Solution execution data ----------------------------
solve_result_num = 0
solve_result = solved

---------------------------- Solution data ----------------------------
card(figures) = 100

coords [*,*,1]
:         1             2            3             4         :=
1      0.407824    -0.566625     -0.020523     0.31557
2      1.01238      0.0386906     0.0455411    0.96339
3     -0.0120757   -1.17051      -0.110103    -0.832728
4     -0.0664039   -0.55947      -0.948085    -0.903624
5      0.57088      0.0747874     0.923361     1.06005
6     -0.945981    -0.0435518    -0.90115     -1.1583
7      0.351016     0.76175      -0.0423555    0.00642738
8     -0.865485    -0.13037       0.153059    -0.0104326
9      0.0693796   -0.343509     -0.593084    -0.139024
10    -0.110904    -0.0512225    -0.578793    -0.015309
11     0.0975332    0.139795     -0.367314     0.051974
12    -0.593103    -1.07328      -1.16974     -0.0292667
13     1.16019      0.0492207     1.15023      1.0134
14     0.971824     0.433511      0.124109     0.699835
15     0.0693474   -0.343545      0.313074     0.227566
16    -1.01509     -0.767617      0.0200198   -0.439589
17     0.0722588   -0.110107      0.570873    -0.0512157
18     0.165256     0.5667       -0.13037     -0.00521913
19    -0.0417137    0.0387432     0.019226     1.14972
20    -0.767624    -1.01509      -1.14083     -0.0272339
21     0.570879     0.0722598     0.381226    -0.051219
22    -1.03765     -1.1506       -0.976093    -0.214334
23    -1.15888     -0.488159      0.0750695    0.0358104
24     0.381225     0.57088       0.922455     0.0634812
25    -0.0917906   -0.503602     -0.954117     0.00485532
26     0.038741    -0.0410942     0.0311625   -0.525975
27     0.0280313    1.16288       0.883019     1.10148
28     1.01278      0.777623      0.335618     0.445913
29    -0.0365295    0.0983982    -0.566025     0.441836
30     0.577084     0.509141      0.104117    -0.0076483
31     1.16019      0.953856      1.01249      0.0695139
32    -1.02257     -1.1517       -1.17007     -0.179438
33    -0.343509    -0.0655932     0.312951     0.0693857
34     0.912475     0.0387414     0.0311628   -0.0113158
35    -0.0978976   -1.03774       0.0667492   -0.859657
36     0.0200236    0.0974832    -0.767614    -0.370759
37     0.153045    -1.12932      -0.864263    -0.0185313
38    -0.516414    -0.867567     -1.1213       0.136122
39     0.761755     0.339924     -0.0534503    0.446203
40    -0.0591876   -0.341818     -0.858601    -0.593087
41     1.11814      0.878779      0.0631542    1.17344
42    -1.16569     -0.00744834   -1.17324     -1.07071
43     0.0341925    1.07479       1.1652       1.01278
44     0.0683202    0.0566457     0.575777     1.12907
45    -0.051219    -0.832734     -0.0153099   -0.376813
46    -0.832517    -0.0512163    -0.0118716   -0.110108
47    -0.112822    -0.5036       -0.259479     0.517676
48    -0.832735    -0.0175999    -1.09814     -1.06783
49    -0.503599     0.505531     -0.0239314    0.323881
50     1.17371      0.92254       0.0518094    1.06005
51    -1.00777     -1.13749      -0.883993     0.0172844
52     0.605607     0.0975334     0.0519761    0.139796
53     0.0362195   -0.448262      0.0784024   -0.0678259
54     0.169627     1.06006       1.11814      1.17344
55    -0.0512197    0.381225     -0.0153094   -0.110903
56    -0.0798507   -0.562344     -0.446275    -0.90121
57    -0.774279    -0.376813     -0.832733    -0.0153098
58    -0.867569    -0.516414     -1.16569     -1.17315
59    -0.0364521   -0.774681     -1.08066      0.0570163
60    -0.0550746    0.570873      0.0712541    1.06005
61     0.118581     0.169627      1.06006      1.11814
62    -0.564584     0.605456      0.315592     0.0977587
63     0.88375      0.132557      1.16309      1.14964
64     0.0057115    0.592297     -0.056916     0.642638
65    -0.0835393   -0.873546      0.166778    -0.67217
66     0.952903     0.0456182     0.566701     0.575686
67    -0.503602    -0.250984     -1.06408     -0.990002
68    -0.0212328   -0.503602     -0.0894101    0.338246
69     0.0103398    0.566701      0.107686    -0.76762
70    -1.09815     -1.0707       -0.017606    -1.16568
71    -0.0569135    0.641788      1.07143      0.592297
72    -0.914745     0.0737451    -0.488048    -1.11053
73     1.06315      0.599816      1.14972     -0.0743198
74     0.133299     0.0994714    -0.487649    -0.564851
75     0.05799      1.11814       0.8017       0.790598
76     0.700492     0.883017      1.10148      0.0280319
77     0.0693885    0.227743      0.797984     0.313088
78    -0.593102    -0.00272224   -1.16974     -0.0651839
79     1.12907      0.117473      0.576092     0.952902
80     0.118582     0.069385     -0.593102    -0.172408
81    -0.0743115   -0.206255     -1.13032     -1.06408
82     1.1652       1.16789       0.0158235    1.07481
83    -0.593103    -0.0292645    -0.858763    -1.07328
84    -1.06782     -0.0147379    -0.832736    -0.774609
85     1.14972      0.0387442     0.799985     0.0192257
86    -0.250381    -0.503603     -0.976978    -0.117562
87     1.01278      0.0341907     1.07479      0.785879
88    -1.11053     -1.1376        0.0614393   -1.1273
89    -0.596214     0.0737434    -0.914745    -0.488048
90    -0.018974    -0.0678263    -0.448263    -0.561835
91     0.0469045    1.13044       0.407825     0.381223
92    -1.1273      -0.774686      0.0848168   -1.11053
93     1.17147      0.0223404     1.06466      1.09579
94    -0.0604615    0.618112      0.0793609    0.0362308
95     0.146724     1.16057       0.952902     0.00320107
96    -0.0470869   -0.0842623     0.153047    -1.00833
97     0.952903     0.146726      1.1652       1.16057
98     0.231559     0.0693874     0.801468     0.790598
99     0.790598     0.118583      0.212772     0.0693857
100   -0.180699    -1.16997      -1.1517      -1.03765

 [*,*,2]
:          1             2             3             4         :=
1      0.360773      1.02796       0.0214046     0.932241
2     -0.594011      0.0930844    -1.16196      -0.670556
3      0.0372836    -0.0875539    -0.129691      0.827243
4      0.0616278    -1.03187      -0.692027     -0.749153
5      1.0256        0.146187      0.724687      0.504034
6     -0.6949        0.0788086    -0.746596     -0.189991
7     -0.949272     -0.842235     -0.0994948    -1.17377
8      0.788896      0.954816     -0.0843548     0.255178
9     -1.17173      -1.12239      -1.01292      -0.314049
10     1.16853       1.17266       1.02116       0.0346266
11     1.16972       1.16543       1.11483      -0.0224497
12    -1.01291      -0.475231     -0.0973366    -0.0070077
13     0.178091      0.0840927     0.233978     -0.592278
14     0.658274      1.0908        0.173049      0.942337
15    -1.17173      -1.12238      -0.193579     -1.15151
16     0.589371      0.887993      0.259542      1.08836
17     0.153336     -0.129678      1.02561       1.17266
18    -0.129071      1.02792       0.954816      0.224768
19    -0.00718538    0.0832103    -0.531633      0.177201
20     0.887987      0.589371      0.276167      0.274608
21     1.0256        0.153335      1.11015       1.17266
22    -0.548678      0.232147     -0.464584      0.291589
23    -0.0424218     1.06746      -0.0794276     0.106224
24     1.11015       1.0256        0.725839      0.126145
25    -1.17019      -1.06026      -0.683686     -0.289635
26     0.083214     -0.00648371   -1.17337      -0.427136
27    -0.0560156     0.159617      0.773333      0.405606
28    -0.593328     -0.879244     -1.12478      -0.105536
29     0.0485478     0.0661294     1.02683       0.33315
30     1.02213       0.915578      1.16916       0.0326138
31     0.178093     -0.683991     -0.593825      0.0664335
32     0.576295      0.226621     -0.0932377     0.325157
33    -1.12239      -0.0237781    -0.193738     -1.17173
34    -0.628536      0.0832168    -1.17337      -0.487369
35     0.407167     -0.548491     -0.310007     -0.349003
36     0.259538      1.16973       0.88799       1.11369
37    -0.0843436     0.280039      0.787847      0.269267
38    -0.0455908    -0.790628      0.0318741     0.0534965
39    -0.842233     -0.925308     -0.0755301    -0.106212
40    -0.191166     -1.12291      -0.800357     -1.01292
41    -0.357099     -0.778148      0.0381806    -0.0282635
42    -0.137627      0.0323995     0.0357978     0.480992
43     0.0516512    -0.471792     -0.141654     -0.593328
44    -0.2183        0.143974      1.02119       0.320891
45     1.17266       0.827237      0.0346508     1.11166
46     0.82704       1.17266       0.0371088    -0.129684
47    -0.274661     -1.06026      -0.102287     -0.190205
48     0.827236      0.0366851     0.40332       0.487338
49    -1.06026      -0.200552     -0.207064     -1.12821
50     0.0130619     0.725732      0.11916       0.504032
51     0.276653     -0.289607     -0.737374      0.0508312
52     1.00549       1.16972      -0.0224464     1.16543
53    -1.17322      -1.08482      -1.17116      -0.00295732
54     0.0753463     0.504033     -0.357097     -0.0281788
55     1.17266       1.11015       0.0346494     1.16853
56    -0.0400543    -1.03031      -1.08564      -0.752055
57     0.882189      1.11166       0.827234      0.0346427
58    -0.790628     -0.045591     -0.137599      0.0385138
59     0.0484492     0.881824      0.217588      0.0608423
60    -0.0363152     1.02561       0.152475      0.504032
61     0.0478311     0.0753466     0.504033     -0.357098
62     1.02774       1.00558       0.93224       0.065937
63     0.772497      0.0401724     0.158056      0.236834
64    -1.17377      -1.01339      -0.013985     -0.982233
65    -1.04376      -0.784015     -0.00512726    0.161715
66     0.685378      0.0177525     1.02792       1.02291
67    -1.06026      -0.112682     -0.495483     -0.630603
68    -0.202266     -1.06026      -1.17037      -1.12399
69     0.246617      1.02792       1.16883       0.887987
70     0.403323      0.480999      0.0366865    -0.137656
71    -0.0139863    -0.982789     -0.479388     -1.01338
72     0.735533      0.0366125     1.06751       0.380129
73    -0.49747      -1.00895       0.1772       -0.0176876
74     1.16619       0.0646751     1.06769       1.02514
75     0.104564     -0.357099     -0.857347     -0.867595
76     0.941848      0.773335      0.405605     -0.0560138
77    -1.17173      -1.15148      -0.860807     -0.176795
78    -1.01291      -0.132971     -0.097335      0.0195647
79     0.320892      0.154009      1.02268       0.685378
80     0.0478293    -1.17173      -1.01292      -0.176653
81    -0.0117978    -0.219505      0.316407     -0.495482
82    -0.141653      0.117519      0.054791     -0.471748
83    -1.01291      -0.00700756   -0.800182     -0.475231
84     0.487378      0.0339093     0.827235      0.8819
85     0.1772        0.0832095    -0.610581     -0.531633
86    -0.110419     -1.06026      -0.62381      -0.335683
87    -0.593328      0.0516511    -0.471792     -0.871872
88     0.380129     -0.289189      0.0401815     0.327044
89     1.01109       0.0366148     0.735533      1.06751
90    -1.17363      -0.0029548    -1.08482      -1.03059
91     0.0748241     0.316009      0.360774      1.11015
92     0.327062      0.881831      0.0334008     0.380129
93     0.0736361    -0.0584632    -0.49424       0.403157
94    -0.103118     -0.99785      -1.1711       -1.17322
95    -0.148237      0.115811      0.685377      0.0730569
96     0.328123     -0.290252     -0.0843449     0.245659
97     0.685378     -0.148236     -0.141653      0.115811
98    -0.116476     -1.17173      -0.857564     -0.867596
99    -0.867595      0.0478296    -0.117892     -1.17173
100    0.325029     -0.0945283     0.226627     -0.548678

 [*,*,3]
:         1            2            3           4        :=
1      1.13753      0.925466     0.259365    0.601116
2      0.377623     0.415301     0.889442    1.00255
3      0.263401    -0.40176     -0.445467   -0.445466
4      1.34776      1.94871      1.85755     0.683159
5     -0.445466     0.391907     0.536374   -0.445466
6      1.79992      1.30613      0.687069    1.51736
7      2.77443      1.72936      1.81363     2.12084
8      2.788        2.788        2.788       1.91603
9     -0.445463     0.8301      -0.445464    0.301663
10     0.851251    -0.445415     0.778805    0.264219
11     2.2944       1.06324      1.69029     1.68068
12    -0.445466     0.118481    -0.445467    0.240274
13     1.17233      0.426072     0.377967    0.378103
14     0.542117     0.643282     1.46187     1.67673
15    -0.445345     0.830227     0.439988    0.829691
16     1.72375      2.788        1.90218     1.85997
17     0.418088    -0.445467    -0.445467   -0.445465
18     2.788        2.788        2.788       1.87813
19     1.52554      0.419039     1.3051      1.1653
20     2.78798      1.72376      2.64234     1.89407
21    -0.445463     0.418089     0.66787    -0.44546
22     1.70206      2.78721      2.70142     1.89648
23     1.50572      1.84967      1.72109     1.24416
24     0.667877    -0.445466     0.533207    0.410992
25     1.9312       2.78799      1.85471     1.81454
26     0.419025     1.51701      0.889062    1.05261
27     1.53202      1.45462      0.951267    2.19128
28     2.788        1.68283      2.788       2.65531
29     0.275963     1.5847       0.924712    1.13955
30     1.35157      2.68725      2.28231     1.81932
31     1.17233      1.11598      0.376147    0.441593
32     1.76361      2.78155      1.48454     1.86231
33     0.830105     0.111907     0.440086   -0.445464
34     0.97023      0.419028     0.889065    1.25823
35     1.77345      1.71504      1.69929     2.57839
36     1.90218      2.29434      2.78799     1.68547
37     2.788        2.63712      2.788       1.88477
38    -0.0526347    0.677453     0.861854    0.394502
39     1.72935      2.74733      1.78653     2.65446
40     0.433029     0.838356     0.69539    -0.445467
41    -0.445466     0.38077      0.28306     0.376318
42    -0.390001     0.255814     0.919834    0.717596
43     2.13503      1.49076      2.788       2.788
44     1.62536      2.15705      1.54695     2.24511
45    -0.445466    -0.445462     0.264202    0.287673
46    -0.445283    -0.445467     0.263625   -0.445467
47     1.86483      2.788        2.788       2.788
48    -0.445466     0.260232    -0.445467    0.815753
49     2.788        2.788        1.88141     2.788
50     0.311148     0.541376     0.351608   -0.445462
51     0.846115     1.38222      0.689392    1.18974
52     1.29091      2.2944       1.68068     1.06323
53     2.06381      0.815834     0.902339    1.51214
54     0.399111    -0.445466    -0.445465    0.376525
55    -0.44546      0.667868     0.26421     0.851255
56     1.47991      1.93943      0.79671     0.693515
57     0.847835     0.287673    -0.44546     0.2642
58     0.677453    -0.0526349   -0.389771    0.94024
59     0.275901     0.840777     0.808326    1.1842
60    -0.445467    -0.445467     0.390408   -0.445466
61    -0.445467     0.39911     -0.445467   -0.445466
62     0.924718     1.29082      0.601108    1.5852
63     0.95198      1.1898       1.45586     0.337233
64     2.12105      0.925143     1.54136     1.83632
65     0.931603     0.683984     0.350727    0.950379
66     2.788        2.25873      2.788       1.54551
67     2.788        2.73401      2.788       1.74123
68     1.87631      2.78799      1.92629     2.78251
69     1.90289      2.788        2.28644     2.788
70    -0.445467     0.717608     0.260227   -0.390051
71     1.54137      1.82066      1.49363     0.925143
72     1.12179      1.20031      1.84965     1.6943
73     1.47669      0.930889     1.1653      1.53334
74     1.07066      1.58633      1.85425     0.92588
75     0.118616    -0.445467     0.573861   -0.445467
76     1.67433      0.951262     2.19128     1.53202
77    -0.44546      0.831097     0.546716    0.420979
78    -0.445466    -0.445467    -0.445467    0.229288
79     2.24511      2.16205      1.54663     2.788
80    -0.445467    -0.445464    -0.445467    0.421346
81     2.788        1.94679      2.75852     2.788
82     2.788        1.9445       2.12442     1.49094
83    -0.445465     0.240274     0.696199    0.118481
84     0.81562      0.262711    -0.445464    0.840772
85     1.1653       0.419039     1.00421     1.3051
86     2.73388      2.78799      1.75992     1.81246
87     2.78799      2.13503      1.49076     1.7159
88     1.6943       1.3818       1.20544     0.782604
89     0.566636     1.20031      1.12179     1.84965
90     1.92422      1.51214      0.815833    1.9343
91     0.397596     0.408654     1.13752     0.667879
92     0.782909     0.840779     1.19569     1.6943
93     1.20497      1.52852      1.47494     2.18777
94     1.60158      0.867415     0.875902    2.06352
95     2.788        1.94991      2.788       2.06472
96     1.73444      1.83963      2.788       2.65136
97     2.788        2.788        2.788       1.94991
98     0.367022    -0.445464     0.552512   -0.445466
99    -0.445467    -0.445467     0.372378   -0.445465
100    1.8635       1.47907      2.78157     1.70206
;

radius = 1.17378
height = 3.23347
softness = 0.8

---------------------------- Solution coords data ----------------------------
distances [*,1,*]
:     1   2   3   4    :=
1     0   1   0   1
2     0   1   0   1
3     0   1   0   1
4     0   1   0   1
5     0   1   0   1
6     0   1   0   1
7     0   1   0   1
8     0   1   0   1
9     0   1   0   1
10    0   1   0   1
11    0   1   0   1
12    0   1   0   1
13    0   1   0   1
14    0   1   0   1
15    0   1   0   1
16    0   1   0   1
17    0   1   0   1
18    0   1   0   1
19    0   1   0   1
20    0   1   0   1
21    0   1   0   1
22    0   1   0   1
23    0   1   0   1
24    0   1   0   1
25    0   1   0   1
26    0   1   0   1
27    0   1   0   1
28    0   1   0   1
29    0   1   0   1
30    0   1   0   1
31    0   1   0   1
32    0   1   0   1
33    0   1   0   1
34    0   1   0   1
35    0   1   0   1
36    0   1   0   1
37    0   1   0   1
38    0   1   0   1
39    0   1   0   1
40    0   1   0   1
41    0   1   0   1
42    0   1   0   1
43    0   1   0   1
44    0   1   0   1
45    0   1   0   1
46    0   1   0   1
47    0   1   0   1
48    0   1   0   1
49    0   1   0   1
50    0   1   0   1
51    0   1   0   1
52    0   1   0   1
53    0   1   0   1
54    0   1   0   1
55    0   1   0   1
56    0   1   0   1
57    0   1   0   1
58    0   1   0   1
59    0   1   0   1
60    0   1   0   1
61    0   1   0   1
62    0   1   0   1
63    0   1   0   1
64    0   1   0   1
65    0   1   0   1
66    0   1   0   1
67    0   1   0   1
68    0   1   0   1
69    0   1   0   1
70    0   1   0   1
71    0   1   0   1
72    0   1   0   1
73    0   1   0   1
74    0   1   0   1
75    0   1   0   1
76    0   1   0   1
77    0   1   0   1
78    0   1   0   1
79    0   1   0   1
80    0   1   0   1
81    0   1   0   1
82    0   1   0   1
83    0   1   0   1
84    0   1   0   1
85    0   1   0   1
86    0   1   0   1
87    0   1   0   1
88    0   1   0   1
89    0   1   0   1
90    0   1   0   1
91    0   1   0   1
92    0   1   0   1
93    0   1   0   1
94    0   1   0   1
95    0   1   0   1
96    0   1   0   1
97    0   1   0   1
98    0   1   0   1
99    0   1   0   1
100   0   1   0   1

 [*,2,*]
:     1   2   3   4    :=
1     0   0   1   1
2     0   0   1   1
3     0   0   1   1
4     0   0   1   1
5     0   0   1   1
6     0   0   1   1
7     0   0   1   1
8     0   0   1   1
9     0   0   1   1
10    0   0   1   1
11    0   0   1   1
12    0   0   1   1
13    0   0   1   1
14    0   0   1   1
15    0   0   1   1
16    0   0   1   1
17    0   0   1   1
18    0   0   1   1
19    0   0   1   1
20    0   0   1   1
21    0   0   1   1
22    0   0   1   1
23    0   0   1   1
24    0   0   1   1
25    0   0   1   1
26    0   0   1   1
27    0   0   1   1
28    0   0   1   1
29    0   0   1   1
30    0   0   1   1
31    0   0   1   1
32    0   0   1   1
33    0   0   1   1
34    0   0   1   1
35    0   0   1   1
36    0   0   1   1
37    0   0   1   1
38    0   0   1   1
39    0   0   1   1
40    0   0   1   1
41    0   0   1   1
42    0   0   1   1
43    0   0   1   1
44    0   0   1   1
45    0   0   1   1
46    0   0   1   1
47    0   0   1   1
48    0   0   1   1
49    0   0   1   1
50    0   0   1   1
51    0   0   1   1
52    0   0   1   1
53    0   0   1   1
54    0   0   1   1
55    0   0   1   1
56    0   0   1   1
57    0   0   1   1
58    0   0   1   1
59    0   0   1   1
60    0   0   1   1
61    0   0   1   1
62    0   0   1   1
63    0   0   1   1
64    0   0   1   1
65    0   0   1   1
66    0   0   1   1
67    0   0   1   1
68    0   0   1   1
69    0   0   1   1
70    0   0   1   1
71    0   0   1   1
72    0   0   1   1
73    0   0   1   1
74    0   0   1   1
75    0   0   1   1
76    0   0   1   1
77    0   0   1   1
78    0   0   1   1
79    0   0   1   1
80    0   0   1   1
81    0   0   1   1
82    0   0   1   1
83    0   0   1   1
84    0   0   1   1
85    0   0   1   1
86    0   0   1   1
87    0   0   1   1
88    0   0   1   1
89    0   0   1   1
90    0   0   1   1
91    0   0   1   1
92    0   0   1   1
93    0   0   1   1
94    0   0   1   1
95    0   0   1   1
96    0   0   1   1
97    0   0   1   1
98    0   0   1   1
99    0   0   1   1
100   0   0   1   1

 [*,3,*]
:     1   2   3   4    :=
1     1   0   0   1
2     1   0   0   1
3     1   0   0   1
4     1   0   0   1
5     1   0   0   1
6     1   0   0   1
7     1   0   0   1
8     1   0   0   1
9     1   0   0   1
10    1   0   0   1
11    1   0   0   1
12    1   0   0   1
13    1   0   0   1
14    1   0   0   1
15    1   0   0   1
16    1   0   0   1
17    1   0   0   1
18    1   0   0   1
19    1   0   0   1
20    1   0   0   1
21    1   0   0   1
22    1   0   0   1
23    1   0   0   1
24    1   0   0   1
25    1   0   0   1
26    1   0   0   1
27    1   0   0   1
28    1   0   0   1
29    1   0   0   1
30    1   0   0   1
31    1   0   0   1
32    1   0   0   1
33    1   0   0   1
34    1   0   0   1
35    1   0   0   1
36    1   0   0   1
37    1   0   0   1
38    1   0   0   1
39    1   0   0   1
40    1   0   0   1
41    1   0   0   1
42    1   0   0   1
43    1   0   0   1
44    1   0   0   1
45    1   0   0   1
46    1   0   0   1
47    1   0   0   1
48    1   0   0   1
49    1   0   0   1
50    1   0   0   1
51    1   0   0   1
52    1   0   0   1
53    1   0   0   1
54    1   0   0   1
55    1   0   0   1
56    1   0   0   1
57    1   0   0   1
58    1   0   0   1
59    1   0   0   1
60    1   0   0   1
61    1   0   0   1
62    1   0   0   1
63    1   0   0   1
64    1   0   0   1
65    1   0   0   1
66    1   0   0   1
67    1   0   0   1
68    1   0   0   1
69    1   0   0   1
70    1   0   0   1
71    1   0   0   1
72    1   0   0   1
73    1   0   0   1
74    1   0   0   1
75    1   0   0   1
76    1   0   0   1
77    1   0   0   1
78    1   0   0   1
79    1   0   0   1
80    1   0   0   1
81    1   0   0   1
82    1   0   0   1
83    1   0   0   1
84    1   0   0   1
85    1   0   0   1
86    1   0   0   1
87    1   0   0   1
88    1   0   0   1
89    1   0   0   1
90    1   0   0   1
91    1   0   0   1
92    1   0   0   1
93    1   0   0   1
94    1   0   0   1
95    1   0   0   1
96    1   0   0   1
97    1   0   0   1
98    1   0   0   1
99    1   0   0   1
100   1   0   0   1

 [*,4,*]
:     1   2   3   4    :=
1     1   1   1   0
2     1   1   1   0
3     1   1   1   0
4     1   1   1   0
5     1   1   1   0
6     1   1   1   0
7     1   1   1   0
8     1   1   1   0
9     1   1   1   0
10    1   1   1   0
11    1   1   1   0
12    1   1   1   0
13    1   1   1   0
14    1   1   1   0
15    1   1   1   0
16    1   1   1   0
17    1   1   1   0
18    1   1   1   0
19    1   1   1   0
20    1   1   1   0
21    1   1   1   0
22    1   1   1   0
23    1   1   1   0
24    1   1   1   0
25    1   1   1   0
26    1   1   1   0
27    1   1   1   0
28    1   1   1   0
29    1   1   1   0
30    1   1   1   0
31    1   1   1   0
32    1   1   1   0
33    1   1   1   0
34    1   1   1   0
35    1   1   1   0
36    1   1   1   0
37    1   1   1   0
38    1   1   1   0
39    1   1   1   0
40    1   1   1   0
41    1   1   1   0
42    1   1   1   0
43    1   1   1   0
44    1   1   1   0
45    1   1   1   0
46    1   1   1   0
47    1   1   1   0
48    1   1   1   0
49    1   1   1   0
50    1   1   1   0
51    1   1   1   0
52    1   1   1   0
53    1   1   1   0
54    1   1   1   0
55    1   1   1   0
56    1   1   1   0
57    1   1   1   0
58    1   1   1   0
59    1   1   1   0
60    1   1   1   0
61    1   1   1   0
62    1   1   1   0
63    1   1   1   0
64    1   1   1   0
65    1   1   1   0
66    1   1   1   0
67    1   1   1   0
68    1   1   1   0
69    1   1   1   0
70    1   1   1   0
71    1   1   1   0
72    1   1   1   0
73    1   1   1   0
74    1   1   1   0
75    1   1   1   0
76    1   1   1   0
77    1   1   1   0
78    1   1   1   0
79    1   1   1   0
80    1   1   1   0
81    1   1   1   0
82    1   1   1   0
83    1   1   1   0
84    1   1   1   0
85    1   1   1   0
86    1   1   1   0
87    1   1   1   0
88    1   1   1   0
89    1   1   1   0
90    1   1   1   0
91    1   1   1   0
92    1   1   1   0
93    1   1   1   0
94    1   1   1   0
95    1   1   1   0
96    1   1   1   0
97    1   1   1   0
98    1   1   1   0
99    1   1   1   0
100   1   1   1   0
;

---------------------------- Solution stats data ----------------------------
_ampl_time = 0.249012
_total_solve_time = 56099.8
_ampl_elapsed_time = 0.245834
_ampl_user_time = 0.200002

Total time elapsed: $56099.79.
_total_solve_time = 56099.8

---------------------------- Solution miscs data ----------------------------
tetrahedron_volume [*] :=
  1 0.117851    21 0.117851    41 0.117851    61 0.117851    81 0.117851
  2 0.117851    22 0.117851    42 0.117851    62 0.117851    82 0.117851
  3 0.117851    23 0.117851    43 0.117851    63 0.117851    83 0.117851
  4 0.117851    24 0.117851    44 0.117851    64 0.117851    84 0.117851
  5 0.117851    25 0.117851    45 0.117851    65 0.117851    85 0.117851
  6 0.117851    26 0.117851    46 0.117851    66 0.117851    86 0.117851
  7 0.117851    27 0.117851    47 0.117851    67 0.117851    87 0.117851
  8 0.117851    28 0.117851    48 0.117851    68 0.117851    88 0.117851
  9 0.117851    29 0.117851    49 0.117851    69 0.117851    89 0.117851
 10 0.117851    30 0.117851    50 0.117851    70 0.117851    90 0.117851
 11 0.117851    31 0.117851    51 0.117851    71 0.117851    91 0.117851
 12 0.117851    32 0.117851    52 0.117851    72 0.117851    92 0.117851
 13 0.117851    33 0.117851    53 0.117851    73 0.117851    93 0.117851
 14 0.117851    34 0.117851    54 0.117851    74 0.117851    94 0.117851
 15 0.117851    35 0.117851    55 0.117851    75 0.117851    95 0.117851
 16 0.117851    36 0.117851    56 0.117851    76 0.117851    96 0.117851
 17 0.117851    37 0.117851    57 0.117851    77 0.117851    97 0.117851
 18 0.117851    38 0.117851    58 0.117851    78 0.117851    98 0.117851
 19 0.117851    39 0.117851    59 0.117851    79 0.117851    99 0.117851
 20 0.117851    40 0.117851    60 0.117851    80 0.117851   100 0.117851
;

---------------------------- Solution miscs data ----------------------------
tetrahedron_surface_area [*] :=
  1 0    11 0    21 0    31 0    41 0    51 0    61 0    71 0    81 0    91 0
  2 0    12 0    22 0    32 0    42 0    52 0    62 0    72 0    82 0    92 0
  3 0    13 0    23 0    33 0    43 0    53 0    63 0    73 0    83 0    93 0
  4 0    14 0    24 0    34 0    44 0    54 0    64 0    74 0    84 0    94 0
  5 0    15 0    25 0    35 0    45 0    55 0    65 0    75 0    85 0    95 0
  6 0    16 0    26 0    36 0    46 0    56 0    66 0    76 0    86 0    96 0
  7 0    17 0    27 0    37 0    47 0    57 0    67 0    77 0    87 0    97 0
  8 0    18 0    28 0    38 0    48 0    58 0    68 0    78 0    88 0    98 0
  9 0    19 0    29 0    39 0    49 0    59 0    69 0    79 0    89 0    99 0
 10 0    20 0    30 0    40 0    50 0    60 0    70 0    80 0    90 0   100 0
;

