Error at _cmdno 5 executing "solve" command
(file amplin, line 1977, offset 37900):
error processing param distances:
	3600 invalid subscripts discarded:
	distances[76,1,1]
	distances[76,1,2]
	distances[76,1,3]
	and 3597 more.
##### This license is only intended for use by NEOS. #####
##### License is valid until Jan 16, 2026 #####
ariables.
Adjusted problem:
14776 variables:
	9225 nonlinear variables
	5551 linear variables
30525 constraints; 179175 nonzeros
	25950 nonlinear constraints
	4575 linear constraints
	2850 equality constraints
	27675 inequality constraints
1 linear objective; 1 nonzero.

Artelys Knitro 14.2.0: threads=4
algorithm=1
ms_enable=1
ms_maxsolves=10
feastol=1e-5
opttol=1e-5
honorbnds=1
bar_initpt=3
bar_murule=4
scale=1
outlev=2
maxtime_real=1200
WARNING:  Option 'threads' is deprecated, please use 'numthreads'.

=======================================
           Academic License
       (NOT FOR COMMERCIAL USE)
         Artelys Knitro 14.2.0
=======================================

No start point provided -- Knitro computing one.

Knitro presolve eliminated 0 variables and 0 constraints.

algorithm                1
bar_initpt               3
bar_murule               4
concurrent_evals         0
datacheck                0
feastol                  1e-05
findiff_numthreads       1
hessian_no_f             1
hessopt                  1
honorbnds                1
maxtime_real             1200
ms_enable                1
ms_maxsolves             10
numthreads               4
opttol                   1e-05

Problem Characteristics                                 (   Presolved)
-----------------------
Objective goal:  Minimize
Objective type:  linear
Number of variables:                              14776 (       14776)
    bounded below only:                             901 (         901)
    bounded above only:                               0 (           0)
    bounded below and above:                          0 (           0)
    fixed:                                            0 (           0)
    free:                                         13875 (       13875)
Number of constraints:                            30525 (       30525)
    linear equalities:                                0 (           0)
    quadratic equalities:                          2775 (        2775)
    gen. nonlinear equalities:                       75 (          75)
    linear one-sided inequalities:                 4575 (        4575)
    quadratic one-sided inequalities:             23100 (       23100)
    gen. nonlinear one-sided inequalities:            0 (           0)
    linear two-sided inequalities:                    0 (           0)
    quadratic two-sided inequalities:                 0 (           0)
    gen. nonlinear two-sided inequalities:            0 (           0)
Number of nonzeros in Jacobian:                  179175 (      179175)
Number of nonzeros in Hessian:                    80775 (       80775)

Knitro parallel multistart will run with 4 threads.

Return codes description
------------------------
  0:  The final solution satisfies the termination conditions for verifying optimality.
  -100 to -199:  A feasible approximate solution was found.
  -200 to -299:  Knitro terminated at an infeasible point.
  -300 to -301:  The problem was determined to be unbounded.
  -400 to -499:  Knitro terminated because it reached a pre-defined limit.
    -400 to -409:  A feasible point was found.
    -410 to -419:  No feasible point was found.
  -500 to -599:  Knitro terminated with an input error or some non-standard error.
A more detailed description of individual return codes and their corresponding
termination messages is provided at
https://www.artelys.com/app/docs/knitro/3_referenceManual/returnCodes.html

 Solve #  ThreadID  Status     Objective      FeasError    OptError    Real Time 
--------  --------  ------  --------------   ----------   ----------  ----------
      5          2    -202         2382.38      62637.0      186.016      177.314
      0          0       0         1.76316  5.37626e-05  2.42138e-06      885.570
      3          1    -410         3438.62      224.122      5.53540      2531.91
      4          0    -410         1155.72  3.87195e-03     0.391694      2515.24
      7          1    -410         751.679  8.15231e-03     0.235459      2331.09
      6          3    -410         418.714  1.09990e-02     0.111501      2218.09
      8          2    -410         1162.29  2.42333e-02     0.491225      2395.89
      2          3    -410         5064.03     0.269177      10.2579      2475.48
      1          2    -410         861.318  5.13649e-02     0.491046      2397.02
      9          0    -410         3490.52  1.19149e-02     0.611945      2189.48

MULTISTART: Best locally optimal solution is returned.
EXIT: Locally optimal solution found.

Final Statistics
----------------
Final objective value               =   1.76316454335623e+00
Final feasibility error (abs / rel) =   5.38e-05 / 2.97e-06
Final optimality error  (abs / rel) =   2.42e-06 / 2.42e-06
# of iterations                     =      85010 
# of CG iterations                  =          0 
# of function evaluations           =      97558
# of gradient evaluations           =      85214
# of Hessian evaluations            =      85076
Total program time (secs)           =    5590.74805 ( 20043.529 CPU time)

===============================================================================

Knitro 14.2.0: Locally optimal or satisfactory solution.
objective 1.763164543; feasibility error 5.38e-05
85010 iterations; 97558 function evaluations

suffix feaserror OUT;
suffix opterror OUT;
suffix numfcevals OUT;
suffix numiters OUT;
---------------------------- Container and geometric considerations  ----------------------------
Container type: cube
Structural conservation type: surface
---------------------------- Solution execution data ----------------------------
solve_result_num = 0
solve_result = solved

---------------------------- Solution data ----------------------------
card(figures) = 75

coords [*,*,1]
:       1         2         3         4       :=
1    20.8816   20.3753   20.1045   20.8816
2    19.636    19.1838   19.1583   19.9097
3    19.9394   20.851    20.3105   20.2428
4    20.775    19.9311   20.0808   20.4663
5    20.1677   20.6783   20.5662   20.8816
6    20.1008   19.186    20.1044   20.3614
7    19.1303   20.0945   19.9351   19.5671
8    20.4901   19.4993   20.2006   19.8313
9    19.706    20.2665   20.7178   20.2358
10   19.876    19.2504   19.9905   20.5442
11   20.4031   20.0386   20.0945   19.2771
12   19.7035   19.1184   19.3152   20.082
13   19.9315   19.2192   19.1184   19.7948
14   19.9551   19.2407   19.6065   19.1184
15   20.2195   19.4727   19.4429   20.1418
16   20.6508   20.8816   20.2528   20.8816
17   20.3577   19.9846   19.5457   20.3684
18   20.8468   19.9352   20.3593   20.3662
19   20.8137   19.9822   20.6996   20.7422
20   20.4365   20.8094   20.8816   20.4535
21   20.3557   19.9673   19.9126   20.5384
22   20.4335   19.9873   19.3706   20.2104
23   20.8816   20.2528   20.0018   19.9459
24   19.5837   19.8265   20.3935   19.1184
25   20.8816   20.126    20.8816   20.1936
26   19.4385   19.9923   19.1184   20.0945
27   19.1184   20.1044   19.5684   20.107
28   20.1674   19.998    20.8274   20.6555
29   19.9173   19.3362   20.0528   19.8912
30   20.8816   20.8816   20.7301   20.8816
31   20.3052   20.2383   20.8396   20.7857
32   19.1184   19.8261   19.1184   19.6171
33   20.3813   20.8816   19.8266   20.8816
34   19.873    20.5454   19.6403   19.9902
35   19.7974   20.2758   20.6315   19.4486
36   20.8816   20.5012   20.7523   19.8776
37   19.1184   20.0034   19.4942   19.1767
38   19.7517   20.0295   19.2457   19.1184
39   20.0311   20.0489   19.245    19.6221
40   19.4107   19.9647   19.1393   19.1184
41   19.2961   20.0067   19.1184   19.1184
42   19.3355   20.0242   19.1184   19.3568
43   20.8816   20.6451   20.13     20.8816
44   20.2368   19.1184   19.6683   19.863
45   19.9886   19.1372   19.2692   19.8599
46   19.2366   19.6075   19.1185   19.691
47   19.2997   20.3301   19.9406   19.8719
48   19.9441   20.8528   20.1877   20.7004
49   19.3354   20.0009   19.6951   19.134
50   20.4219   19.6355   20.5357   19.6309
51   20.8816   20.8816   20.3753   20.8816
52   19.1184   19.5339   20.0731   19.2956
53   20.8141   20.8483   20.5217   19.7169
54   19.7183   20.8636   20.5238   19.9691
55   19.1184   19.7291   19.1184   19.1184
56   19.5339   20.5349   20.5013   20.4387
57   19.6428   19.1891   19.2612   20.1994
58   20.4408   20.018    20.7309   20.0359
59   19.5688   19.3075   20.1712   19.1184
60   19.4429   20.5087   20.1419   20.2194
61   20.4164   20.66     19.9426   20.8816
62   19.5337   20.4568   19.1699   19.9828
63   19.6427   20.8816   20.2733   20.61
64   19.5891   19.8758   19.9999   19.1184
65   19.2803   20.2692   20.09     19.3868
66   20.0705   20.0159   20.8696   20.2326
67   19.967    20.0638   19.3355   19.3568
68   19.4643   19.1184   19.9792   19.1184
69   19.4562   19.1759   19.1184   20.1885
70   19.1184   19.573    19.1184   19.1184
71   19.7952   20.6883   20.8218   20.2569
72   19.1184   19.2358   19.1184   20.077
73   20.8816   20.0954   20.3051   20.8816
74   19.8507   19.5685   20.4583   20.837
75   19.1208   19.1184   20.1333   19.6673

 [*,*,2]
:       1         2         3         4       :=
1    19.8866   19.1184   19.1184   19.1184
2    19.5939   19.4466   20.3253   20.4597
3    19.1497   19.8679   20.2886   19.6899
4    19.9794   19.1184   19.1184   19.4766
5    20.5081   20.8816   19.8073   20.8816
6    20.4222   19.6812   19.1184   19.694
7    20.3841   20.8816   19.6566   20.8816
8    20.8816   20.2331   19.6753   20.6983
9    20.6124   20.8816   20.8816   19.6995
10   20.4164   19.284    19.1184   19.2968
11   20.4291   19.5895   20.8816   20.531
12   19.1184   19.1184   20.3628   19.4497
13   19.6691   19.1184   20.3786   20.2122
14   20.7003   19.6709   20.8816   20.8034
15   19.2289   20.1753   19.5909   20.5246
16   19.775    20.8816   20.8816   20.8554
17   20.2463   19.1184   19.2263   19.4185
18   19.8646   19.1464   20.2939   19.4621
19   20.7751   20.0166   20.0539   20.8816
20   19.7968   19.8262   20.8816   20.3633
21   20.5369   19.3969   20.3293   19.2776
22   19.4319   19.1184   19.5115   20.4002
23   20.8816   20.8816   19.9652   20.5415
24   20.3995   19.1184   19.3945   19.1816
25   19.1184   19.1184   19.6365   19.1184
26   19.8352   19.7284   20.4994   20.8816
27   19.7192   19.1184   19.1184   20.2949
28   20.7271   19.654    20.5797   20.7501
29   19.6501   20.0969   20.8326   20.6695
30   19.6478   20.7074   20.1767   20.8816
31   20.2779   19.6399   19.8361   20.8084
32   20.1073   20.4054   19.3438   19.1184
33   20.2984   19.8076   19.1184   19.1184
34   20.3951   19.279    19.1476   19.3894
35   19.6733   20.8816   20.5904   20.8816
36   19.9458   19.4799   20.599    19.6948
37   19.1184   19.9662   19.4205   20.3083
38   20.447    19.9833   20.3914   19.3084
39   19.9631   20.803    20.3146   19.5736
40   19.1184   19.841    19.1184   20.1386
41   19.5899   20.6831   19.8482   20.8816
42   20.3085   19.6588   19.2311   19.1184
43   20.0847   19.5546   19.1184   19.9166
44   19.1621   19.3324   19.1303   20.3845
45   19.4026   19.3056   20.0228   20.3789
46   19.703    20.8816   20.838    20.3386
47   19.4666   19.8148   19.4503   20.6275
48   19.1196   19.8273   19.5998   19.9361
49   19.796    20.8816   20.3539   20.8816
50   20.0788   20.8816   20.8816   20.0458
51   19.1184   19.9528   19.1184   19.3429
52   19.1184   19.1184   19.4831   20.3811
53   20.5653   19.8627   19.393    20.4002
54   19.9085   19.3918   20.6015   19.4216
55   20.8816   20.8816   20.8816   19.8482
56   19.9562   20.2907   19.5343   20.792
57   20.8816   20.8816   19.698    20.3839
58   19.379    20.0357   20.6428   19.6243
59   19.1184   20.3356   19.5535   19.1184
60   19.591    19.7022   20.5246   19.2288
61   19.4435   20.0518   20.0145   20.5999
62   20.2932   19.3932   19.5137   20.5132
63   20.4757   20.8816   20.881    19.6301
64   19.1184   20.3711   19.3065   19.3324
65   20.3363   20.8816   20.8816   20.8816
66   20.1902   19.9737   20.8816   20.8684
67   20.2388   19.6915   20.3085   19.1184
68   20.5799   20.0827   19.8417   19.3276
69   19.6104   20.8816   20.1792   20.4784
70   20.8816   20.6805   19.6422   20.8816
71   20.3515   19.729    20.7061   20.8557
72   20.1986   19.584    20.8816   20.2881
73   19.8886   19.1184   19.2069   19.6214
74   20.0182   20.5693   19.6455   20.871
75   20.2889   19.1184   19.5609   19.1184

 [*,*,3]
:       1         2         3         4       :=
1    20.7055   19.8304   20.8816   20.8816
2    20.1444   19.8506   19.1765   20.2336
3    20.1797   20.7741   19.6646   19.7029
4    19.7062   20.2028   19.6759   20.8689
5    19.8565   20.1509   20.8812   20.8816
6    20.8777   20.3174   20.8816   20.8816
7    20.1584   20.8816   20.8816   20.6289
8    20.1607   19.6149   20.562    19.8429
9    19.8069   20.0229   20.5838   20.5721
10   19.3185   19.156    19.3656   19.317
11   20.8816   20.7157   20.8816   20.2321
12   20.269    19.953    20.2389   20.7665
13   20.8792   20.4664   20.1475   20.8816
14   20.1386   19.7783   19.4615   19.1439
15   20.8437   20.3472   20.1389   20.7217
16   19.3368   19.1184   19.2189   20.0293
17   19.7793   20.3165   19.7935   20.7866
18   20.7714   20.177    19.7261   20.73
19   20.4518   19.7935   20.8816   19.8751
20   19.46     20.709    20.0303   19.5755
21   19.5658   20.0475   19.3195   19.329
22   20.8589   20.3925   20.1078   20.4781
23   20.3611   19.2189   20.1118   19.5192
24   19.1184   19.1184   19.3037   19.134
25   19.1184   20.181    20.0974   19.1184
26   20.4636   20.6942   20.1096   20.8816
27   20.2758   20.8816   20.7212   20.8816
28   19.2328   19.9538   20.3476   19.6964
29   19.8385   19.1184   19.9216   19.1683
30   19.54     20.2997   19.1184   19.1184
31   19.6578   19.7083   20.7619   19.8949
32   20.1935   20.8816   20.8579   20.8816
33   19.1184   19.3985   19.1184   19.1184
34   19.3196   19.3177   19.6189   20.021
35   20.2047   20.3109   20.6087   20.144
36   20.7121   20.8816   20.2615   19.919
37   19.6217   20.0669   20.0189   19.1184
38   19.7271   20.0771   19.1184   19.7776
39   20.2869   20.2108   19.3079   20.1312
40   19.9001   20.0888   19.384    19.1426
41   20.8816   20.8816   20.419    20.8816
42   19.1184   19.987    19.1524   19.6507
43   19.8532   19.3852   20.3021   20.6153
44   19.4342   19.1184   19.6137   19.3152
45   20.0116   19.1539   19.1184   19.3148
46   19.7596   20.176    19.1289   20.1886
47   19.8783   20.5973   20.2766   19.7202
48   20.2586   20.8697   19.7716   19.5794
49   19.831    20.1113   20.1895   19.1375
50   20.8816   20.2205   20.5893   20.1618
51   20.827    20.695    19.8304   19.5426
52   19.953    20.4459   20.7627   20.2249
53   19.8409   19.5182   19.3507   19.156
54   19.1184   19.4665   19.1184   19.1184
55   20.8816   20.8816   19.9292   20.419
56   20.116    20.8816   20.8816   20.5434
57   20.4972   20.0394   20.1053   20.6964
58   20.8816   19.8375   20.7448   20.3208
59   20.6226   20.235    20.8201   20.1859
60   20.1389   20.8816   20.7218   20.8437
61   20.8056   20.8215   19.7334   20.4231
62   19.1184   19.3129   19.1414   19.3419
63   19.1414   19.1184   19.2157   19.3635
64   19.5568   19.3364   20.0788   19.1184
65   19.3521   19.1184   20.2164   19.1184
66   19.5754   20.125    20.3392   19.2017
67   19.92     20.0066   19.1184   19.6507
68   19.1604   19.1546   20.1038   19.2703
69   20.0472   19.9722   20.0056   20.6879
70   19.1184   20.1675   19.5231   19.9279
71   19.1757   19.3691   19.8972   19.2149
72   19.7048   19.8794   19.9292   20.5841
73   20.3301   20.6636   19.3798   19.7532
74   19.1194   19.1184   19.3528   19.1184
75   20.0357   19.7278   20.4164   20.2128
;

side = 1.76316
softness = 0.7

---------------------------- Solution coords data ----------------------------
distances [*,1,*]
:    1   2   3   4    :=
1    0   1   0   1
2    0   1   0   1
3    0   1   0   1
4    0   1   0   1
5    0   1   0   1
6    0   1   0   1
7    0   1   0   1
8    0   1   0   1
9    0   1   0   1
10   0   1   0   1
11   0   1   0   1
12   0   1   0   1
13   0   1   0   1
14   0   1   0   1
15   0   1   0   1
16   0   1   0   1
17   0   1   0   1
18   0   1   0   1
19   0   1   0   1
20   0   1   0   1
21   0   1   0   1
22   0   1   0   1
23   0   1   0   1
24   0   1   0   1
25   0   1   0   1
26   0   1   0   1
27   0   1   0   1
28   0   1   0   1
29   0   1   0   1
30   0   1   0   1
31   0   1   0   1
32   0   1   0   1
33   0   1   0   1
34   0   1   0   1
35   0   1   0   1
36   0   1   0   1
37   0   1   0   1
38   0   1   0   1
39   0   1   0   1
40   0   1   0   1
41   0   1   0   1
42   0   1   0   1
43   0   1   0   1
44   0   1   0   1
45   0   1   0   1
46   0   1   0   1
47   0   1   0   1
48   0   1   0   1
49   0   1   0   1
50   0   1   0   1
51   0   1   0   1
52   0   1   0   1
53   0   1   0   1
54   0   1   0   1
55   0   1   0   1
56   0   1   0   1
57   0   1   0   1
58   0   1   0   1
59   0   1   0   1
60   0   1   0   1
61   0   1   0   1
62   0   1   0   1
63   0   1   0   1
64   0   1   0   1
65   0   1   0   1
66   0   1   0   1
67   0   1   0   1
68   0   1   0   1
69   0   1   0   1
70   0   1   0   1
71   0   1   0   1
72   0   1   0   1
73   0   1   0   1
74   0   1   0   1
75   0   1   0   1

 [*,2,*]
:    1   2   3   4    :=
1    0   0   1   1
2    0   0   1   1
3    0   0   1   1
4    0   0   1   1
5    0   0   1   1
6    0   0   1   1
7    0   0   1   1
8    0   0   1   1
9    0   0   1   1
10   0   0   1   1
11   0   0   1   1
12   0   0   1   1
13   0   0   1   1
14   0   0   1   1
15   0   0   1   1
16   0   0   1   1
17   0   0   1   1
18   0   0   1   1
19   0   0   1   1
20   0   0   1   1
21   0   0   1   1
22   0   0   1   1
23   0   0   1   1
24   0   0   1   1
25   0   0   1   1
26   0   0   1   1
27   0   0   1   1
28   0   0   1   1
29   0   0   1   1
30   0   0   1   1
31   0   0   1   1
32   0   0   1   1
33   0   0   1   1
34   0   0   1   1
35   0   0   1   1
36   0   0   1   1
37   0   0   1   1
38   0   0   1   1
39   0   0   1   1
40   0   0   1   1
41   0   0   1   1
42   0   0   1   1
43   0   0   1   1
44   0   0   1   1
45   0   0   1   1
46   0   0   1   1
47   0   0   1   1
48   0   0   1   1
49   0   0   1   1
50   0   0   1   1
51   0   0   1   1
52   0   0   1   1
53   0   0   1   1
54   0   0   1   1
55   0   0   1   1
56   0   0   1   1
57   0   0   1   1
58   0   0   1   1
59   0   0   1   1
60   0   0   1   1
61   0   0   1   1
62   0   0   1   1
63   0   0   1   1
64   0   0   1   1
65   0   0   1   1
66   0   0   1   1
67   0   0   1   1
68   0   0   1   1
69   0   0   1   1
70   0   0   1   1
71   0   0   1   1
72   0   0   1   1
73   0   0   1   1
74   0   0   1   1
75   0   0   1   1

 [*,3,*]
:    1   2   3   4    :=
1    1   0   0   1
2    1   0   0   1
3    1   0   0   1
4    1   0   0   1
5    1   0   0   1
6    1   0   0   1
7    1   0   0   1
8    1   0   0   1
9    1   0   0   1
10   1   0   0   1
11   1   0   0   1
12   1   0   0   1
13   1   0   0   1
14   1   0   0   1
15   1   0   0   1
16   1   0   0   1
17   1   0   0   1
18   1   0   0   1
19   1   0   0   1
20   1   0   0   1
21   1   0   0   1
22   1   0   0   1
23   1   0   0   1
24   1   0   0   1
25   1   0   0   1
26   1   0   0   1
27   1   0   0   1
28   1   0   0   1
29   1   0   0   1
30   1   0   0   1
31   1   0   0   1
32   1   0   0   1
33   1   0   0   1
34   1   0   0   1
35   1   0   0   1
36   1   0   0   1
37   1   0   0   1
38   1   0   0   1
39   1   0   0   1
40   1   0   0   1
41   1   0   0   1
42   1   0   0   1
43   1   0   0   1
44   1   0   0   1
45   1   0   0   1
46   1   0   0   1
47   1   0   0   1
48   1   0   0   1
49   1   0   0   1
50   1   0   0   1
51   1   0   0   1
52   1   0   0   1
53   1   0   0   1
54   1   0   0   1
55   1   0   0   1
56   1   0   0   1
57   1   0   0   1
58   1   0   0   1
59   1   0   0   1
60   1   0   0   1
61   1   0   0   1
62   1   0   0   1
63   1   0   0   1
64   1   0   0   1
65   1   0   0   1
66   1   0   0   1
67   1   0   0   1
68   1   0   0   1
69   1   0   0   1
70   1   0   0   1
71   1   0   0   1
72   1   0   0   1
73   1   0   0   1
74   1   0   0   1
75   1   0   0   1

 [*,4,*]
:    1   2   3   4    :=
1    1   1   1   0
2    1   1   1   0
3    1   1   1   0
4    1   1   1   0
5    1   1   1   0
6    1   1   1   0
7    1   1   1   0
8    1   1   1   0
9    1   1   1   0
10   1   1   1   0
11   1   1   1   0
12   1   1   1   0
13   1   1   1   0
14   1   1   1   0
15   1   1   1   0
16   1   1   1   0
17   1   1   1   0
18   1   1   1   0
19   1   1   1   0
20   1   1   1   0
21   1   1   1   0
22   1   1   1   0
23   1   1   1   0
24   1   1   1   0
25   1   1   1   0
26   1   1   1   0
27   1   1   1   0
28   1   1   1   0
29   1   1   1   0
30   1   1   1   0
31   1   1   1   0
32   1   1   1   0
33   1   1   1   0
34   1   1   1   0
35   1   1   1   0
36   1   1   1   0
37   1   1   1   0
38   1   1   1   0
39   1   1   1   0
40   1   1   1   0
41   1   1   1   0
42   1   1   1   0
43   1   1   1   0
44   1   1   1   0
45   1   1   1   0
46   1   1   1   0
47   1   1   1   0
48   1   1   1   0
49   1   1   1   0
50   1   1   1   0
51   1   1   1   0
52   1   1   1   0
53   1   1   1   0
54   1   1   1   0
55   1   1   1   0
56   1   1   1   0
57   1   1   1   0
58   1   1   1   0
59   1   1   1   0
60   1   1   1   0
61   1   1   1   0
62   1   1   1   0
63   1   1   1   0
64   1   1   1   0
65   1   1   1   0
66   1   1   1   0
67   1   1   1   0
68   1   1   1   0
69   1   1   1   0
70   1   1   1   0
71   1   1   1   0
72   1   1   1   0
73   1   1   1   0
74   1   1   1   0
75   1   1   1   0
;

---------------------------- Solution stats data ----------------------------
_ampl_time = 0.111378
_total_solve_time = 20044
_ampl_elapsed_time = 0.108036
_ampl_user_time = 0.091487

Total time elapsed: $20043.96.
_total_solve_time = 20044

---------------------------- Solution miscs data ----------------------------
tetrahedron_volume [*] :=
 1 0    8 0   15 0   22 0   29 0   36 0   43 0   50 0   57 0   64 0   71 0
 2 0    9 0   16 0   23 0   30 0   37 0   44 0   51 0   58 0   65 0   72 0
 3 0   10 0   17 0   24 0   31 0   38 0   45 0   52 0   59 0   66 0   73 0
 4 0   11 0   18 0   25 0   32 0   39 0   46 0   53 0   60 0   67 0   74 0
 5 0   12 0   19 0   26 0   33 0   40 0   47 0   54 0   61 0   68 0   75 0
 6 0   13 0   20 0   27 0   34 0   41 0   48 0   55 0   62 0   69 0
 7 0   14 0   21 0   28 0   35 0   42 0   49 0   56 0   63 0   70 0
;

---------------------------- Solution miscs data ----------------------------
tetrahedron_surface_area [*] :=
 1 1.73205   14 1.73205   27 1.73205   40 1.73205   53 1.73205   66 1.73205
 2 1.73205   15 1.73205   28 1.73205   41 1.73205   54 1.73205   67 1.73205
 3 1.73205   16 1.73205   29 1.73205   42 1.73205   55 1.73205   68 1.73205
 4 1.73205   17 1.73205   30 1.73205   43 1.73205   56 1.73205   69 1.73205
 5 1.73205   18 1.73205   31 1.73205   44 1.73205   57 1.73205   70 1.73205
 6 1.73205   19 1.73205   32 1.73205   45 1.73205   58 1.73205   71 1.73205
 7 1.73205   20 1.73205   33 1.73205   46 1.73205   59 1.73205   72 1.73205
 8 1.73205   21 1.73205   34 1.73205   47 1.73205   60 1.73205   73 1.73205
 9 1.73205   22 1.73205   35 1.73205   48 1.73205   61 1.73205   74 1.73205
10 1.73205   23 1.73205   36 1.73205   49 1.73205   62 1.73205   75 1.73205
11 1.73205   24 1.73205   37 1.73205   50 1.73205   63 1.73205
12 1.73205   25 1.73205   38 1.73205   51 1.73205   64 1.73205
13 1.73205   26 1.73205   39 1.73205   52 1.73205   65 1.73205
;

