Error at _cmdno 5 executing "solve" command
(file amplin, line 1945, offset 37257):
error processing param distances:
	4000 invalid subscripts discarded:
	distances[51,1,1]
	distances[51,1,2]
	distances[51,1,3]
	and 3997 more.
##### This license is only intended for use by NEOS. #####
##### License is valid until Jan 16, 2026 #####
riables.
Adjusted problem:
6726 variables:
	4276 nonlinear variables
	2450 linear variables
13100 constraints; 79725 nonzeros
	11875 nonlinear constraints
	1225 linear constraints
	1275 equality constraints
	11825 inequality constraints
1 linear objective; 1 nonzero.

Artelys Knitro 14.2.0: threads=4
algorithm=1
ms_enable=1
ms_maxsolves=10
feastol=1e-5
opttol=1e-5
honorbnds=1
bar_initpt=3
bar_murule=4
scale=1
outlev=2
maxtime_real=3600
WARNING:  Option 'threads' is deprecated, please use 'numthreads'.

=======================================
           Academic License
       (NOT FOR COMMERCIAL USE)
         Artelys Knitro 14.2.0
=======================================

No start point provided -- Knitro computing one.

Knitro presolve eliminated 0 variables and 0 constraints.

algorithm                1
bar_initpt               3
bar_murule               4
concurrent_evals         0
datacheck                0
feastol                  1e-05
findiff_numthreads       1
hessian_no_f             1
hessopt                  1
honorbnds                1
maxtime_real             3600
ms_enable                1
ms_maxsolves             10
numthreads               4
opttol                   1e-05

Problem Characteristics                                 (   Presolved)
-----------------------
Objective goal:  Minimize
Objective type:  linear
Number of variables:                               6726 (        6726)
    bounded below only:                             601 (         601)
    bounded above only:                               0 (           0)
    bounded below and above:                          0 (           0)
    fixed:                                            0 (           0)
    free:                                          6125 (        6125)
Number of constraints:                            13100 (       13100)
    linear equalities:                                0 (           0)
    quadratic equalities:                          1225 (        1225)
    gen. nonlinear equalities:                       50 (          50)
    linear one-sided inequalities:                 1225 (        1225)
    quadratic one-sided inequalities:             10600 (       10600)
    gen. nonlinear one-sided inequalities:            0 (           0)
    linear two-sided inequalities:                    0 (           0)
    quadratic two-sided inequalities:                 0 (           0)
    gen. nonlinear two-sided inequalities:            0 (           0)
Number of nonzeros in Jacobian:                   79725 (       79725)
Number of nonzeros in Hessian:                    36976 (       36976)

Knitro parallel multistart will run with 4 threads.

Return codes description
------------------------
  0:  The final solution satisfies the termination conditions for verifying optimality.
  -100 to -199:  A feasible approximate solution was found.
  -200 to -299:  Knitro terminated at an infeasible point.
  -300 to -301:  The problem was determined to be unbounded.
  -400 to -499:  Knitro terminated because it reached a pre-defined limit.
    -400 to -409:  A feasible point was found.
    -410 to -419:  No feasible point was found.
  -500 to -599:  Knitro terminated with an input error or some non-standard error.
A more detailed description of individual return codes and their corresponding
termination messages is provided at
https://www.artelys.com/app/docs/knitro/3_referenceManual/returnCodes.html

 Solve #  ThreadID  Status     Objective      FeasError    OptError    Real Time 
--------  --------  ------  --------------   ----------   ----------  ----------
      7          0    -202         1843.56      63968.6      3.19954      88.2650
      5          0    -202         286.733      15373.0      66.2678      101.253
      2          3    -202         1372.59      38500.0      1.39605      95.0093
      4          3    -202         465.409      42516.0      107.280      151.542
      0          0       0         1.41399  3.27085e-04  9.97661e-06      241.856
      8          0    -410         2953.30      301.060      5.26417      1751.38
      3          2    -410         298.877  5.34989e-02     0.999619      1364.92
      9          2    -410         15282.8      1.68145      1.00000      2226.80
      6          3    -410         1037.57     0.647103      1.35183      1276.74
      1          1    -410         2184.46      36.4971      16.0286      1567.19

MULTISTART: Best locally optimal solution is returned.
EXIT: Locally optimal solution found.

Final Statistics
----------------
Final objective value               =   1.41399204469875e+00
Final feasibility error (abs / rel) =   3.27e-04 / 3.05e-07
Final optimality error  (abs / rel) =   9.98e-06 / 9.98e-06
# of iterations                     =      56281 
# of CG iterations                  =          0 
# of function evaluations           =      68734
# of gradient evaluations           =      56478
# of Hessian evaluations            =      56315
Total program time (secs)           =    3592.48730 (  8806.225 CPU time)

===============================================================================

Knitro 14.2.0: Locally optimal or satisfactory solution.
objective 1.413992045; feasibility error 0.000327
56281 iterations; 68734 function evaluations

suffix feaserror OUT;
suffix opterror OUT;
suffix numfcevals OUT;
suffix numiters OUT;
---------------------------- Container and geometric considerations  ----------------------------
Container type: sphere
Structural conservation type: surface
---------------------------- Solution execution data ----------------------------
solve_result_num = 0
solve_result = solved

---------------------------- Solution data ----------------------------
card(figures) = 50

coords [*,*,1]
:       1         2         3         4       :=
1    19.2987   19.9108   18.9406   19.478
2    20.8857   20.9532   20.2856   20.2145
3    19.715    20.4303   20.1178   20.6057
4    19.3317   19.0041   18.8517   19.7584
5    19.7786   20.4401   19.536    19.6061
6    20.1924   19.2623   20.0576   19.8895
7    19.3504   20.3445   19.9711   19.7645
8    20.2125   19.4096   20.2417   20.2609
9    20.4846   21.0557   20.2544   20.1963
10   19.4107   19.8778   19.0123   19.8358
11   20.3754   21.0416   20.2165   20.9471
12   19.5785   20.0456   20.4774   20.4207
13   19.7508   19.1487   19.0291   19.8091
14   21.2057   21.198    20.462    21.3885
15   20.9909   20.1206   20.2708   20.1724
16   20.3395   20.2209   21.1246   20.4379
17   20.4552   19.4909   19.8856   19.7356
18   18.7232   19.5623   19.1881   19.5864
19   20.975    21.0166   20.3867   21.406
20   19.5804   18.7394   19.5587   19.2764
21   19.7104   20.1807   19.8228   19.1806
22   19.9693   19.8276   19.6228   20.5646
23   21.0136   20.3365   20.4354   21.1463
24   21.1881   20.4275   20.2303   20.6058
25   20.7365   20.2708   20.1724   20.9909
26   18.6326   19.5406   18.7249   18.8587
27   20.2162   19.771    20.7264   20.1349
28   20.4072   21.3887   21.0537   20.9145
29   20.1296   20.963    20.5725   20.1603
30   21.0427   20.448    21.1709   21.3905
31   20.1305   19.4619   19.7122   20.3225
32   18.9063   19.5437   18.6512   18.7025
33   20.1926   20.0518   19.8897   20.8026
34   21.2062   20.5266   20.4809   21.2135
35   19.203    19.6143   19.1498   18.6487
36   19.744    19.0141   19.1755   19.8156
37   20.0937   19.9848   20.3124   19.3626
38   19.0289   19.6416   19.1556   18.6223
39   19.1429   19.919    19.2998   19.9575
40   20.09     19.8909   19.3711   19.2246
41   19.9629   19.8438   19.6222   19.0581
42   20.1333   19.9511   20.2175   19.3506
43   20.1658   19.6736   19.6103   19.1934
44   18.7456   19.2746   18.809    19.6121
45   20.3388   19.5179   20.0645   20.4378
46   20.9013   19.949    20.1352   20.218
47   20.3354   19.5418   19.5506   20.2309
48   20.3773   20.803    21.1886   20.285
49   20.4294   20.8364   21.4054   20.971
50   18.6263   19.2089   19.5956   19.0113

 [*,*,2]
:       1         2         3         4       :=
1    20.4259   19.6441   19.5764   20.1528
2    20.28     20.9906   20.2138   20.981
3    18.7099   19.1223   19.6146   18.7257
4    19.2351   20.1519   19.5727   19.9874
5    20.3452   19.6924   19.4023   19.8835
6    20.6474   20.2211   19.6917   20.0792
7    18.8305   18.6575   19.5567   18.8514
8    19.6841   20.2605   20.2287   20.6576
9    20.7738   19.9348   20.0559   19.8983
10   19.0992   19.8082   20.0385   19.8882
11   20.1497   20.7797   20.5943   19.9452
12   19.9275   20.7748   19.8878   20.099
13   20.3852   21.0676   20.8432   21.3636
14   19.4985   19.422    19.9491   20.2657
15   20.7809   20.5546   20.359    21.3068
16   19.9068   19.8501   19.7172   19.0378
17   19.6728   19.4462   18.982    19.9464
18   19.3927   18.8075   19.2362   19.8303
19   20.6899   19.7347   20.0561   20.0924
20   18.8587   19.3599   19.8495   19.0962
21   20.1703   21.0058   20.5044   20.9527
22   21.1963   20.4282   21.3532   21.1248
23   19.0263   19.7892   19.0365   19.7597
24   19.4071   19.1279   19.6706   18.7264
25   21.176    20.359    21.3068   20.781
26   20.359    20.0043   19.3889   19.96
27   18.9295   19.6665   19.7686   19.8271
28   20.1741   20.2546   20.3654   21.0598
29   18.9983   18.9876   19.8709   19.2468
30   20.3662   20.0213   19.4511   20.2557
31   19.7969   20.4256   19.5059   20.2726
32   20.081    20.003    20.4242   19.4492
33   20.6513   19.6667   20.0763   19.9998
34   19.4186   18.9199   19.9403   19.4913
35   20.9366   20.297    19.9782   20.4077
36   20.1438   20.0402   20.9545   20.5112
37   19.1271   19.6219   18.6511   18.8279
38   20.844    20.2779   21.0672   20.2982
39   20.2394   20.4165   21.122    20.79
40   19.1242   19.6965   18.8241   19.5725
41   21.2052   20.3942   21.3528   20.9211
42   21.405    20.4064   20.9667   21.1105
43   19.1509   19.9295   18.9867   19.2167
44   19.3682   19.0962   19.9511   19.8597
45   19.9107   19.3826   19.7557   19.0406
46   20.8185   20.4492   21.4041   20.993
47   19.8873   19.9432   20.4561   20.6937
48   19.123    19.9914   19.4075   19.7947
49   20.0395   20.9056   20.1062   20.6923
50   20.3145   21.0176   20.1691   20.1591

 [*,*,3]
:       1         2         3         4       :=
1    18.8485   19.1013   19.1648   19.8197
2    18.9339   19.6691   19.6991   19.0237
3    20.5038   21.0217   20.2407   20.0933
4    20.9467   20.9922   20.1607   20.3973
5    19.4998   19.9313   19.546    20.3982
6    21.2423   21.1859   21.3788   20.4452
7    19.5421   19.7202   19.765    20.4791
8    19.6489   19.3786   18.7814   19.6564
9    18.9203   19.0616   19.6142   18.6034
10   20.9169   21.3956   21.0111   20.4202
11   20.2231   20.5537   21.1325   21.0485
12   20.325    20.4431   20.7202   19.7704
13   19.977    20.3673   19.4119   19.678
14   20.5423   19.5205   20.0003   19.9697
15   20.6384   21.1295   20.135    20.5118
16   18.6305   19.6468   19.1909   19.061
17   19.8939   19.6315   20.3922   20.4917
18   20.0202   20.0786   20.8699   20.1362
19   19.2431   19.0537   19.7929   19.8812
20   20.0833   20.0202   19.823    19.1883
21   20.3469   20.5537   21.309    20.6483
22   20.7532   20.0899   19.8391   19.943
23   19.8458   19.7493   19.0612   19.2078
24   20.486    21.0277   20.2347   20.102
25   19.7278   20.135    20.5118   20.6384
26   19.9738   20.0702   19.9936   20.8338
27   20.8981   21.3549   21.1909   20.4105
28   20.1091   19.9228   20.8692   20.1996
29   20.2884   19.7831   19.9844   19.2948
30   20.8821   20.1222   20.5719   19.9783
31   19.5376   19.0818   18.7068   18.6505
32   19.1075   19.906    19.9834   19.8882
33   21.2402   21.3732   20.448    20.8486
34   19.5458   20.1284   20.0474   20.5177
35   19.3022   19.989    19.133    19.9159
36   20.3753   21.0128   20.6392   21.3054
37   18.8916   19.7242   19.7135   19.5442
38   19.4136   20.0086   20.384    20.1113
39   19.1169   19.7621   19.4997   18.828
40   18.8936   19.6661   19.5299   18.8976
41   20.7385   20.1236   19.8374   20.5136
42   19.9137   19.7853   18.9913   19.413
43   20.8466   20.3977   20.0013   20.8574
44   20.0242   19.1899   19.2393   19.7841
45   18.6301   18.8228   19.6052   19.0581
46   19.7606   19.8431   19.9024   19.0172
47   19.7165   20.3622   19.5335   20.2538
48   21.043    21.1639   20.4854   20.3019
49   19.8152   20.1817   19.8865   19.2402
50   20.1164   20.5814   20.1566   20.9983
;

radius = 1.41399
softness = 0.05

---------------------------- Solution coords data ----------------------------
distances [*,1,*]
:    1   2   3   4    :=
1    0   1   0   1
2    0   1   0   1
3    0   1   0   1
4    0   1   0   1
5    0   1   0   1
6    0   1   0   1
7    0   1   0   1
8    0   1   0   1
9    0   1   0   1
10   0   1   0   1
11   0   1   0   1
12   0   1   0   1
13   0   1   0   1
14   0   1   0   1
15   0   1   0   1
16   0   1   0   1
17   0   1   0   1
18   0   1   0   1
19   0   1   0   1
20   0   1   0   1
21   0   1   0   1
22   0   1   0   1
23   0   1   0   1
24   0   1   0   1
25   0   1   0   1
26   0   1   0   1
27   0   1   0   1
28   0   1   0   1
29   0   1   0   1
30   0   1   0   1
31   0   1   0   1
32   0   1   0   1
33   0   1   0   1
34   0   1   0   1
35   0   1   0   1
36   0   1   0   1
37   0   1   0   1
38   0   1   0   1
39   0   1   0   1
40   0   1   0   1
41   0   1   0   1
42   0   1   0   1
43   0   1   0   1
44   0   1   0   1
45   0   1   0   1
46   0   1   0   1
47   0   1   0   1
48   0   1   0   1
49   0   1   0   1
50   0   1   0   1

 [*,2,*]
:    1   2   3   4    :=
1    0   0   1   1
2    0   0   1   1
3    0   0   1   1
4    0   0   1   1
5    0   0   1   1
6    0   0   1   1
7    0   0   1   1
8    0   0   1   1
9    0   0   1   1
10   0   0   1   1
11   0   0   1   1
12   0   0   1   1
13   0   0   1   1
14   0   0   1   1
15   0   0   1   1
16   0   0   1   1
17   0   0   1   1
18   0   0   1   1
19   0   0   1   1
20   0   0   1   1
21   0   0   1   1
22   0   0   1   1
23   0   0   1   1
24   0   0   1   1
25   0   0   1   1
26   0   0   1   1
27   0   0   1   1
28   0   0   1   1
29   0   0   1   1
30   0   0   1   1
31   0   0   1   1
32   0   0   1   1
33   0   0   1   1
34   0   0   1   1
35   0   0   1   1
36   0   0   1   1
37   0   0   1   1
38   0   0   1   1
39   0   0   1   1
40   0   0   1   1
41   0   0   1   1
42   0   0   1   1
43   0   0   1   1
44   0   0   1   1
45   0   0   1   1
46   0   0   1   1
47   0   0   1   1
48   0   0   1   1
49   0   0   1   1
50   0   0   1   1

 [*,3,*]
:    1   2   3   4    :=
1    1   0   0   1
2    1   0   0   1
3    1   0   0   1
4    1   0   0   1
5    1   0   0   1
6    1   0   0   1
7    1   0   0   1
8    1   0   0   1
9    1   0   0   1
10   1   0   0   1
11   1   0   0   1
12   1   0   0   1
13   1   0   0   1
14   1   0   0   1
15   1   0   0   1
16   1   0   0   1
17   1   0   0   1
18   1   0   0   1
19   1   0   0   1
20   1   0   0   1
21   1   0   0   1
22   1   0   0   1
23   1   0   0   1
24   1   0   0   1
25   1   0   0   1
26   1   0   0   1
27   1   0   0   1
28   1   0   0   1
29   1   0   0   1
30   1   0   0   1
31   1   0   0   1
32   1   0   0   1
33   1   0   0   1
34   1   0   0   1
35   1   0   0   1
36   1   0   0   1
37   1   0   0   1
38   1   0   0   1
39   1   0   0   1
40   1   0   0   1
41   1   0   0   1
42   1   0   0   1
43   1   0   0   1
44   1   0   0   1
45   1   0   0   1
46   1   0   0   1
47   1   0   0   1
48   1   0   0   1
49   1   0   0   1
50   1   0   0   1

 [*,4,*]
:    1   2   3   4    :=
1    1   1   1   0
2    1   1   1   0
3    1   1   1   0
4    1   1   1   0
5    1   1   1   0
6    1   1   1   0
7    1   1   1   0
8    1   1   1   0
9    1   1   1   0
10   1   1   1   0
11   1   1   1   0
12   1   1   1   0
13   1   1   1   0
14   1   1   1   0
15   1   1   1   0
16   1   1   1   0
17   1   1   1   0
18   1   1   1   0
19   1   1   1   0
20   1   1   1   0
21   1   1   1   0
22   1   1   1   0
23   1   1   1   0
24   1   1   1   0
25   1   1   1   0
26   1   1   1   0
27   1   1   1   0
28   1   1   1   0
29   1   1   1   0
30   1   1   1   0
31   1   1   1   0
32   1   1   1   0
33   1   1   1   0
34   1   1   1   0
35   1   1   1   0
36   1   1   1   0
37   1   1   1   0
38   1   1   1   0
39   1   1   1   0
40   1   1   1   0
41   1   1   1   0
42   1   1   1   0
43   1   1   1   0
44   1   1   1   0
45   1   1   1   0
46   1   1   1   0
47   1   1   1   0
48   1   1   1   0
49   1   1   1   0
50   1   1   1   0
;

---------------------------- Solution stats data ----------------------------
_ampl_time = 0.057639
_total_solve_time = 8806.37
_ampl_elapsed_time = 0.054535
_ampl_user_time = 0.047703

Total time elapsed: $8806.37.
_total_solve_time = 8806.37

---------------------------- Solution miscs data ----------------------------
tetrahedron_volume [*] :=
 1 0    6 0   11 0   16 0   21 0   26 0   31 0   36 0   41 0   46 0
 2 0    7 0   12 0   17 0   22 0   27 0   32 0   37 0   42 0   47 0
 3 0    8 0   13 0   18 0   23 0   28 0   33 0   38 0   43 0   48 0
 4 0    9 0   14 0   19 0   24 0   29 0   34 0   39 0   44 0   49 0
 5 0   10 0   15 0   20 0   25 0   30 0   35 0   40 0   45 0   50 0
;

---------------------------- Solution miscs data ----------------------------
tetrahedron_surface_area [*] :=
 1 1.73205   10 1.73205   19 1.73205   28 1.73205   37 1.73205   46 1.73205
 2 1.73205   11 1.73205   20 1.73205   29 1.73205   38 1.73205   47 1.73205
 3 1.73205   12 1.73205   21 1.73205   30 1.73205   39 1.73205   48 1.73205
 4 1.73205   13 1.73205   22 1.73205   31 1.73205   40 1.73205   49 1.73205
 5 1.73205   14 1.73205   23 1.73205   32 1.73205   41 1.73205   50 1.73205
 6 1.73205   15 1.73205   24 1.73205   33 1.73205   42 1.73205
 7 1.73205   16 1.73205   25 1.73205   34 1.73205   43 1.73205
 8 1.73205   17 1.73205   26 1.73205   35 1.73205   44 1.73205
 9 1.73205   18 1.73205   27 1.73205   36 1.73205   45 1.73205
;

