Error at _cmdno 5 executing "solve" command
(file amplin, line 1977, offset 37909):
error processing param distances:
	3600 invalid subscripts discarded:
	distances[76,1,1]
	distances[76,1,2]
	distances[76,1,3]
	and 3597 more.
##### This license is only intended for use by NEOS. #####
##### License is valid until Jan 16, 2026 #####
ariables.
Adjusted problem:
14776 variables:
	9225 nonlinear variables
	5551 linear variables
30525 constraints; 179175 nonzeros
	25950 nonlinear constraints
	4575 linear constraints
	2850 equality constraints
	27675 inequality constraints
1 linear objective; 1 nonzero.

Artelys Knitro 14.2.0: threads=4
algorithm=1
ms_enable=1
ms_maxsolves=10
feastol=1e-5
opttol=1e-5
honorbnds=1
bar_initpt=3
bar_murule=4
scale=1
outlev=2
maxtime_real=1200
WARNING:  Option 'threads' is deprecated, please use 'numthreads'.

=======================================
           Academic License
       (NOT FOR COMMERCIAL USE)
         Artelys Knitro 14.2.0
=======================================

No start point provided -- Knitro computing one.

Knitro presolve eliminated 0 variables and 0 constraints.

algorithm                1
bar_initpt               3
bar_murule               4
concurrent_evals         0
datacheck                0
feastol                  1e-05
findiff_numthreads       1
hessian_no_f             1
hessopt                  1
honorbnds                1
maxtime_real             1200
ms_enable                1
ms_maxsolves             10
numthreads               4
opttol                   1e-05

Problem Characteristics                                 (   Presolved)
-----------------------
Objective goal:  Minimize
Objective type:  linear
Number of variables:                              14776 (       14776)
    bounded below only:                             901 (         901)
    bounded above only:                               0 (           0)
    bounded below and above:                          0 (           0)
    fixed:                                            0 (           0)
    free:                                         13875 (       13875)
Number of constraints:                            30525 (       30525)
    linear equalities:                                0 (           0)
    quadratic equalities:                          2775 (        2775)
    gen. nonlinear equalities:                       75 (          75)
    linear one-sided inequalities:                 4575 (        4575)
    quadratic one-sided inequalities:             23100 (       23100)
    gen. nonlinear one-sided inequalities:            0 (           0)
    linear two-sided inequalities:                    0 (           0)
    quadratic two-sided inequalities:                 0 (           0)
    gen. nonlinear two-sided inequalities:            0 (           0)
Number of nonzeros in Jacobian:                  179175 (      179175)
Number of nonzeros in Hessian:                    80775 (       80775)

Knitro parallel multistart will run with 4 threads.

Return codes description
------------------------
  0:  The final solution satisfies the termination conditions for verifying optimality.
  -100 to -199:  A feasible approximate solution was found.
  -200 to -299:  Knitro terminated at an infeasible point.
  -300 to -301:  The problem was determined to be unbounded.
  -400 to -499:  Knitro terminated because it reached a pre-defined limit.
    -400 to -409:  A feasible point was found.
    -410 to -419:  No feasible point was found.
  -500 to -599:  Knitro terminated with an input error or some non-standard error.
A more detailed description of individual return codes and their corresponding
termination messages is provided at
https://www.artelys.com/app/docs/knitro/3_referenceManual/returnCodes.html

 Solve #  ThreadID  Status     Objective      FeasError    OptError    Real Time 
--------  --------  ------  --------------   ----------   ----------  ----------
      3          2    -202         2620.36      51655.0      1.01220      573.093
      0          0       0         2.21324  5.36239e-05  8.98763e-06      2547.56
      5          0    -202         3179.97      63658.8     0.999998      3139.16
      7          3    -202         4177.70      57367.7      121.249      2314.04
      4          2    -410         886.542  5.12684e-02      1.29223      7824.57
      8          2    -410         858.663  5.84891e-02     0.398707      3759.13
      9          1    -410         1592.73     0.291442      1.82754      3942.38
      6          0    -410         1557.34  9.01166e-03     0.581574      5029.28
      1          3    -410         1127.36  2.20072e-03      1.77625      8241.77
      2          1    -410         5100.17  5.43483e-02      2.91872      8693.13

MULTISTART: Best locally optimal solution is returned.
EXIT: Locally optimal solution found.

Final Statistics
----------------
Final objective value               =   2.21323625870553e+00
Final feasibility error (abs / rel) =   5.36e-05 / 2.96e-06
Final optimality error  (abs / rel) =   8.99e-06 / 8.99e-06
# of iterations                     =      72305 
# of CG iterations                  =          0 
# of function evaluations           =      89964
# of gradient evaluations           =      72542
# of Hessian evaluations            =      72364
Total program time (secs)           =   12638.30176 ( 33860.383 CPU time)

===============================================================================

Knitro 14.2.0: Locally optimal or satisfactory solution.
objective 2.213236259; feasibility error 5.36e-05
72305 iterations; 89964 function evaluations

suffix feaserror OUT;
suffix opterror OUT;
suffix numfcevals OUT;
suffix numiters OUT;
---------------------------- Container and geometric considerations  ----------------------------
Container type: cube
Structural conservation type: volume & surface
---------------------------- Solution execution data ----------------------------
solve_result_num = 0
solve_result = solved

---------------------------- Solution data ----------------------------
card(figures) = 75

coords [*,*,1]
:       1         2         3         4       :=
1    20.201    19.9819   20.3338   21.1066
2    20.1936   20.1014   20.8139   20.9861
3    18.8934   19.6006   18.8934   18.8934
4    19.516    18.8934   18.8934   18.8934
5    20.2671   21.1066   21.0306   21.0107
6    18.8934   19.0849   18.8934   19.7602
7    19.6948   20.1319   20.7901   20.0676
8    21.1066   20.2201   20.1371   19.9402
9    20.5986   19.9899   20.9255   20.0849
10   18.8934   19.0194   18.8934   19.7602
11   19.0305   18.8934   19.8777   19.516
12   19.6156   18.9314   19.8314   19.6083
13   19.4904   19.9629   19.943    20.1411
14   20.5969   19.7409   19.6874   19.5595
15   20.0975   19.3048   19.271    18.8934
16   21.0079   21.1066   20.5732   20.8933
17   18.914    18.8934   19.6497   19.5266
18   19.9851   19.928    19.2868   19.6101
19   21.1066   21.1066   21.106    20.1952
20   21.1066   21.1066   21.0477   20.3763
21   21.1066   21.1066   20.6368   20.1422
22   18.8934   18.8934   18.9697   19.9063
23   19.6192   20.4804   20.0859   20.051
24   20.3688   19.7321   20.8938   20.4359
25   21.1066   21.1066   21.1066   20.2055
26   20.3143   19.9358   19.4437   19.6475
27   19.2077   19.6475   18.8934   19.8336
28   20.0561   20.9675   20.833    20.6447
29   20.9504   20.1426   20.1275   19.9414
30   19.7973   20.8866   19.7321   20.4359
31   19.6277   19.6463   20.2155   19.6176
32   18.9025   19.7602   19.7273   18.8934
33   21.1066   20.9502   20.0308   21.1066
34   19.7343   18.9745   19.9415   19.7885
35   19.3384   18.8934   19.9929   18.8934
36   19.9939   19.8487   20.609    20.9205
37   19.5104   18.8934   18.8988   19.6279
38   19.7367   20.6531   19.9406   19.8827
39   20.4786   20.6415   20.0513   20.0861
40   20.0487   19.9402   18.9331   19.6312
41   20.2978   20.1204   19.7063   19.3975
42   19.6097   20.3276   20.188    19.327
43   20.0266   21.1066   20.1402   20.692
44   19.7987   20.764    19.8343   20.2535
45   21.1062   20.3203   21.0974   21.1066
46   21.1066   21.1066   21.1066   20.307
47   20.9569   20.8896   20.1505   20.1267
48   19.3309   19.9882   20.1847   19.0002
49   20.3045   21.0793   19.8842   20.7447
50   18.8934   18.8934   19.5735   18.8934
51   19.9051   20.7734   20.8382   20.209
52   19.404    19.158    20.0094   18.8934
53   20.6101   20.9807   20.0728   19.7848
54   21.1066   20.1367   21.1066   21.1066
55   20.0318   18.8934   18.8934   19.2012
56   19.127    19.6291   18.8934   18.8934
57   20.9179   20.327    19.8043   20.0114
58   18.8934   18.8934   20.033    19.2167
59   20.047    20.8864   21.1066   21.1066
60   18.8934   19.9929   19.6028   19.3451
61   21.1066   20.8898   20.1745   19.9031
62   20.8869   20.0757   20.0379   21.1066
63   19.9317   19.7593   19.9081   18.8934
64   19.8731   19.9931   20.7023   19.8256
65   21.1066   21.1066   20.2662   21.1066
66   18.9263   19.619    19.6048   19.6171
67   21.1066   21.0883   21.0496   20.2436
68   20.0622   21.0327   21.1066   20.8724
69   19.7468   18.8934   19.2681   18.9464
70   19.7612   19.6123   19.1194   19.5253
71   18.8934   19.5861   18.9047   19.597
72   18.8934   19.1792   19.6266   19.7396
73   20.7524   19.8314   19.6152   20.2723
74   21.1066   20.1017   21.1066   20.6259
75   19.5854   19.4233   19.9835   20.327

 [*,*,2]
:       1         2         3         4       :=
1    21.1066   20.6091   19.9098   20.7576
2    20.5706   20.0699   21.0406   19.8488
3    20.527    20.0003   20.354    19.6693
4    19.7206   19.3745   19.309    20.481
5    20.1078   20.3859   19.7292   19.6508
6    20.408    19.7589   19.6588   19.7144
7    19.5577   20.3685   20.0269   19.9603
8    21.1066   20.3912   20.9313   20.9819
9    20.8469   20.4284   19.8289   19.81
10   19.6588   19.6284   18.8934   19.7144
11   20.417    20.3918   19.8082   20.7652
12   19.6162   18.8934   18.8934   19.7227
13   20.762    20.9288   20.1501   21.1066
14   20.3984   19.6425   20.2776   20.8225
15   20.4116   20.0109   21.08     20.408
16   19.9743   21.1066   20.7655   21.1066
17   18.8934   19.3428   19.4115   19.7591
18   20.888    19.8911   20.0602   21.0169
19   20.8182   20.3925   19.9712   20.4142
20   18.8934   18.8934   19.7984   18.9962
21   20.3925   19.9431   19.8675   20.4272
22   20.3973   21.1066   20.4275   20.9904
23   19.6414   19.865    20.5722   19.4872
24   18.8934   18.8934   18.8934   19.8175
25   18.8934   19.7218   19.7043   19.1469
26   20.0856   19.2411   19.8994   20.4103
27   19.8164   20.4103   20.408    19.6557
28   20.3969   19.7674   20.9178   20.8458
29   21.1      20.4214   21.1066   20.4562
30   19.3166   18.8934   18.8934   19.8175
31   20.5201   19.5384   20.3278   19.6456
32   19.4173   19.7144   18.8934   18.8934
33   19.8806   18.9269   19.5408   19.6517
34   18.8934   18.9136   19.5221   19.6877
35   20.0988   21.1066   21.0213   20.6416
36   19.6579   19.9034   19.9952   19.5722
37   19.6421   19.3194   20.4451   20.177
38   20.5639   20.8215   19.8508   20.6631
39   19.8703   19.9349   19.4858   20.5709
40   19.4819   20.1112   19.6303   20.6114
41   20.2337   21.1066   20.167    21.0333
42   19.0796   18.8934   19.7599   18.9297
43   20.3958   19.8657   20.045    20.8634
44   18.8934   19.5645   19.8831   19.0616
45   20.3651   20.3231   21.1066   21.1066
46   19.6517   19.9796   20.3925   19.5495
47   21.1066   21.1066   20.4262   21.1066
48   18.8934   19.5959   19.4638   19.6764
49   20.3071   21.1066   20.9673   20.7485
50   20.7033   20.6259   20.2897   19.5252
51   19.7878   19.5228   19.6567   19.1488
52   18.8934   18.8934   19.575    19.1436
53   19.911    18.8934   19.527    19.0342
54   19.638    19.1284   18.8934   19.795
55   21.1066   21.1066   21.1066   20.4745
56   19.9028   20.3569   19.5003   20.601
57   20.9228   21.1066   20.5891   21.1066
58   21.1015   21.1066   21.1066   20.4839
59   18.8934   19.6545   18.8934   18.8934
60   21.1066   21.0213   21.1066   20.1082
61   18.8934   19.6221   19.1556   18.9319
62   19.653    18.8934   18.8934   18.8934
63   18.8934   18.8934   19.4207   18.8934
64   19.8622   19.6592   19.5181   18.8934
65   19.9588   20.3859   20.1075   20.8192
66   19.2684   20.2398   19.7046   19.351
67   20.8349   21.1066   20.3673   20.4927
68   19.1145   19.7805   18.8934   18.8934
69   20.9699   21.1066   20.1117   21.1066
70   20.6338   19.5287   19.923    20.546
71   19.2222   20.1937   19.6592   19.1289
72   21.1066   19.9922   21.1066   20.7455
73   19.5429   18.8934   19.2083   19.9919
74   20.6281   20.0641   19.4245   19.6366
75   21.1066   20.3741   21.1066   21.1066

 [*,*,3]
:       1         2         3         4       :=
1    21.1066   20.6022   21.1066   21.0058
2    19.442    18.8934   18.8934   18.8934
3    19.6717   20.3009   20.8633   20.04
4    20.3728   20.1665   19.4278   19.6915
5    19.8465   20.6584   19.652    20.676
6    21.1066   20.1106   21.1066   21.1066
7    20.7122   20.7881   20.7791   19.818
8    19.8421   19.452    20.525    19.8024
9    20.0482   20.1134   20.5772   19.7152
10   21.1066   20.1612   21.1066   21.1066
11   19.8482   20.6032   20.4495   20.8937
12   20.168    20.3506   21.1066   20.9019
13   20.8643   19.7749   20.2483   20.9525
14   19.9679   19.586    19.2067   19.7435
15   21.1066   20.4674   21.0204   21.1066
16   20.7328   20.3353   19.936    21.0456
17   20.3979   19.8083   19.5978   20.7441
18   19.7506   20.4236   19.9943   20.4704
19   19.5355   18.9282   20.0191   19.6403
20   18.8934   19.8732   19.5674   18.971
21   18.9282   20.0365   19.1599   19.6484
22   20.8901   21.1066   20.1152   20.6212
23   19.4763   19.9531   19.4143   18.8934
24   18.8934   19.2736   19.5905   19.5908
25   21.1066   20.2327   20.9868   20.4147
26   21.1066   21.1066   20.2957   21.1066
27   20.1559   21.1066   21.1066   21.1066
28   20.1413   20.6137   20.8997   20.186
29   19.9917   20.5722   20.8554   19.8592
30   19.8792   19.5886   19.2736   19.5908
31   19.8361   20.5332   20.2558   19.4639
32   20.3154   21.1066   21.0192   21.1066
33   19.6286   18.9102   19.3876   18.8934
34   19.5599   20.293    20.5658   19.8592
35   19.953    20.3578   19.8753   19.7137
36   20.8356   19.6657   20.5949   20.0714
37   20.3474   19.429    19.6908   19.8473
38   18.8934   18.8934   18.8934   19.7804
39   19.9515   18.8934   18.8934   19.4142
40   18.8934   19.3455   18.8934   18.8934
41   21.1066   20.9584   20.3294   21.1066
42   18.8934   18.8934   19.7013   19.5624
43   20.7295   20.7816   20.086    20.7756
44   19.9127   19.6523   19.8228   20.4738
45   18.8934   19.3753   18.8934   19.8421
46   18.8934   19.9466   18.9282   19.1974
47   19.9875   21.1066   20.5657   20.8597
48   18.8934   19.6176   18.8934   18.9339
49   19.3839   19.8429   19.7955   18.9822
50   19.7089   18.9714   19.8587   19.4598
51   19.9162   20.7074   19.5124   20.4047
52   18.9305   20.1093   19.5989   19.4632
53   18.8934   18.8934   19.3669   18.8934
54   20.321    19.8215   20.365    19.5668
55   19.9806   20.3578   19.6162   19.3802
56   18.8934   19.8892   19.4708   18.9824
57   19.3021   18.8934   18.9881   20.0555
58   21.0994   20.3578   20.7467   20.1175
59   20.6075   20.1999   20.365    21.1066
60   20.3578   19.8753   20.574    19.9522
61   21.1066   21.1066   20.3908   21.1066
62   20.2002   20.6009   19.8102   20.365
63   20.9244   19.7326   20.4034   20.3288
64   19.8621   20.8293   20.6647   20.1906
65   20.0275   20.6584   19.8457   19.5349
66   19.5754   19.7378   20.4694   19.3184
67   19.4943   20.3164   20.6025   19.7167
68   19.808    19.5541   20.365    19.5923
69   19.7318   18.8934   19.0359   19.6331
70   18.9709   19.4045   18.8934   19.8405
71   19.5676   19.73     18.8934   19.1678
72   18.8934   18.9163   19.0044   19.6703
73   20.6825   21.1066   20.4709   21.1066
74   21.0689   20.9299   21.1066   20.5832
75   18.8934   19.1908   19.9651   18.8934
;

side = 2.21324
softness = 0.45

---------------------------- Solution coords data ----------------------------
distances [*,1,*]
:    1   2   3   4    :=
1    0   1   0   1
2    0   1   0   1
3    0   1   0   1
4    0   1   0   1
5    0   1   0   1
6    0   1   0   1
7    0   1   0   1
8    0   1   0   1
9    0   1   0   1
10   0   1   0   1
11   0   1   0   1
12   0   1   0   1
13   0   1   0   1
14   0   1   0   1
15   0   1   0   1
16   0   1   0   1
17   0   1   0   1
18   0   1   0   1
19   0   1   0   1
20   0   1   0   1
21   0   1   0   1
22   0   1   0   1
23   0   1   0   1
24   0   1   0   1
25   0   1   0   1
26   0   1   0   1
27   0   1   0   1
28   0   1   0   1
29   0   1   0   1
30   0   1   0   1
31   0   1   0   1
32   0   1   0   1
33   0   1   0   1
34   0   1   0   1
35   0   1   0   1
36   0   1   0   1
37   0   1   0   1
38   0   1   0   1
39   0   1   0   1
40   0   1   0   1
41   0   1   0   1
42   0   1   0   1
43   0   1   0   1
44   0   1   0   1
45   0   1   0   1
46   0   1   0   1
47   0   1   0   1
48   0   1   0   1
49   0   1   0   1
50   0   1   0   1
51   0   1   0   1
52   0   1   0   1
53   0   1   0   1
54   0   1   0   1
55   0   1   0   1
56   0   1   0   1
57   0   1   0   1
58   0   1   0   1
59   0   1   0   1
60   0   1   0   1
61   0   1   0   1
62   0   1   0   1
63   0   1   0   1
64   0   1   0   1
65   0   1   0   1
66   0   1   0   1
67   0   1   0   1
68   0   1   0   1
69   0   1   0   1
70   0   1   0   1
71   0   1   0   1
72   0   1   0   1
73   0   1   0   1
74   0   1   0   1
75   0   1   0   1

 [*,2,*]
:    1   2   3   4    :=
1    0   0   1   1
2    0   0   1   1
3    0   0   1   1
4    0   0   1   1
5    0   0   1   1
6    0   0   1   1
7    0   0   1   1
8    0   0   1   1
9    0   0   1   1
10   0   0   1   1
11   0   0   1   1
12   0   0   1   1
13   0   0   1   1
14   0   0   1   1
15   0   0   1   1
16   0   0   1   1
17   0   0   1   1
18   0   0   1   1
19   0   0   1   1
20   0   0   1   1
21   0   0   1   1
22   0   0   1   1
23   0   0   1   1
24   0   0   1   1
25   0   0   1   1
26   0   0   1   1
27   0   0   1   1
28   0   0   1   1
29   0   0   1   1
30   0   0   1   1
31   0   0   1   1
32   0   0   1   1
33   0   0   1   1
34   0   0   1   1
35   0   0   1   1
36   0   0   1   1
37   0   0   1   1
38   0   0   1   1
39   0   0   1   1
40   0   0   1   1
41   0   0   1   1
42   0   0   1   1
43   0   0   1   1
44   0   0   1   1
45   0   0   1   1
46   0   0   1   1
47   0   0   1   1
48   0   0   1   1
49   0   0   1   1
50   0   0   1   1
51   0   0   1   1
52   0   0   1   1
53   0   0   1   1
54   0   0   1   1
55   0   0   1   1
56   0   0   1   1
57   0   0   1   1
58   0   0   1   1
59   0   0   1   1
60   0   0   1   1
61   0   0   1   1
62   0   0   1   1
63   0   0   1   1
64   0   0   1   1
65   0   0   1   1
66   0   0   1   1
67   0   0   1   1
68   0   0   1   1
69   0   0   1   1
70   0   0   1   1
71   0   0   1   1
72   0   0   1   1
73   0   0   1   1
74   0   0   1   1
75   0   0   1   1

 [*,3,*]
:    1   2   3   4    :=
1    1   0   0   1
2    1   0   0   1
3    1   0   0   1
4    1   0   0   1
5    1   0   0   1
6    1   0   0   1
7    1   0   0   1
8    1   0   0   1
9    1   0   0   1
10   1   0   0   1
11   1   0   0   1
12   1   0   0   1
13   1   0   0   1
14   1   0   0   1
15   1   0   0   1
16   1   0   0   1
17   1   0   0   1
18   1   0   0   1
19   1   0   0   1
20   1   0   0   1
21   1   0   0   1
22   1   0   0   1
23   1   0   0   1
24   1   0   0   1
25   1   0   0   1
26   1   0   0   1
27   1   0   0   1
28   1   0   0   1
29   1   0   0   1
30   1   0   0   1
31   1   0   0   1
32   1   0   0   1
33   1   0   0   1
34   1   0   0   1
35   1   0   0   1
36   1   0   0   1
37   1   0   0   1
38   1   0   0   1
39   1   0   0   1
40   1   0   0   1
41   1   0   0   1
42   1   0   0   1
43   1   0   0   1
44   1   0   0   1
45   1   0   0   1
46   1   0   0   1
47   1   0   0   1
48   1   0   0   1
49   1   0   0   1
50   1   0   0   1
51   1   0   0   1
52   1   0   0   1
53   1   0   0   1
54   1   0   0   1
55   1   0   0   1
56   1   0   0   1
57   1   0   0   1
58   1   0   0   1
59   1   0   0   1
60   1   0   0   1
61   1   0   0   1
62   1   0   0   1
63   1   0   0   1
64   1   0   0   1
65   1   0   0   1
66   1   0   0   1
67   1   0   0   1
68   1   0   0   1
69   1   0   0   1
70   1   0   0   1
71   1   0   0   1
72   1   0   0   1
73   1   0   0   1
74   1   0   0   1
75   1   0   0   1

 [*,4,*]
:    1   2   3   4    :=
1    1   1   1   0
2    1   1   1   0
3    1   1   1   0
4    1   1   1   0
5    1   1   1   0
6    1   1   1   0
7    1   1   1   0
8    1   1   1   0
9    1   1   1   0
10   1   1   1   0
11   1   1   1   0
12   1   1   1   0
13   1   1   1   0
14   1   1   1   0
15   1   1   1   0
16   1   1   1   0
17   1   1   1   0
18   1   1   1   0
19   1   1   1   0
20   1   1   1   0
21   1   1   1   0
22   1   1   1   0
23   1   1   1   0
24   1   1   1   0
25   1   1   1   0
26   1   1   1   0
27   1   1   1   0
28   1   1   1   0
29   1   1   1   0
30   1   1   1   0
31   1   1   1   0
32   1   1   1   0
33   1   1   1   0
34   1   1   1   0
35   1   1   1   0
36   1   1   1   0
37   1   1   1   0
38   1   1   1   0
39   1   1   1   0
40   1   1   1   0
41   1   1   1   0
42   1   1   1   0
43   1   1   1   0
44   1   1   1   0
45   1   1   1   0
46   1   1   1   0
47   1   1   1   0
48   1   1   1   0
49   1   1   1   0
50   1   1   1   0
51   1   1   1   0
52   1   1   1   0
53   1   1   1   0
54   1   1   1   0
55   1   1   1   0
56   1   1   1   0
57   1   1   1   0
58   1   1   1   0
59   1   1   1   0
60   1   1   1   0
61   1   1   1   0
62   1   1   1   0
63   1   1   1   0
64   1   1   1   0
65   1   1   1   0
66   1   1   1   0
67   1   1   1   0
68   1   1   1   0
69   1   1   1   0
70   1   1   1   0
71   1   1   1   0
72   1   1   1   0
73   1   1   1   0
74   1   1   1   0
75   1   1   1   0
;

---------------------------- Solution stats data ----------------------------
_ampl_time = 0.246974
_total_solve_time = 33861
_ampl_elapsed_time = 0.340124
_ampl_user_time = 0.215101

Total time elapsed: $33861.04.
_total_solve_time = 33861

---------------------------- Solution miscs data ----------------------------
tetrahedron_volume [*] :=
 1 0    8 0   15 0   22 0   29 0   36 0   43 0   50 0   57 0   64 0   71 0
 2 0    9 0   16 0   23 0   30 0   37 0   44 0   51 0   58 0   65 0   72 0
 3 0   10 0   17 0   24 0   31 0   38 0   45 0   52 0   59 0   66 0   73 0
 4 0   11 0   18 0   25 0   32 0   39 0   46 0   53 0   60 0   67 0   74 0
 5 0   12 0   19 0   26 0   33 0   40 0   47 0   54 0   61 0   68 0   75 0
 6 0   13 0   20 0   27 0   34 0   41 0   48 0   55 0   62 0   69 0
 7 0   14 0   21 0   28 0   35 0   42 0   49 0   56 0   63 0   70 0
;

---------------------------- Solution miscs data ----------------------------
tetrahedron_surface_area [*] :=
 1 1.73205   14 1.73205   27 1.73205   40 1.73205   53 1.73205   66 1.73205
 2 1.73205   15 1.73205   28 1.73205   41 1.73205   54 1.73205   67 1.73205
 3 1.73205   16 1.73205   29 1.73205   42 1.73205   55 1.73205   68 1.73205
 4 1.73205   17 1.73205   30 1.73205   43 1.73205   56 1.73205   69 1.73205
 5 1.73205   18 1.73205   31 1.73205   44 1.73205   57 1.73205   70 1.73205
 6 1.73205   19 1.73205   32 1.73205   45 1.73205   58 1.73205   71 1.73205
 7 1.73205   20 1.73205   33 1.73205   46 1.73205   59 1.73205   72 1.73205
 8 1.73205   21 1.73205   34 1.73205   47 1.73205   60 1.73205   73 1.73205
 9 1.73205   22 1.73205   35 1.73205   48 1.73205   61 1.73205   74 1.73205
10 1.73205   23 1.73205   36 1.73205   49 1.73205   62 1.73205   75 1.73205
11 1.73205   24 1.73205   37 1.73205   50 1.73205   63 1.73205
12 1.73205   25 1.73205   38 1.73205   51 1.73205   64 1.73205
13 1.73205   26 1.73205   39 1.73205   52 1.73205   65 1.73205
;

