Error at _cmdno 5 executing "solve" command
(file amplin, line 1977, offset 38302):
error processing param distances:
	4000 invalid subscripts discarded:
	distances[51,1,1]
	distances[51,1,2]
	distances[51,1,3]
	and 3997 more.
##### This license is only intended for use by NEOS. #####
##### License is valid until Jan 16, 2026 #####
ariables.
Adjusted problem:
6726 variables:
	4276 nonlinear variables
	2450 linear variables
13150 constraints; 80325 nonzeros
	11925 nonlinear constraints
	1225 linear constraints
	1325 equality constraints
	11825 inequality constraints
1 linear objective; 1 nonzero.

Artelys Knitro 14.2.0: threads=4
algorithm=1
ms_enable=1
ms_maxsolves=10
feastol=1e-5
opttol=1e-5
honorbnds=1
bar_initpt=3
bar_murule=4
scale=1
outlev=2
maxtime_real=3600
WARNING:  Option 'threads' is deprecated, please use 'numthreads'.

=======================================
           Academic License
       (NOT FOR COMMERCIAL USE)
         Artelys Knitro 14.2.0
=======================================

No start point provided -- Knitro computing one.

Knitro presolve eliminated 0 variables and 0 constraints.

algorithm                1
bar_initpt               3
bar_murule               4
concurrent_evals         0
datacheck                0
feastol                  1e-05
findiff_numthreads       1
hessian_no_f             1
hessopt                  1
honorbnds                1
maxtime_real             3600
ms_enable                1
ms_maxsolves             10
numthreads               4
opttol                   1e-05

Problem Characteristics                                 (   Presolved)
-----------------------
Objective goal:  Minimize
Objective type:  linear
Number of variables:                               6726 (        6726)
    bounded below only:                             601 (         601)
    bounded above only:                               0 (           0)
    bounded below and above:                          0 (           0)
    fixed:                                            0 (           0)
    free:                                          6125 (        6125)
Number of constraints:                            13150 (       13150)
    linear equalities:                                0 (           0)
    quadratic equalities:                          1225 (        1225)
    gen. nonlinear equalities:                      100 (         100)
    linear one-sided inequalities:                 1225 (        1225)
    quadratic one-sided inequalities:             10600 (       10600)
    gen. nonlinear one-sided inequalities:            0 (           0)
    linear two-sided inequalities:                    0 (           0)
    quadratic two-sided inequalities:                 0 (           0)
    gen. nonlinear two-sided inequalities:            0 (           0)
Number of nonzeros in Jacobian:                   80325 (       80325)
Number of nonzeros in Hessian:                    36976 (       36976)

Knitro parallel multistart will run with 4 threads.

Return codes description
------------------------
  0:  The final solution satisfies the termination conditions for verifying optimality.
  -100 to -199:  A feasible approximate solution was found.
  -200 to -299:  Knitro terminated at an infeasible point.
  -300 to -301:  The problem was determined to be unbounded.
  -400 to -499:  Knitro terminated because it reached a pre-defined limit.
    -400 to -409:  A feasible point was found.
    -410 to -419:  No feasible point was found.
  -500 to -599:  Knitro terminated with an input error or some non-standard error.
A more detailed description of individual return codes and their corresponding
termination messages is provided at
https://www.artelys.com/app/docs/knitro/3_referenceManual/returnCodes.html

 Solve #  ThreadID  Status     Objective      FeasError    OptError    Real Time 
--------  --------  ------  --------------   ----------   ----------  ----------
      2          1    -202         2052.12      52885.6      2.11945      1968.62
      5          2    -202         1950.99      700079.      79.4305      4058.97
      4          1    -410         2642.55      1.48636      1.00000      5960.80
      7          0    -410         714.899      1.27809  3.30252e-02      4430.23
      6          3    -410         1139.51  3.70541e-02  5.40779e-02      5079.37
      9          2    -410         363.077      1.78588     0.559124      3028.23
      3          3    -410         896.476      4.31132      9.16439      5460.61
      8          1    -410         655.221      3.88693     0.186474      3783.39
      1          2    -410         3844.29  5.23212e-02     0.212170      5298.06
      0          0    -400         1.44417  2.99635e-09  1.46692e-02      6081.06

MULTISTART: Best locally optimal solution is returned.
EXIT: Locally optimal solution found.

Final Statistics
----------------
Final objective value               =   1.44416537164888e+00
Final feasibility error (abs / rel) =   3.00e-09 / 2.79e-12
Final optimality error  (abs / rel) =   1.47e-02 / 1.47e-02
# of iterations                     =      93570 
# of CG iterations                  =          0 
# of function evaluations           =     130725
# of gradient evaluations           =      93915
# of Hessian evaluations            =      93645
Total program time (secs)           =   12385.87695 ( 33690.633 CPU time)

===============================================================================

Knitro 14.2.0: Locally optimal or satisfactory solution.
objective 1.444165372; feasibility error 3e-09
93570 iterations; 130725 function evaluations

suffix feaserror OUT;
suffix opterror OUT;
suffix numfcevals OUT;
suffix numiters OUT;
---------------------------- Container and geometric considerations  ----------------------------
Container type: sphere
Structural conservation type: volume & surface
---------------------------- Solution execution data ----------------------------
solve_result_num = 0
solve_result = solved

---------------------------- Solution data ----------------------------
card(figures) = 50

coords [*,*,1]
:       1         2         3         4       :=
1    20.5267   20.3412   20.0735   21.0406
2    20.9042   21.3565   20.7119   20.3787
3    19.6007   18.7763   18.7837   19.3143
4    20.1896   19.321    19.6038   19.3263
5    19.8945   19.9734   19.4506   20.4472
6    20.1031   19.6888   19.7912   19.1245
7    19.3743   19.0156   19.9139   19.7833
8    20.9434   20.2803   20.2664   21.0139
9    20.461    21.4036   20.6902   21.0005
10   19.5076   18.7667   18.5796   18.7948
11   19.6734   19.7004   18.9112   19.0659
12   19.5523   18.9133   18.5667   19.0145
13   20.0751   20.1506   20.9423   20.1626
14   19.7939   19.7215   20.606    19.8872
15   20.0264   20.6778   20.2056   20.9071
16   19.5596   20.5296   20.2453   20.1708
17   20.0715   19.9067   20.5514   19.5704
18   20.4558   19.9924   19.4589   20.025
19   20.7522   20.0699   19.9302   19.8627
20   19.822    20.1154   20.7966   20.237
21   20.4874   19.9369   20.8771   20.1662
22   19.7096   19.626    20.4669   20.2416
23   20.5695   19.8195   20.1406   20.7143
24   19.0205   19.1421   19.8197   19.7424
25   21.2917   20.3571   20.5752   20.5708
26   20.8914   20.0637   20.0003   20.2316
27   19.1439   19.8226   19.8497   20.0954
28   20.1645   19.9007   20.0795   19.2619
29   19.7552   19.8608   20.5397   20.4802
30   19.6204   19.8178   20.001    20.568
31   19.5898   19.7071   19.328    18.7892
32   19.0833   18.9674   19.5699   18.579
33   19.2194   19.5373   18.5845   19.3114
34   19.7938   19.8054   19.7214   18.9604
35   19.7376   18.9679   19.0827   19.7176
36   20.0442   19.8529   19.5123   19.1153
37   19.7677   19.0161   19.9142   19.7836
38   19.8346   18.942    19.77     19.5924
39   20.4396   20.8332   20.0222   20.9094
40   20.4679   20.8934   21.1543   21.4271
41   19.9577   19.4813   19.9994   20.4803
42   20.611    21.2467   20.3633   21.0766
43   19.6263   19.0146   19.3686   18.6922
44   19.0173   18.5658   19.5556   19.1558
45   20.9269   21.3621   20.4521   21.2519
46   20.1663   21.1304   20.7091   20.878
47   20.7733   21.0207   20.0745   20.7796
48   20.1151   20.7965   20.2373   20.9438
49   21.0001   20.0304   20.4606   20.6897
50   19.8311   19.769    18.9417   19.4175

 [*,*,2]
:       1         2         3         4       :=
1    19.4976   19.9119   20.3875   20.3036
2    21.0365   20.439    21.136    20.3341
3    19.688    19.3942   19.4295   18.7305
4    20.5573   20.2556   19.9257   20.8791
5    20.5335   20.36     21.1468   21.1396
6    21.1947   20.2929   20.907    21.1157
7    19.3412   18.9767   18.6863   19.6175
8    18.923    19.6616   18.8706   19.5325
9    20.1147   19.7971   19.4514   20.3987
10   19.8828   19.3907   20.2554   19.4369
11   21.033    20.3205   20.3923   21.0881
12   20.0502   20.7018   19.9047   19.7875
13   19.6343   19.7305   19.4363   18.8216
14   19.1292   20.0862   19.7127   19.8578
15   21.4414   21.1223   20.463    21.0621
16   19.9313   20.1196   19.2403   20.0718
17   20.0512   20.8365   20.1243   19.9313
18   21.1369   20.476    21.1495   21.4414
19   18.8267   19.5271   18.9079   18.5625
20   20.1195   21.0471   20.3349   20.3047
21   21.1642   20.5964   20.3329   20.2673
22   20.2997   19.8207   20.3148   19.4698
23   18.8291   18.5673   19.5142   18.7994
24   19.6918   20.6815   20.1298   20.0645
25   19.5853   19.9184   18.9601   19.2991
26   21.0292   21.4393   20.832    20.4593
27   20.6803   20.1281   20.1925   20.9844
28   18.8085   19.6484   19.6647   19.2091
29   19.05     19.6145   18.912    19.7373
30   18.9519   18.5676   19.5336   18.8278
31   19.0049   19.6347   18.7224   19.4123
32   20.1447   19.2498   19.9308   20.0652
33   20.4659   19.914    20.2148   20.8788
34   19.1292   19.8548   20.0861   19.6462
35   19.4094   19.2477   20.1421   19.8465
36   21.4394   20.4581   21.0475   21.1081
37   18.8452   18.9763   18.6863   19.6173
38   20.5893   20.3739   20.2794   19.6401
39   20.3444   19.4741   19.4828   19.7577
40   20.3342   19.4505   20.2587   20.1783
41   20.4937   19.6444   19.7139   19.6789
42   19.5972   19.4986   19.9467   20.4011
43   19.7664   18.9753   19.3364   19.8576
44   20.1439   20.0528   19.9292   20.8393
45   21.0249   20.414    20.1997   20.1247
46   20.3095   20.3265   21.1375   20.3275
47   18.7982   19.7535   19.5114   19.4482
48   21.0474   20.3354   20.305    21.0052
49   20.3993   20.1801   20.1162   19.4523
50   20.6238   20.2792   20.3739   21.1886

 [*,*,3]
:       1         2         3         4       :=
1    18.7528   19.6439   18.8059   19.0461
2    20.4396   19.7775   19.4634   19.9594
3    19.986    20.4697   19.4705   19.95
4    19.9597   20.3527   19.4522   19.5709
5    18.6623   19.6441   19.3156   19.2343
6    20.0827   20.2055   20.9882   20.2726
7    21.1224   20.2632   20.5934   20.2529
8    19.8744   19.7521   19.1404   19.0847
9    20.1695   20.2723   20.8819   20.962
10   19.9811   20.4382   19.9723   19.4397
11   20.9548   20.2537   20.8636   20.1623
12   20.2329   20.6418   20.1475   21.0339
13   18.6055   19.5981   19.0626   19.1815
14   21.1335   21.4144   21.135    20.455
15   20.0831   19.3949   19.9801   20.3664
16   20.1503   19.9972   20.3789   20.9293
17   20.8826   20.2859   20.0083   20.0256
18   19.2351   19.8256   19.3137   20.0846
19   20.3778   20.1684   20.9412   20.0052
20   21.2199   20.9878   21.1571   20.329
21   19.2984   18.6863   18.9021   19.6024
22   20.0807   19.2068   19.4276   19.9125
23   19.3755   19.983    19.9644   20.3645
24   21.0151   20.9407   21.4268   20.4319
25   20.4949   20.3707   20.1855   21.1262
26   20.4808   20.0979   20.8897   19.991
27   20.9433   21.4274   20.4298   20.9888
28   19.2008   19.6751   18.6913   19.0434
29   21.0597   20.2411   20.4551   21.0165
30   19.0822   19.9841   19.8012   19.3764
31   19.0373   19.8052   19.9601   19.4767
32   18.8936   19.3244   19.7407   19.7535
33   20.5419   19.7711   19.8114   19.6358
34   21.1332   20.4451   21.4143   20.9376
35   18.7086   19.326    18.8939   19.6079
36   20.1082   20.0903   19.3576   20.2735
37   19.617    20.2633   20.5934   20.2524
38   18.6951   19.0911   19.6437   18.8956
39   19.7995   19.5033   20.0884   20.4592
40   19.8949   19.6998   19.1717   20.1304
41   18.9277   18.7      19.5525   18.6765
42   18.755    19.5207   19.6586   19.1251
43   20.2504   20.253    21.1157   20.5955
44   18.9517   19.8392   19.7666   19.6566
45   20.4194   19.7581   20.1133   20.7089
46   19.6036   19.8688   19.4628   18.9013
47   20.2079   20.3694   20.1545   19.4481
48   20.9871   21.157    20.3283   20.4293
49   20.9621   21.0696   20.1691   20.881
50   18.7086   19.6452   19.0914   19.4227
;

radius = 1.44417
softness = 0.01

---------------------------- Solution coords data ----------------------------
distances [*,1,*]
:    1   2   3   4    :=
1    0   1   0   1
2    0   1   0   1
3    0   1   0   1
4    0   1   0   1
5    0   1   0   1
6    0   1   0   1
7    0   1   0   1
8    0   1   0   1
9    0   1   0   1
10   0   1   0   1
11   0   1   0   1
12   0   1   0   1
13   0   1   0   1
14   0   1   0   1
15   0   1   0   1
16   0   1   0   1
17   0   1   0   1
18   0   1   0   1
19   0   1   0   1
20   0   1   0   1
21   0   1   0   1
22   0   1   0   1
23   0   1   0   1
24   0   1   0   1
25   0   1   0   1
26   0   1   0   1
27   0   1   0   1
28   0   1   0   1
29   0   1   0   1
30   0   1   0   1
31   0   1   0   1
32   0   1   0   1
33   0   1   0   1
34   0   1   0   1
35   0   1   0   1
36   0   1   0   1
37   0   1   0   1
38   0   1   0   1
39   0   1   0   1
40   0   1   0   1
41   0   1   0   1
42   0   1   0   1
43   0   1   0   1
44   0   1   0   1
45   0   1   0   1
46   0   1   0   1
47   0   1   0   1
48   0   1   0   1
49   0   1   0   1
50   0   1   0   1

 [*,2,*]
:    1   2   3   4    :=
1    0   0   1   1
2    0   0   1   1
3    0   0   1   1
4    0   0   1   1
5    0   0   1   1
6    0   0   1   1
7    0   0   1   1
8    0   0   1   1
9    0   0   1   1
10   0   0   1   1
11   0   0   1   1
12   0   0   1   1
13   0   0   1   1
14   0   0   1   1
15   0   0   1   1
16   0   0   1   1
17   0   0   1   1
18   0   0   1   1
19   0   0   1   1
20   0   0   1   1
21   0   0   1   1
22   0   0   1   1
23   0   0   1   1
24   0   0   1   1
25   0   0   1   1
26   0   0   1   1
27   0   0   1   1
28   0   0   1   1
29   0   0   1   1
30   0   0   1   1
31   0   0   1   1
32   0   0   1   1
33   0   0   1   1
34   0   0   1   1
35   0   0   1   1
36   0   0   1   1
37   0   0   1   1
38   0   0   1   1
39   0   0   1   1
40   0   0   1   1
41   0   0   1   1
42   0   0   1   1
43   0   0   1   1
44   0   0   1   1
45   0   0   1   1
46   0   0   1   1
47   0   0   1   1
48   0   0   1   1
49   0   0   1   1
50   0   0   1   1

 [*,3,*]
:    1   2   3   4    :=
1    1   0   0   1
2    1   0   0   1
3    1   0   0   1
4    1   0   0   1
5    1   0   0   1
6    1   0   0   1
7    1   0   0   1
8    1   0   0   1
9    1   0   0   1
10   1   0   0   1
11   1   0   0   1
12   1   0   0   1
13   1   0   0   1
14   1   0   0   1
15   1   0   0   1
16   1   0   0   1
17   1   0   0   1
18   1   0   0   1
19   1   0   0   1
20   1   0   0   1
21   1   0   0   1
22   1   0   0   1
23   1   0   0   1
24   1   0   0   1
25   1   0   0   1
26   1   0   0   1
27   1   0   0   1
28   1   0   0   1
29   1   0   0   1
30   1   0   0   1
31   1   0   0   1
32   1   0   0   1
33   1   0   0   1
34   1   0   0   1
35   1   0   0   1
36   1   0   0   1
37   1   0   0   1
38   1   0   0   1
39   1   0   0   1
40   1   0   0   1
41   1   0   0   1
42   1   0   0   1
43   1   0   0   1
44   1   0   0   1
45   1   0   0   1
46   1   0   0   1
47   1   0   0   1
48   1   0   0   1
49   1   0   0   1
50   1   0   0   1

 [*,4,*]
:    1   2   3   4    :=
1    1   1   1   0
2    1   1   1   0
3    1   1   1   0
4    1   1   1   0
5    1   1   1   0
6    1   1   1   0
7    1   1   1   0
8    1   1   1   0
9    1   1   1   0
10   1   1   1   0
11   1   1   1   0
12   1   1   1   0
13   1   1   1   0
14   1   1   1   0
15   1   1   1   0
16   1   1   1   0
17   1   1   1   0
18   1   1   1   0
19   1   1   1   0
20   1   1   1   0
21   1   1   1   0
22   1   1   1   0
23   1   1   1   0
24   1   1   1   0
25   1   1   1   0
26   1   1   1   0
27   1   1   1   0
28   1   1   1   0
29   1   1   1   0
30   1   1   1   0
31   1   1   1   0
32   1   1   1   0
33   1   1   1   0
34   1   1   1   0
35   1   1   1   0
36   1   1   1   0
37   1   1   1   0
38   1   1   1   0
39   1   1   1   0
40   1   1   1   0
41   1   1   1   0
42   1   1   1   0
43   1   1   1   0
44   1   1   1   0
45   1   1   1   0
46   1   1   1   0
47   1   1   1   0
48   1   1   1   0
49   1   1   1   0
50   1   1   1   0
;

---------------------------- Solution stats data ----------------------------
_ampl_time = 0.153903
_total_solve_time = 33691
_ampl_elapsed_time = 0.148077
_ampl_user_time = 0.132163

Total time elapsed: $33691.03.
_total_solve_time = 33691

---------------------------- Solution miscs data ----------------------------
tetrahedron_volume [*] :=
 1 0.117851   11 0.117851   21 0.117851   31 0.117851   41 0.117851
 2 0.117851   12 0.117851   22 0.117851   32 0.117851   42 0.117851
 3 0.117851   13 0.117851   23 0.117851   33 0.117851   43 0.117851
 4 0.117851   14 0.117851   24 0.117851   34 0.117851   44 0.117851
 5 0.117851   15 0.117851   25 0.117851   35 0.117851   45 0.117851
 6 0.117851   16 0.117851   26 0.117851   36 0.117851   46 0.117851
 7 0.117851   17 0.117851   27 0.117851   37 0.117851   47 0.117851
 8 0.117851   18 0.117851   28 0.117851   38 0.117851   48 0.117851
 9 0.117851   19 0.117851   29 0.117851   39 0.117851   49 0.117851
10 0.117851   20 0.117851   30 0.117851   40 0.117851   50 0.117851
;

---------------------------- Solution miscs data ----------------------------
tetrahedron_surface_area [*] :=
 1 1.73205   10 1.73205   19 1.73205   28 1.73205   37 1.73205   46 1.73205
 2 1.73205   11 1.73205   20 1.73205   29 1.73205   38 1.73205   47 1.73205
 3 1.73205   12 1.73205   21 1.73205   30 1.73205   39 1.73205   48 1.73205
 4 1.73205   13 1.73205   22 1.73205   31 1.73205   40 1.73205   49 1.73205
 5 1.73205   14 1.73205   23 1.73205   32 1.73205   41 1.73205   50 1.73205
 6 1.73205   15 1.73205   24 1.73205   33 1.73205   42 1.73205
 7 1.73205   16 1.73205   25 1.73205   34 1.73205   43 1.73205
 8 1.73205   17 1.73205   26 1.73205   35 1.73205   44 1.73205
 9 1.73205   18 1.73205   27 1.73205   36 1.73205   45 1.73205
;

