Error at _cmdno 5 executing "solve" command
(file amplin, line 1945, offset 37257):
error processing param distances:
	3680 invalid subscripts discarded:
	distances[71,1,1]
	distances[71,1,2]
	distances[71,1,3]
	and 3677 more.
##### This license is only intended for use by NEOS. #####
##### License is valid until Jan 16, 2026 #####
ariables.
Adjusted problem:
12916 variables:
	8086 nonlinear variables
	4830 linear variables
25340 constraints; 154315 nonzeros
	22925 nonlinear constraints
	2415 linear constraints
	2485 equality constraints
	22855 inequality constraints
1 linear objective; 1 nonzero.

Artelys Knitro 14.2.0: threads=4
algorithm=1
ms_enable=1
ms_maxsolves=10
feastol=1e-5
opttol=1e-5
honorbnds=1
bar_initpt=3
bar_murule=4
scale=1
outlev=2
maxtime_real=3600
WARNING:  Option 'threads' is deprecated, please use 'numthreads'.

=======================================
           Academic License
       (NOT FOR COMMERCIAL USE)
         Artelys Knitro 14.2.0
=======================================

No start point provided -- Knitro computing one.

Knitro presolve eliminated 0 variables and 0 constraints.

algorithm                1
bar_initpt               3
bar_murule               4
concurrent_evals         0
datacheck                0
feastol                  1e-05
findiff_numthreads       1
hessian_no_f             1
hessopt                  1
honorbnds                1
maxtime_real             3600
ms_enable                1
ms_maxsolves             10
numthreads               4
opttol                   1e-05

Problem Characteristics                                 (   Presolved)
-----------------------
Objective goal:  Minimize
Objective type:  linear
Number of variables:                              12916 (       12916)
    bounded below only:                             841 (         841)
    bounded above only:                               0 (           0)
    bounded below and above:                          0 (           0)
    fixed:                                            0 (           0)
    free:                                         12075 (       12075)
Number of constraints:                            25340 (       25340)
    linear equalities:                                0 (           0)
    quadratic equalities:                          2415 (        2415)
    gen. nonlinear equalities:                       70 (          70)
    linear one-sided inequalities:                 2415 (        2415)
    quadratic one-sided inequalities:             20440 (       20440)
    gen. nonlinear one-sided inequalities:            0 (           0)
    linear two-sided inequalities:                    0 (           0)
    quadratic two-sided inequalities:                 0 (           0)
    gen. nonlinear two-sided inequalities:            0 (           0)
Number of nonzeros in Jacobian:                  154315 (      154315)
Number of nonzeros in Hessian:                    70666 (       70666)

Knitro parallel multistart will run with 4 threads.

Return codes description
------------------------
  0:  The final solution satisfies the termination conditions for verifying optimality.
  -100 to -199:  A feasible approximate solution was found.
  -200 to -299:  Knitro terminated at an infeasible point.
  -300 to -301:  The problem was determined to be unbounded.
  -400 to -499:  Knitro terminated because it reached a pre-defined limit.
    -400 to -409:  A feasible point was found.
    -410 to -419:  No feasible point was found.
  -500 to -599:  Knitro terminated with an input error or some non-standard error.
A more detailed description of individual return codes and their corresponding
termination messages is provided at
https://www.artelys.com/app/docs/knitro/3_referenceManual/returnCodes.html

 Solve #  ThreadID  Status     Objective      FeasError    OptError    Real Time 
--------  --------  ------  --------------   ----------   ----------  ----------
      0          0       0         1.14341  9.29643e-04  9.66646e-06      884.936
      6          1    -202         20780.2      1.69413     0.999938      1982.49
      3          1    -410         461.184  6.60846e-02  3.35773e-02      5011.18
      2          2    -410         2477.50     0.357654      2.06260      5156.82
      7          2    -410         196.611     0.681633     0.125290      5469.07
      1          3    -410         1255.91  9.04293e-02  7.97451e-02      5004.76
      4          0    -410         1063.23  9.34582e-02     0.274977      5601.82
      5          3    -400         6.49603  3.84894e-04  1.79733e-03      5192.39
      8          0    -410         440.110  5.83673e-03  1.22795e-02      4903.84
      9          1    -410         2171.72      18.4607      1.00000      4713.92

MULTISTART: Best locally optimal solution is returned.
EXIT: Locally optimal solution found.

Final Statistics
----------------
Final objective value               =   1.14341479723492e+00
Final feasibility error (abs / rel) =   9.30e-04 / 8.68e-07
Final optimality error  (abs / rel) =   9.67e-06 / 9.67e-06
# of iterations                     =      85481 
# of CG iterations                  =          0 
# of function evaluations           =     100465
# of gradient evaluations           =      85754
# of Hessian evaluations            =      85551
Total program time (secs)           =   11708.34277 ( 37891.523 CPU time)

===============================================================================

Knitro 14.2.0: Locally optimal or satisfactory solution.
objective 1.143414797; feasibility error 0.00093
85481 iterations; 100465 function evaluations

suffix feaserror OUT;
suffix opterror OUT;
suffix numfcevals OUT;
suffix numiters OUT;
---------------------------- Container and geometric considerations  ----------------------------
Container type: sphere
Structural conservation type: surface
---------------------------- Solution execution data ----------------------------
solve_result_num = 0
solve_result = solved

---------------------------- Solution data ----------------------------
card(figures) = 70

coords [*,*,1]
:       1         2         3         4       :=
1    20.9146   20.3125   19.6964   19.8436
2    20.1194   18.9625   19.2088   19.6177
3    19.7465   20.2383   19.3974   18.9979
4    20.2897   20.2492   19.5788   19.0882
5    20.9032   19.9656   20.4511   19.7982
6    19.4787   18.9225   19.981    19.8293
7    20.9586   19.8653   20.3766   21.1122
8    20.1032   18.9279   19.4871   19.0478
9    19.5375   20.1333   20.3619   19.5007
10   20.8718   19.5911   20.1871   19.6588
11   19.0882   20.2897   19.5636   20.2492
12   20.2924   19.5635   20.2512   20.8296
13   19.1215   19.6652   20.3677   19.9781
14   20.7638   19.9175   20.6987   21.0358
15   18.9169   19.0195   19.4006   20.0773
16   20.233    20.4699   19.7587   20.7649
17   19.0311   19.5788   19.0999   20.2879
18   19.5061   18.9399   19.09     20.1907
19   20.4699   19.5576   20.2329   19.7587
20   20.0523   20.7888   20.0078   21.0406
21   19.479    20.0432   19.9626   18.9171
22   18.8745   19.978    18.9702   19.6251
23   21.1077   21.0942   20.4773   20.223
24   21.0312   19.7898   20.1059   20.0037
25   20.5124   20.0578   19.8049   21.1
26   19.3543   20.0049   18.8761   18.9726
27   20.0153   19.911    19.644    18.9437
28   19.9175   19.9926   20.3191   20.9287
29   20.484    21.1391   20.959    20.1418
30   20.0814   20.0973   19.8885   21.021
31   20.5523   20.0446   19.8961   19.2715
32   20.394    20.1478   19.6169   19.119
33   20.905    19.7105   19.648    19.9864
34   19.7661   19.9548   20.2646   21.0089
35   20.1534   18.9804   19.9973   19.3699
36   19.902    18.964    20.0189   19.4136
37   20.457    20.0667   20.7941   19.6123
38   21.0322   20.184    19.7573   20.6516
39   19.9142   20.4364   19.3922   20.5247
40   20.4004   20.9249   19.8978   21.1419
41   19.4602   20.7553   20.1595   20.0034
42   18.9272   19.1694   20.1025   19.4863
43   19.2882   20.1381   19.8455   18.9079
44   19.9218   19.0212   18.9082   19.8285
45   20.3622   19.5434   20.1333   20.6024
46   19.346    19.7522   20.1406   18.9684
47   20.7577   19.7439   19.9775   20.7555
48   19.8629   21.022    20.9055   20.5355
49   19.8015   20.7036   20.8216   20.2122
50   19.9497   20.3919   19.609    19.1448
51   19.748    20.5206   20.0177   19.2703
52   20.896    19.66     20.5728   20.1246
53   20.9452   20.3574   19.7609   19.8144
54   18.9691   19.6453   20.1397   19.552
55   19.1937   20.1645   18.8901   18.9671
56   19.0187   20.1423   19.5546   19.3726
57   19.3034   18.9132   18.9242   20.0839
58   21.1417   19.9012   20.9958   20.7925
59   20.4205   19.4063   20.7013   19.9125
60   20.6016   20.7381   20.0925   19.4811
61   19.488    19.0352   19.9735   20.2824
62   19.0415   18.9449   19.4733   20.1809
63   20.7698   20.3897   19.9531   21.0675
64   19.5267   20.1809   20.7778   19.664
65   19.7627   20.7686   20.0109   20.6152
66   19.3513   18.9346   20.0313   20.0104
67   19.8504   20.8735   20.5241   19.9904
68   21.0598   20.0178   20.2245   20.0083
69   19.8673   20.7564   20.2661   21.0765
70   20.5167   19.8621   21.0149   19.8934

 [*,*,2]
:       1         2         3         4       :=
1    19.5109   19.0238   19.0867   20.1189
2    20.8694   20.449    20.1656   20.4995
3    20.2619   19.1832   19.1109   19.5771
4    20.314    20.302    20.1268   20.4698
5    20.5447   19.9706   20.2776   20.1244
6    18.9927   19.6404   18.9095   19.9349
7    19.551    20.1246   19.048    20.0239
8    20.841    20.3866   19.9927   20.1679
9    20.4232   20.493    19.4144   19.7765
10   19.4952   19.2669   19.9964   19.681
11   20.4698   20.314    20.8573   20.302
12   20.312    20.8573   20.3005   20.7071
13   19.6094   19.3401   19.2314   20.3004
14   19.8227   20.5868   20.783    20.1684
15   20.36     20.0007   20.7622   20.5627
16   19.5692   20.5667   20.7775   20.1256
17   19.9849   20.1268   20.4536   20.3136
18   19.9569   19.7433   19.6859   20.0744
19   20.5667   20.3156   19.5692   20.7775
20   19.8707   20.1844   19.5049   19.5261
21   20.8084   20.5351   21.0913   20.3605
22   20.1959   20.4697   19.7723   19.7148
23   19.7829   20.3213   19.556    20.7156
24   19.5079   19.1698   19.3966   18.9141
25   20.2834   20.0321   19.9138   20.047
26   19.6933   20.4217   19.7902   20.2727
27   19.0505   20.0373   18.9284   19.5773
28   20.5868   20.0694   20.888    19.8336
29   20.2851   20.0134   20.581    20.0933
30   18.9333   19.3823   18.8715   19.4876
31   19.3185   20.304    19.38     19.5606
32   19.2139   20.1711   20.0857   19.4752
33   19.4325   18.9181   19.3907   19.7594
34   19.0885   19.4959   19.9352   19.4682
35   19.2036   19.6533   20.2999   19.3844
36   20.0965   19.5298   19.0524   19.9042
37   20.3926   20.0186   20.5394   20.0056
38   20.1593   21.1263   20.2232   20.9055
39   20.3586   19.4094   19.9737   20.1604
40   18.99     19.3384   20.1326   20.0197
41   19.2101   19.3155   19.1607   20.257
42   20.3855   19.9696   20.8399   19.9916
43   19.1079   19.992    18.9312   19.6986
44   19.957    19.5271   19.697    18.9202
45   19.4139   20.4276   20.4926   20.21
46   20.3891   20.7739   20.9905   20.456
47   19.4052   20.1582   19.3577   20.1519
48   19.2586   19.8548   19.473    20.2426
49   20.8359   20.8819   20.0726   21.0937
50   20.4084   19.4558   19.6903   19.6941
51   18.9441   19.3657   19.9791   19.7312
52   19.9999   19.6351   20.2889   20.0151
53   20.5514   20.9121   21.0102   20.0292
54   20.4564   20.9834   20.9897   20.6811
55   20.6306   20.22     20.2741   19.7408
56   19.9945   20.6559   20.0524   20.7431
57   20.7099   19.8227   20.2006   20.1861
58   20.03     19.6285   19.449    20.1394
59   19.0632   19.7695   19.9214   18.9178
60   20.0532   20.8423   21.1119   20.5015
61   19.9495   19.9858   20.2299   20.3121
62   19.7648   19.9305   19.9475   20.2637
63   19.5719   19.8207   20.5882   20.3545
64   19.6835   18.9671   19.554    18.9202
65   20.7543   20.1212   21.1433   20.9518
66   19.2923   19.7032   20.1535   19.0144
67   20.6477   20.0553   19.5394   19.6237
68   19.5764   18.8571   19.5762   19.042
69   20.7955   20.8292   19.8149   20.379
70   19.2089   19.2831   19.6499   20.2321

 [*,*,3]
:       1         2         3         4       :=
1    19.5723   19.4932   19.3826   20.0004
2    19.804    20.1713   19.1913   19.0452
3    20.1111   19.5685   19.6079   19.6472
4    20.0234   21.0743   21.0554   20.5052
5    20.4415   21.1425   19.972    19.8916
6    19.8941   20.1307   20.3433   20.7244
7    19.5798   19.9987   19.4909   19.9454
8    19.7546   20.0895   18.9795   19.3896
9    19.0438   19.7915   19.0955   18.996
10   20.0099   20.0983   20.9998   20.4504
11   20.5052   20.0234   20.6181   21.0743
12   20.0212   20.6179   21.0743   20.3451
13   19.381    19.1283   19.316    19.9528
14   19.1678   19.0221   20.0474   19.5459
15   20.0683   19.6186   20.606    19.5095
16   19.0855   19.8911   19.209    19.7216
17   20.1374   21.0554   20.5398   20.0259
18   21.0303   19.8755   20.6169   20.036
19   19.891    18.994    19.0855   19.209
20   20.7751   20.807    20.0143   19.9977
21   20.6183   19.4751   20.3392   20.0693
22   19.9519   20.0032   19.5583   19.0004
23   19.8174   19.9173   19.0606   19.5997
24   19.977    20.1882   20.849    19.642
25   20.9821   20.8084   19.9545   20.0251
26   19.3173   20.1811   20.0164   20.4212
27   20.6369   20.8118   20.1801   20.1133
28   19.0221   18.8587   19.8196   19.3541
29   20.9959   19.9018   20.2242   19.7775
30   19.5963   20.8203   20.1464   19.952
31   19.2666   19.9529   19.0451   19.2361
32   19.4151   19.8908   19.9948   19.4941
33   19.9219   19.8303   20.2655   20.7875
34   20.0243   20.685    20.8814   19.9181
35   19.267    19.6159   19.9553   19.271
36   20.8206   20.1142   20.6396   20.9769
37   20.9718   21.1413   20.1928   20.0571
38   19.8572   20.0703   19.5914   20.2508
39   19.849    19.1236   19.0949   19.7132
40   19.6437   19.8802   20.0006   19.9436
41   19.3739   19.482    19.2401   19.9283
42   20.0885   19.4856   19.7536   18.9785
43   19.9294   20.3723   19.6729   20.1546
44   20.3449   19.6452   20.1536   19.6653
45   19.0954   19.0512   19.7912   19.7799
46   19.1466   19.1956   19.9873   20.1879
47   19.384    19.7081   19.0543   19.7355
48   20.5261   20.4918   19.9954   20.9807
49   19.2455   20.1858   19.2081   19.7428
50   19.9214   19.1487   18.9711   19.3053
51   19.6409   19.8355   20.3614   19.8909
52   20.0854   20.2837   20.9465   21.1365
53   20.1842   20.5897   20.4793   19.7987
54   20.1904   20.4632   19.9776   19.1983
55   20.5094   19.7485   20.0187   19.5838
56   19.608    19.6105   19.5105   20.6012
57   20.5641   19.692    20.3312   19.7356
58   19.9448   19.9483   19.8892   20.7512
59   19.4971   19.9124   19.9071   19.6413
60   19.6844   20.2305   20.2502   20.1684
61   21.0211   20.248    21.1198   20.0529
62   19.7969   20.4351   21.0135   20.1878
63   19.2709   18.9401   19.2824   19.9176
64   20.4152   19.5442   20.0716   19.8307
65   19.185    19.721    20.006    20.1516
66   19.3788   19.7099   20.0831   19.4492
67   19.2272   19.777    19.0941   18.9203
68   20.0684   19.9702   21.038    20.6241
69   20.3232   20.2185   19.5621   20.0698
70   19.3562   19.1199   19.6064   19.8704
;

radius = 1.14341
softness = 0.7

---------------------------- Solution coords data ----------------------------
distances [*,1,*]
:    1   2   3   4    :=
1    0   1   0   1
2    0   1   0   1
3    0   1   0   1
4    0   1   0   1
5    0   1   0   1
6    0   1   0   1
7    0   1   0   1
8    0   1   0   1
9    0   1   0   1
10   0   1   0   1
11   0   1   0   1
12   0   1   0   1
13   0   1   0   1
14   0   1   0   1
15   0   1   0   1
16   0   1   0   1
17   0   1   0   1
18   0   1   0   1
19   0   1   0   1
20   0   1   0   1
21   0   1   0   1
22   0   1   0   1
23   0   1   0   1
24   0   1   0   1
25   0   1   0   1
26   0   1   0   1
27   0   1   0   1
28   0   1   0   1
29   0   1   0   1
30   0   1   0   1
31   0   1   0   1
32   0   1   0   1
33   0   1   0   1
34   0   1   0   1
35   0   1   0   1
36   0   1   0   1
37   0   1   0   1
38   0   1   0   1
39   0   1   0   1
40   0   1   0   1
41   0   1   0   1
42   0   1   0   1
43   0   1   0   1
44   0   1   0   1
45   0   1   0   1
46   0   1   0   1
47   0   1   0   1
48   0   1   0   1
49   0   1   0   1
50   0   1   0   1
51   0   1   0   1
52   0   1   0   1
53   0   1   0   1
54   0   1   0   1
55   0   1   0   1
56   0   1   0   1
57   0   1   0   1
58   0   1   0   1
59   0   1   0   1
60   0   1   0   1
61   0   1   0   1
62   0   1   0   1
63   0   1   0   1
64   0   1   0   1
65   0   1   0   1
66   0   1   0   1
67   0   1   0   1
68   0   1   0   1
69   0   1   0   1
70   0   1   0   1

 [*,2,*]
:    1   2   3   4    :=
1    0   0   1   1
2    0   0   1   1
3    0   0   1   1
4    0   0   1   1
5    0   0   1   1
6    0   0   1   1
7    0   0   1   1
8    0   0   1   1
9    0   0   1   1
10   0   0   1   1
11   0   0   1   1
12   0   0   1   1
13   0   0   1   1
14   0   0   1   1
15   0   0   1   1
16   0   0   1   1
17   0   0   1   1
18   0   0   1   1
19   0   0   1   1
20   0   0   1   1
21   0   0   1   1
22   0   0   1   1
23   0   0   1   1
24   0   0   1   1
25   0   0   1   1
26   0   0   1   1
27   0   0   1   1
28   0   0   1   1
29   0   0   1   1
30   0   0   1   1
31   0   0   1   1
32   0   0   1   1
33   0   0   1   1
34   0   0   1   1
35   0   0   1   1
36   0   0   1   1
37   0   0   1   1
38   0   0   1   1
39   0   0   1   1
40   0   0   1   1
41   0   0   1   1
42   0   0   1   1
43   0   0   1   1
44   0   0   1   1
45   0   0   1   1
46   0   0   1   1
47   0   0   1   1
48   0   0   1   1
49   0   0   1   1
50   0   0   1   1
51   0   0   1   1
52   0   0   1   1
53   0   0   1   1
54   0   0   1   1
55   0   0   1   1
56   0   0   1   1
57   0   0   1   1
58   0   0   1   1
59   0   0   1   1
60   0   0   1   1
61   0   0   1   1
62   0   0   1   1
63   0   0   1   1
64   0   0   1   1
65   0   0   1   1
66   0   0   1   1
67   0   0   1   1
68   0   0   1   1
69   0   0   1   1
70   0   0   1   1

 [*,3,*]
:    1   2   3   4    :=
1    1   0   0   1
2    1   0   0   1
3    1   0   0   1
4    1   0   0   1
5    1   0   0   1
6    1   0   0   1
7    1   0   0   1
8    1   0   0   1
9    1   0   0   1
10   1   0   0   1
11   1   0   0   1
12   1   0   0   1
13   1   0   0   1
14   1   0   0   1
15   1   0   0   1
16   1   0   0   1
17   1   0   0   1
18   1   0   0   1
19   1   0   0   1
20   1   0   0   1
21   1   0   0   1
22   1   0   0   1
23   1   0   0   1
24   1   0   0   1
25   1   0   0   1
26   1   0   0   1
27   1   0   0   1
28   1   0   0   1
29   1   0   0   1
30   1   0   0   1
31   1   0   0   1
32   1   0   0   1
33   1   0   0   1
34   1   0   0   1
35   1   0   0   1
36   1   0   0   1
37   1   0   0   1
38   1   0   0   1
39   1   0   0   1
40   1   0   0   1
41   1   0   0   1
42   1   0   0   1
43   1   0   0   1
44   1   0   0   1
45   1   0   0   1
46   1   0   0   1
47   1   0   0   1
48   1   0   0   1
49   1   0   0   1
50   1   0   0   1
51   1   0   0   1
52   1   0   0   1
53   1   0   0   1
54   1   0   0   1
55   1   0   0   1
56   1   0   0   1
57   1   0   0   1
58   1   0   0   1
59   1   0   0   1
60   1   0   0   1
61   1   0   0   1
62   1   0   0   1
63   1   0   0   1
64   1   0   0   1
65   1   0   0   1
66   1   0   0   1
67   1   0   0   1
68   1   0   0   1
69   1   0   0   1
70   1   0   0   1

 [*,4,*]
:    1   2   3   4    :=
1    1   1   1   0
2    1   1   1   0
3    1   1   1   0
4    1   1   1   0
5    1   1   1   0
6    1   1   1   0
7    1   1   1   0
8    1   1   1   0
9    1   1   1   0
10   1   1   1   0
11   1   1   1   0
12   1   1   1   0
13   1   1   1   0
14   1   1   1   0
15   1   1   1   0
16   1   1   1   0
17   1   1   1   0
18   1   1   1   0
19   1   1   1   0
20   1   1   1   0
21   1   1   1   0
22   1   1   1   0
23   1   1   1   0
24   1   1   1   0
25   1   1   1   0
26   1   1   1   0
27   1   1   1   0
28   1   1   1   0
29   1   1   1   0
30   1   1   1   0
31   1   1   1   0
32   1   1   1   0
33   1   1   1   0
34   1   1   1   0
35   1   1   1   0
36   1   1   1   0
37   1   1   1   0
38   1   1   1   0
39   1   1   1   0
40   1   1   1   0
41   1   1   1   0
42   1   1   1   0
43   1   1   1   0
44   1   1   1   0
45   1   1   1   0
46   1   1   1   0
47   1   1   1   0
48   1   1   1   0
49   1   1   1   0
50   1   1   1   0
51   1   1   1   0
52   1   1   1   0
53   1   1   1   0
54   1   1   1   0
55   1   1   1   0
56   1   1   1   0
57   1   1   1   0
58   1   1   1   0
59   1   1   1   0
60   1   1   1   0
61   1   1   1   0
62   1   1   1   0
63   1   1   1   0
64   1   1   1   0
65   1   1   1   0
66   1   1   1   0
67   1   1   1   0
68   1   1   1   0
69   1   1   1   0
70   1   1   1   0
;

---------------------------- Solution stats data ----------------------------
_ampl_time = 0.222352
_total_solve_time = 37892.1
_ampl_elapsed_time = 0.217232
_ampl_user_time = 0.174715

Total time elapsed: $37892.08.
_total_solve_time = 37892.1

---------------------------- Solution miscs data ----------------------------
tetrahedron_volume [*] :=
 1 0    8 0   15 0   22 0   29 0   36 0   43 0   50 0   57 0   64 0
 2 0    9 0   16 0   23 0   30 0   37 0   44 0   51 0   58 0   65 0
 3 0   10 0   17 0   24 0   31 0   38 0   45 0   52 0   59 0   66 0
 4 0   11 0   18 0   25 0   32 0   39 0   46 0   53 0   60 0   67 0
 5 0   12 0   19 0   26 0   33 0   40 0   47 0   54 0   61 0   68 0
 6 0   13 0   20 0   27 0   34 0   41 0   48 0   55 0   62 0   69 0
 7 0   14 0   21 0   28 0   35 0   42 0   49 0   56 0   63 0   70 0
;

---------------------------- Solution miscs data ----------------------------
tetrahedron_surface_area [*] :=
 1 1.73205   13 1.73205   25 1.73205   37 1.73205   49 1.73205   61 1.73205
 2 1.73205   14 1.73205   26 1.73205   38 1.73205   50 1.73205   62 1.73205
 3 1.73205   15 1.73205   27 1.73205   39 1.73205   51 1.73205   63 1.73205
 4 1.73205   16 1.73205   28 1.73205   40 1.73205   52 1.73205   64 1.73205
 5 1.73205   17 1.73205   29 1.73205   41 1.73205   53 1.73205   65 1.73205
 6 1.73205   18 1.73205   30 1.73205   42 1.73205   54 1.73205   66 1.73205
 7 1.73205   19 1.73205   31 1.73205   43 1.73205   55 1.73205   67 1.73205
 8 1.73205   20 1.73205   32 1.73205   44 1.73205   56 1.73205   68 1.73205
 9 1.73205   21 1.73205   33 1.73205   45 1.73205   57 1.73205   69 1.73205
10 1.73205   22 1.73205   34 1.73205   46 1.73205   58 1.73205   70 1.73205
11 1.73205   23 1.73205   35 1.73205   47 1.73205   59 1.73205
12 1.73205   24 1.73205   36 1.73205   48 1.73205   60 1.73205
;

