Error at _cmdno 5 executing "solve" command
(file amplin, line 1977, offset 37909):
error processing param distances:
	4080 invalid subscripts discarded:
	distances[46,1,1]
	distances[46,1,2]
	distances[46,1,3]
	and 4077 more.
##### This license is only intended for use by NEOS. #####
##### License is valid until Jan 16, 2026 #####
riables.
Adjusted problem:
5491 variables:
	3510 nonlinear variables
	1981 linear variables
11565 constraints; 66330 nonzeros
	9495 nonlinear constraints
	2070 linear constraints
	1035 equality constraints
	10530 inequality constraints
1 linear objective; 1 nonzero.

Artelys Knitro 14.2.0: threads=4
algorithm=1
ms_enable=1
ms_maxsolves=10
feastol=1e-5
opttol=1e-5
honorbnds=1
bar_initpt=3
bar_murule=4
scale=1
outlev=2
maxtime_real=1200
WARNING:  Option 'threads' is deprecated, please use 'numthreads'.

=======================================
           Academic License
       (NOT FOR COMMERCIAL USE)
         Artelys Knitro 14.2.0
=======================================

No start point provided -- Knitro computing one.

Knitro presolve eliminated 0 variables and 0 constraints.

algorithm                1
bar_initpt               3
bar_murule               4
concurrent_evals         0
datacheck                0
feastol                  1e-05
findiff_numthreads       1
hessian_no_f             1
hessopt                  1
honorbnds                1
maxtime_real             1200
ms_enable                1
ms_maxsolves             10
numthreads               4
opttol                   1e-05

Problem Characteristics                                 (   Presolved)
-----------------------
Objective goal:  Minimize
Objective type:  linear
Number of variables:                               5491 (        5491)
    bounded below only:                             541 (         541)
    bounded above only:                               0 (           0)
    bounded below and above:                          0 (           0)
    fixed:                                            0 (           0)
    free:                                          4950 (        4950)
Number of constraints:                            11565 (       11565)
    linear equalities:                                0 (           0)
    quadratic equalities:                           990 (         990)
    gen. nonlinear equalities:                       45 (          45)
    linear one-sided inequalities:                 2070 (        2070)
    quadratic one-sided inequalities:              8460 (        8460)
    gen. nonlinear one-sided inequalities:            0 (           0)
    linear two-sided inequalities:                    0 (           0)
    quadratic two-sided inequalities:                 0 (           0)
    gen. nonlinear two-sided inequalities:            0 (           0)
Number of nonzeros in Jacobian:                   66330 (       66330)
Number of nonzeros in Hessian:                    30240 (       30240)

Knitro parallel multistart will run with 4 threads.

Return codes description
------------------------
  0:  The final solution satisfies the termination conditions for verifying optimality.
  -100 to -199:  A feasible approximate solution was found.
  -200 to -299:  Knitro terminated at an infeasible point.
  -300 to -301:  The problem was determined to be unbounded.
  -400 to -499:  Knitro terminated because it reached a pre-defined limit.
    -400 to -409:  A feasible point was found.
    -410 to -419:  No feasible point was found.
  -500 to -599:  Knitro terminated with an input error or some non-standard error.
A more detailed description of individual return codes and their corresponding
termination messages is provided at
https://www.artelys.com/app/docs/knitro/3_referenceManual/returnCodes.html

 Solve #  ThreadID  Status     Objective      FeasError    OptError    Real Time 
--------  --------  ------  --------------   ----------   ----------  ----------
      8          1    -202         1156.18      10763.5     0.999986      116.940
      6          1    -202         433.584      18151.5      1.83544      159.314
      1          2    -202         2576.76      57825.7      15.8634      660.605
      0          0       0         1.90946  5.87621e-05  6.25473e-06      600.973
      5          2    -410         383.206  4.82072e-02     0.254794      1847.33
      3          1    -410         443.442     0.119739     0.996108      1691.70
      2          3    -410         245.803     0.427157     0.317405      1707.44
      7          3    -410         1295.05  2.05939e-02     0.529308      1764.78
      4          0    -410         1709.72  9.70891e-04  2.09324e-02      1905.41
      9          1    -410         6112.96     0.298323      41.5309      1732.46

MULTISTART: Best locally optimal solution is returned.
EXIT: Locally optimal solution found.

Final Statistics
----------------
Final objective value               =   1.90946232533854e+00
Final feasibility error (abs / rel) =   5.88e-05 / 3.19e-06
Final optimality error  (abs / rel) =   6.25e-06 / 6.25e-06
# of iterations                     =      69677 
# of CG iterations                  =          0 
# of function evaluations           =      84310
# of gradient evaluations           =      69864
# of Hessian evaluations            =      69734
Total program time (secs)           =    3701.20557 ( 11526.131 CPU time)

===============================================================================

Knitro 14.2.0: Locally optimal or satisfactory solution.
objective 1.909462325; feasibility error 5.88e-05
69677 iterations; 84310 function evaluations

suffix feaserror OUT;
suffix opterror OUT;
suffix numfcevals OUT;
suffix numiters OUT;
---------------------------- Container and geometric considerations  ----------------------------
Container type: cube
Structural conservation type: volume & surface
---------------------------- Solution execution data ----------------------------
solve_result_num = 0
solve_result = solved

---------------------------- Solution data ----------------------------
card(figures) = 45

coords [*,*,1]
:       1         2         3         4       :=
1    20.9547   20.9547   20.7432   20.006
2    20.9547   20.0697   20.8204   20.9547
3    20.914    20.6572   19.7874   20.6535
4    19.0482   19.5637   19.6988   19.2859
5    19.2611   20.0284   19.2546   19.9693
6    20.0025   19.9056   19.3431   19.0453
7    20.8817   20.9547   20.9547   20.1397
8    20.0066   20.4222   20.9547   20.099
9    20.9547   20.7602   20.9547   20.1407
10   19.0453   19.8337   19.0453   19.0453
11   20.0853   19.0453   19.2402   19.0453
12   19.399    19.6381   19.0453   19.0453
13   20.7791   19.985    19.8838   20.6796
14   20.3117   19.8064   20.5392   20.9547
15   20.9547   20.1258   20.9507   20.9526
16   19.9265   20.424    19.7518   19.4725
17   19.9854   19.0669   19.3958   19.8413
18   19.0453   19.9647   19.5484   20.1777
19   20.2916   19.3296   19.4734   19.9188
20   19.8672   19.6681   20.2543   19.6012
21   20.5392   20.1565   19.3685   19.9413
22   19.0453   19.9987   19.5767   19.2299
23   20.8874   20.6786   20.0714   19.9609
24   19.0453   19.0493   19.8006   19.0453
25   20.9547   20.9547   20.9547   20.3505
26   20.9381   19.9104   20.1523   19.9968
27   19.0453   19.0453   19.838    19.0453
28   19.8413   19.8469   20.7912   20.0249
29   19.9968   20.6782   20.8644   19.8279
30   20.9547   20.9547   20.2185   20.9547
31   20.2832   19.4928   20.6292   19.8991
32   19.8715   19.9606   19.3761   19.0453
33   20.8902   20.9547   20.3255   20.0155
34   20.7961   19.9285   19.9851   20.8728
35   19.4725   20.0058   20.424    19.9265
36   19.0453   19.2406   20.0122   19.5452
37   19.7207   19.2785   19.89     20.4499
38   19.7743   20.1258   20.6629   20.894
39   20.6683   20.9337   19.8501   19.9919
40   20.0474   20.9547   20.9547   20.9547
41   19.0453   19.0453   19.5452   19.0453
42   19.8587   20.4449   19.8064   20.9188
43   19.1508   19.0453   19.0453   19.9056
44   19.0453   19.0453   19.0453   19.7772
45   19.5692   19.9779   20.6654   19.9839

 [*,*,2]
:       1         2         3         4       :=
1    20.7456   20.9547   20.029    20.9539
2    19.7141   19.4352   20.3124   19.9604
3    19.9488   20.9547   20.226    20.2028
4    19.0453   19.9959   19.0453   19.6998
5    20.9547   20.9547   20.2245   20.9547
6    20.9086   20.1424   20.2329   20.9547
7    19.0453   19.0453   19.8464   19.6158
8    20.9547   20.4689   20.725    19.9086
9    19.0453   20.1281   19.8464   19.6151
10   19.8294   19.7379   19.0453   20.2285
11   19.9883   20.2285   20.7671   19.8408
12   19.8491   19.9492   19.095    20.2238
13   20.0597   20.9348   20.12     20.9547
14   19.7227   19.0453   19.0453   19.0453
15   20.9547   20.8721   20.9547   20.0321
16   19.8211   20.478    19.5053   20.448
17   19.735    19.0621   19.0453   19.0453
18   20.9547   20.4141   19.9527   20.9547
19   19.6729   19.1663   19.6542   20.1046
20   19.0878   19.0453   19.791    19.7971
21   19.0453   20.0994   19.2168   19.0453
22   20.9547   20.7049   19.8976   20.7641
23   20.5397   19.9662   19.6929   20.0952
24   20.1286   20.2376   19.7313   19.223
25   19.8467   20.3018   20.7461   19.8703
26   20.7714   20.185    20.9547   20.9547
27   19.223    20.1286   19.6608   19.0453
28   19.0453   19.0453   19.0453   19.9218
29   20.9158   19.966    20.4766   20.1191
30   19.9522   19.0453   19.5087   19.7058
31   19.7951   19.7654   20.0099   19.1059
32   19.846    20.8593   20.0931   20.1097
33   19.1335   20.315    19.4725   19.9303
34   19.1169   19.0453   19.7312   19.0453
35   20.448    20.9547   20.478    19.8211
36   20.9547   20.1685   20.7864   20.9547
37   19.0453   19.9591   20.1765   19.9326
38   20.2216   20.8721   20.9324   19.9722
39   20.1864   19.9476   20.151    19.3696
40   19.6016   19.0658   19.0453   19.9604
41   19.9392   20.9425   20.9547   20.9547
42   19.2708   19.9012   19.0453   19.0453
43   20.2047   20.9547   20.1286   20.1424
44   19.7905   19.0453   19.0453   19.0453
45   19.8525   20.1757   19.9839   20.9337

 [*,*,3]
:       1         2         3         4       :=
1    19.7213   20.5823   19.9257   19.9583
2    20.2025   19.4684   19.7273   19.0453
3    19.0453   19.6128   19.2774   19.7986
4    20.4016   20.1047   19.4134   19.4451
5    19.6615   19.5552   20.0729   20.6094
6    20.8943   20.9547   20.1811   20.9547
7    20.9547   20.0803   20.951    20.231
8    19.9592   20.9547   20.4539   20.4888
9    20.0802   20.1281   20.951    20.2308
10   19.7526   19.0453   19.0453   19.0453
11   19.5018   19.0453   19.7835   19.7323
12   19.6046   20.7591   20.1944   20.1841
13   19.9091   19.9683   19.3613   19.6261
14   19.9883   19.6488   19.0453   19.9218
15   19.0453   19.0453   19.8895   19.1487
16   20.2227   20.9547   20.9104   20.2521
17   20.633    20.9547   19.8736   20.9547
18   19.0453   19.5575   19.0453   19.0453
19   20.5029   20.0361   20.6202   19.6209
20   19.4617   20.5345   20.331    19.6233
21   19.0453   19.0453   19.0453   19.5377
22   19.0453   19.6998   19.0457   19.773
23   20.6286   19.7809   20.759    20.0422
24   20.9547   20.1879   20.9489   20.1932
25   20.9503   19.8581   20.9547   20.4373
26   20.9547   20.9547   20.0893   20.9547
27   20.1932   20.9547   20.9547   20.9547
28   20.9547   20.1802   20.8931   20.9547
29   19.9634   19.7807   20.5353   20.0906
30   19.0839   19.8366   19.3761   20.2411
31   20.3651   19.4851   19.7063   19.4834
32   19.5562   19.7731   20.4595   19.7593
33   20.9547   20.9547   20.4123   20.9547
34   19.993    20.2417   20.5972   20.9547
35   20.2521   19.9577   20.9547   20.2227
36   20.9547   20.1135   20.7638   20.0418
37   19.3731   19.4931   19.0702   19.6574
38   19.276    19.0453   19.6002   19.0453
39   19.7488   19.0547   19.0453   19.4777
40   19.2814   19.8196   19.0453   19.0453
41   20.0062   20.6333   20.0418   19.4501
42   20.388    20.0778   19.6488   19.9132
43   20.0457   20.9547   20.9547   20.9547
44   19.7175   19.0453   20.2285   19.2988
45   20.2098   19.46     19.7841   19.9669
;

side = 1.90946
softness = 0.4

---------------------------- Solution coords data ----------------------------
distances [*,1,*]
:    1   2   3   4    :=
1    0   1   0   1
2    0   1   0   1
3    0   1   0   1
4    0   1   0   1
5    0   1   0   1
6    0   1   0   1
7    0   1   0   1
8    0   1   0   1
9    0   1   0   1
10   0   1   0   1
11   0   1   0   1
12   0   1   0   1
13   0   1   0   1
14   0   1   0   1
15   0   1   0   1
16   0   1   0   1
17   0   1   0   1
18   0   1   0   1
19   0   1   0   1
20   0   1   0   1
21   0   1   0   1
22   0   1   0   1
23   0   1   0   1
24   0   1   0   1
25   0   1   0   1
26   0   1   0   1
27   0   1   0   1
28   0   1   0   1
29   0   1   0   1
30   0   1   0   1
31   0   1   0   1
32   0   1   0   1
33   0   1   0   1
34   0   1   0   1
35   0   1   0   1
36   0   1   0   1
37   0   1   0   1
38   0   1   0   1
39   0   1   0   1
40   0   1   0   1
41   0   1   0   1
42   0   1   0   1
43   0   1   0   1
44   0   1   0   1
45   0   1   0   1

 [*,2,*]
:    1   2   3   4    :=
1    0   0   1   1
2    0   0   1   1
3    0   0   1   1
4    0   0   1   1
5    0   0   1   1
6    0   0   1   1
7    0   0   1   1
8    0   0   1   1
9    0   0   1   1
10   0   0   1   1
11   0   0   1   1
12   0   0   1   1
13   0   0   1   1
14   0   0   1   1
15   0   0   1   1
16   0   0   1   1
17   0   0   1   1
18   0   0   1   1
19   0   0   1   1
20   0   0   1   1
21   0   0   1   1
22   0   0   1   1
23   0   0   1   1
24   0   0   1   1
25   0   0   1   1
26   0   0   1   1
27   0   0   1   1
28   0   0   1   1
29   0   0   1   1
30   0   0   1   1
31   0   0   1   1
32   0   0   1   1
33   0   0   1   1
34   0   0   1   1
35   0   0   1   1
36   0   0   1   1
37   0   0   1   1
38   0   0   1   1
39   0   0   1   1
40   0   0   1   1
41   0   0   1   1
42   0   0   1   1
43   0   0   1   1
44   0   0   1   1
45   0   0   1   1

 [*,3,*]
:    1   2   3   4    :=
1    1   0   0   1
2    1   0   0   1
3    1   0   0   1
4    1   0   0   1
5    1   0   0   1
6    1   0   0   1
7    1   0   0   1
8    1   0   0   1
9    1   0   0   1
10   1   0   0   1
11   1   0   0   1
12   1   0   0   1
13   1   0   0   1
14   1   0   0   1
15   1   0   0   1
16   1   0   0   1
17   1   0   0   1
18   1   0   0   1
19   1   0   0   1
20   1   0   0   1
21   1   0   0   1
22   1   0   0   1
23   1   0   0   1
24   1   0   0   1
25   1   0   0   1
26   1   0   0   1
27   1   0   0   1
28   1   0   0   1
29   1   0   0   1
30   1   0   0   1
31   1   0   0   1
32   1   0   0   1
33   1   0   0   1
34   1   0   0   1
35   1   0   0   1
36   1   0   0   1
37   1   0   0   1
38   1   0   0   1
39   1   0   0   1
40   1   0   0   1
41   1   0   0   1
42   1   0   0   1
43   1   0   0   1
44   1   0   0   1
45   1   0   0   1

 [*,4,*]
:    1   2   3   4    :=
1    1   1   1   0
2    1   1   1   0
3    1   1   1   0
4    1   1   1   0
5    1   1   1   0
6    1   1   1   0
7    1   1   1   0
8    1   1   1   0
9    1   1   1   0
10   1   1   1   0
11   1   1   1   0
12   1   1   1   0
13   1   1   1   0
14   1   1   1   0
15   1   1   1   0
16   1   1   1   0
17   1   1   1   0
18   1   1   1   0
19   1   1   1   0
20   1   1   1   0
21   1   1   1   0
22   1   1   1   0
23   1   1   1   0
24   1   1   1   0
25   1   1   1   0
26   1   1   1   0
27   1   1   1   0
28   1   1   1   0
29   1   1   1   0
30   1   1   1   0
31   1   1   1   0
32   1   1   1   0
33   1   1   1   0
34   1   1   1   0
35   1   1   1   0
36   1   1   1   0
37   1   1   1   0
38   1   1   1   0
39   1   1   1   0
40   1   1   1   0
41   1   1   1   0
42   1   1   1   0
43   1   1   1   0
44   1   1   1   0
45   1   1   1   0
;

---------------------------- Solution stats data ----------------------------
_ampl_time = 0.097482
_total_solve_time = 11526.4
_ampl_elapsed_time = 0.091737
_ampl_user_time = 0.071912

Total time elapsed: $11526.36.
_total_solve_time = 11526.4

---------------------------- Solution miscs data ----------------------------
tetrahedron_volume [*] :=
 1 0    6 0   11 0   16 0   21 0   26 0   31 0   36 0   41 0
 2 0    7 0   12 0   17 0   22 0   27 0   32 0   37 0   42 0
 3 0    8 0   13 0   18 0   23 0   28 0   33 0   38 0   43 0
 4 0    9 0   14 0   19 0   24 0   29 0   34 0   39 0   44 0
 5 0   10 0   15 0   20 0   25 0   30 0   35 0   40 0   45 0
;

---------------------------- Solution miscs data ----------------------------
tetrahedron_surface_area [*] :=
 1 1.73205    9 1.73205   17 1.73205   25 1.73205   33 1.73205   41 1.73205
 2 1.73205   10 1.73205   18 1.73205   26 1.73205   34 1.73205   42 1.73205
 3 1.73205   11 1.73205   19 1.73205   27 1.73205   35 1.73205   43 1.73205
 4 1.73205   12 1.73205   20 1.73205   28 1.73205   36 1.73205   44 1.73205
 5 1.73205   13 1.73205   21 1.73205   29 1.73205   37 1.73205   45 1.73205
 6 1.73205   14 1.73205   22 1.73205   30 1.73205   38 1.73205
 7 1.73205   15 1.73205   23 1.73205   31 1.73205   39 1.73205
 8 1.73205   16 1.73205   24 1.73205   32 1.73205   40 1.73205
;

