Error at _cmdno 5 executing "solve" command
(file amplin, line 1977, offset 37900):
error processing param distances:
	4000 invalid subscripts discarded:
	distances[51,1,1]
	distances[51,1,2]
	distances[51,1,3]
	and 3997 more.
##### This license is only intended for use by NEOS. #####
##### License is valid until Jan 16, 2026 #####
riables.
Adjusted problem:
6726 variables:
	4275 nonlinear variables
	2451 linear variables
14100 constraints; 81325 nonzeros
	11675 nonlinear constraints
	2425 linear constraints
	1275 equality constraints
	12825 inequality constraints
1 linear objective; 1 nonzero.

Artelys Knitro 14.2.0: threads=4
algorithm=1
ms_enable=1
ms_maxsolves=10
feastol=1e-5
opttol=1e-5
honorbnds=1
bar_initpt=3
bar_murule=4
scale=1
outlev=2
maxtime_real=1200
WARNING:  Option 'threads' is deprecated, please use 'numthreads'.

=======================================
           Academic License
       (NOT FOR COMMERCIAL USE)
         Artelys Knitro 14.2.0
=======================================

No start point provided -- Knitro computing one.

Knitro presolve eliminated 0 variables and 0 constraints.

algorithm                1
bar_initpt               3
bar_murule               4
concurrent_evals         0
datacheck                0
feastol                  1e-05
findiff_numthreads       1
hessian_no_f             1
hessopt                  1
honorbnds                1
maxtime_real             1200
ms_enable                1
ms_maxsolves             10
numthreads               4
opttol                   1e-05

Problem Characteristics                                 (   Presolved)
-----------------------
Objective goal:  Minimize
Objective type:  linear
Number of variables:                               6726 (        6726)
    bounded below only:                             601 (         601)
    bounded above only:                               0 (           0)
    bounded below and above:                          0 (           0)
    fixed:                                            0 (           0)
    free:                                          6125 (        6125)
Number of constraints:                            14100 (       14100)
    linear equalities:                                0 (           0)
    quadratic equalities:                          1225 (        1225)
    gen. nonlinear equalities:                       50 (          50)
    linear one-sided inequalities:                 2425 (        2425)
    quadratic one-sided inequalities:             10400 (       10400)
    gen. nonlinear one-sided inequalities:            0 (           0)
    linear two-sided inequalities:                    0 (           0)
    quadratic two-sided inequalities:                 0 (           0)
    gen. nonlinear two-sided inequalities:            0 (           0)
Number of nonzeros in Jacobian:                   81325 (       81325)
Number of nonzeros in Hessian:                    36975 (       36975)

Knitro parallel multistart will run with 4 threads.

Return codes description
------------------------
  0:  The final solution satisfies the termination conditions for verifying optimality.
  -100 to -199:  A feasible approximate solution was found.
  -200 to -299:  Knitro terminated at an infeasible point.
  -300 to -301:  The problem was determined to be unbounded.
  -400 to -499:  Knitro terminated because it reached a pre-defined limit.
    -400 to -409:  A feasible point was found.
    -410 to -419:  No feasible point was found.
  -500 to -599:  Knitro terminated with an input error or some non-standard error.
A more detailed description of individual return codes and their corresponding
termination messages is provided at
https://www.artelys.com/app/docs/knitro/3_referenceManual/returnCodes.html

 Solve #  ThreadID  Status     Objective      FeasError    OptError    Real Time 
--------  --------  ------  --------------   ----------   ----------  ----------
      2          1    -202         1914.41      13742.8     0.999996      144.453
      6          3    -202         32574.0     0.510152     0.999975      477.722
      0          0       0         2.02485  7.31885e-05  1.59151e-07      416.523
      1          3    -410         196.446  9.96593e-02  8.65561e-02      1232.17
      8          0    -410         17910.3     0.453182     0.999991      1236.59
      5          0    -410         931.803      1.54128     0.616630      1255.34
      9          3    -410         2001.43     0.880543      4.48233      1069.89
      7          2    -410         1955.36  2.20561e-02      1.94803      1112.09
      3          2    -410         11008.1     0.164551     0.166639      1548.58
      4          1    -410         36030.3     0.409760      7.87903      1626.52

MULTISTART: Best locally optimal solution is returned.
EXIT: Locally optimal solution found.

Final Statistics
----------------
Final objective value               =   2.02485471366411e+00
Final feasibility error (abs / rel) =   7.32e-05 / 4.00e-06
Final optimality error  (abs / rel) =   1.59e-07 / 1.59e-07
# of iterations                     =      78648 
# of CG iterations                  =          0 
# of function evaluations           =     107663
# of gradient evaluations           =      79031
# of Hessian evaluations            =      78716
Total program time (secs)           =    2910.21167 ( 10067.679 CPU time)

===============================================================================

Knitro 14.2.0: Locally optimal or satisfactory solution.
objective 2.024854714; feasibility error 7.32e-05
78648 iterations; 107663 function evaluations

suffix feaserror OUT;
suffix opterror OUT;
suffix numfcevals OUT;
suffix numiters OUT;
---------------------------- Container and geometric considerations  ----------------------------
Container type: cube
Structural conservation type: surface
---------------------------- Solution execution data ----------------------------
solve_result_num = 0
solve_result = solved

---------------------------- Solution data ----------------------------
card(figures) = 50

coords [*,*,1]
:       1         2         3         4       :=
1    21.0124   20.7399   20.021    20.3637
2    20.4328   19.5691   19.9329   20.4939
3    18.9876   19.6604   19.2011   20.0656
4    20.4623   19.7107   19.7135   19.5537
5    20.0479   19.6064   19.3398   18.9876
6    20.8485   20.3981   20.1285   21.0124
7    19.8831   20.1285   20.4078   19.3967
8    21.0124   20.3901   21.0124   21.0124
9    21.0124   19.9592   20.7705   20.755
10   20.1399   19.4499   18.9998   19.833
11   20.938    20.2111   21.0118   20.2825
12   19.1      19.704    19.5542   19.7128
13   19.8381   20.4423   19.9936   19.5823
14   19.9905   20.7951   21.0124   20.7824
15   18.9876   19.1591   19.7811   19.7901
16   21.0124   21.0124   20.4001   21.0124
17   18.9876   18.9876   18.9876   19.7948
18   19.7298   18.9876   18.9876   19.0907
19   19.7933   19.8657   20.4708   19.4369
20   20.7904   19.854    20.6217   19.9905
21   20.2522   19.5493   19.572    20.1399
22   19.7492   18.9876   18.9876   18.9876
23   20.9107   20.3788   20.1916   21.0061
24   20.345    20.1399   21.0124   21.0124
25   21.0124   20.938    20.1767   21.0124
26   19.8283   20.1285   19.3865   18.9967
27   19.1675   18.9876   18.9876   19.807
28   20.217    21.0124   21.0124   21.0124
29   20.0164   19.3289   20.255    20.1131
30   21.0124   20.9377   20.2177   21.0124
31   20.0151   19.2031   19.4469   20.1118
32   20.3216   21.0124   19.8803   20.1399
33   18.9876   18.9876   19.7945   19.7326
34   19.4062   20.5258   20.1565   20.3091
35   20.0306   19.9592   20.8738   20.4728
36   18.9876   19.6149   18.9876   18.9876
37   19.5841   18.9876   18.9876   19.1317
38   21.0124   20.36     20.1399   19.9647
39   20.3644   19.5823   20.5777   19.9859
40   20.0867   19.0112   19.1194   19.6344
41   19.8766   18.9876   19.0947   19.6178
42   19.7196   20.5845   20.2399   19.4454
43   20.5319   20.1324   19.8732   20.8741
44   21.0124   20.5792   19.9041   20.6531
45   18.9876   19.007    18.9876   19.7657
46   19.454    19.0987   19.7877   20.1743
47   20.1159   20.1836   20.2809   20.999
48   19.6393   20.4103   20.15     20.6883
49   20.4892   21.0124   20.4715   19.9318
50   20.3252   20.1174   20.2352   19.29

 [*,*,2]
:       1         2         3         4       :=
1    20.6353   19.9343   20.1735   21.0107
2    21.0124   20.2783   21.0053   20.0629
3    18.9876   19.5985   18.9876   18.9876
4    19.9122   19.6356   20.427    20.5496
5    19.652    20.3624   19.4539   19.7974
6    19.8717   19.2649   18.9876   18.9876
7    20.101    18.9876   19.7336   19.5544
8    20.3232   20.6383   19.76     20.89
9    21.0124   21.0124   20.8268   20.2417
10   18.9876   19.7275   18.9876   18.9876
11   20.0519   20.2423   19.9086   19.4133
12   20.1316   20.7385   20.5426   19.6386
13   21.0124   21.0124   20.234    20.53
14   21.0124   21.0124   21.0124   20.208
15   21.0124   20.1785   21.0124   20.8355
16   20.1106   19.9074   19.4974   19.0978
17   20.0114   21.0124   20.212    20.7797
18   18.9876   18.9876   19.3302   19.8172
19   20.9203   20.0517   21.0124   20.8038
20   20.1999   20.1214   20.9221   21.0124
21   19.8517   19.6209   19.187    18.9876
22   19.6064   20.0114   19.3586   20.2598
23   19.7693   20.6576   19.8175   20.3191
24   19.7749   18.9876   18.9876   19.4585
25   20.7511   20.0519   20.2648   19.9074
26   19.9058   18.9876   19.5622   19.1257
27   19.3863   20.0114   19.1171   19.8997
28   18.9876   18.9876   19.7204   18.9876
29   20.0212   20.65     20.7925   19.8366
30   19.4585   19.7678   19.8151   20.3671
31   20.0237   19.4898   20.5296   19.8391
32   19.8025   18.9876   19.0807   18.9876
33   20.0114   20.2203   19.5679   20.3922
34   19.373    19.5238   18.9876   18.9876
35   20.1993   21.0124   20.3322   21.0124
36   21.0124   20.4303   20.4939   19.8767
37   20.2383   20.342    19.8816   19.269
38   19.4585   19.8323   18.9876   19.9084
39   21.0073   20.53     19.9739   20.2395
40   19.9845   20.3629   19.4041   20.3127
41   21.0124   21.0124   20.2378   21.0124
42   18.9876   19.4817   19.8546   19.503
43   19.4441   19.0356   20.1459   19.9016
44   18.9876   20.0271   19.1197   19.512
45   20.212    21.0124   21.0124   20.8074
46   20.4123   20.3321   20.9346   19.9537
47   19.8431   20.5618   19.432    19.9999
48   20.1238   20.7716   19.8288   19.6819
49   20.0656   21.0124   20.9895   21.0124
50   19.3213   19.8392   20.1282   19.5722

 [*,*,3]
:       1         2         3         4       :=
1    20.6406   21.0124   20.3184   21.0124
2    19.489    19.6118   20.1598   19.8481
3    21.0124   20.324    19.9838   20.7271
4    20.7391   20.322    20.0505   20.9853
5    19.6514   19.6755   19.0402   20.0446
6    21.0124   20.1586   21.0124   21.0124
7    21.0124   21.0124   20.4743   20.3737
8    19.0504   19.5123   19.8881   20.0397
9    20.0858   20.1561   20.865    19.8865
10   18.9876   18.9876   18.9876   19.7659
11   21.0124   20.2641   19.9167   20.3511
12   20.0227   20.0078   20.9844   20.308
13   20.0115   20.9553   20.2759   21.0124
14   18.9876   19.7955   18.9876   18.9876
15   19.9372   20.2893   20.756    19.7801
16   21.0124   19.9078   20.304    20.7106
17   21.0124   21.0122   20.2002   20.7713
18   19.6695   20.1107   19.0527   20.0785
19   18.9876   19.3656   19.4698   19.9023
20   18.9876   19.331    19.5944   18.9876
21   19.5206   18.9876   19.9559   18.9876
22   20.3222   21.0124   20.0804   20.0069
23   19.9222   19.5028   19.0386   19.0647
24   19.6713   18.9876   19.6797   18.9876
25   20.557    21.0124   20.3554   19.9078
26   21.0124   21.0124   20.3649   21.0124
27   20.0935   21.0124   21.0124   20.8857
28   20.3572   20.8198   20.0932   19.6797
29   20.3845   19.7273   20.1649   19.5742
30   18.9876   19.9547   19.0718   18.9876
31   20.3956   20.0262   19.7232   19.5853
32   19.671    19.6797   19.7775   18.9876
33   21.0124   20.1666   20.34     21.0124
34   20.1256   20.2799   20.8053   19.6754
35   20.3399   20.1561   20.1832   21.0057
36   19.9372   20.0294   19.0794   20.0381
37   19.565    18.9876   20.0306   19.1703
38   18.9876   19.7211   18.9876   18.9876
39   21.0124   21.0124   21.0124   20.2896
40   18.9876   18.9876   19.1529   19.6102
41   18.9876   18.9876   19.2851   19.9307
42   19.6755   20.2303   19.5365   20.2748
43   20.4012   21.0124   21.0124   21.0124
44   19.6797   19.6265   19.7717   20.2817
45   20.2002   19.9573   21.0122   20.7833
46   19.7432   18.9876   18.9876   18.9876
47   19.568    20.2306   20.3492   19.9096
48   19.581    19.5736   18.9876   19.6474
49   19.8531   20.0858   19.4479   20.158
50   20.5593   19.5754   20.3573   20.1528
;

side = 2.02485
softness = 0.3

---------------------------- Solution coords data ----------------------------
distances [*,1,*]
:    1   2   3   4    :=
1    0   1   0   1
2    0   1   0   1
3    0   1   0   1
4    0   1   0   1
5    0   1   0   1
6    0   1   0   1
7    0   1   0   1
8    0   1   0   1
9    0   1   0   1
10   0   1   0   1
11   0   1   0   1
12   0   1   0   1
13   0   1   0   1
14   0   1   0   1
15   0   1   0   1
16   0   1   0   1
17   0   1   0   1
18   0   1   0   1
19   0   1   0   1
20   0   1   0   1
21   0   1   0   1
22   0   1   0   1
23   0   1   0   1
24   0   1   0   1
25   0   1   0   1
26   0   1   0   1
27   0   1   0   1
28   0   1   0   1
29   0   1   0   1
30   0   1   0   1
31   0   1   0   1
32   0   1   0   1
33   0   1   0   1
34   0   1   0   1
35   0   1   0   1
36   0   1   0   1
37   0   1   0   1
38   0   1   0   1
39   0   1   0   1
40   0   1   0   1
41   0   1   0   1
42   0   1   0   1
43   0   1   0   1
44   0   1   0   1
45   0   1   0   1
46   0   1   0   1
47   0   1   0   1
48   0   1   0   1
49   0   1   0   1
50   0   1   0   1

 [*,2,*]
:    1   2   3   4    :=
1    0   0   1   1
2    0   0   1   1
3    0   0   1   1
4    0   0   1   1
5    0   0   1   1
6    0   0   1   1
7    0   0   1   1
8    0   0   1   1
9    0   0   1   1
10   0   0   1   1
11   0   0   1   1
12   0   0   1   1
13   0   0   1   1
14   0   0   1   1
15   0   0   1   1
16   0   0   1   1
17   0   0   1   1
18   0   0   1   1
19   0   0   1   1
20   0   0   1   1
21   0   0   1   1
22   0   0   1   1
23   0   0   1   1
24   0   0   1   1
25   0   0   1   1
26   0   0   1   1
27   0   0   1   1
28   0   0   1   1
29   0   0   1   1
30   0   0   1   1
31   0   0   1   1
32   0   0   1   1
33   0   0   1   1
34   0   0   1   1
35   0   0   1   1
36   0   0   1   1
37   0   0   1   1
38   0   0   1   1
39   0   0   1   1
40   0   0   1   1
41   0   0   1   1
42   0   0   1   1
43   0   0   1   1
44   0   0   1   1
45   0   0   1   1
46   0   0   1   1
47   0   0   1   1
48   0   0   1   1
49   0   0   1   1
50   0   0   1   1

 [*,3,*]
:    1   2   3   4    :=
1    1   0   0   1
2    1   0   0   1
3    1   0   0   1
4    1   0   0   1
5    1   0   0   1
6    1   0   0   1
7    1   0   0   1
8    1   0   0   1
9    1   0   0   1
10   1   0   0   1
11   1   0   0   1
12   1   0   0   1
13   1   0   0   1
14   1   0   0   1
15   1   0   0   1
16   1   0   0   1
17   1   0   0   1
18   1   0   0   1
19   1   0   0   1
20   1   0   0   1
21   1   0   0   1
22   1   0   0   1
23   1   0   0   1
24   1   0   0   1
25   1   0   0   1
26   1   0   0   1
27   1   0   0   1
28   1   0   0   1
29   1   0   0   1
30   1   0   0   1
31   1   0   0   1
32   1   0   0   1
33   1   0   0   1
34   1   0   0   1
35   1   0   0   1
36   1   0   0   1
37   1   0   0   1
38   1   0   0   1
39   1   0   0   1
40   1   0   0   1
41   1   0   0   1
42   1   0   0   1
43   1   0   0   1
44   1   0   0   1
45   1   0   0   1
46   1   0   0   1
47   1   0   0   1
48   1   0   0   1
49   1   0   0   1
50   1   0   0   1

 [*,4,*]
:    1   2   3   4    :=
1    1   1   1   0
2    1   1   1   0
3    1   1   1   0
4    1   1   1   0
5    1   1   1   0
6    1   1   1   0
7    1   1   1   0
8    1   1   1   0
9    1   1   1   0
10   1   1   1   0
11   1   1   1   0
12   1   1   1   0
13   1   1   1   0
14   1   1   1   0
15   1   1   1   0
16   1   1   1   0
17   1   1   1   0
18   1   1   1   0
19   1   1   1   0
20   1   1   1   0
21   1   1   1   0
22   1   1   1   0
23   1   1   1   0
24   1   1   1   0
25   1   1   1   0
26   1   1   1   0
27   1   1   1   0
28   1   1   1   0
29   1   1   1   0
30   1   1   1   0
31   1   1   1   0
32   1   1   1   0
33   1   1   1   0
34   1   1   1   0
35   1   1   1   0
36   1   1   1   0
37   1   1   1   0
38   1   1   1   0
39   1   1   1   0
40   1   1   1   0
41   1   1   1   0
42   1   1   1   0
43   1   1   1   0
44   1   1   1   0
45   1   1   1   0
46   1   1   1   0
47   1   1   1   0
48   1   1   1   0
49   1   1   1   0
50   1   1   1   0
;

---------------------------- Solution stats data ----------------------------
_ampl_time = 0.060855
_total_solve_time = 10067.9
_ampl_elapsed_time = 0.057797
_ampl_user_time = 0.043888

Total time elapsed: $10067.91.
_total_solve_time = 10067.9

---------------------------- Solution miscs data ----------------------------
tetrahedron_volume [*] :=
 1 0    6 0   11 0   16 0   21 0   26 0   31 0   36 0   41 0   46 0
 2 0    7 0   12 0   17 0   22 0   27 0   32 0   37 0   42 0   47 0
 3 0    8 0   13 0   18 0   23 0   28 0   33 0   38 0   43 0   48 0
 4 0    9 0   14 0   19 0   24 0   29 0   34 0   39 0   44 0   49 0
 5 0   10 0   15 0   20 0   25 0   30 0   35 0   40 0   45 0   50 0
;

---------------------------- Solution miscs data ----------------------------
tetrahedron_surface_area [*] :=
 1 1.73205   10 1.73205   19 1.73205   28 1.73205   37 1.73205   46 1.73205
 2 1.73205   11 1.73205   20 1.73205   29 1.73205   38 1.73205   47 1.73205
 3 1.73205   12 1.73205   21 1.73205   30 1.73205   39 1.73205   48 1.73205
 4 1.73205   13 1.73205   22 1.73205   31 1.73205   40 1.73205   49 1.73205
 5 1.73205   14 1.73205   23 1.73205   32 1.73205   41 1.73205   50 1.73205
 6 1.73205   15 1.73205   24 1.73205   33 1.73205   42 1.73205
 7 1.73205   16 1.73205   25 1.73205   34 1.73205   43 1.73205
 8 1.73205   17 1.73205   26 1.73205   35 1.73205   44 1.73205
 9 1.73205   18 1.73205   27 1.73205   36 1.73205   45 1.73205
;

