Error at _cmdno 5 executing "solve" command
(file amplin, line 1977, offset 37909):
error processing param distances:
	4000 invalid subscripts discarded:
	distances[51,1,1]
	distances[51,1,2]
	distances[51,1,3]
	and 3997 more.
##### This license is only intended for use by NEOS. #####
##### License is valid until Jan 16, 2026 #####
riables.
Adjusted problem:
6726 variables:
	4275 nonlinear variables
	2451 linear variables
14100 constraints; 81325 nonzeros
	11675 nonlinear constraints
	2425 linear constraints
	1275 equality constraints
	12825 inequality constraints
1 linear objective; 1 nonzero.

Artelys Knitro 14.2.0: threads=4
algorithm=1
ms_enable=1
ms_maxsolves=10
feastol=1e-5
opttol=1e-5
honorbnds=1
bar_initpt=3
bar_murule=4
scale=1
outlev=2
maxtime_real=1200
WARNING:  Option 'threads' is deprecated, please use 'numthreads'.

=======================================
           Academic License
       (NOT FOR COMMERCIAL USE)
         Artelys Knitro 14.2.0
=======================================

No start point provided -- Knitro computing one.

Knitro presolve eliminated 0 variables and 0 constraints.

algorithm                1
bar_initpt               3
bar_murule               4
concurrent_evals         0
datacheck                0
feastol                  1e-05
findiff_numthreads       1
hessian_no_f             1
hessopt                  1
honorbnds                1
maxtime_real             1200
ms_enable                1
ms_maxsolves             10
numthreads               4
opttol                   1e-05

Problem Characteristics                                 (   Presolved)
-----------------------
Objective goal:  Minimize
Objective type:  linear
Number of variables:                               6726 (        6726)
    bounded below only:                             601 (         601)
    bounded above only:                               0 (           0)
    bounded below and above:                          0 (           0)
    fixed:                                            0 (           0)
    free:                                          6125 (        6125)
Number of constraints:                            14100 (       14100)
    linear equalities:                                0 (           0)
    quadratic equalities:                          1225 (        1225)
    gen. nonlinear equalities:                       50 (          50)
    linear one-sided inequalities:                 2425 (        2425)
    quadratic one-sided inequalities:             10400 (       10400)
    gen. nonlinear one-sided inequalities:            0 (           0)
    linear two-sided inequalities:                    0 (           0)
    quadratic two-sided inequalities:                 0 (           0)
    gen. nonlinear two-sided inequalities:            0 (           0)
Number of nonzeros in Jacobian:                   81325 (       81325)
Number of nonzeros in Hessian:                    36975 (       36975)

Knitro parallel multistart will run with 4 threads.

Return codes description
------------------------
  0:  The final solution satisfies the termination conditions for verifying optimality.
  -100 to -199:  A feasible approximate solution was found.
  -200 to -299:  Knitro terminated at an infeasible point.
  -300 to -301:  The problem was determined to be unbounded.
  -400 to -499:  Knitro terminated because it reached a pre-defined limit.
    -400 to -409:  A feasible point was found.
    -410 to -419:  No feasible point was found.
  -500 to -599:  Knitro terminated with an input error or some non-standard error.
A more detailed description of individual return codes and their corresponding
termination messages is provided at
https://www.artelys.com/app/docs/knitro/3_referenceManual/returnCodes.html

 Solve #  ThreadID  Status     Objective      FeasError    OptError    Real Time 
--------  --------  ------  --------------   ----------   ----------  ----------
      2          1    -202         2535.80      35917.0      1.98724      165.813
      0          0       0         1.69822  5.37632e-06  8.76634e-07      983.903
      3          3    -410         228.534     0.117787     0.190195      2320.68
      4          1    -410         559.385  3.07052e-03     0.222366      2373.39
      1          2    -410         192.785  3.12081e-04  1.00852e-02      2220.31
      7          3    -410         885.128  2.06715e-02     0.544762      2382.23
      9          0    -410         1762.03  3.75036e-02     0.230411      2240.60
      8          1    -410         11875.4     0.153029     0.173863      2773.44
      5          0    -410         20089.6  5.58279e-02      28.3564      2647.37
      6          2    -410         29202.1  4.36254e-02     0.758069      2949.19

MULTISTART: Best locally optimal solution is returned.
EXIT: Locally optimal solution found.

Final Statistics
----------------
Final objective value               =   1.69822085880605e+00
Final feasibility error (abs / rel) =   5.38e-06 / 2.94e-07
Final optimality error  (abs / rel) =   8.77e-07 / 8.77e-07
# of iterations                     =      85561 
# of CG iterations                  =          0 
# of function evaluations           =     117312
# of gradient evaluations           =      85813
# of Hessian evaluations            =      85631
Total program time (secs)           =    5875.50391 ( 18336.504 CPU time)

===============================================================================

Knitro 14.2.0: Locally optimal or satisfactory solution.
objective 1.698220859; feasibility error 5.38e-06
85561 iterations; 117312 function evaluations

suffix feaserror OUT;
suffix opterror OUT;
suffix numfcevals OUT;
suffix numiters OUT;
---------------------------- Container and geometric considerations  ----------------------------
Container type: cube
Structural conservation type: volume & surface
---------------------------- Solution execution data ----------------------------
solve_result_num = 0
solve_result = solved

---------------------------- Solution data ----------------------------
card(figures) = 50

coords [*,*,1]
:       1         2         3         4       :=
1    20.1962   19.8682   20.7697   20.6174
2    20.7052   19.5411   20.1436   20.0618
3    19.4663   20.1392   19.5318   19.9731
4    19.9001   19.8387   19.1509   19.3766
5    19.9598   20.1689   19.8105   20.649
6    19.5904   20.0704   20.8491   20.2946
7    19.7028   20.638    19.9658   19.8237
8    20.8491   20.292    20.8491   20.7563
9    20.2648   20.2719   20.0153   20.8404
10   20.0504   19.438    19.5145   20.181
11   19.4524   19.7387   20.1111   20.5034
12   19.1509   19.1509   19.1509   19.9492
13   19.9276   20.1186   19.804    19.1735
14   20.718    19.5646   20.8491   20.5079
15   19.7501   19.1916   19.9319   19.6206
16   20.0115   20.8491   20.692    20.7277
17   20.0945   19.1509   19.1509   19.5097
18   19.1509   19.7867   19.2432   19.1509
19   20.1467   19.4627   19.9901   20.3938
20   20.0456   20.8491   20.8491   20.8491
21   20.0415   19.6501   19.564    19.2873
22   19.3561   19.1509   19.1509   19.1509
23   20.6211   20.182    19.8061   20.056
24   20.6537   20.8128   20.3367   19.6535
25   20.7738   20.1714   20.8491   20.6186
26   20.0325   19.1509   19.2802   19.6732
27   19.4209   19.4554   19.2092   20.0784
28   20.1702   19.7271   20.7743   20.4046
29   20.6432   20.5429   19.5411   20.003
30   20.8491   20.8491   20.0659   20.8491
31   19.2356   19.1509   19.7143   19.1509
32   20.4404   20.7035   20.8491   19.8065
33   20.1298   20.0814   19.5609   19.6535
34   19.8195   20.8491   19.5646   20.7106
35   19.3746   19.1509   19.7467   19.1773
36   19.1509   19.7652   19.7256   19.2678
37   19.1509   19.8172   19.5642   19.1509
38   20.8491   20.8095   20.2659   20.7493
39   20.5087   20.7697   19.9304   20.1032
40   19.6199   20.1456   19.1509   19.4366
41   19.6206   19.1509   19.7347   19.1916
42   20.4572   20.8329   20.8491   20.8491
43   20.2634   20.8491   20.4258   20.8491
44   20.2044   20.6147   19.3554   19.8491
45   19.945    19.3127   20.0893   19.683
46   19.8352   19.5539   20.5603   20.0707
47   19.5486   19.8005   19.1509   20.1456
48   20.1751   20.8491   20.8491   20.8491
49   20.3237   20.8437   20.2308   20.3841
50   19.1949   19.1776   19.933    19.1509

 [*,*,2]
:       1         2         3         4       :=
1    19.9089   20.8491   20.8491   20.8491
2    20.6631   20.8491   20.8491   19.6749
3    19.1509   20.2205   20.0699   19.4924
4    20.7322   19.9432   20.1661   19.5739
5    20.7794   19.7213   20.2248   20.8491
6    19.5516   19.3527   19.8081   20.609
7    20.566    20.8297   20.8491   19.8362
8    20.8491   19.7319   20.3169   20.843
9    19.82     19.9872   19.8669   20.8491
10   19.6983   20.5027   19.2204   19.8139
11   19.1626   19.2179   19.7218   19.7889
12   20.2946   19.4418   19.5808   20.3597
13   20.7683   20.1774   20.7334   19.7524
14   20.8491   20.8491   20.8491   20.0422
15   20.7423   19.7994   20.8491   20.8491
16   19.4037   20.3096   20.1009   19.733
17   20.1266   19.4222   19.6345   20.2826
18   19.1509   19.7424   19.1509   19.9991
19   19.741    19.1738   19.3805   20.0045
20   19.4942   19.1614   20.389    20.3073
21   20.1783   19.1509   19.3324   19.1509
22   20.8491   20.8426   19.6289   20.6
23   20.5488   20.1082   20.7964   19.6895
24   19.7667   19.7235   19.2801   19.1709
25   20.2623   19.8557   20.8491   20.8491
26   20.0771   19.1509   19.6861   19.1914
27   19.8914   19.6369   19.1509   20.095
28   19.272    19.2295   19.9207   19.7551
29   20.795    20.0454   20.8491   19.8043
30   19.8577   20.2967   19.5191   19.1509
31   20.8491   19.6301   20.7544   20.4959
32   19.3625   19.7243   19.1509   19.1578
33   19.7596   20.2466   19.3306   19.1626
34   19.1509   19.1509   19.1509   19.7294
35   20.8491   20.8491   20.7673   19.7664
36   19.7213   20.8491   20.7031   20.8491
37   19.6147   20.0767   20.8309   20.4085
38   20.843    20.2505   19.7039   20.2778
39   20.409    20.8491   20.8491   19.7565
40   19.2599   19.9871   19.6114   20.5255
41   20.8491   20.4959   20.8491   19.7994
42   19.3195   19.324    20.4133   19.1509
43   19.8178   20.3096   19.8198   20.849
44   19.1509   19.1509   19.1509   19.3561
45   19.6872   19.4509   20.2417   20.5844
46   20.8035   20.8083   20.5652   19.653
47   20.8321   20.5932   19.6114   19.9871
48   19.4807   19.1509   19.9037   19.1509
49   20.0844   20.8491   19.7766   19.727
50   19.5653   19.7523   20.6166   20.8491

 [*,*,3]
:       1         2         3         4       :=
1    20.3651   19.6404   20.4592   19.7114
2    19.6611   19.1509   19.6659   19.1516
3    20.4361   20.6664   19.5446   20.6037
4    20.6639   20.8491   19.7874   20.8491
5    19.7673   20.465    20.1026   20.8491
6    20.8491   20.5133   20.8491   20.6593
7    20.009    20.8491   20.8491   20.8491
8    19.2811   19.4515   20.4502   19.8986
9    20.6126   19.339    20.037    20.1032
10   19.1509   19.1509   19.1509   19.9405
11   19.4681   20.719    20.4185   19.8593
12   19.2095   20.1701   19.5764   20.2137
13   20.1323   20.6692   19.5548   19.9102
14   19.7278   19.1624   19.1509   19.1509
15   20.4923   19.8222   19.825    19.2188
16   20.4916   20.8491   19.6544   20.7966
17   20.6724   20.8491   19.953    19.9654
18   19.2037   20.1503   20.1414   19.1812
19   20.4215   19.4939   19.1986   19.1888
20   19.1509   19.1562   19.1509   19.7368
21   19.9424   20.5602   19.2915   19.7819
22   19.9877   20.7533   20.3326   19.4918
23   19.9333   20.2167   19.6524   19.1637
24   19.9634   20.5316   19.424    20.5063
25   20.8491   20.3976   20.8491   19.717
26   20.6069   20.4855   19.6419   20.7604
27   19.5905   20.8491   20.6185   20.6751
28   19.3256   20.5305   20.2553   19.574
29   19.6594   19.1699   19.1509   19.1509
30   20.1281   19.7315   19.1679   19.1509
31   19.6179   20.014    20.2759   19.1509
32   19.5932   20.7973   20.7925   20.0732
33   20.3437   20.0049   19.2749   20.5451
34   20.081    20.8491   20.8491   20.8031
35   19.9096   20.8491   20.8491   20.28
36   20.2527   20.2772   20.8491   19.6579
37   19.1914   20.1877   19.1791   19.1509
38   19.2946   20.4337   19.4062   19.1509
39   20.7561   20.4592   19.6969   20.3499
40   19.2721   19.9122   19.1915   19.1509
41   19.2188   19.1509   20.2392   19.8222
42   19.6208   20.8491   20.1685   20.2259
43   20.6119   20.8491   19.7397   20.1185
44   20.3681   19.1509   19.4042   19.1509
45   20.4732   19.3803   20.0295   19.592
46   19.6713   19.1509   19.9112   19.1509
47   19.1509   19.7054   19.1915   19.9122
48   19.1834   19.1509   20.1917   20.2259
49   19.2566   20.1481   20.5002   19.7241
50   20.8491   20.2726   20.8491   20.8491
;

side = 1.69822
softness = 0.65

---------------------------- Solution coords data ----------------------------
distances [*,1,*]
:    1   2   3   4    :=
1    0   1   0   1
2    0   1   0   1
3    0   1   0   1
4    0   1   0   1
5    0   1   0   1
6    0   1   0   1
7    0   1   0   1
8    0   1   0   1
9    0   1   0   1
10   0   1   0   1
11   0   1   0   1
12   0   1   0   1
13   0   1   0   1
14   0   1   0   1
15   0   1   0   1
16   0   1   0   1
17   0   1   0   1
18   0   1   0   1
19   0   1   0   1
20   0   1   0   1
21   0   1   0   1
22   0   1   0   1
23   0   1   0   1
24   0   1   0   1
25   0   1   0   1
26   0   1   0   1
27   0   1   0   1
28   0   1   0   1
29   0   1   0   1
30   0   1   0   1
31   0   1   0   1
32   0   1   0   1
33   0   1   0   1
34   0   1   0   1
35   0   1   0   1
36   0   1   0   1
37   0   1   0   1
38   0   1   0   1
39   0   1   0   1
40   0   1   0   1
41   0   1   0   1
42   0   1   0   1
43   0   1   0   1
44   0   1   0   1
45   0   1   0   1
46   0   1   0   1
47   0   1   0   1
48   0   1   0   1
49   0   1   0   1
50   0   1   0   1

 [*,2,*]
:    1   2   3   4    :=
1    0   0   1   1
2    0   0   1   1
3    0   0   1   1
4    0   0   1   1
5    0   0   1   1
6    0   0   1   1
7    0   0   1   1
8    0   0   1   1
9    0   0   1   1
10   0   0   1   1
11   0   0   1   1
12   0   0   1   1
13   0   0   1   1
14   0   0   1   1
15   0   0   1   1
16   0   0   1   1
17   0   0   1   1
18   0   0   1   1
19   0   0   1   1
20   0   0   1   1
21   0   0   1   1
22   0   0   1   1
23   0   0   1   1
24   0   0   1   1
25   0   0   1   1
26   0   0   1   1
27   0   0   1   1
28   0   0   1   1
29   0   0   1   1
30   0   0   1   1
31   0   0   1   1
32   0   0   1   1
33   0   0   1   1
34   0   0   1   1
35   0   0   1   1
36   0   0   1   1
37   0   0   1   1
38   0   0   1   1
39   0   0   1   1
40   0   0   1   1
41   0   0   1   1
42   0   0   1   1
43   0   0   1   1
44   0   0   1   1
45   0   0   1   1
46   0   0   1   1
47   0   0   1   1
48   0   0   1   1
49   0   0   1   1
50   0   0   1   1

 [*,3,*]
:    1   2   3   4    :=
1    1   0   0   1
2    1   0   0   1
3    1   0   0   1
4    1   0   0   1
5    1   0   0   1
6    1   0   0   1
7    1   0   0   1
8    1   0   0   1
9    1   0   0   1
10   1   0   0   1
11   1   0   0   1
12   1   0   0   1
13   1   0   0   1
14   1   0   0   1
15   1   0   0   1
16   1   0   0   1
17   1   0   0   1
18   1   0   0   1
19   1   0   0   1
20   1   0   0   1
21   1   0   0   1
22   1   0   0   1
23   1   0   0   1
24   1   0   0   1
25   1   0   0   1
26   1   0   0   1
27   1   0   0   1
28   1   0   0   1
29   1   0   0   1
30   1   0   0   1
31   1   0   0   1
32   1   0   0   1
33   1   0   0   1
34   1   0   0   1
35   1   0   0   1
36   1   0   0   1
37   1   0   0   1
38   1   0   0   1
39   1   0   0   1
40   1   0   0   1
41   1   0   0   1
42   1   0   0   1
43   1   0   0   1
44   1   0   0   1
45   1   0   0   1
46   1   0   0   1
47   1   0   0   1
48   1   0   0   1
49   1   0   0   1
50   1   0   0   1

 [*,4,*]
:    1   2   3   4    :=
1    1   1   1   0
2    1   1   1   0
3    1   1   1   0
4    1   1   1   0
5    1   1   1   0
6    1   1   1   0
7    1   1   1   0
8    1   1   1   0
9    1   1   1   0
10   1   1   1   0
11   1   1   1   0
12   1   1   1   0
13   1   1   1   0
14   1   1   1   0
15   1   1   1   0
16   1   1   1   0
17   1   1   1   0
18   1   1   1   0
19   1   1   1   0
20   1   1   1   0
21   1   1   1   0
22   1   1   1   0
23   1   1   1   0
24   1   1   1   0
25   1   1   1   0
26   1   1   1   0
27   1   1   1   0
28   1   1   1   0
29   1   1   1   0
30   1   1   1   0
31   1   1   1   0
32   1   1   1   0
33   1   1   1   0
34   1   1   1   0
35   1   1   1   0
36   1   1   1   0
37   1   1   1   0
38   1   1   1   0
39   1   1   1   0
40   1   1   1   0
41   1   1   1   0
42   1   1   1   0
43   1   1   1   0
44   1   1   1   0
45   1   1   1   0
46   1   1   1   0
47   1   1   1   0
48   1   1   1   0
49   1   1   1   0
50   1   1   1   0
;

---------------------------- Solution stats data ----------------------------
_ampl_time = 0.122857
_total_solve_time = 18336.9
_ampl_elapsed_time = 0.117404
_ampl_user_time = 0.093403

Total time elapsed: $18336.86.
_total_solve_time = 18336.9

---------------------------- Solution miscs data ----------------------------
tetrahedron_volume [*] :=
 1 0    6 0   11 0   16 0   21 0   26 0   31 0   36 0   41 0   46 0
 2 0    7 0   12 0   17 0   22 0   27 0   32 0   37 0   42 0   47 0
 3 0    8 0   13 0   18 0   23 0   28 0   33 0   38 0   43 0   48 0
 4 0    9 0   14 0   19 0   24 0   29 0   34 0   39 0   44 0   49 0
 5 0   10 0   15 0   20 0   25 0   30 0   35 0   40 0   45 0   50 0
;

---------------------------- Solution miscs data ----------------------------
tetrahedron_surface_area [*] :=
 1 1.73205   10 1.73205   19 1.73205   28 1.73205   37 1.73205   46 1.73205
 2 1.73205   11 1.73205   20 1.73205   29 1.73205   38 1.73205   47 1.73205
 3 1.73205   12 1.73205   21 1.73205   30 1.73205   39 1.73205   48 1.73205
 4 1.73205   13 1.73205   22 1.73205   31 1.73205   40 1.73205   49 1.73205
 5 1.73205   14 1.73205   23 1.73205   32 1.73205   41 1.73205   50 1.73205
 6 1.73205   15 1.73205   24 1.73205   33 1.73205   42 1.73205
 7 1.73205   16 1.73205   25 1.73205   34 1.73205   43 1.73205
 8 1.73205   17 1.73205   26 1.73205   35 1.73205   44 1.73205
 9 1.73205   18 1.73205   27 1.73205   36 1.73205   45 1.73205
;

