Error at _cmdno 5 executing "solve" command
(file amplin, line 1971, offset 37608):
error processing param distances:
	3200 invalid subscripts discarded:
	distances[101,1,1]
	distances[101,1,2]
	distances[101,1,3]
	and 3197 more.
##### This license is only intended for use by NEOS. #####
##### License is valid until Jan 16, 2026 #####
iables.
Adjusted problem:
25951 variables:
	16050 nonlinear variables
	9901 linear variables
53200 constraints; 315150 nonzeros
	45850 nonlinear constraints
	7350 linear constraints
	5050 equality constraints
	48150 inequality constraints
1 linear objective; 1 nonzero.

Artelys Knitro 14.2.0: algorithm=1
ms_enable=1
ms_maxsolves=50
ms_terminate=1
ms_savetol=0.01
feastol=1e-5
opttol=1e-5
bar_initpt=3
bar_murule=6
bar_penaltyrule=2
linsolver=0
scale=3
honorbnds=1
outlev=3
maxtime_real=28800
numthreads=4
presolve=1
bar_refinement=1
debug=0

=======================================
           Academic License
       (NOT FOR COMMERCIAL USE)
         Artelys Knitro 14.2.0
=======================================

No start point provided -- Knitro computing one.

Knitro presolve eliminated 0 variables and 0 constraints.

algorithm                1
bar_initpt               3
bar_murule               6
bar_penaltyrule          2
bar_refinement           1
concurrent_evals         0
datacheck                0
feastol                  1e-05
findiff_numthreads       1
hessian_no_f             1
hessopt                  1
honorbnds                1
maxtime_real             28800
ms_enable                1
ms_maxsolves             50
ms_savetol               0.01
ms_terminate             1
numthreads               4
opttol                   1e-05
outlev                   3
scale                    3

Problem Characteristics                                 (   Presolved)
-----------------------
Objective goal:  Minimize
Objective type:  linear
Number of variables:                              25951 (       25951)
    bounded below only:                            1201 (        1201)
    bounded above only:                               0 (           0)
    bounded below and above:                          0 (           0)
    fixed:                                            0 (           0)
    free:                                         24750 (       24750)
Number of constraints:                            53200 (       53200)
    linear equalities:                                0 (           0)
    quadratic equalities:                          4950 (        4950)
    gen. nonlinear equalities:                      100 (         100)
    linear one-sided inequalities:                 7350 (        7350)
    quadratic one-sided inequalities:             40800 (       40800)
    gen. nonlinear one-sided inequalities:            0 (           0)
    linear two-sided inequalities:                    0 (           0)
    quadratic two-sided inequalities:                 0 (           0)
    gen. nonlinear two-sided inequalities:            0 (           0)
Number of nonzeros in Jacobian:                  315150 (      315150)
Number of nonzeros in Hessian:                   141450 (      141450)

Knitro parallel multistart will run with 4 threads.

Return codes description
------------------------
  0:  The final solution satisfies the termination conditions for verifying optimality.
  -100 to -199:  A feasible approximate solution was found.
  -200 to -299:  Knitro terminated at an infeasible point.
  -300 to -301:  The problem was determined to be unbounded.
  -400 to -499:  Knitro terminated because it reached a pre-defined limit.
    -400 to -409:  A feasible point was found.
    -410 to -419:  No feasible point was found.
  -500 to -599:  Knitro terminated with an input error or some non-standard error.
A more detailed description of individual return codes and their corresponding
termination messages is provided at
https://www.artelys.com/app/docs/knitro/3_referenceManual/returnCodes.html

 Solve #  ThreadID  Status     Objective      FeasError    OptError    Real Time 
--------  --------  ------  --------------   ----------   ----------  ----------
      0          0       0         2.71462  1.73382e-04  7.95094e-06      951.683
     15          3    -410         4599.66      526242.      2.20101      5806.49
     14          1    -410         5550.36      1.39247  3.95223e-02      5110.69
     13          2    -410         2899.52  6.18284e-03  9.20797e-03      5041.45
      7          2    -202         6426.01      4.15632     0.998661      4714.75
      2          1    -410         9177.53      244796.      1.00000      5843.43
      1          2    -410         4742.06  1.08983e+06      6.68212      6277.75
      5          1    -410         9703.02      211955.      6.74989      5894.37
      6          3    -410         7907.19      17100.1      77.3235      6033.59

MULTISTART: Best locally optimal solution is returned.
EXIT: Locally optimal solution found.

Final Statistics
----------------
Final objective value               =   2.71461621939716e+00
Final feasibility error (abs / rel) =   1.73e-04 / 9.55e-06
Final optimality error  (abs / rel) =   7.95e-06 / 7.95e-06
# of iterations                     =      80439 
# of CG iterations                  =          0 
# of function evaluations           =      83512
# of gradient evaluations           =      80614
# of Hessian evaluations            =      80476
Total program time (secs)           =   24629.41602 ( 89731.570 CPU time)

===============================================================================

Knitro 14.2.0: Locally optimal or satisfactory solution.
objective 2.714616219; feasibility error 0.000173
80439 iterations; 83512 function evaluations

suffix feaserror OUT;
suffix opterror OUT;
suffix numfcevals OUT;
suffix numiters OUT;
---------------------------- Container and geometric considerations  ----------------------------
Container type: cube
Structural conservation type: volume
---------------------------- Solution execution data ----------------------------
solve_result_num = 0
solve_result = solved

---------------------------- Solution data ----------------------------
card(figures) = 100

coords [*,*,1]
:        1         2         3         4       :=
1     20.6081   20.9997   21.3573   20.4011
2     20.5915   20.2942   20.0701   21.0509
3     19.2019   18.647    19.5085   19.5036
4     19.4475   18.6428   18.6428   18.6428
5     20.5992   20.4362   20.6924   21.3431
6     18.6428   19.215    18.6427   19.4466
7     21.1395   21.3572   20.82     20.4407
8     20.7497   21.29     21.3573   20.479
9     21.0678   20.0431   20.5808   20.5471
10    18.9799   19.6546   19.1136   18.6427
11    18.9144   19.5147   18.6428   18.6786
12    18.6427   19.4841   18.6427   18.8698
13    19.1945   19.2442   19.9643   19.838
14    19.8035   20.0104   20.6546   19.7485
15    19.982    19.3319   19.5162   20.205
16    21.3114   20.5236   20.7969   21.3573
17    20.0442   19.4659   19.4812   19.0233
18    19.3246   18.6428   18.6429   19.3111
19    20.8332   20.6032   20.1297   20.0078
20    20.5585   20.4993   21.0314   20.0068
21    19.881    19.9252   19.2461   19.1348
22    19.6724   19.1679   18.6478   19.2033
23    19.9854   20.3633   20.5476   19.6086
24    20.3876   20.8023   20.5672   21.3572
25    20.3624   19.9891   20.5063   20.9369
26    20.2284   21.139    20.8196   20.4407
27    19.9746   19.2861   20.1398   19.427
28    20.1601   20.5442   19.5807   19.8502
29    21.0883   20.4995   20.5762   21.3559
30    19.2394   20.1246   19.8592   19.4596
31    19.5803   18.6427   19.3348   19.2397
32    18.6429   19.5231   19.455    19.3458
33    20.3642   20.3508   20.951    19.9981
34    20.5587   21.3573   21.3573   21.3573
35    19.9232   19.3696   19.916    20.388
36    18.8456   18.6592   19.414    19.4675
37    18.6428   18.6428   19.5082   18.9202
38    19.3302   19.3121   18.7957   19.8184
39    19.5583   20.1523   20.5525   20.0779
40    19.4538   18.6427   18.6428   18.6438
41    18.6428   19.4494   18.6427   18.6427
42    18.659    19.024    18.6427   19.515
43    20.5281   20.6652   20.4084   19.7397
44    19.6459   20.195    20.3017   19.4593
45    21.3573   20.5468   21.3573   21.3075
46    20.0679   20.2538   19.6194   20.5817
47    21.3573   20.7753   20.6131   21.3573
48    18.65     19.1638   19.4882   18.6428
49    21.3573   21.3573   21.3573   20.5523
50    19.4625   18.6791   19.1607   19.6043
51    21.3573   21.3573   21.3573   20.5526
52    19.5295   20.247    19.3518   19.4589
53    19.4941   20.0482   19.542    19.0256
54    19.0385   18.647    19.517    19.5355
55    19.091    19.6129   19.2612   20.0078
56    18.6428   18.6427   19.4476   18.6428
57    19.4888   20.4338   19.9328   20.1824
58    19.5903   19.1286   20.0968   19.659
59    18.6427   19.4166   19.2806   19.5264
60    19.9215   19.1747   20.0647   19.5185
61    18.6428   18.6427   18.6428   19.4477
62    19.6537   20.6723   20.1516   20.0463
63    19.9015   20.8764   20.3887   20.4203
64    20.4386   19.895    19.9314   19.4214
65    20.6766   20.0536   20.1602   20.8544
66    21.288    20.4721   20.3651   20.7693
67    20.1492   20.7867   20.3342   19.8067
68    21.1413   20.4879   21.3572   20.5801
69    19.4511   18.6427   19.2108   18.6427
70    19.4256   19.1494   18.6427   18.6427
71    20.5646   20.5872   21.1826   20.1956
72    20.4571   20.9591   20.0318   20.1849
73    20.0962   20.2091   20.1274   19.3392
74    19.8815   20.4382   20.0039   19.4185
75    20.0033   19.6237   20.2867   19.35
76    20.2189   19.534    19.6962   19.2284
77    19.5269   19.511    19.024    18.6606
78    20.1876   20.3362   19.6488   20.6354
79    20.5842   20.7073   21.3573   21.345
80    20.9815   21.3573   20.3955   21.0233
81    18.8972   19.9008   19.5302   19.4923
82    21.1321   20.6765   20.481    21.3571
83    19.729    19.7218   19.8314   18.9454
84    18.6427   19.4725   18.6427   18.7744
85    20.6081   19.7448   19.9703   20.4055
86    20.3853   20.411    20.9077   21.2804
87    20.434    20.1658   20.0751   19.4938
88    20.6139   20.4436   20.038    19.7473
89    20.2674   20.4366   19.4931   20.0519
90    21.3572   21.1645   20.5088   21.3573
91    21.3081   20.5844   21.262    20.5016
92    19.2508   20.1431   19.5689   19.3138
93    19.4918   18.9083   19.9071   19.294
94    19.26     18.6427   19.0908   19.6128
95    20.4203   20.3804   21.2034   20.3447
96    21.3572   21.3053   20.9539   20.4641
97    20.4896   20.3782   21.3119   20.7076
98    21.2654   20.8032   20.4344   21.3573
99    21.3128   21.3573   20.9947   20.4603
100   21.3573   21.3572   20.5524   21.3573

 [*,*,2]
:        1         2         3         4       :=
1     21.1671   20.3166   20.6781   20.3097
2     20.5209   21.0476   21.3573   21.3571
3     20.5503   21.3573   21.3573   21.3573
4     19.2585   19.5218   18.6799   19.5498
5     19.9882   18.9771   19.4715   19.3207
6     19.552    19.3329   20.1215   20.0865
7     19.6449   20.629    20.0895   20.3249
8     20.1461   19.9039   20.7913   20.5297
9     21.3573   21.3573   21.3573   20.5401
10    19.481    18.8019   18.6427   18.6427
11    19.4745   19.4956   19.9199   18.9039
12    18.6428   18.6429   18.6427   19.463
13    21.3572   20.5424   20.7594   21.353
14    19.5536   20.5523   19.8271   20.0145
15    20.4474   20.9101   21.3048   21.3431
16    20.7627   21.3573   20.5641   21.3573
17    19.4532   19.456    20.217    19.412
18    19.7509   20.4439   19.6844   20.3938
19    20.3388   21.2571   20.912    20.4317
20    19.4945   18.8404   18.6427   18.6428
21    19.8589   20.6375   19.8838   20.5611
22    21.3573   21.3571   21.3573   20.5299
23    20.0222   19.1237   19.7017   19.3856
24    18.6427   18.6428   19.5142   18.9273
25    20.3502   20.7185   21.3203   20.5198
26    19.427    19.6446   20.0893   20.3247
27    20.079    20.003    19.5416   19.2278
28    19.2092   19.6497   19.3524   20.1023
29    18.6528   18.9286   19.4912   19.451
30    18.6432   18.6952   19.3955   19.3822
31    20.4506   20.4623   20.8774   19.9016
32    18.881    18.6427   19.5002   18.6431
33    20.3483   19.7522   20.5239   20.7128
34    18.8661   19.5069   18.6427   18.6427
35    21.3336   20.5314   20.7015   20.4207
36    19.4117   18.8378   18.6428   19.4631
37    19.1035   20.1111   19.65     19.4837
38    19.7528   20.3907   19.5631   19.5001
39    21.3572   20.9462   21.3573   20.517
40    20.0144   20.1619   19.4991   20.5011
41    21.3573   20.7283   20.5169   20.4895
42    19.1134   19.5477   18.6427   18.7528
43    19.766    19.4325   18.7633   19.4182
44    19.3988   19.2336   18.6474   18.6427
45    18.6804   19.1869   19.7046   19.1516
46    21.3571   21.1134   20.5849   20.5399
47    20.2564   19.4501   20.0243   19.3821
48    20.0788   20.8777   20.0262   20.4821
49    20.869    19.9371   20.8035   20.4842
50    20.0216   20.5158   19.9531   20.7647
51    20.2524   21.1843   20.3182   20.6229
52    18.6427   18.8559   18.6427   19.4928
53    18.713    19.4851   19.5989   19.5482
54    21.3571   20.5666   20.9122   20.492
55    21.3572   20.4758   20.8099   21.3046
56    20.4998   21.357    21.131    21.3573
57    21.3572   21.2528   20.5335   21.3573
58    20.4959   21.3181   21.3436   20.7168
59    19.5933   18.9835   19.4647   20.0022
60    21.2446   20.7476   20.3551   20.3803
61    19.552    20.5228   20.1214   20.089
62    20.5003   20.3897   20.3456   19.5989
63    18.6428   18.6427   18.6429   19.4477
64    18.6427   18.6427   19.449    18.6428
65    20.3808   19.6536   20.4013   19.7255
66    19.6111   19.0775   20.0562   19.6052
67    19.0562   19.5613   18.7114   19.5399
68    18.6428   18.7331   19.272    19.4835
69    20.0162   20.5018   19.9101   19.4838
70    21.0976   20.4516   20.5035   21.3173
71    18.6427   19.4417   18.643    18.6427
72    20.1815   20.8726   20.5281   21.1172
73    20.0666   19.5279   20.5442   20.0408
74    19.446    18.6427   19.1074   18.6427
75    20.9019   20.2509   19.9185   20.2196
76    20.158    19.5706   20.4753   20.4182
77    19.6586   18.7925   19.5481   19.1126
78    19.236    18.6429   19.3984   19.6226
79    19.1853   19.8899   19.7805   19.1502
80    20.732    20.3305   20.4893   21.2992
81    19.4146   19.4466   19.4609   18.6427
82    21.3019   20.4686   21.3573   20.9876
83    20.1203   20.2142   19.3439   19.7469
84    21.3572   21.2592   21.3573   20.51
85    20.3734   20.6075   19.6399   20.2245
86    20.1527   20.1045   20.843    19.9472
87    20.0888   21.0777   20.4716   20.3457
88    19.4508   18.7461   18.6942   19.4024
89    19.0799   20.0898   19.6903   19.6845
90    20.318    19.4656   20.2483   20.2488
91    19.9686   20.4212   19.8065   19.4582
92    19.9347   20.4311   20.5381   20.9293
93    18.643    19.4149   19.4472   18.8762
94    20.8085   20.4824   21.3572   20.4757
95    19.3032   20.1093   19.9609   20.1618
96    19.9283   18.9551   19.4476   19.4346
97    21.3571   21.3572   21.357    20.5321
98    20.4555   19.6321   20.0231   19.5779
99    21.3571   21.3573   20.5306   21.3573
100   18.6427   18.9907   19.1114   19.6586

 [*,*,3]
:        1         2         3         4       :=
1     20.9421   20.5257   21.3573   21.3573
2     19.5458   20.3729   19.4762   19.7554
3     20.3735   20.2844   20.8392   19.819
4     20.6501   20.1669   20.7506   21.1911
5     20.4174   20.3894   21.2492   20.5185
6     21.2661   20.4448   20.4143   21.0225
7     21.3568   21.1763   20.4908   21.3573
8     18.8448   19.6808   19.2505   19.6994
9     18.6427   18.6427   19.4873   18.87
10    20.9916   21.3571   20.5017   21.3573
11    20.2775   19.4951   19.3956   19.5231
12    19.7514   20.2839   20.776    20.292
13    19.4331   18.8139   19.4339   18.6458
14    19.7817   19.6943   19.3646   18.9245
15    20.5426   19.9827   20.8554   20.0978
16    21.335    21.0597   20.4714   20.5547
17    20.3739   19.5281   20.147    20.4512
18    19.4405   19.3672   18.6796   18.6431
19    19.0499   19.442    18.6631   19.56
20    21.3262   20.5397   21.357    21.3573
21    18.6427   19.2387   19.3819   18.6427
22    18.6427   19.4768   18.6427   18.8731
23    20.3094   20.3162   19.5149   19.6747
24    19.6634   18.7804   19.2653   19.5505
25    21.3545   20.4742   21.0579   20.5848
26    20.9402   21.3566   20.4905   21.3572
27    21.1014   20.3684   20.2764   20.9422
28    18.6427   19.4831   19.4418   18.8802
29    21.357    20.565    21.3573   20.7737
30    20.6825   21.1676   20.4683   21.3573
31    20.1473   19.8805   19.2493   19.352
32    19.3822   19.0051   19.4637   20.0142
33    21.3573   20.5388   20.5656   20.4858
34    20.68     20.7176   20.1677   21.1923
35    18.6428   18.6431   19.4479   18.6427
36    20.2536   19.4258   20.0606   19.4993
37    19.4965   19.3352   19.4652   18.6428
38    19.4483   18.6467   18.6428   18.6428
39    19.3793   18.6529   19.443    19.5803
40    19.7955   19.2755   20.0569   20.1914
41    20.2206   20.1661   19.6427   20.6669
42    19.4962   18.6429   18.6427   19.0635
43    20.2428   21.1485   20.4162   20.7092
44    19.5147   18.6797   19.5062   18.9239
45    19.5436   19.7358   19.5764   20.4214
46    19.4122   20.3898   19.8028   19.6081
47    20.9144   21.1612   20.3282   20.3805
48    20.3193   20.5385   20.906    21.2611
49    19.2151   19.6405   20.1876   19.6927
50    19.7515   20.0564   20.7283   20.4193
51    20.8543   20.4289   19.8813   20.3394
52    18.9724   19.5968   19.9815   19.4441
53    18.9559   18.6428   19.4683   18.6428
54    20.0713   19.6566   19.2822   20.1615
55    21.3572   21.3573   20.5119   21.0096
56    19.5982   19.0371   19.5381   20.0617
57    20.8736   21.1073   20.5768   20.1195
58    20.1921   19.7912   19.9187   19.2365
59    21.312    21.3573   20.5204   21.3573
60    20.9545   20.4592   20.5219   21.3294
61    21.2666   21.3573   20.4149   21.0198
62    18.6427   18.6428   19.4663   18.7725
63    18.6428   18.6429   19.544    18.9499
64    20.2627   21.0718   20.4697   20.1632
65    18.6428   18.8245   19.5169   19.4102
66    18.6428   18.6428   18.6429   19.4692
67    20.3457   19.8034   19.4529   19.5099
68    19.8447   20.6281   20.5679   20.0126
69    19.797    20.1923   20.7456   20.0778
70    19.5103   18.7644   19.5955   18.9727
71    20.5888   20.0309   19.7911   19.6329
72    20.5255   19.9599   19.6931   20.4994
73    21.1138   20.309    20.2078   20.4823
74    20.4638   20.2625   19.5047   20.1627
75    20.2299   19.5357   20.185    20.4707
76    21.3262   20.9568   20.5041   21.3573
77    19.4749   19.0226   18.6428   19.4959
78    18.6912   19.4503   19.5108   19.4665
79    19.7695   20.4318   19.6474   20.455
80    19.4476   18.6427   18.6428   18.6427
81    20.193    20.3966   19.4419   19.9703
82    18.8592   19.2439   19.5932   19.8072
83    20.1448   19.1247   19.5499   19.6024
84    21.3064   20.7836   20.2818   20.7454
85    19.4264   19.8141   19.7073   20.4198
86    20.5074   19.5341   19.9597   20.0531
87    21.3573   21.357    20.5359   21.3573
88    21.1418   20.4179   21.3572   20.6983
89    21.3572   21.3573   21.3573   20.5585
90    19.8836   20.3161   20.4018   20.9059
91    20.0643   19.5656   19.1042   19.6918
92    19.3715   19.2859   20.0784   19.1664
93    19.9705   20.1954   20.3984   20.9296
94    20.5116   21.2615   21.3573   21.3573
95    20.0681   19.5047   20.0057   20.5273
96    19.5835   19.5636   18.7801   19.6759
97    21.081    20.1126   20.5346   20.5139
98    19.058    19.4561   18.6427   18.6427
99    19.5809   20.5546   20.0962   20.1493
100   18.6427   19.5532   18.9306   18.7761
;

side = 2.71462
softness = 0.05

---------------------------- Solution coords data ----------------------------
distances [*,1,*]
:     1   2   3   4    :=
1     0   1   0   1
2     0   1   0   1
3     0   1   0   1
4     0   1   0   1
5     0   1   0   1
6     0   1   0   1
7     0   1   0   1
8     0   1   0   1
9     0   1   0   1
10    0   1   0   1
11    0   1   0   1
12    0   1   0   1
13    0   1   0   1
14    0   1   0   1
15    0   1   0   1
16    0   1   0   1
17    0   1   0   1
18    0   1   0   1
19    0   1   0   1
20    0   1   0   1
21    0   1   0   1
22    0   1   0   1
23    0   1   0   1
24    0   1   0   1
25    0   1   0   1
26    0   1   0   1
27    0   1   0   1
28    0   1   0   1
29    0   1   0   1
30    0   1   0   1
31    0   1   0   1
32    0   1   0   1
33    0   1   0   1
34    0   1   0   1
35    0   1   0   1
36    0   1   0   1
37    0   1   0   1
38    0   1   0   1
39    0   1   0   1
40    0   1   0   1
41    0   1   0   1
42    0   1   0   1
43    0   1   0   1
44    0   1   0   1
45    0   1   0   1
46    0   1   0   1
47    0   1   0   1
48    0   1   0   1
49    0   1   0   1
50    0   1   0   1
51    0   1   0   1
52    0   1   0   1
53    0   1   0   1
54    0   1   0   1
55    0   1   0   1
56    0   1   0   1
57    0   1   0   1
58    0   1   0   1
59    0   1   0   1
60    0   1   0   1
61    0   1   0   1
62    0   1   0   1
63    0   1   0   1
64    0   1   0   1
65    0   1   0   1
66    0   1   0   1
67    0   1   0   1
68    0   1   0   1
69    0   1   0   1
70    0   1   0   1
71    0   1   0   1
72    0   1   0   1
73    0   1   0   1
74    0   1   0   1
75    0   1   0   1
76    0   1   0   1
77    0   1   0   1
78    0   1   0   1
79    0   1   0   1
80    0   1   0   1
81    0   1   0   1
82    0   1   0   1
83    0   1   0   1
84    0   1   0   1
85    0   1   0   1
86    0   1   0   1
87    0   1   0   1
88    0   1   0   1
89    0   1   0   1
90    0   1   0   1
91    0   1   0   1
92    0   1   0   1
93    0   1   0   1
94    0   1   0   1
95    0   1   0   1
96    0   1   0   1
97    0   1   0   1
98    0   1   0   1
99    0   1   0   1
100   0   1   0   1

 [*,2,*]
:     1   2   3   4    :=
1     0   0   1   1
2     0   0   1   1
3     0   0   1   1
4     0   0   1   1
5     0   0   1   1
6     0   0   1   1
7     0   0   1   1
8     0   0   1   1
9     0   0   1   1
10    0   0   1   1
11    0   0   1   1
12    0   0   1   1
13    0   0   1   1
14    0   0   1   1
15    0   0   1   1
16    0   0   1   1
17    0   0   1   1
18    0   0   1   1
19    0   0   1   1
20    0   0   1   1
21    0   0   1   1
22    0   0   1   1
23    0   0   1   1
24    0   0   1   1
25    0   0   1   1
26    0   0   1   1
27    0   0   1   1
28    0   0   1   1
29    0   0   1   1
30    0   0   1   1
31    0   0   1   1
32    0   0   1   1
33    0   0   1   1
34    0   0   1   1
35    0   0   1   1
36    0   0   1   1
37    0   0   1   1
38    0   0   1   1
39    0   0   1   1
40    0   0   1   1
41    0   0   1   1
42    0   0   1   1
43    0   0   1   1
44    0   0   1   1
45    0   0   1   1
46    0   0   1   1
47    0   0   1   1
48    0   0   1   1
49    0   0   1   1
50    0   0   1   1
51    0   0   1   1
52    0   0   1   1
53    0   0   1   1
54    0   0   1   1
55    0   0   1   1
56    0   0   1   1
57    0   0   1   1
58    0   0   1   1
59    0   0   1   1
60    0   0   1   1
61    0   0   1   1
62    0   0   1   1
63    0   0   1   1
64    0   0   1   1
65    0   0   1   1
66    0   0   1   1
67    0   0   1   1
68    0   0   1   1
69    0   0   1   1
70    0   0   1   1
71    0   0   1   1
72    0   0   1   1
73    0   0   1   1
74    0   0   1   1
75    0   0   1   1
76    0   0   1   1
77    0   0   1   1
78    0   0   1   1
79    0   0   1   1
80    0   0   1   1
81    0   0   1   1
82    0   0   1   1
83    0   0   1   1
84    0   0   1   1
85    0   0   1   1
86    0   0   1   1
87    0   0   1   1
88    0   0   1   1
89    0   0   1   1
90    0   0   1   1
91    0   0   1   1
92    0   0   1   1
93    0   0   1   1
94    0   0   1   1
95    0   0   1   1
96    0   0   1   1
97    0   0   1   1
98    0   0   1   1
99    0   0   1   1
100   0   0   1   1

 [*,3,*]
:     1   2   3   4    :=
1     1   0   0   1
2     1   0   0   1
3     1   0   0   1
4     1   0   0   1
5     1   0   0   1
6     1   0   0   1
7     1   0   0   1
8     1   0   0   1
9     1   0   0   1
10    1   0   0   1
11    1   0   0   1
12    1   0   0   1
13    1   0   0   1
14    1   0   0   1
15    1   0   0   1
16    1   0   0   1
17    1   0   0   1
18    1   0   0   1
19    1   0   0   1
20    1   0   0   1
21    1   0   0   1
22    1   0   0   1
23    1   0   0   1
24    1   0   0   1
25    1   0   0   1
26    1   0   0   1
27    1   0   0   1
28    1   0   0   1
29    1   0   0   1
30    1   0   0   1
31    1   0   0   1
32    1   0   0   1
33    1   0   0   1
34    1   0   0   1
35    1   0   0   1
36    1   0   0   1
37    1   0   0   1
38    1   0   0   1
39    1   0   0   1
40    1   0   0   1
41    1   0   0   1
42    1   0   0   1
43    1   0   0   1
44    1   0   0   1
45    1   0   0   1
46    1   0   0   1
47    1   0   0   1
48    1   0   0   1
49    1   0   0   1
50    1   0   0   1
51    1   0   0   1
52    1   0   0   1
53    1   0   0   1
54    1   0   0   1
55    1   0   0   1
56    1   0   0   1
57    1   0   0   1
58    1   0   0   1
59    1   0   0   1
60    1   0   0   1
61    1   0   0   1
62    1   0   0   1
63    1   0   0   1
64    1   0   0   1
65    1   0   0   1
66    1   0   0   1
67    1   0   0   1
68    1   0   0   1
69    1   0   0   1
70    1   0   0   1
71    1   0   0   1
72    1   0   0   1
73    1   0   0   1
74    1   0   0   1
75    1   0   0   1
76    1   0   0   1
77    1   0   0   1
78    1   0   0   1
79    1   0   0   1
80    1   0   0   1
81    1   0   0   1
82    1   0   0   1
83    1   0   0   1
84    1   0   0   1
85    1   0   0   1
86    1   0   0   1
87    1   0   0   1
88    1   0   0   1
89    1   0   0   1
90    1   0   0   1
91    1   0   0   1
92    1   0   0   1
93    1   0   0   1
94    1   0   0   1
95    1   0   0   1
96    1   0   0   1
97    1   0   0   1
98    1   0   0   1
99    1   0   0   1
100   1   0   0   1

 [*,4,*]
:     1   2   3   4    :=
1     1   1   1   0
2     1   1   1   0
3     1   1   1   0
4     1   1   1   0
5     1   1   1   0
6     1   1   1   0
7     1   1   1   0
8     1   1   1   0
9     1   1   1   0
10    1   1   1   0
11    1   1   1   0
12    1   1   1   0
13    1   1   1   0
14    1   1   1   0
15    1   1   1   0
16    1   1   1   0
17    1   1   1   0
18    1   1   1   0
19    1   1   1   0
20    1   1   1   0
21    1   1   1   0
22    1   1   1   0
23    1   1   1   0
24    1   1   1   0
25    1   1   1   0
26    1   1   1   0
27    1   1   1   0
28    1   1   1   0
29    1   1   1   0
30    1   1   1   0
31    1   1   1   0
32    1   1   1   0
33    1   1   1   0
34    1   1   1   0
35    1   1   1   0
36    1   1   1   0
37    1   1   1   0
38    1   1   1   0
39    1   1   1   0
40    1   1   1   0
41    1   1   1   0
42    1   1   1   0
43    1   1   1   0
44    1   1   1   0
45    1   1   1   0
46    1   1   1   0
47    1   1   1   0
48    1   1   1   0
49    1   1   1   0
50    1   1   1   0
51    1   1   1   0
52    1   1   1   0
53    1   1   1   0
54    1   1   1   0
55    1   1   1   0
56    1   1   1   0
57    1   1   1   0
58    1   1   1   0
59    1   1   1   0
60    1   1   1   0
61    1   1   1   0
62    1   1   1   0
63    1   1   1   0
64    1   1   1   0
65    1   1   1   0
66    1   1   1   0
67    1   1   1   0
68    1   1   1   0
69    1   1   1   0
70    1   1   1   0
71    1   1   1   0
72    1   1   1   0
73    1   1   1   0
74    1   1   1   0
75    1   1   1   0
76    1   1   1   0
77    1   1   1   0
78    1   1   1   0
79    1   1   1   0
80    1   1   1   0
81    1   1   1   0
82    1   1   1   0
83    1   1   1   0
84    1   1   1   0
85    1   1   1   0
86    1   1   1   0
87    1   1   1   0
88    1   1   1   0
89    1   1   1   0
90    1   1   1   0
91    1   1   1   0
92    1   1   1   0
93    1   1   1   0
94    1   1   1   0
95    1   1   1   0
96    1   1   1   0
97    1   1   1   0
98    1   1   1   0
99    1   1   1   0
100   1   1   1   0
;

---------------------------- Solution stats data ----------------------------
_ampl_time = 0.181532
_total_solve_time = 89732.1
_ampl_elapsed_time = 0.177857
_ampl_user_time = 0.148445

Total time elapsed: $89732.12.
_total_solve_time = 89732.1

---------------------------- Solution miscs data ----------------------------
tetrahedron_volume [*] :=
  1 0.117851    21 0.117851    41 0.117851    61 0.117851    81 0.117851
  2 0.117851    22 0.117851    42 0.117851    62 0.117851    82 0.117851
  3 0.117851    23 0.117851    43 0.117851    63 0.117851    83 0.117851
  4 0.117851    24 0.117851    44 0.117851    64 0.117851    84 0.117851
  5 0.117851    25 0.117851    45 0.117851    65 0.117851    85 0.117851
  6 0.117851    26 0.117851    46 0.117851    66 0.117851    86 0.117851
  7 0.117851    27 0.117851    47 0.117851    67 0.117851    87 0.117851
  8 0.117851    28 0.117851    48 0.117851    68 0.117851    88 0.117851
  9 0.117851    29 0.117851    49 0.117851    69 0.117851    89 0.117851
 10 0.117851    30 0.117851    50 0.117851    70 0.117851    90 0.117851
 11 0.117851    31 0.117851    51 0.117851    71 0.117851    91 0.117851
 12 0.117851    32 0.117851    52 0.117851    72 0.117851    92 0.117851
 13 0.117851    33 0.117851    53 0.117851    73 0.117851    93 0.117851
 14 0.117851    34 0.117851    54 0.117851    74 0.117851    94 0.117851
 15 0.117851    35 0.117851    55 0.117851    75 0.117851    95 0.117851
 16 0.117851    36 0.117851    56 0.117851    76 0.117851    96 0.117851
 17 0.117851    37 0.117851    57 0.117851    77 0.117851    97 0.117851
 18 0.117851    38 0.117851    58 0.117851    78 0.117851    98 0.117851
 19 0.117851    39 0.117851    59 0.117851    79 0.117851    99 0.117851
 20 0.117851    40 0.117851    60 0.117851    80 0.117851   100 0.117851
;

---------------------------- Solution miscs data ----------------------------
tetrahedron_surface_area [*] :=
  1 0    11 0    21 0    31 0    41 0    51 0    61 0    71 0    81 0    91 0
  2 0    12 0    22 0    32 0    42 0    52 0    62 0    72 0    82 0    92 0
  3 0    13 0    23 0    33 0    43 0    53 0    63 0    73 0    83 0    93 0
  4 0    14 0    24 0    34 0    44 0    54 0    64 0    74 0    84 0    94 0
  5 0    15 0    25 0    35 0    45 0    55 0    65 0    75 0    85 0    95 0
  6 0    16 0    26 0    36 0    46 0    56 0    66 0    76 0    86 0    96 0
  7 0    17 0    27 0    37 0    47 0    57 0    67 0    77 0    87 0    97 0
  8 0    18 0    28 0    38 0    48 0    58 0    68 0    78 0    88 0    98 0
  9 0    19 0    29 0    39 0    49 0    59 0    69 0    79 0    89 0    99 0
 10 0    20 0    30 0    40 0    50 0    60 0    70 0    80 0    90 0   100 0
;

