Error at _cmdno 5 executing "solve" command
(file amplin, line 1945, offset 37257):
error processing param distances:
	3680 invalid subscripts discarded:
	distances[71,1,1]
	distances[71,1,2]
	distances[71,1,3]
	and 3677 more.
##### This license is only intended for use by NEOS. #####
##### License is valid until Jan 16, 2026 #####
ariables.
Adjusted problem:
12916 variables:
	8086 nonlinear variables
	4830 linear variables
25340 constraints; 154315 nonzeros
	22925 nonlinear constraints
	2415 linear constraints
	2485 equality constraints
	22855 inequality constraints
1 linear objective; 1 nonzero.

Artelys Knitro 14.2.0: threads=4
algorithm=1
ms_enable=1
ms_maxsolves=10
feastol=1e-5
opttol=1e-5
honorbnds=1
bar_initpt=3
bar_murule=4
scale=1
outlev=2
maxtime_real=3600
WARNING:  Option 'threads' is deprecated, please use 'numthreads'.

=======================================
           Academic License
       (NOT FOR COMMERCIAL USE)
         Artelys Knitro 14.2.0
=======================================

No start point provided -- Knitro computing one.

Knitro presolve eliminated 0 variables and 0 constraints.

algorithm                1
bar_initpt               3
bar_murule               4
concurrent_evals         0
datacheck                0
feastol                  1e-05
findiff_numthreads       1
hessian_no_f             1
hessopt                  1
honorbnds                1
maxtime_real             3600
ms_enable                1
ms_maxsolves             10
numthreads               4
opttol                   1e-05

Problem Characteristics                                 (   Presolved)
-----------------------
Objective goal:  Minimize
Objective type:  linear
Number of variables:                              12916 (       12916)
    bounded below only:                             841 (         841)
    bounded above only:                               0 (           0)
    bounded below and above:                          0 (           0)
    fixed:                                            0 (           0)
    free:                                         12075 (       12075)
Number of constraints:                            25340 (       25340)
    linear equalities:                                0 (           0)
    quadratic equalities:                          2415 (        2415)
    gen. nonlinear equalities:                       70 (          70)
    linear one-sided inequalities:                 2415 (        2415)
    quadratic one-sided inequalities:             20440 (       20440)
    gen. nonlinear one-sided inequalities:            0 (           0)
    linear two-sided inequalities:                    0 (           0)
    quadratic two-sided inequalities:                 0 (           0)
    gen. nonlinear two-sided inequalities:            0 (           0)
Number of nonzeros in Jacobian:                  154315 (      154315)
Number of nonzeros in Hessian:                    70666 (       70666)

Knitro parallel multistart will run with 4 threads.

Return codes description
------------------------
  0:  The final solution satisfies the termination conditions for verifying optimality.
  -100 to -199:  A feasible approximate solution was found.
  -200 to -299:  Knitro terminated at an infeasible point.
  -300 to -301:  The problem was determined to be unbounded.
  -400 to -499:  Knitro terminated because it reached a pre-defined limit.
    -400 to -409:  A feasible point was found.
    -410 to -419:  No feasible point was found.
  -500 to -599:  Knitro terminated with an input error or some non-standard error.
A more detailed description of individual return codes and their corresponding
termination messages is provided at
https://www.artelys.com/app/docs/knitro/3_referenceManual/returnCodes.html

 Solve #  ThreadID  Status     Objective      FeasError    OptError    Real Time 
--------  --------  ------  --------------   ----------   ----------  ----------
      6          3    -202         1452.85      55190.6      158.152      950.109
      0          0       0         1.41922  6.19665e-04  5.36467e-06      1382.56
      9          3    -202         2720.22      2.36912  8.38148e-02      6797.78
      2          2    -410         2747.62      49739.2      7.38275      8236.55
      1          3    -410         752.618  6.03810e-02     0.129738      8173.96
      5          1    -410         210.272  3.26602e-03  1.06436e-02      6933.01
      8          0    -410         1276.03     0.191601     0.947028      7523.48
      3          1    -410         451.094  3.20965e-03  4.16007e-03      7430.22
      4          0    -410         8648.50      10.8488     0.999692      7427.30
      7          2    -410         4359.15     0.152706     0.679035      7876.92

MULTISTART: Best locally optimal solution is returned.
EXIT: Locally optimal solution found.

Final Statistics
----------------
Final objective value               =   1.41922131626298e+00
Final feasibility error (abs / rel) =   6.20e-04 / 5.79e-07
Final optimality error  (abs / rel) =   5.36e-06 / 5.36e-06
# of iterations                     =      81400 
# of CG iterations                  =          0 
# of function evaluations           =      99515
# of gradient evaluations           =      81681
# of Hessian evaluations            =      81459
Total program time (secs)           =   16336.01074 ( 47589.176 CPU time)

===============================================================================

Knitro 14.2.0: Locally optimal or satisfactory solution.
objective 1.419221316; feasibility error 0.00062
81400 iterations; 99515 function evaluations

suffix feaserror OUT;
suffix opterror OUT;
suffix numfcevals OUT;
suffix numiters OUT;
---------------------------- Container and geometric considerations  ----------------------------
Container type: sphere
Structural conservation type: surface
---------------------------- Solution execution data ----------------------------
solve_result_num = 0
solve_result = solved

---------------------------- Solution data ----------------------------
card(figures) = 70

coords [*,*,1]
:       1         2         3         4       :=
1    19.2891   19.4383   18.8127   19.5164
2    20.3044   20.8807   20.6112   21.2619
3    19.3123   18.6889   19.606    19.1848
4    19.6835   19.8427   20.4029   20.2601
5    20.0991   19.8574   19.1871   19.9395
6    20.118    19.8321   20.7998   20.0368
7    20.2835   19.4564   19.8705   20.1755
8    19.8906   20.6252   20.1908   20.8677
9    20.6252   20.1415   19.695    19.8906
10   20.1575   20.8852   20.9857   20.5048
11   20.4175   19.8943   20.2907   20.828
12   20.0402   20.6224   20.1177   20.8293
13   19.3055   20.1539   20.1302   20.0175
14   21.1908   21.2074   20.328    21.3674
15   19.4999   19.1656   18.7593   19.7154
16   19.5728   19.8208   20.3424   20.3916
17   18.78     18.6889   18.6913   19.4988
18   19.1203   18.7891   19.6801   19.8617
19   20.6031   19.6255   20.3284   20.6519
20   20.5084   20.1687   20.922    20.0198
21   19.8204   20.2391   19.6934   19.1236
22   19.5045   19.7784   19.8554   20.5157
23   20.3274   20.0706   20.5981   21.0709
24   21.3896   20.9641   20.4555   21.2278
25   21.3497   20.837    20.6644   20.2415
26   18.6902   19.7225   18.7456   19.1434
27   20.1981   20.0069   19.8285   19.4096
28   21.3056   21.1657   20.3851   21.3783
29   20.1353   20.5339   20.3157   20.9866
30   20.6144   20.5615   20.1754   21.2001
31   19.8055   19.5989   19.5609   20.4135
32   19.2595   19.6579   18.6488   18.8175
33   19.9985   19.8569   20.0986   20.6433
34   21.0452   20.1549   20.0728   20.2199
35   18.6889   19.1534   19.7069   18.7408
36   20.0291   19.2942   20.3718   19.6516
37   19.5094   20.2665   19.9259   19.4842
38   20.0042   20.1895   20.9865   20.1346
39   19.6748   19.6621   19.2886   20.2181
40   19.2838   20.2029   19.2693   20.0348
41   18.6889   19.5503   18.7816   19.2245
42   20.1542   20.1574   19.8906   19.1944
43   19.8796   20.3621   20.8311   20.3468
44   19.6032   19.3335   19.7944   20.3359
45   20.0203   19.5122   20.1133   20.2493
46   19.8906   20.1549   20.1695   20.8751
47   19.5595   18.9707   19.6236   19.8265
48   20.6144   20.9667   21.231    20.5578
49   21.2616   20.3323   21.2983   20.8797
50   19.6708   19.1047   18.6501   19.1439
51   20.2701   20.3209   19.9465   20.8748
52   21.0243   20.5376   20.5834   21.3405
53   19.8477   19.4858   18.7944   19.2875
54   20.6433   21.1905   20.2607   21.2076
55   19.5047   19.7102   19.0965   19.8554
56   20.3138   20.6032   19.4884   20.111
57   19.5687   19.6949   19.2193   19.0316
58   20.2195   20.2213   20.0753   19.449
59   19.8291   19.9191   19.1894   19.41
60   19.1047   19.1741   19.6501   18.6481
61   18.6921   19.6741   18.743    18.6889
62   19.9453   20.8939   19.8871   20.2701
63   21.0711   21.3137   20.3274   20.5981
64   19.4475   19.9604   19.5052   19.1893
65   20.652    20.264    20.6101   21.2191
66   18.7837   19.2239   19.5669   19.4477
67   20.1396   20.0912   20.4408   21.0834
68   21.3896   20.9641   20.4693   20.9854
69   20.2149   20.1449   19.2145   19.4948
70   19.8906   19.1875   19.6983   20.1288

 [*,*,2]
:       1         2         3         4       :=
1    19.4292   18.705    19.3007   19.8289
2    20.1728   21.1091   20.8921   20.5298
3    19.7991   19.6572   20.0059   19.0093
4    20.8027   20.2298   20.4109   21.2448
5    18.8093   19.418    19.1511   19.8163
6    20.1902   19.4132   19.7752   19.8737
7    19.6249   19.6522   18.5901   19.1659
8    21.2587   20.9282   20.2245   21.1191
9    20.9282   20.2282   20.5759   21.2587
10   19.8825   19.0247   20.0361   19.367
11   20.5378   20.1793   21.1919   20.7917
12   19.8725   20.6456   20.1903   19.7524
13   20.796    21.3248   20.3146   20.4798
14   19.7662   20.5649   20.0838   20.2614
15   21.1909   21.1344   20.5697   20.1779
16   20.5164   19.6967   20.347    20.1568
17   19.3702   19.6572   20.381    19.9959
18   20.9882   20.2427   20.8211   20.1367
19   20.9259   20.5041   20.3614   20.1255
20   19.3634   19.8522   18.9977   18.7502
21   20.1766   21.1917   20.8137   20.9884
22   21.1885   20.3569   21.4057   21.1726
23   20.0355   19.4604   19.0197   19.8408
24   20.1831   19.2547   19.9587   19.2913
25   20.1651   19.9917   20.7918   19.8969
26   20.3842   20.1583   20.4982   21.1207
27   20.4      19.9017   19.403    20.1272
28   19.4437   19.7501   20.1155   20.2417
29   20.3257   19.8511   20.4631   20.8957
30   18.742    19.7281   19.3755   19.3279
31   19.7104   19.5281   20.5297   20.1404
32   19.3915   20.0644   20.12     19.304
33   19.7775   19.4195   18.8102   19.6989
34   19.6897   19.4836   20.2588   19.7196
35   19.6572   19.7496   20.1156   20.4921
36   20.0063   20.0674   20.4332   20.8142
37   18.7483   19.5822   18.8978   19.8428
38   20.4148   21.3202   20.8955   20.3253
39   20.6009   20.55     19.7716   20.1669
40   19.5081   18.8875   18.909    19.7507
41   19.6572   19.9939   19.3693   18.9818
42   21.2376   20.2766   21.2587   20.8871
43   18.5887   18.8358   18.8925   19.591
44   19.5585   18.8874   18.6006   19.0217
45   19.8416   19.2521   19.9448   18.8873
46   21.2587   20.392    21.3829   21.1137
47   20.5063   19.8267   19.3685   19.8874
48   18.742    19.2539   19.3843   19.7977
49   20.531    20.1513   20.1728   21.1098
50   20.2432   20.6801   20.1277   21.1211
51   19.6611   19.5854   18.7348   18.9519
52   20.9689   19.9441   20.8161   20.1898
53   19.9796   20.7623   20.2505   19.8022
54   20.1212   19.7651   20.1285   20.5638
55   21.1888   20.3417   20.9973   21.4057
56   20.4477   19.7428   19.85     20.3321
57   20.373    20.6159   20.9843   19.9238
58   19.7188   19.1496   20.2253   19.3742
59   19.4022   19.8947   19.1515   20.1263
60   20.6801   19.6178   20.2592   20.123
61   20.3823   20.1552   20.4979   19.6572
62   18.7344   18.9759   18.7721   19.6602
63   19.8417   19.499    20.0355   19.0197
64   18.7007   18.8249   19.7477   19.1495
65   20.1267   20.1294   20.8924   20.5792
66   19.3554   18.9818   19.8048   18.7026
67   20.1111   19.4629   20.2227   19.8511
68   20.184    19.2547   19.9396   20.0381
69   19.6684   20.3367   20.0927   19.5328
70   21.2587   20.913    20.6127   20.2697

 [*,*,3]
:       1         2         3         4       :=
1    18.9846   19.8525   19.6602   20.0279
2    19.7901   20.0923   19.0809   19.6242
3    21.2251   20.4214   20.247    20.6067
4    21.1268   20.3209   21.2973   20.63
5    20.7659   21.2865   20.7955   20.2556
6    21.4015   21.2813   21.1507   20.3091
7    20.1626   20.0396   20.0226   19.3434
8    19.3535   19.1272   19.7281   19.9049
9    19.1272   19.6749   18.7393   19.3535
10   20.3175   20.5036   21.0205   21.1656
11   21.2453   20.4428   20.7134   20.2123
12   20.3106   20.9135   21.4015   21.1248
13   19.6439   20.1922   19.664    20.4764
14   19.2641   19.5128   19.8571   20.2759
15   20.5881   19.8233   20.3875   20.1113
16   18.7659   19.5185   19.5899   18.6453
17   19.6408   20.4214   19.6045   20.2667
18   20.5136   20.6993   21.1125   20.3546
19   19.1094   18.7762   19.6625   18.7456
20   21.1621   20.4433   20.3966   20.6722
21   20.3054   20.6124   21.1216   20.5188
22   20.5968   20.3091   19.8684   20.6111
23   19.6074   18.6893   19.1661   19.0824
24   20.2229   20.7275   19.9887   19.9344
25   20.4064   21.1461   20.9726   20.4065
26   19.6116   20.0395   20.4386   19.8436
27   21.3472   20.3397   21.2761   21.2843
28   19.9959   19.23     19.96     20.2366
29   19.6732   20.2352   20.7906   20.1733
30   19.7671   20.166    19.1528   19.6504
31   19.513    18.723    18.7587   18.6496
32   18.9533   19.7831   19.5828   19.6582
33   20.2917   21.2872   20.7673   21.2287
34   19.7776   19.2039   19.6949   20.3175
35   20.4214   21.1112   20.1904   20.4318
36   20.3984   21.2294   21.2993   21.109
37   19.9798   20.1569   20.7587   20.2984
38   20.4956   20.2283   20.1732   19.6741
39   20.0522   18.9132   19.3715   19.5869
40   18.8778   19.1425   19.4616   19.5359
41   20.4214   20.2015   19.6367   20.6133
42   20.1473   19.6533   19.3535   19.6547
43   19.9109   19.2735   20.3112   19.6333
44   19.8948   19.4237   20.1163   19.2056
45   18.5898   18.8969   19.5742   19.1702
46   19.3535   19.7064   20.2701   19.9101
47   18.7495   19.0384   18.786    19.6209
48   19.7672   20.7231   19.6538   20.1942
49   19.625    19.8075   20.4128   20.0932
50   20.022    19.1339   19.581    19.8438
51   20.4502   19.6185   19.8695   20.3878
52   20.1617   20.2745   21.0039   20.4256
53   20.3635   21.081    20.7056   21.2114
54   18.7408   19.264    19.8148   19.5123
55   20.5964   20.2517   19.5492   19.8684
56   20.749    20.2512   20.2376   19.7389
57   19.8652   18.7583   19.3398   18.9653
58   20.3125   19.3245   19.6623   19.5552
59   21.2758   20.3344   20.7983   21.2846
60   19.1339   19.1758   19.9895   19.5859
61   19.6032   20.1362   20.4314   20.4214
62   19.8689   20.4077   20.7027   20.4498
63   19.0825   19.8062   19.6074   19.1661
64   19.8557   20.7948   20.3036   20.796
65   18.7458   19.8101   19.0804   19.5612
66   19.6547   20.6125   20.1224   19.8562
67   19.6262   18.6895   18.6695   19.0954
68   20.2222   20.7275   20.0087   21.0206
69   20.3508   19.732    20.0322   19.4772
70   19.3535   19.6469   18.7559   19.6561
;

radius = 1.41922
softness = 0.3

---------------------------- Solution coords data ----------------------------
distances [*,1,*]
:    1   2   3   4    :=
1    0   1   0   1
2    0   1   0   1
3    0   1   0   1
4    0   1   0   1
5    0   1   0   1
6    0   1   0   1
7    0   1   0   1
8    0   1   0   1
9    0   1   0   1
10   0   1   0   1
11   0   1   0   1
12   0   1   0   1
13   0   1   0   1
14   0   1   0   1
15   0   1   0   1
16   0   1   0   1
17   0   1   0   1
18   0   1   0   1
19   0   1   0   1
20   0   1   0   1
21   0   1   0   1
22   0   1   0   1
23   0   1   0   1
24   0   1   0   1
25   0   1   0   1
26   0   1   0   1
27   0   1   0   1
28   0   1   0   1
29   0   1   0   1
30   0   1   0   1
31   0   1   0   1
32   0   1   0   1
33   0   1   0   1
34   0   1   0   1
35   0   1   0   1
36   0   1   0   1
37   0   1   0   1
38   0   1   0   1
39   0   1   0   1
40   0   1   0   1
41   0   1   0   1
42   0   1   0   1
43   0   1   0   1
44   0   1   0   1
45   0   1   0   1
46   0   1   0   1
47   0   1   0   1
48   0   1   0   1
49   0   1   0   1
50   0   1   0   1
51   0   1   0   1
52   0   1   0   1
53   0   1   0   1
54   0   1   0   1
55   0   1   0   1
56   0   1   0   1
57   0   1   0   1
58   0   1   0   1
59   0   1   0   1
60   0   1   0   1
61   0   1   0   1
62   0   1   0   1
63   0   1   0   1
64   0   1   0   1
65   0   1   0   1
66   0   1   0   1
67   0   1   0   1
68   0   1   0   1
69   0   1   0   1
70   0   1   0   1

 [*,2,*]
:    1   2   3   4    :=
1    0   0   1   1
2    0   0   1   1
3    0   0   1   1
4    0   0   1   1
5    0   0   1   1
6    0   0   1   1
7    0   0   1   1
8    0   0   1   1
9    0   0   1   1
10   0   0   1   1
11   0   0   1   1
12   0   0   1   1
13   0   0   1   1
14   0   0   1   1
15   0   0   1   1
16   0   0   1   1
17   0   0   1   1
18   0   0   1   1
19   0   0   1   1
20   0   0   1   1
21   0   0   1   1
22   0   0   1   1
23   0   0   1   1
24   0   0   1   1
25   0   0   1   1
26   0   0   1   1
27   0   0   1   1
28   0   0   1   1
29   0   0   1   1
30   0   0   1   1
31   0   0   1   1
32   0   0   1   1
33   0   0   1   1
34   0   0   1   1
35   0   0   1   1
36   0   0   1   1
37   0   0   1   1
38   0   0   1   1
39   0   0   1   1
40   0   0   1   1
41   0   0   1   1
42   0   0   1   1
43   0   0   1   1
44   0   0   1   1
45   0   0   1   1
46   0   0   1   1
47   0   0   1   1
48   0   0   1   1
49   0   0   1   1
50   0   0   1   1
51   0   0   1   1
52   0   0   1   1
53   0   0   1   1
54   0   0   1   1
55   0   0   1   1
56   0   0   1   1
57   0   0   1   1
58   0   0   1   1
59   0   0   1   1
60   0   0   1   1
61   0   0   1   1
62   0   0   1   1
63   0   0   1   1
64   0   0   1   1
65   0   0   1   1
66   0   0   1   1
67   0   0   1   1
68   0   0   1   1
69   0   0   1   1
70   0   0   1   1

 [*,3,*]
:    1   2   3   4    :=
1    1   0   0   1
2    1   0   0   1
3    1   0   0   1
4    1   0   0   1
5    1   0   0   1
6    1   0   0   1
7    1   0   0   1
8    1   0   0   1
9    1   0   0   1
10   1   0   0   1
11   1   0   0   1
12   1   0   0   1
13   1   0   0   1
14   1   0   0   1
15   1   0   0   1
16   1   0   0   1
17   1   0   0   1
18   1   0   0   1
19   1   0   0   1
20   1   0   0   1
21   1   0   0   1
22   1   0   0   1
23   1   0   0   1
24   1   0   0   1
25   1   0   0   1
26   1   0   0   1
27   1   0   0   1
28   1   0   0   1
29   1   0   0   1
30   1   0   0   1
31   1   0   0   1
32   1   0   0   1
33   1   0   0   1
34   1   0   0   1
35   1   0   0   1
36   1   0   0   1
37   1   0   0   1
38   1   0   0   1
39   1   0   0   1
40   1   0   0   1
41   1   0   0   1
42   1   0   0   1
43   1   0   0   1
44   1   0   0   1
45   1   0   0   1
46   1   0   0   1
47   1   0   0   1
48   1   0   0   1
49   1   0   0   1
50   1   0   0   1
51   1   0   0   1
52   1   0   0   1
53   1   0   0   1
54   1   0   0   1
55   1   0   0   1
56   1   0   0   1
57   1   0   0   1
58   1   0   0   1
59   1   0   0   1
60   1   0   0   1
61   1   0   0   1
62   1   0   0   1
63   1   0   0   1
64   1   0   0   1
65   1   0   0   1
66   1   0   0   1
67   1   0   0   1
68   1   0   0   1
69   1   0   0   1
70   1   0   0   1

 [*,4,*]
:    1   2   3   4    :=
1    1   1   1   0
2    1   1   1   0
3    1   1   1   0
4    1   1   1   0
5    1   1   1   0
6    1   1   1   0
7    1   1   1   0
8    1   1   1   0
9    1   1   1   0
10   1   1   1   0
11   1   1   1   0
12   1   1   1   0
13   1   1   1   0
14   1   1   1   0
15   1   1   1   0
16   1   1   1   0
17   1   1   1   0
18   1   1   1   0
19   1   1   1   0
20   1   1   1   0
21   1   1   1   0
22   1   1   1   0
23   1   1   1   0
24   1   1   1   0
25   1   1   1   0
26   1   1   1   0
27   1   1   1   0
28   1   1   1   0
29   1   1   1   0
30   1   1   1   0
31   1   1   1   0
32   1   1   1   0
33   1   1   1   0
34   1   1   1   0
35   1   1   1   0
36   1   1   1   0
37   1   1   1   0
38   1   1   1   0
39   1   1   1   0
40   1   1   1   0
41   1   1   1   0
42   1   1   1   0
43   1   1   1   0
44   1   1   1   0
45   1   1   1   0
46   1   1   1   0
47   1   1   1   0
48   1   1   1   0
49   1   1   1   0
50   1   1   1   0
51   1   1   1   0
52   1   1   1   0
53   1   1   1   0
54   1   1   1   0
55   1   1   1   0
56   1   1   1   0
57   1   1   1   0
58   1   1   1   0
59   1   1   1   0
60   1   1   1   0
61   1   1   1   0
62   1   1   1   0
63   1   1   1   0
64   1   1   1   0
65   1   1   1   0
66   1   1   1   0
67   1   1   1   0
68   1   1   1   0
69   1   1   1   0
70   1   1   1   0
;

---------------------------- Solution stats data ----------------------------
_ampl_time = 0.293981
_total_solve_time = 47589.8
_ampl_elapsed_time = 0.289752
_ampl_user_time = 0.252576

Total time elapsed: $47589.85.
_total_solve_time = 47589.8

---------------------------- Solution miscs data ----------------------------
tetrahedron_volume [*] :=
 1 0    8 0   15 0   22 0   29 0   36 0   43 0   50 0   57 0   64 0
 2 0    9 0   16 0   23 0   30 0   37 0   44 0   51 0   58 0   65 0
 3 0   10 0   17 0   24 0   31 0   38 0   45 0   52 0   59 0   66 0
 4 0   11 0   18 0   25 0   32 0   39 0   46 0   53 0   60 0   67 0
 5 0   12 0   19 0   26 0   33 0   40 0   47 0   54 0   61 0   68 0
 6 0   13 0   20 0   27 0   34 0   41 0   48 0   55 0   62 0   69 0
 7 0   14 0   21 0   28 0   35 0   42 0   49 0   56 0   63 0   70 0
;

---------------------------- Solution miscs data ----------------------------
tetrahedron_surface_area [*] :=
 1 1.73205   13 1.73205   25 1.73205   37 1.73205   49 1.73205   61 1.73205
 2 1.73205   14 1.73205   26 1.73205   38 1.73205   50 1.73205   62 1.73205
 3 1.73205   15 1.73205   27 1.73205   39 1.73205   51 1.73205   63 1.73205
 4 1.73205   16 1.73205   28 1.73205   40 1.73205   52 1.73205   64 1.73205
 5 1.73205   17 1.73205   29 1.73205   41 1.73205   53 1.73205   65 1.73205
 6 1.73205   18 1.73205   30 1.73205   42 1.73205   54 1.73205   66 1.73205
 7 1.73205   19 1.73205   31 1.73205   43 1.73205   55 1.73205   67 1.73205
 8 1.73205   20 1.73205   32 1.73205   44 1.73205   56 1.73205   68 1.73205
 9 1.73205   21 1.73205   33 1.73205   45 1.73205   57 1.73205   69 1.73205
10 1.73205   22 1.73205   34 1.73205   46 1.73205   58 1.73205   70 1.73205
11 1.73205   23 1.73205   35 1.73205   47 1.73205   59 1.73205
12 1.73205   24 1.73205   36 1.73205   48 1.73205   60 1.73205
;

