Error at _cmdno 5 executing "solve" command
(file amplin, line 1961, offset 37058):
error processing param distances:
	3440 invalid subscripts discarded:
	distances[86,1,1]
	distances[86,1,2]
	distances[86,1,3]
	and 3437 more.
##### This license is only intended for use by NEOS. #####
##### License is valid until Jan 16, 2026 #####
ariables.
Substitution eliminates 1 variable.
Adjusted problem:
18873 variables:
	11733 nonlinear variables
	7140 linear variables
37828 constraints; 227296 nonzeros
	33575 nonlinear constraints
	4253 linear constraints
	3656 equality constraints
	34172 inequality constraints
1 nonlinear objective; 3 nonzeros.

Artelys Knitro 14.2.0: threads=4
algorithm=1
ms_enable=1
ms_maxsolves=10
feastol=1e-5
opttol=1e-5
honorbnds=1
bar_initpt=3
bar_murule=4
scale=1
outlev=2
maxtime_real=1200
WARNING:  Option 'threads' is deprecated, please use 'numthreads'.
WARNING: 1 constraint is constant or undefined and will be ignored.

=======================================
           Academic License
       (NOT FOR COMMERCIAL USE)
         Artelys Knitro 14.2.0
=======================================

No start point provided -- Knitro computing one.

Knitro presolve eliminated 0 variables and 1 constraint.

algorithm                1
bar_initpt               3
bar_murule               4
concurrent_evals         0
datacheck                0
feastol                  1e-05
findiff_numthreads       1
hessian_no_f             1
hessopt                  1
honorbnds                1
maxtime_real             1200
ms_enable                1
ms_maxsolves             10
numthreads               4
opttol                   1e-05

Problem Characteristics                                 (   Presolved)
-----------------------
Objective goal:  Minimize
Objective type:  general
Number of variables:                              18873 (       18873)
    bounded below only:                               1 (           1)
    bounded above only:                               0 (           0)
    bounded below and above:                          0 (           0)
    fixed:                                            0 (           0)
    free:                                         18872 (       18872)
Number of constraints:                            37828 (       37827)
    linear equalities:                                1 (           0)
    quadratic equalities:                          3570 (        3570)
    gen. nonlinear equalities:                       85 (          85)
    linear one-sided inequalities:                 4252 (        4252)
    quadratic one-sided inequalities:             29920 (       29920)
    gen. nonlinear one-sided inequalities:            0 (           0)
    linear two-sided inequalities:                    0 (           0)
    quadratic two-sided inequalities:                 0 (           0)
    gen. nonlinear two-sided inequalities:            0 (           0)
Number of nonzeros in Jacobian:                  227296 (      227296)
Number of nonzeros in Hessian:                   103023 (      103023)

Knitro parallel multistart will run with 4 threads.

Return codes description
------------------------
  0:  The final solution satisfies the termination conditions for verifying optimality.
  -100 to -199:  A feasible approximate solution was found.
  -200 to -299:  Knitro terminated at an infeasible point.
  -300 to -301:  The problem was determined to be unbounded.
  -400 to -499:  Knitro terminated because it reached a pre-defined limit.
    -400 to -409:  A feasible point was found.
    -410 to -419:  No feasible point was found.
  -500 to -599:  Knitro terminated with an input error or some non-standard error.
A more detailed description of individual return codes and their corresponding
termination messages is provided at
https://www.artelys.com/app/docs/knitro/3_referenceManual/returnCodes.html

 Solve #  ThreadID  Status     Objective      FeasError    OptError    Real Time 
--------  --------  ------  --------------   ----------   ----------  ----------
      0          0       0         4.51344  5.13761e-05  5.34845e-05      857.285
      3          3    -410     3.94300e+10  2.97849e+06      6828.38      4439.55
      1          1    -410     3.53166e+10  5.52559e+06      5685.58      4465.26
      2          2    -410     8.08095e+12  1.61013e+06      813666.      4597.51
      4          0    -410     4.55984e+13  1.84828e+06  2.55600e+06      5023.13
      6          1    -410     1.60860e+10  2.72793e+06      12669.7      6430.83
      5          3    -410     1.19830e+12      932220.      84909.3      7836.73
      8          0    -410     4.14470e+09      1487.12      1623.99      7790.95
      9          1    -410     4.28397e+11      49811.6      176650.      5741.26
      7          2    -410     1.72509e+13      216.590      668666.      7540.49

MULTISTART: Best locally optimal solution is returned.
EXIT: Locally optimal solution found.

Final Statistics
----------------
Final objective value               =   4.51343864856184e+00
Final feasibility error (abs / rel) =   5.14e-05 / 9.76e-06
Final optimality error  (abs / rel) =   5.35e-05 / 7.21e-06
# of iterations                     =      92439 
# of CG iterations                  =          0 
# of function evaluations           =      93283
# of gradient evaluations           =      92533
# of Hessian evaluations            =      92463
Total program time (secs)           =   16637.71484 ( 54462.941 CPU time)

===============================================================================

Knitro 14.2.0: Locally optimal or satisfactory solution.
objective 4.513438649; feasibility error 5.14e-05
92439 iterations; 93283 function evaluations

suffix feaserror OUT;
suffix opterror OUT;
suffix numfcevals OUT;
suffix numiters OUT;
---------------------------- Solver Status Report ----------------------------
solve_result_num = 0
solve_result = solved
solve_message = 'Knitro 14.2.0: Locally optimal or satisfactory solution.\
objective 4.513438649; feasibility error 5.14e-05\
92439 iterations; 93283 function evaluations'


---------------------------- Problem Dimensions ----------------------------
Variables: 37234
Constraints: 37914
---------------------------- Container and geometric considerations  ----------------------------
Container type: cylinder
Structural conservation type: volume & surface
---------------------------- Solution execution data ----------------------------
solve_result_num = 0
solve_result = solved

---------------------------- Solution data ----------------------------
card(figures) = 85

coords [*,*,1]
:         1             2             3            4         :=
1     1.21636       0.84356        0.154252     0.830404
2     0.335853     -0.1066         1.06891      0.23143
3     0.834201      0.366728       1.199        1.19876
4     0.790716      1.09642        0.56077      0.314059
5    -0.783401     -0.768602      -1.19259     -0.115391
6     0.44489      -0.000634856   -0.501563    -0.277635
7    -0.0325878     0.0676027     -0.717418    -0.397982
8    -0.0812536     0.234456       0.213022    -0.776008
9     0.527456      0.319491       1.08408      1.21054
10   -1.1907       -0.207818      -0.630195    -0.0342423
11   -0.853147      0.0439973     -0.0930292   -0.776007
12    0.563751      0.223976       1.08806      0.85036
13   -0.766688     -1.19259       -0.732924    -0.0530432
14    0.845506      0.829229       0.0512661    0.183293
15    0.0236759    -0.0387428     -0.257605    -0.916259
16    0.635691      1.08689        0.183992     1.16228
17    0.0377397     0.210219       0.50834     -0.353391
18    1.16505       0.84356        0.236869     1.21595
19    0.00319717    0.567524       1.02196      0.0465284
20   -0.776007      0.213022      -0.0104829    0.0424821
21    0.256241      0.22892        0.0158383   -0.366146
22    0.382496      1.15626        0.848343     0.126774
23    0.139538     -0.0841115      1.08106      0.338016
24   -0.540772      0.274435      -0.0830292   -0.756658
25   -0.916259     -0.184017      -0.458222    -0.0387429
26   -0.0557601    -1.00677       -0.461243    -0.228236
27   -0.0088696     0.252677       1.13424      0.494625
28   -0.854043     -0.499644      -1.21763     -1.10578
29   -1.18423      -0.740153      -0.0046823   -0.835517
30   -0.210338     -1.20505       -0.699959    -0.628856
31    0.874832      0.0881275      0.422874     0.0710522
32    1.11819       0.221508       0.0906227    0.341929
33    0.221508      0.181288       1.11819      0.0906227
34   -0.262334      0.464868      -0.0667467    0.296504
35    0.5604        0.790716       0.31755     -0.0460884
36   -0.0373773    -0.757789      -1.19461     -0.209061
37   -0.256928      0.00892167    -0.473566    -1.17245
38   -0.212385     -0.0915774     -0.869366     0.0588116
39    0.213029     -0.056161       0.353779     0.834824
40   -0.00609305   -0.903099      -0.446162    -0.751426
41    0.33545       0.0713598      0.0736272    0.848381
42    0.37709       0.0181821      0.571382     0.790322
43   -1.1032       -0.449481      -0.415383    -0.884625
44    0.00910221   -0.209363      -0.420187     0.344956
45    1.09626       1.13319        1.21758      0.509659
46   -0.576733     -0.300957      -0.0258954    0.103393
47   -0.257678     -1.19203       -0.969401    -0.884887
48    1.19876       0.866949       0.366728     0.834201
49    1.06438       0.0376094      0.588208     0.483839
50    0.179489      0.250597      -0.382016     0.114052
51   -0.392213     -0.213055      -0.625228     0.130675
52    0.0609138    -0.212385      -0.0898067    0.567524
53   -1.19859      -1.21044       -0.261105    -1.11948
54    0.211538      0.867608       0.833573     0.437698
55   -0.461243      0.00892168    -1.17245     -0.856977
56    1.21755       0.604153       1.09731      0.789764
57   -0.411607     -0.764666       0.0345001   -0.0420265
58    1.19163       1.10424        0.387772     0.830118
59    0.789897      0.388709       1.21759      0.566067
60   -0.213055     -0.625228      -1.09904     -0.392213
61    0.0365436    -0.257605      -0.016851     0.509999
62   -0.313931      0.18038       -0.893628     0.222329
63    1.21054       0.299301       0.319491     0.527456
64   -0.311452     -0.911774      -1.11732     -0.109137
65   -0.123568     -0.940413      -0.0227355   -0.912379
66   -0.511395     -0.686471      -0.896467     0.220598
67   -0.324745      0.0333258      0.203445     0.809769
68    0.494625     -0.411499      -0.0403999   -0.0743096
69    0.0170549    -0.411499      -0.740153    -0.894536
70    0.12685       1.15557        0.382352     0.186523
71   -0.684568     -1.18654       -0.713751    -1.21326
72    1.11457       1.19138        0.331646     1.16879
73    0.143187      0.52072        0.331631    -0.638239
74   -0.407102     -1.09464        0.0170148   -0.430729
75   -0.323535      0.345077       0.650233     0.214261
76   -0.0959481     0.494625      -0.0743095    0.665805
77    0.709367      0.213409      -0.0227166   -0.0171824
78    1.20863       0.412155       0.0383009    1.00015
79   -0.411499     -0.207726      -0.934063     0.0417145
80    0.379985     -0.461243      -0.0557601   -0.251791
81   -0.514811     -0.889302      -0.309231     0.214478
82    0.20274       0.830717      -0.071508    -0.303797
83   -0.764623     -1.21645       -0.200255    -0.851303
84   -1.19755      -0.994324      -1.20254     -0.280545
85    0.874832      0.0710523      1.20863      0.422874

 [*,*,2]
:        1            2             3            4         :=
1    -0.0560895    0.87811      0.192711      0.890563
2     1.17042      0.717317     0.583183      1.19545
3    -0.887007    -0.0366819    0.212295     -0.213661
4    -0.925981    -0.529657    -0.208598     -1.17645
5    -0.826086    -0.944416    -0.245786     -0.482486
6    -0.35181      0.254326    -0.817481     -0.429472
7     0.280586     0.411702     0.123688      1.15077
8    -1.21494     -0.524715    -1.19887      -0.938341
9    -1.09748     -0.303064    -0.554466     -0.131359
10   -0.23385      0.24185     -0.747283     -0.440746
11   -0.868799    -0.32245     -1.21409      -0.938341
12    1.07928      0.47615      0.320449      0.871527
13   -0.943062    -0.245786     0.0338715    -0.450417
14    0.876237     0.891656     0.142194      1.20378
15    0.0941543    0.46945      1.19009       0.801961
16    0.0481749   -0.548941    -0.181387      0.362998
17    0.0384066   -1.05745     -0.198315     -0.298716
18    0.354021     0.878111     0.211143     -0.0642929
19   -1.21765     -1.07731     -0.662024     -0.25453
20   -0.938341    -1.19887     -0.463764     -0.323588
21    1.13673     -0.0426303    0.703863      0.583797
22    0.445828    -0.0760029    0.873491      0.212167
23    0.234357     0.740347     0.560345      1.16979
24   -0.521587    -0.560045    -1.21482      -0.954013
25    0.801961     1.20367      1.12814       0.46945
26   -1.21637     -0.684895    -1.12691      -0.416089
27    0.524026     0.655319     0.313726      1.11266
28    0.867918     0.107066    -0.00710469    0.509822
29    0.268029     0.0869259    0.301324      0.885767
30    0.243183    -0.174713     0.109547     -0.746378
31   -0.84696     -1.05668     -0.282988      0.0213364
32    0.328979     0.666382    -0.254899     -0.0902212
33    0.666382     0.481549     0.328979     -0.254899
34   -0.366842    -0.26371     -1.21582      -1.17397
35   -0.207444    -0.925981    -1.17551      -1.14947
36   -0.442949     0.0101568   -0.23575       0.24274
37    0.352178    -0.394783    -0.475236     -0.328694
38   -1.19898     -1.2142      -0.852569     -0.284003
39   -1.19887     -1.21467     -0.360874     -0.88642
40    0.409853     0.805604     1.13297       0.0474767
41    0.692319     0.161211     1.21542       0.873453
42   -0.265799    -1.12805     -0.1653       -0.926317
43    0.51539      0.0792716    1.14461       0.836726
44    0.357007     1.19952      1.14285       1.16777
45   -0.52999      0.445584     0.0126608     0.300123
46   -0.701828     0.416665    -0.436453     -0.175598
47    0.35162     -0.248478    -0.0451768     0.836449
48   -0.213661    -0.855027    -0.0366819    -0.887007
49    0.591414     0.02583      0.365832      1.1174
50   -0.303974     0.874698     0.473761      0.226379
51    0.285189     1.19887      1.04487       1.21062
52   -0.277248    -1.19898     -1.21433      -1.07731
53   -0.214594    -0.132356     0.226079      0.479
54   -1.19913     -0.854358    -0.887597     -0.165932
55   -1.12691     -0.394783    -0.328694     -0.560284
56    0.0155788    0.0728341   -0.527811     -0.926793
57   -0.604574     0.096941     0.319038      0.236731
58    0.250367     0.513153    -0.117807      0.890829
59   -0.92668     -0.249111     0.0120842    -0.0960618
60    1.19887      1.04487      0.524194      0.285189
61    0.0440187    1.19009      0.381732      1.1057
62    0.381826     0.497546     0.0974026    -0.295806
63   -0.131359    -0.0568648   -0.303064     -1.09748
64   -0.389521     0.0236416   -0.287697      0.26131
65    0.203403    -0.0444079    0.401761      0.806372
66   -0.449947    -1.0057       0.0983684    -0.291717
67   -0.344631     0.0370281    0.695924     -0.0512459
68    1.11266      1.14601      0.409391      1.21538
69    0.710602     1.14601      0.0869259     0.826122
70    0.212147    -0.0758086    0.446017     -0.284047
71    0.783094     0.273495    -0.396376      0.103291
72    0.490314     0.251558    -0.155545     -0.341469
73   -0.210221    -1.07414     -0.204319     -0.865073
74    1.11815      0.533333     0.171694     -0.0635246
75   -0.0353385   -0.321207     0.160234     -0.787648
76    0.401169     1.11266      1.21538       1.0195
77   -0.346148    -1.1988      -0.423942     -0.0427921
78   -0.147974    -0.27437      0.0262109     0.565812
79    1.14601      0.503305     0.0844425     0.445883
80   -1.15684     -1.12691     -1.21637      -0.405174
81   -0.450685     0.0958664    0.383107     -0.29304
82    0.695898    -0.0458286    0.115568     -0.339214
83   -0.947641     0.0539885   -0.235264     -0.870606
84    0.220324    -0.702845    -0.191246     -0.410792
85   -0.84696      0.0213364   -0.147974     -0.282988

 [*,*,3]
:        1             2             3            4        :=
1     0.0750901    0.602811       0.36242     -0.175047
2     0.280878     0.95214        0.938655     1.45921
3     0.237618    -0.439447       0.0114566   -0.664437
4     0.244044     1.31618        0.674272     1.29764
5    -1.3094      -0.178174      -0.440138    -0.395235
6     0.461652    -0.057082      -0.0744224    0.867954
7    -0.344853     0.596206       0.607192     0.144748
8     0.352678    -0.0525432     -0.741434    -0.275499
9    -1.58491     -0.825611      -0.804333    -1.58491
10   -0.417737    -0.606572      -1.09974     -0.284184
11   -1.34453     -0.865644      -0.573769    -0.275499
12   -1.34766     -0.47337       -1.26654     -0.246829
13   -0.17881     -0.440138       0.487869    -0.309913
14    0.718817    -0.24393        0.238854     0.153712
15    1.45921      0.613887       1.45921      1.33458
16   -1.58491     -0.815136      -0.58029     -0.96316
17    1.45921      1.18558        0.428608     0.881833
18    1.14335      0.602811       0.423585     0.071017
19   -0.70982     -1.54866       -0.940932    -0.876642
20   -0.275499    -0.741434       0.0591769   -0.864553
21   -0.492307    -0.400835       0.440318    -0.673087
22   -0.621887     0.105423      -0.174571     0.364463
23    0.328714     0.918021       0.966893     0.27663
24    0.828556     3.83536e-05    0.351569    -0.251259
25    1.33458      1.44205        0.293521     0.613887
26    0.351249     0.699784       1.45921      0.912072
27   -1.58491     -0.651934      -1.36338     -1.58491
28    0.995154     0.161184       0.954315    -0.104116
29   -0.41841     -1.23318       -0.331455    -0.827922
30   -0.60422     -0.366613      -1.30811     -1.09981
31    1.45921      1.45921        0.628944     1.45921
32   -1.30601     -0.63177       -1.3626      -0.517533
33   -0.63177     -1.58491       -1.30601     -1.3626
34    0.891261     0.495394       0.326035     1.23234
35    0.674964     0.244044       1.29001      0.294502
36   -0.283271     0.416914      -0.416989    -0.605242
37    1.45921      1.45921        0.64162      1.45921
38   -1.58491     -0.572545      -1.36498     -0.901064
39   -0.741461     0.352589      -0.356629     0.215485
40    0.649902     1.31229        0.271119     0.629627
41   -0.807135     0.216672       0.221365    -0.255689
42   -0.439734     0.286697       0.695446     0.243941
43   -0.232785     0.193565       0.171353     0.884788
44    0.613751     1.30785        0.144945     0.262993
45    1.31682      1.37033        0.272397     0.757713
46   -1.02855     -0.758516      -0.272761    -1.4196
47    1.45921      1.45921        0.60169      1.38629
48   -0.664437    -0.944712      -0.439447     0.237618
49    1.45921      1.45921        0.644952     1.45921
50   -0.396481    -0.471828      -0.669441    -1.45215
51   -0.356303    -0.993617       0.104746     0.13851
52   -0.895197    -1.58491       -0.574419    -1.54866
53    0.209887    -0.970408      -0.361888    -0.125774
54   -0.743648    -0.96882        0.213439    -0.334532
55    1.45921      1.45921        1.45921      0.670016
56    0.267704     0.846466       1.31186      0.241243
57    0.224903     0.513846      -0.207567     0.970299
58    0.0780984   -1.07225       -0.624053    -0.191638
59    0.241173    -0.350711       0.266138     0.806896
60   -0.993617     0.104746      -0.593808    -0.356303
61    1.45921      1.45921        0.629393     1.39869
62   -0.771511    -1.58491       -1.58491     -1.57974
63   -1.58491     -1.58491       -0.825611    -1.58491
64    0.598858     0.336349       1.45921      1.17258
65    1.44385      0.624486       0.64945      1.3164
66   -0.970786    -1.58491       -1.58491     -1.58491
67    0.734477     1.45921        0.930082     0.57076
68   -1.58491     -1.58491       -1.16905     -0.552557
69   -0.571622    -1.58491       -1.23318     -0.885631
70    0.364444     0.105597      -0.622301    -0.453017
71   -1.35682     -0.414309      -1.26739     -1.58491
72   -0.965447     0.0732454     -0.630404    -0.869243
73   -0.833613    -1.54853       -1.58491     -1.43406
74    0.158014    -0.228602      -0.411495     0.213509
75   -0.19776     -0.464662       0.445301     0.43507
76   -1.08092     -1.58491       -0.552557    -0.419555
77   -0.822316    -0.745951       0.103968    -0.848258
78    1.45921      0.652087       1.45921      1.24231
79   -1.58491     -0.750056      -1.58491     -1.58491
80    1.44969      1.45921        0.351248     0.977107
81   -0.967919    -1.58491       -0.766617    -1.57978
82    0.930231     0.567737       0.127262     0.731454
83   -0.180816     0.258032       0.576817     0.62386
84    0.211384     0.540091       1.3207       0.612373
85    1.45921      1.45921        1.45921      0.628944
;

radius = 1.21765
height = 3.04413
softness = 0.4

---------------------------- Solution coords data ----------------------------
distances [*,1,*]
:    1   2   3   4    :=
1    0   1   0   1
2    0   1   0   1
3    0   1   0   1
4    0   1   0   1
5    0   1   0   1
6    0   1   0   1
7    0   1   0   1
8    0   1   0   1
9    0   1   0   1
10   0   1   0   1
11   0   1   0   1
12   0   1   0   1
13   0   1   0   1
14   0   1   0   1
15   0   1   0   1
16   0   1   0   1
17   0   1   0   1
18   0   1   0   1
19   0   1   0   1
20   0   1   0   1
21   0   1   0   1
22   0   1   0   1
23   0   1   0   1
24   0   1   0   1
25   0   1   0   1
26   0   1   0   1
27   0   1   0   1
28   0   1   0   1
29   0   1   0   1
30   0   1   0   1
31   0   1   0   1
32   0   1   0   1
33   0   1   0   1
34   0   1   0   1
35   0   1   0   1
36   0   1   0   1
37   0   1   0   1
38   0   1   0   1
39   0   1   0   1
40   0   1   0   1
41   0   1   0   1
42   0   1   0   1
43   0   1   0   1
44   0   1   0   1
45   0   1   0   1
46   0   1   0   1
47   0   1   0   1
48   0   1   0   1
49   0   1   0   1
50   0   1   0   1
51   0   1   0   1
52   0   1   0   1
53   0   1   0   1
54   0   1   0   1
55   0   1   0   1
56   0   1   0   1
57   0   1   0   1
58   0   1   0   1
59   0   1   0   1
60   0   1   0   1
61   0   1   0   1
62   0   1   0   1
63   0   1   0   1
64   0   1   0   1
65   0   1   0   1
66   0   1   0   1
67   0   1   0   1
68   0   1   0   1
69   0   1   0   1
70   0   1   0   1
71   0   1   0   1
72   0   1   0   1
73   0   1   0   1
74   0   1   0   1
75   0   1   0   1
76   0   1   0   1
77   0   1   0   1
78   0   1   0   1
79   0   1   0   1
80   0   1   0   1
81   0   1   0   1
82   0   1   0   1
83   0   1   0   1
84   0   1   0   1
85   0   1   0   1

 [*,2,*]
:    1   2   3   4    :=
1    0   0   1   1
2    0   0   1   1
3    0   0   1   1
4    0   0   1   1
5    0   0   1   1
6    0   0   1   1
7    0   0   1   1
8    0   0   1   1
9    0   0   1   1
10   0   0   1   1
11   0   0   1   1
12   0   0   1   1
13   0   0   1   1
14   0   0   1   1
15   0   0   1   1
16   0   0   1   1
17   0   0   1   1
18   0   0   1   1
19   0   0   1   1
20   0   0   1   1
21   0   0   1   1
22   0   0   1   1
23   0   0   1   1
24   0   0   1   1
25   0   0   1   1
26   0   0   1   1
27   0   0   1   1
28   0   0   1   1
29   0   0   1   1
30   0   0   1   1
31   0   0   1   1
32   0   0   1   1
33   0   0   1   1
34   0   0   1   1
35   0   0   1   1
36   0   0   1   1
37   0   0   1   1
38   0   0   1   1
39   0   0   1   1
40   0   0   1   1
41   0   0   1   1
42   0   0   1   1
43   0   0   1   1
44   0   0   1   1
45   0   0   1   1
46   0   0   1   1
47   0   0   1   1
48   0   0   1   1
49   0   0   1   1
50   0   0   1   1
51   0   0   1   1
52   0   0   1   1
53   0   0   1   1
54   0   0   1   1
55   0   0   1   1
56   0   0   1   1
57   0   0   1   1
58   0   0   1   1
59   0   0   1   1
60   0   0   1   1
61   0   0   1   1
62   0   0   1   1
63   0   0   1   1
64   0   0   1   1
65   0   0   1   1
66   0   0   1   1
67   0   0   1   1
68   0   0   1   1
69   0   0   1   1
70   0   0   1   1
71   0   0   1   1
72   0   0   1   1
73   0   0   1   1
74   0   0   1   1
75   0   0   1   1
76   0   0   1   1
77   0   0   1   1
78   0   0   1   1
79   0   0   1   1
80   0   0   1   1
81   0   0   1   1
82   0   0   1   1
83   0   0   1   1
84   0   0   1   1
85   0   0   1   1

 [*,3,*]
:    1   2   3   4    :=
1    1   0   0   1
2    1   0   0   1
3    1   0   0   1
4    1   0   0   1
5    1   0   0   1
6    1   0   0   1
7    1   0   0   1
8    1   0   0   1
9    1   0   0   1
10   1   0   0   1
11   1   0   0   1
12   1   0   0   1
13   1   0   0   1
14   1   0   0   1
15   1   0   0   1
16   1   0   0   1
17   1   0   0   1
18   1   0   0   1
19   1   0   0   1
20   1   0   0   1
21   1   0   0   1
22   1   0   0   1
23   1   0   0   1
24   1   0   0   1
25   1   0   0   1
26   1   0   0   1
27   1   0   0   1
28   1   0   0   1
29   1   0   0   1
30   1   0   0   1
31   1   0   0   1
32   1   0   0   1
33   1   0   0   1
34   1   0   0   1
35   1   0   0   1
36   1   0   0   1
37   1   0   0   1
38   1   0   0   1
39   1   0   0   1
40   1   0   0   1
41   1   0   0   1
42   1   0   0   1
43   1   0   0   1
44   1   0   0   1
45   1   0   0   1
46   1   0   0   1
47   1   0   0   1
48   1   0   0   1
49   1   0   0   1
50   1   0   0   1
51   1   0   0   1
52   1   0   0   1
53   1   0   0   1
54   1   0   0   1
55   1   0   0   1
56   1   0   0   1
57   1   0   0   1
58   1   0   0   1
59   1   0   0   1
60   1   0   0   1
61   1   0   0   1
62   1   0   0   1
63   1   0   0   1
64   1   0   0   1
65   1   0   0   1
66   1   0   0   1
67   1   0   0   1
68   1   0   0   1
69   1   0   0   1
70   1   0   0   1
71   1   0   0   1
72   1   0   0   1
73   1   0   0   1
74   1   0   0   1
75   1   0   0   1
76   1   0   0   1
77   1   0   0   1
78   1   0   0   1
79   1   0   0   1
80   1   0   0   1
81   1   0   0   1
82   1   0   0   1
83   1   0   0   1
84   1   0   0   1
85   1   0   0   1

 [*,4,*]
:    1   2   3   4    :=
1    1   1   1   0
2    1   1   1   0
3    1   1   1   0
4    1   1   1   0
5    1   1   1   0
6    1   1   1   0
7    1   1   1   0
8    1   1   1   0
9    1   1   1   0
10   1   1   1   0
11   1   1   1   0
12   1   1   1   0
13   1   1   1   0
14   1   1   1   0
15   1   1   1   0
16   1   1   1   0
17   1   1   1   0
18   1   1   1   0
19   1   1   1   0
20   1   1   1   0
21   1   1   1   0
22   1   1   1   0
23   1   1   1   0
24   1   1   1   0
25   1   1   1   0
26   1   1   1   0
27   1   1   1   0
28   1   1   1   0
29   1   1   1   0
30   1   1   1   0
31   1   1   1   0
32   1   1   1   0
33   1   1   1   0
34   1   1   1   0
35   1   1   1   0
36   1   1   1   0
37   1   1   1   0
38   1   1   1   0
39   1   1   1   0
40   1   1   1   0
41   1   1   1   0
42   1   1   1   0
43   1   1   1   0
44   1   1   1   0
45   1   1   1   0
46   1   1   1   0
47   1   1   1   0
48   1   1   1   0
49   1   1   1   0
50   1   1   1   0
51   1   1   1   0
52   1   1   1   0
53   1   1   1   0
54   1   1   1   0
55   1   1   1   0
56   1   1   1   0
57   1   1   1   0
58   1   1   1   0
59   1   1   1   0
60   1   1   1   0
61   1   1   1   0
62   1   1   1   0
63   1   1   1   0
64   1   1   1   0
65   1   1   1   0
66   1   1   1   0
67   1   1   1   0
68   1   1   1   0
69   1   1   1   0
70   1   1   1   0
71   1   1   1   0
72   1   1   1   0
73   1   1   1   0
74   1   1   1   0
75   1   1   1   0
76   1   1   1   0
77   1   1   1   0
78   1   1   1   0
79   1   1   1   0
80   1   1   1   0
81   1   1   1   0
82   1   1   1   0
83   1   1   1   0
84   1   1   1   0
85   1   1   1   0
;

---------------------------- Solution stats data ----------------------------
_ampl_time = 0.188877
_total_solve_time = 54463.4
_ampl_elapsed_time = 0.184978
_ampl_user_time = 0.156894

Total time elapsed: $54463.39.
_total_solve_time = 54463.4

---------------------------- Solution miscs data ----------------------------
tetrahedron_volume [*] :=
 1 0.117851   18 0.117851   35 0.117851   52 0.117851   69 0.117851
 2 0.117851   19 0.117851   36 0.117851   53 0.117851   70 0.117851
 3 0.117851   20 0.117851   37 0.117851   54 0.117851   71 0.117851
 4 0.117851   21 0.117851   38 0.117851   55 0.117851   72 0.117851
 5 0.117851   22 0.117851   39 0.117851   56 0.117851   73 0.117851
 6 0.117851   23 0.117851   40 0.117851   57 0.117851   74 0.117851
 7 0.117851   24 0.117851   41 0.117851   58 0.117851   75 0.117851
 8 0.117851   25 0.117851   42 0.117851   59 0.117851   76 0.117851
 9 0.117851   26 0.117851   43 0.117851   60 0.117851   77 0.117851
10 0.117851   27 0.117851   44 0.117851   61 0.117851   78 0.117851
11 0.117851   28 0.117851   45 0.117851   62 0.117851   79 0.117851
12 0.117851   29 0.117851   46 0.117851   63 0.117851   80 0.117851
13 0.117851   30 0.117851   47 0.117851   64 0.117851   81 0.117851
14 0.117851   31 0.117851   48 0.117851   65 0.117851   82 0.117851
15 0.117851   32 0.117851   49 0.117851   66 0.117851   83 0.117851
16 0.117851   33 0.117851   50 0.117851   67 0.117851   84 0.117851
17 0.117851   34 0.117851   51 0.117851   68 0.117851   85 0.117851
;

---------------------------- Solution miscs data ----------------------------
tetrahedron_surface_area [*] :=
 1 0    9 0   17 0   25 0   33 0   41 0   49 0   57 0   65 0   73 0   81 0
 2 0   10 0   18 0   26 0   34 0   42 0   50 0   58 0   66 0   74 0   82 0
 3 0   11 0   19 0   27 0   35 0   43 0   51 0   59 0   67 0   75 0   83 0
 4 0   12 0   20 0   28 0   36 0   44 0   52 0   60 0   68 0   76 0   84 0
 5 0   13 0   21 0   29 0   37 0   45 0   53 0   61 0   69 0   77 0   85 0
 6 0   14 0   22 0   30 0   38 0   46 0   54 0   62 0   70 0   78 0
 7 0   15 0   23 0   31 0   39 0   47 0   55 0   63 0   71 0   79 0
 8 0   16 0   24 0   32 0   40 0   48 0   56 0   64 0   72 0   80 0
;

