Error at _cmdno 5 executing "solve" command
(file amplin, line 1967, offset 38012):
error processing param distances:
	3200 invalid subscripts discarded:
	distances[101,1,1]
	distances[101,1,2]
	distances[101,1,3]
	and 3197 more.
##### This license is only intended for use by NEOS. #####
##### License is valid until Jan 16, 2026 #####
iables.
Substitution eliminates 1 variable.
Adjusted problem:
25953 variables:
	16053 nonlinear variables
	9900 linear variables
52003 constraints; 313156 nonzeros
	46250 nonlinear constraints
	5753 linear constraints
	5051 equality constraints
	46952 inequality constraints
1 nonlinear objective; 3 nonzeros.

Artelys Knitro 14.2.0: threads=4
algorithm=1
ms_enable=1
ms_maxsolves=10
feastol=1e-5
opttol=1e-5
honorbnds=1
bar_initpt=3
bar_murule=4
scale=1
outlev=2
maxtime_real=1200
WARNING:  Option 'threads' is deprecated, please use 'numthreads'.
WARNING: 1 constraint is constant or undefined and will be ignored.

=======================================
           Academic License
       (NOT FOR COMMERCIAL USE)
         Artelys Knitro 14.2.0
=======================================

No start point provided -- Knitro computing one.

Knitro presolve eliminated 0 variables and 1 constraint.

algorithm                1
bar_initpt               3
bar_murule               4
concurrent_evals         0
datacheck                0
feastol                  1e-05
findiff_numthreads       1
hessian_no_f             1
hessopt                  1
honorbnds                1
maxtime_real             1200
ms_enable                1
ms_maxsolves             10
numthreads               4
opttol                   1e-05

Problem Characteristics                                 (   Presolved)
-----------------------
Objective goal:  Minimize
Objective type:  general
Number of variables:                              25953 (       25953)
    bounded below only:                               1 (           1)
    bounded above only:                               0 (           0)
    bounded below and above:                          0 (           0)
    fixed:                                            0 (           0)
    free:                                         25952 (       25952)
Number of constraints:                            52003 (       52002)
    linear equalities:                                1 (           0)
    quadratic equalities:                          4950 (        4950)
    gen. nonlinear equalities:                      100 (         100)
    linear one-sided inequalities:                 5752 (        5752)
    quadratic one-sided inequalities:             41200 (       41200)
    gen. nonlinear one-sided inequalities:            0 (           0)
    linear two-sided inequalities:                    0 (           0)
    quadratic two-sided inequalities:                 0 (           0)
    gen. nonlinear two-sided inequalities:            0 (           0)
Number of nonzeros in Jacobian:                  313156 (      313156)
Number of nonzeros in Hessian:                   141453 (      141453)

Knitro parallel multistart will run with 4 threads.

Return codes description
------------------------
  0:  The final solution satisfies the termination conditions for verifying optimality.
  -100 to -199:  A feasible approximate solution was found.
  -200 to -299:  Knitro terminated at an infeasible point.
  -300 to -301:  The problem was determined to be unbounded.
  -400 to -499:  Knitro terminated because it reached a pre-defined limit.
    -400 to -409:  A feasible point was found.
    -410 to -419:  No feasible point was found.
  -500 to -599:  Knitro terminated with an input error or some non-standard error.
A more detailed description of individual return codes and their corresponding
termination messages is provided at
https://www.artelys.com/app/docs/knitro/3_referenceManual/returnCodes.html

 Solve #  ThreadID  Status     Objective      FeasError    OptError    Real Time 
--------  --------  ------  --------------   ----------   ----------  ----------
      0          0       0         4.43503  5.72210e-05  4.29950e-06      1812.52
      3          1    -410     8.44028e+08  1.20866e+06      2513.38      5498.31
      5          2    -410     7.13445e+08      971706.      460.980      5361.20
      4          0    -410     3.27487e+09      89425.5      2525.29      5453.88
      9          3    -410     8.38215e+08  1.16870e+06      2132.89      4971.96
      8          0    -410     4.40741e+09      13077.7      11461.5      5175.05
      2          2    -410     5.96519e+09      3.39703      6585.79      5288.62
      1          3    -410     1.66319e+09      45.0855      718.105      5291.85
      7          1    -410     1.59848e+09  1.80318e-02      10508.4      5143.93
      6          3    -410     6.79116e+09      5.27024      6787.54      4848.67

MULTISTART: Best locally optimal solution is returned.
EXIT: Locally optimal solution found.

Final Statistics
----------------
Final objective value               =   4.43503176866925e+00
Final feasibility error (abs / rel) =   5.72e-05 / 9.84e-06
Final optimality error  (abs / rel) =   4.30e-06 / 5.87e-07
# of iterations                     =      93567 
# of CG iterations                  =          0 
# of function evaluations           =      94735
# of gradient evaluations           =      93745
# of Hessian evaluations            =      93601
Total program time (secs)           =   15113.19922 ( 48641.250 CPU time)

===============================================================================

Knitro 14.2.0: Locally optimal or satisfactory solution.
objective 4.435031769; feasibility error 5.72e-05
93567 iterations; 94735 function evaluations

suffix feaserror OUT;
suffix opterror OUT;
suffix numfcevals OUT;
suffix numiters OUT;
---------------------------- Solver Status Report ----------------------------
solve_result_num = 0
solve_result = solved
solve_message = 'Knitro 14.2.0: Locally optimal or satisfactory solution.\
objective 4.435031769; feasibility error 5.72e-05\
93567 iterations; 94735 function evaluations'


---------------------------- Problem Dimensions ----------------------------
Variables: 51304
Constraints: 52104
---------------------------- Container and geometric considerations  ----------------------------
Container type: cylinder
Structural conservation type: surface
---------------------------- Solution execution data ----------------------------
solve_result_num = 0
solve_result = solved

---------------------------- Solution data ----------------------------
card(figures) = 100

coords [*,*,1]
:         1            2            3             4         :=
1     -0.0124118   -0.630813    -0.829179    -0.104547
2      1.20983      0.51044      0.403378     0.967284
3      0.967284     0.510441     1.20983      1.16281
4     -0.248291    -1.11432     -1.20846     -1.20422
5      0.906571     1.16767      0.0076166    0.915268
6      0.0382801   -0.673699     0.057667    -0.32206
7     -0.0885041   -0.211998    -0.980796    -0.950672
8      0.324199     0.949794     0.121101     0.533973
9      1.07142      0.225799     1.20376      0.457856
10     0.126158    -0.513817    -0.953976    -0.45886
11     0.359985     0.115249     0.993609     0.156887
12    -0.815197     0.0613399    0.358245     0.174983
13     0.841936     0.0716895    0.590875     0.0155639
14    -0.292103     0.583756    -0.191484     0.488126
15    -0.537182    -0.668075    -0.123023    -1.06841
16    -0.618577     0.383565     0.165401    -0.320692
17     0.634592     1.00859      0.962406     0.117609
18    -0.829179    -0.630814    -1.1073      -0.00317366
19     0.568881    -0.119809     0.972715     0.347864
20    -1.06208     -1.20422     -0.24829     -1.20846
21    -1.1932      -0.200109    -0.142566    -1.11771
22    -0.0251841    0.288574     0.880103    -0.0916537
23    -0.669977    -0.941946     0.0768295   -0.33506
24     0.730929     0.999468     0.446453     0.53616
25    -0.2001      -1.1177      -1.21056     -1.1932
26     0.964214     1.13953      0.155721     0.977971
27     0.306551     0.0288171    0.446816    -0.049168
28    -0.328665    -0.943111    -0.0577733   -1.11817
29     0.0962611    0.402815     0.885418     0.528949
30    -1.09056     -0.147013    -0.444179     0.00656268
31     0.44617      0.844909     0.215912     0.577647
32    -0.322067    -0.910657     0.0166794   -1.09487
33    -1.00653     -0.322066    -0.598726     0.102447
34     0.397943     0.435861     0.124852     1.12598
35    -0.416591     0.584202     0.295658     0.150099
36     0.0154305    0.197777    -0.914932    -0.325762
37    -0.420092    -0.0883537   -0.220123    -0.978978
38    -1.20906     -1.1259      -0.936061    -0.0664534
39     1.13501      1.10287      0.235058     0.980826
40     0.871179     0.92589      0.16047      1.12546
41     0.368142    -0.316484     0.031793     0.0307315
42     0.0155535    0.0872582   -0.132706     0.606444
43     0.18154      0.0860801    0.528897     0.0281947
44     0.0179322    0.23182      0.93315      0.885588
45    -1.11132     -0.239702    -0.123484    -0.778592
46    -1.05814      0.0789626   -0.917792    -0.0511596
47     0.0843248   -0.534834    -0.668074    -0.162186
48     0.428229     0.339708    -0.0677547    0.566448
49     0.158642     0.0185285   -0.117132    -0.630813
50     0.0373632   -0.586632     0.149694    -0.38356
51    -1.19365     -0.28721     -0.983317    -0.988005
52    -0.732432     0.118523    -0.379398     0.154025
53     1.04626      0.203277     0.624616     0.131952
54     0.526964     0.999468     0.730929     1.15651
55     0.149694     0.373665     0.0496279   -0.372601
56    -0.69997     -0.0466052   -0.24068      0.351568
57    -0.983031    -1.20841     -0.912475    -0.429613
58     0.909381     0.404588     1.17531      0.869477
59     0.281703    -0.543346    -0.307443    -0.90073
60     1.17258      0.106704     1.20216      1.01906
61     0.202242     1.17939      1.21048      1.14736
62    -1.21003     -1.17938     -0.912475    -0.438984
63     0.962341     0.633009     0.268015     0.14938
64     0.590875     0.964258     0.508997     0.444566
65     0.251661    -0.16032     -0.178353    -0.420478
66    -0.604271    -0.443979    -0.984624    -0.896448
67    -1.18533     -0.630102    -0.988645    -0.305383
68    -0.0901279   -0.423443     0.308024     0.043043
69     0.101651     0.0402348    0.195211    -0.323951
70    -0.0889961   -0.929407     0.248089    -0.0165995
71    -0.719025    -0.0674847   -0.490657    -1.15932
72    -0.958935     0.169661     0.0425098    0.0512142
73     0.0727234   -0.789962    -0.0991412   -0.107132
74     0.0968774   -0.365467     0.214899     0.720708
75    -0.109448     0.0833682   -0.668075    -0.185106
76    -1.03044     -1.205       -1.00091     -0.0223902
77     1.16784      1.13936      0.138895     1.16516
78     1.14785      0.337445    -0.0166257    0.955131
79    -1.04814      0.0382513   -0.5594      -0.366879
80    -0.530565    -1.14025     -1.17224     -0.294659
81    -0.789005    -1.20504     -1.03994     -0.0280555
82    -0.112656    -1.19073     -1.0962      -1.06208
83     0.972715     0.460935     1.04658      0.0161444
84    -0.049941    -0.781724     0.0244465   -1.06901
85    -1.13144     -0.772617    -0.668075    -0.142566
86    -0.250208    -0.060667    -0.90073     -0.978983
87     0.673583     0.197934     0.934574     0.531887
88     0.0664478   -0.177528     0.563618     0.203276
89     0.533984     0.0848105    0.0350408    0.264079
90    -0.105999    -0.987905    -0.418181    -0.112197
91     0.050714     1.18541      0.962584     0.901656
92    -0.33784      0.207559     0.410786     0.850288
93    -0.117089     0.0163981    0.158573     0.769551
94     0.0667559    1.07499      0.563504     0.203276
95     0.0493975    1.01244      0.899725     1.187
96    -0.119809     0.355748     0.568881    -0.156364
97     0.386171     0.112372     1.10895      0.8506
98    -0.0429412   -0.535045     0.171114     0.0845097
99     0.186516     0.0136593    0.0763945    0.755918
100    0.299077     1.15169      0.153933     0.851585

 [*,*,2]
:         1             2             3             4         :=
1      0.35916      1.03321      -0.154497      0.00333207
2      0.0418573   -0.0244434     0.215363     -0.727882
3     -0.727882    -0.024443      0.0418585    -0.336644
4     -0.164773    -0.473006      0.0712507     0.12368
5      0.191502    -0.319371     -0.164032     -0.792296
6      1.20995      1.00577       0.164299      1.16693
7     -1.20732     -0.331316     -0.70957      -0.749449
8      0.999535     0.750561      0.112702      1.08643
9     -0.563484    -0.060377      0.128114      0.190675
10     0.823959     1.0219        0.745238     -0.170679
11     1.15579      0.14157       0.639613      0.268962
12     0.456279    -0.280505      0.416273     -0.0285041
13    -0.869824    -1.18234      -0.0958575    -0.411151
14    -0.0145045   -0.0614205     0.373414     -0.485538
15    -1.08484     -1.00952      -0.336706     -0.569168
16     0.679412     0.0143773     0.698        -0.200292
17     1.03089      0.58557       0.73432       0.154786
18    -0.154498     1.03321       0.489213      0.36497
19    -1.06856     -0.345333     -0.720608     -1.1595
20     0.580896     0.12368      -0.164773      0.071251
21     0.204255    -0.33419      -0.176566     -0.442328
22    -1.03607     -1.17566      -0.695737     -0.0737779
23     0.709212     0.637399      0.540466     -0.157862
24    -0.964984    -0.683018     -1.12522      -0.0269776
25    -0.334192    -0.442327      0.00145277    0.204255
26     0.731944     0.408554     -0.0999605     0.191109
27    -0.554457    -1.09363      -1.11357      -0.0188562
28    -1.16509     -0.758941     -0.0132037    -0.453688
29     1.20672      0.307411      0.825521      1.08888
30     0.181965    -0.188749     -0.300661      0.131301
31    -1.12534     -0.866937     -1.19115      -0.0791884
32     1.16693      0.717058      0.109097      0.516444
33     0.432982     1.16693       1.05213       0.114508
34    -0.0282913    0.195222      0.782159      0.113017
35     1.13662      1.06026       1.15825       0.215147
36     0.113156     0.903956      0.716825      1.1659
37    -0.22872     -1.20733      -0.323528     -0.712076
38     0.0602261   -0.44474      -0.76762      -0.0116464
39     0.420956    -0.499118     -0.321538     -0.709529
40     0.840534     0.779857     -0.0573983     0.215525
41    -0.434889    -0.171889      0.0039174    -1.08992
42    -0.421956    -1.14976      -0.00280178   -0.063277
43     0.808963     0.0219902     1.08891       1.20301
44     0.189949     1.09759       0.118747      0.825339
45    -0.153479    -0.0491758    -0.184404     -0.910431
46     0.455246     0.346628     -0.205629     -0.0396925
47    -1.20762     -1.086        -1.00952      -0.385049
48    -1.07254     -0.647116      0.0221675    -0.0258963
49     1.20012      0.303938      0.0279619     1.03321
50     1.20998      1.05892       0.197744      1.14819
51     0.201636    -0.168827     -0.706072     -0.699498
52     0.963768     0.957109     -0.133756      0.187033
53    -0.542843    -0.0469769     0.074069     -0.475741
54     0.0173108   -0.683018     -0.964984     -0.357695
55     0.197744     1.15144       1.20954       1.15179
56    -0.98767     -1.20371      -0.341342     -1.15838
57     0.70647     -0.0721361     0.795512     -0.174892
58     0.799048     0.263623     -0.289975      0.811266
59     0.0873942    0.678806     -0.203685      0.0289773
60     0.300827    -0.156326      0.142367     -0.65342
61     0.160255     0.272931     -0.013405     -0.386016
62    -0.0356757    0.272961      0.795512     -0.149553
63     0.734405     1.03187       1.09709       0.178704
64    -0.0958574   -0.731885     -0.0312707    -1.12089
65     0.0859096   -1.04558      -0.392642     -0.227505
66     1.04896     -0.136046      0.704248      0.81353
67     0.245836     0.662106      0.698593     -0.196752
68    -0.173836    -1.13408      -1.17071      -1.20125
69     0.115393     1.20989       0.931896      1.16641
70     1.02305      0.522993      0.540581     -0.137921
71     0.971608    -0.0173693     0.326198      0.0861774
72     0.446186     0.349503      1.10794       0.116119
73    -1.20837     -0.917285     -0.0621763    -1.19841
74     0.118949     0.00912802   -0.37602       0.519391
75    -0.124074    -1.20442      -1.00952      -0.30857
76    -0.635326    -0.115852     -0.405424     -0.337717
77     0.318735     0.409026     -0.116166     -0.32842
78    -0.320842    -1.16258      -0.121798     -0.743757
79     0.51273      0.343882      1.07356       1.15362
80     0.63099     -0.406543      0.302172     -0.251499
81    -0.918108    -0.115448     -0.224447     -0.35703
82    -0.0485946   -0.204654      0.51362       0.580896
83    -0.720608    -1.11937      -0.542991     -0.392031
84    -1.20953     -0.924315     -0.365938     -0.568046
85    -0.430469    -0.499144     -1.00952      -0.176566
86    -0.355389     0.0704796     0.0289772    -0.707076
87     0.660727    -0.0380481     0.76943       1.08745
88    -0.3609      -1.09284      -1.06632      -0.0469782
89     1.08642      0.0271175     1.21005       0.872296
90    -0.0465588   -0.699639     -1.13603      -1.20535
91     0.126026     0.245461      0.734087      0.522863
92     0.694179     1.19263       0.315969      0.861661
93     0.0281452    0.299381      1.19982       0.34708
94    -0.365207    -0.556638     -1.066        -0.0469783
95     0.131638     0.0843255     0.809904      0.237682
96    -0.345333    -1.15711      -1.06856      -1.09612
97     0.312904     0.790501      0.115045      0.861354
98    -0.163626    -1.0859       -1.1984       -1.20575
99    -1.1961      -0.384976     -1.20814      -0.913264
100   -0.183586     0.286985      0.155574      0.603402

 [*,*,3]
:          1            2            3             4         :=
1      0.841007      1.53871      1.53871      1.53871
2      1.53871       0.56073      1.53871      1.42471
3      1.42471       0.56073      1.53871      0.396555
4     -0.60796      -0.849859    -0.0779935   -1.281
5     -0.0208141    -0.666806    -0.383703    -0.00568907
6      0.187313      0.224694    -0.230306    -0.662965
7     -1.38119      -0.576822    -1.42292     -0.67619
8      0.653058      0.17839     -0.135789    -0.42531
9     -1.25492      -1.48164     -1.48768     -0.544434
10     0.275211      0.593412    -0.0336793    0.436121
11     0.792053      0.733982     0.0779051    0.00320583
12    -0.531904     -0.904505    -0.799176    -0.0591473
13     1.48853       1.53871      1.53871      0.742386
14     1.49089       1.53871      0.730337     0.703889
15     0.451693      1.53871      0.701909     0.495022
16    -1.42904      -1.48768     -1.30043     -0.66263
17     0.509734      0.0495061    1.24355      0.735488
18     1.53871       1.53871      1.29729      0.833116
19    -1.33517      -0.66238     -0.51653     -0.366997
20    -0.714656     -1.281       -0.607959    -0.0779929
21     1.09023       0.673311     1.53871      1.44552
22     0.270278     -0.387044    -0.105779    -0.450533
23    -1.46511      -0.514752    -1.14934     -0.699595
24     0.155455      1.29492      0.92833      0.44273
25     0.673306      1.44552      0.329975     1.09023
26    -0.0812499    -0.747287    -0.404164     0.426006
27    -0.138079      0.306871     0.919145     0.844245
28    -0.220428     -0.133814    -0.423966    -0.786634
29    -1.24592      -0.506145    -1.47679     -0.419662
30     1.2043        1.47183      0.310289     0.71059
31     0.929088     -0.162026     0.0598973    0.347464
32    -0.66295      -0.697271    -0.227772    -0.00747389
33     0.00250413   -0.66295      0.0212534   -0.260211
34    -1.48768      -0.504327    -1.48768     -1.48768
35     1.33321       0.667936     1.53871      0.804291
36    -0.229427     -1.11902     -0.698478    -0.663732
37    -1.48768      -1.38111     -0.573934    -1.42433
38    -0.0930958    -0.808352    -0.113194    -0.435034
39    -0.751697     -1.26942     -0.453721    -0.568823
40    -0.706043      0.0310625   -0.347222    -1.01378
41    -0.236751     -0.346838     0.669333     0.303803
42     0.752049      1.53871      1.53871      1.53871
43    -1.01219      -0.11238     -0.419763     0.115285
44     0.776849      1.53871      1.53871      1.31856
45    -0.106575     -0.379507     0.552431    -0.150219
46     0.0159474     0.397011     0.321804    -0.353625
47     1.45851       0.432915     1.53871      0.762036
48     0.916339     -0.0521992    0.841439     0.368538
49     1.53871       0.834074     1.53871      1.53871
50     0.187188      0.606022     0.801538     1.31369
51    -1.32597      -0.625159    -1.44784     -0.639261
52     0.750986      0.293467     0.403411     0.806591
53    -1.24891      -1.48768     -0.538827    -0.468176
54     0.456293      1.29492      0.155455     0.146223
55     0.801538      0.820908     0.156359     1.28259
56    -0.972393     -1.39301     -0.575291    -0.411034
57    -0.0575846     0.17277      0.906482     0.472164
58    -0.740725     -0.521262    -1.18039     -1.48768
59    -1.48768      -1.48768     -0.703105    -1.48768
60     0.597554      0.273655    -0.126336    -0.0456408
61     0.745358      0.57586      1.38041      0.237092
62     0.196495      1.36003      0.906482     0.50956
63     1.24338       0.506664     1.53871      0.768974
64     1.53871       1.28258      0.41547      0.923977
65    -1.48768      -1.48768     -0.503373    -1.48768
66     0.475953      0.529492    -0.0802974    1.11565
67    -1.22608      -1.48768     -0.500531    -0.70863
68    -0.362093     -0.856437    -0.440332     0.25166
69    -0.261358      0.0198831   -1.14145     -0.666611
70    -1.19021      -0.487599    -0.738983    -0.878895
71     0.851578      1.06933      0.566456     1.53871
72     0.05032       0.45888      0.146182    -0.248328
73     0.608076     -0.179987     0.287305    -0.111336
74     0.829973      0.148322    -0.261392     0.0490403
75     1.53871       1.45581      1.53871      0.69728
76     0.104848      0.634954     1.28649      0.587981
77     0.113903     -0.7519      -0.335682    -0.677675
78    -0.65709      -0.366016    -0.423915    -0.0791612
79     1.29472       0.803559     0.706255     1.53871
80    -1.44517      -1.48768     -1.27158     -0.660594
81    -0.160012      0.635382    -0.0834126    0.555737
82    -0.324349      0.188869     0.0231175   -0.714656
83    -0.51653      -1.48768     -1.24872     -0.64423
84     0.497951     -0.172269     0.52652      0.495204
85     1.53871       0.564559     1.53871      1.53871
86    -0.550087     -1.48768     -1.48768     -1.44183
87    -1.01775      -0.160159     0.152744    -0.427983
88    -0.647917     -1.48768     -1.48768     -1.48768
89    -0.425386     -0.110336     0.109191     0.728435
90    -0.436664     -0.656572    -0.843585    -0.109296
91     0.811265      0.683853     1.24125      0.05733
92    -1.38619      -1.32228     -0.522178    -1.48768
93     1.53871       0.844619     1.53871      1.53871
94    -0.6438       -1.27373     -1.48768     -1.48768
95     0.817392      1.53871      1.33401      0.675415
96    -0.662379     -0.399553    -1.33517     -1.48768
97    -0.520852     -1.48768     -1.46342     -1.48703
98     0.868423      0.432544     0.629225     1.45811
99     0.480101      0.715358     1.53871      1.50274
100   -0.137943      0.570309     0.758549    -0.114796
;

radius = 1.21056
height = 3.02639
softness = 0.45

---------------------------- Solution coords data ----------------------------
distances [*,1,*]
:     1   2   3   4    :=
1     0   1   0   1
2     0   1   0   1
3     0   1   0   1
4     0   1   0   1
5     0   1   0   1
6     0   1   0   1
7     0   1   0   1
8     0   1   0   1
9     0   1   0   1
10    0   1   0   1
11    0   1   0   1
12    0   1   0   1
13    0   1   0   1
14    0   1   0   1
15    0   1   0   1
16    0   1   0   1
17    0   1   0   1
18    0   1   0   1
19    0   1   0   1
20    0   1   0   1
21    0   1   0   1
22    0   1   0   1
23    0   1   0   1
24    0   1   0   1
25    0   1   0   1
26    0   1   0   1
27    0   1   0   1
28    0   1   0   1
29    0   1   0   1
30    0   1   0   1
31    0   1   0   1
32    0   1   0   1
33    0   1   0   1
34    0   1   0   1
35    0   1   0   1
36    0   1   0   1
37    0   1   0   1
38    0   1   0   1
39    0   1   0   1
40    0   1   0   1
41    0   1   0   1
42    0   1   0   1
43    0   1   0   1
44    0   1   0   1
45    0   1   0   1
46    0   1   0   1
47    0   1   0   1
48    0   1   0   1
49    0   1   0   1
50    0   1   0   1
51    0   1   0   1
52    0   1   0   1
53    0   1   0   1
54    0   1   0   1
55    0   1   0   1
56    0   1   0   1
57    0   1   0   1
58    0   1   0   1
59    0   1   0   1
60    0   1   0   1
61    0   1   0   1
62    0   1   0   1
63    0   1   0   1
64    0   1   0   1
65    0   1   0   1
66    0   1   0   1
67    0   1   0   1
68    0   1   0   1
69    0   1   0   1
70    0   1   0   1
71    0   1   0   1
72    0   1   0   1
73    0   1   0   1
74    0   1   0   1
75    0   1   0   1
76    0   1   0   1
77    0   1   0   1
78    0   1   0   1
79    0   1   0   1
80    0   1   0   1
81    0   1   0   1
82    0   1   0   1
83    0   1   0   1
84    0   1   0   1
85    0   1   0   1
86    0   1   0   1
87    0   1   0   1
88    0   1   0   1
89    0   1   0   1
90    0   1   0   1
91    0   1   0   1
92    0   1   0   1
93    0   1   0   1
94    0   1   0   1
95    0   1   0   1
96    0   1   0   1
97    0   1   0   1
98    0   1   0   1
99    0   1   0   1
100   0   1   0   1

 [*,2,*]
:     1   2   3   4    :=
1     0   0   1   1
2     0   0   1   1
3     0   0   1   1
4     0   0   1   1
5     0   0   1   1
6     0   0   1   1
7     0   0   1   1
8     0   0   1   1
9     0   0   1   1
10    0   0   1   1
11    0   0   1   1
12    0   0   1   1
13    0   0   1   1
14    0   0   1   1
15    0   0   1   1
16    0   0   1   1
17    0   0   1   1
18    0   0   1   1
19    0   0   1   1
20    0   0   1   1
21    0   0   1   1
22    0   0   1   1
23    0   0   1   1
24    0   0   1   1
25    0   0   1   1
26    0   0   1   1
27    0   0   1   1
28    0   0   1   1
29    0   0   1   1
30    0   0   1   1
31    0   0   1   1
32    0   0   1   1
33    0   0   1   1
34    0   0   1   1
35    0   0   1   1
36    0   0   1   1
37    0   0   1   1
38    0   0   1   1
39    0   0   1   1
40    0   0   1   1
41    0   0   1   1
42    0   0   1   1
43    0   0   1   1
44    0   0   1   1
45    0   0   1   1
46    0   0   1   1
47    0   0   1   1
48    0   0   1   1
49    0   0   1   1
50    0   0   1   1
51    0   0   1   1
52    0   0   1   1
53    0   0   1   1
54    0   0   1   1
55    0   0   1   1
56    0   0   1   1
57    0   0   1   1
58    0   0   1   1
59    0   0   1   1
60    0   0   1   1
61    0   0   1   1
62    0   0   1   1
63    0   0   1   1
64    0   0   1   1
65    0   0   1   1
66    0   0   1   1
67    0   0   1   1
68    0   0   1   1
69    0   0   1   1
70    0   0   1   1
71    0   0   1   1
72    0   0   1   1
73    0   0   1   1
74    0   0   1   1
75    0   0   1   1
76    0   0   1   1
77    0   0   1   1
78    0   0   1   1
79    0   0   1   1
80    0   0   1   1
81    0   0   1   1
82    0   0   1   1
83    0   0   1   1
84    0   0   1   1
85    0   0   1   1
86    0   0   1   1
87    0   0   1   1
88    0   0   1   1
89    0   0   1   1
90    0   0   1   1
91    0   0   1   1
92    0   0   1   1
93    0   0   1   1
94    0   0   1   1
95    0   0   1   1
96    0   0   1   1
97    0   0   1   1
98    0   0   1   1
99    0   0   1   1
100   0   0   1   1

 [*,3,*]
:     1   2   3   4    :=
1     1   0   0   1
2     1   0   0   1
3     1   0   0   1
4     1   0   0   1
5     1   0   0   1
6     1   0   0   1
7     1   0   0   1
8     1   0   0   1
9     1   0   0   1
10    1   0   0   1
11    1   0   0   1
12    1   0   0   1
13    1   0   0   1
14    1   0   0   1
15    1   0   0   1
16    1   0   0   1
17    1   0   0   1
18    1   0   0   1
19    1   0   0   1
20    1   0   0   1
21    1   0   0   1
22    1   0   0   1
23    1   0   0   1
24    1   0   0   1
25    1   0   0   1
26    1   0   0   1
27    1   0   0   1
28    1   0   0   1
29    1   0   0   1
30    1   0   0   1
31    1   0   0   1
32    1   0   0   1
33    1   0   0   1
34    1   0   0   1
35    1   0   0   1
36    1   0   0   1
37    1   0   0   1
38    1   0   0   1
39    1   0   0   1
40    1   0   0   1
41    1   0   0   1
42    1   0   0   1
43    1   0   0   1
44    1   0   0   1
45    1   0   0   1
46    1   0   0   1
47    1   0   0   1
48    1   0   0   1
49    1   0   0   1
50    1   0   0   1
51    1   0   0   1
52    1   0   0   1
53    1   0   0   1
54    1   0   0   1
55    1   0   0   1
56    1   0   0   1
57    1   0   0   1
58    1   0   0   1
59    1   0   0   1
60    1   0   0   1
61    1   0   0   1
62    1   0   0   1
63    1   0   0   1
64    1   0   0   1
65    1   0   0   1
66    1   0   0   1
67    1   0   0   1
68    1   0   0   1
69    1   0   0   1
70    1   0   0   1
71    1   0   0   1
72    1   0   0   1
73    1   0   0   1
74    1   0   0   1
75    1   0   0   1
76    1   0   0   1
77    1   0   0   1
78    1   0   0   1
79    1   0   0   1
80    1   0   0   1
81    1   0   0   1
82    1   0   0   1
83    1   0   0   1
84    1   0   0   1
85    1   0   0   1
86    1   0   0   1
87    1   0   0   1
88    1   0   0   1
89    1   0   0   1
90    1   0   0   1
91    1   0   0   1
92    1   0   0   1
93    1   0   0   1
94    1   0   0   1
95    1   0   0   1
96    1   0   0   1
97    1   0   0   1
98    1   0   0   1
99    1   0   0   1
100   1   0   0   1

 [*,4,*]
:     1   2   3   4    :=
1     1   1   1   0
2     1   1   1   0
3     1   1   1   0
4     1   1   1   0
5     1   1   1   0
6     1   1   1   0
7     1   1   1   0
8     1   1   1   0
9     1   1   1   0
10    1   1   1   0
11    1   1   1   0
12    1   1   1   0
13    1   1   1   0
14    1   1   1   0
15    1   1   1   0
16    1   1   1   0
17    1   1   1   0
18    1   1   1   0
19    1   1   1   0
20    1   1   1   0
21    1   1   1   0
22    1   1   1   0
23    1   1   1   0
24    1   1   1   0
25    1   1   1   0
26    1   1   1   0
27    1   1   1   0
28    1   1   1   0
29    1   1   1   0
30    1   1   1   0
31    1   1   1   0
32    1   1   1   0
33    1   1   1   0
34    1   1   1   0
35    1   1   1   0
36    1   1   1   0
37    1   1   1   0
38    1   1   1   0
39    1   1   1   0
40    1   1   1   0
41    1   1   1   0
42    1   1   1   0
43    1   1   1   0
44    1   1   1   0
45    1   1   1   0
46    1   1   1   0
47    1   1   1   0
48    1   1   1   0
49    1   1   1   0
50    1   1   1   0
51    1   1   1   0
52    1   1   1   0
53    1   1   1   0
54    1   1   1   0
55    1   1   1   0
56    1   1   1   0
57    1   1   1   0
58    1   1   1   0
59    1   1   1   0
60    1   1   1   0
61    1   1   1   0
62    1   1   1   0
63    1   1   1   0
64    1   1   1   0
65    1   1   1   0
66    1   1   1   0
67    1   1   1   0
68    1   1   1   0
69    1   1   1   0
70    1   1   1   0
71    1   1   1   0
72    1   1   1   0
73    1   1   1   0
74    1   1   1   0
75    1   1   1   0
76    1   1   1   0
77    1   1   1   0
78    1   1   1   0
79    1   1   1   0
80    1   1   1   0
81    1   1   1   0
82    1   1   1   0
83    1   1   1   0
84    1   1   1   0
85    1   1   1   0
86    1   1   1   0
87    1   1   1   0
88    1   1   1   0
89    1   1   1   0
90    1   1   1   0
91    1   1   1   0
92    1   1   1   0
93    1   1   1   0
94    1   1   1   0
95    1   1   1   0
96    1   1   1   0
97    1   1   1   0
98    1   1   1   0
99    1   1   1   0
100   1   1   1   0
;

---------------------------- Solution stats data ----------------------------
_ampl_time = 0.280754
_total_solve_time = 48642.1
_ampl_elapsed_time = 0.277767
_ampl_user_time = 0.233142

Total time elapsed: $48642.10.
_total_solve_time = 48642.1

---------------------------- Solution miscs data ----------------------------
tetrahedron_volume [*] :=
  1 0    11 0    21 0    31 0    41 0    51 0    61 0    71 0    81 0    91 0
  2 0    12 0    22 0    32 0    42 0    52 0    62 0    72 0    82 0    92 0
  3 0    13 0    23 0    33 0    43 0    53 0    63 0    73 0    83 0    93 0
  4 0    14 0    24 0    34 0    44 0    54 0    64 0    74 0    84 0    94 0
  5 0    15 0    25 0    35 0    45 0    55 0    65 0    75 0    85 0    95 0
  6 0    16 0    26 0    36 0    46 0    56 0    66 0    76 0    86 0    96 0
  7 0    17 0    27 0    37 0    47 0    57 0    67 0    77 0    87 0    97 0
  8 0    18 0    28 0    38 0    48 0    58 0    68 0    78 0    88 0    98 0
  9 0    19 0    29 0    39 0    49 0    59 0    69 0    79 0    89 0    99 0
 10 0    20 0    30 0    40 0    50 0    60 0    70 0    80 0    90 0   100 0
;

---------------------------- Solution miscs data ----------------------------
tetrahedron_surface_area [*] :=
  1 1.73205    21 1.73205    41 1.73205    61 1.73205    81 1.73205
  2 1.73205    22 1.73205    42 1.73205    62 1.73205    82 1.73205
  3 1.73205    23 1.73205    43 1.73205    63 1.73205    83 1.73205
  4 1.73205    24 1.73205    44 1.73205    64 1.73205    84 1.73205
  5 1.73205    25 1.73205    45 1.73205    65 1.73205    85 1.73205
  6 1.73205    26 1.73205    46 1.73205    66 1.73205    86 1.73205
  7 1.73205    27 1.73205    47 1.73205    67 1.73205    87 1.73205
  8 1.73205    28 1.73205    48 1.73205    68 1.73205    88 1.73205
  9 1.73205    29 1.73205    49 1.73205    69 1.73205    89 1.73205
 10 1.73205    30 1.73205    50 1.73205    70 1.73205    90 1.73205
 11 1.73205    31 1.73205    51 1.73205    71 1.73205    91 1.73205
 12 1.73205    32 1.73205    52 1.73205    72 1.73205    92 1.73205
 13 1.73205    33 1.73205    53 1.73205    73 1.73205    93 1.73205
 14 1.73205    34 1.73205    54 1.73205    74 1.73205    94 1.73205
 15 1.73205    35 1.73205    55 1.73205    75 1.73205    95 1.73205
 16 1.73205    36 1.73205    56 1.73205    76 1.73205    96 1.73205
 17 1.73205    37 1.73205    57 1.73205    77 1.73205    97 1.73205
 18 1.73205    38 1.73205    58 1.73205    78 1.73205    98 1.73205
 19 1.73205    39 1.73205    59 1.73205    79 1.73205    99 1.73205
 20 1.73205    40 1.73205    60 1.73205    80 1.73205   100 1.73205
;

