Error at _cmdno 5 executing "solve" command
(file amplin, line 1961, offset 37058):
error processing param distances:
	3680 invalid subscripts discarded:
	distances[71,1,1]
	distances[71,1,2]
	distances[71,1,3]
	and 3677 more.
##### This license is only intended for use by NEOS. #####
##### License is valid until Jan 16, 2026 #####
ariables.
Substitution eliminates 1 variable.
Adjusted problem:
12918 variables:
	8088 nonlinear variables
	4830 linear variables
25903 constraints; 155161 nonzeros
	22925 nonlinear constraints
	2978 linear constraints
	2486 equality constraints
	23417 inequality constraints
1 nonlinear objective; 3 nonzeros.

Artelys Knitro 14.2.0: threads=4
algorithm=1
ms_enable=1
ms_maxsolves=10
feastol=1e-5
opttol=1e-5
honorbnds=1
bar_initpt=3
bar_murule=4
scale=1
outlev=2
maxtime_real=1200
WARNING:  Option 'threads' is deprecated, please use 'numthreads'.
WARNING: 1 constraint is constant or undefined and will be ignored.

=======================================
           Academic License
       (NOT FOR COMMERCIAL USE)
         Artelys Knitro 14.2.0
=======================================

No start point provided -- Knitro computing one.

Knitro presolve eliminated 0 variables and 1 constraint.

algorithm                1
bar_initpt               3
bar_murule               4
concurrent_evals         0
datacheck                0
feastol                  1e-05
findiff_numthreads       1
hessian_no_f             1
hessopt                  1
honorbnds                1
maxtime_real             1200
ms_enable                1
ms_maxsolves             10
numthreads               4
opttol                   1e-05

Problem Characteristics                                 (   Presolved)
-----------------------
Objective goal:  Minimize
Objective type:  general
Number of variables:                              12918 (       12918)
    bounded below only:                               1 (           1)
    bounded above only:                               0 (           0)
    bounded below and above:                          0 (           0)
    fixed:                                            0 (           0)
    free:                                         12917 (       12917)
Number of constraints:                            25903 (       25902)
    linear equalities:                                1 (           0)
    quadratic equalities:                          2415 (        2415)
    gen. nonlinear equalities:                       70 (          70)
    linear one-sided inequalities:                 2977 (        2977)
    quadratic one-sided inequalities:             20440 (       20440)
    gen. nonlinear one-sided inequalities:            0 (           0)
    linear two-sided inequalities:                    0 (           0)
    quadratic two-sided inequalities:                 0 (           0)
    gen. nonlinear two-sided inequalities:            0 (           0)
Number of nonzeros in Jacobian:                  155161 (      155161)
Number of nonzeros in Hessian:                    70668 (       70668)

Knitro parallel multistart will run with 4 threads.

Return codes description
------------------------
  0:  The final solution satisfies the termination conditions for verifying optimality.
  -100 to -199:  A feasible approximate solution was found.
  -200 to -299:  Knitro terminated at an infeasible point.
  -300 to -301:  The problem was determined to be unbounded.
  -400 to -499:  Knitro terminated because it reached a pre-defined limit.
    -400 to -409:  A feasible point was found.
    -410 to -419:  No feasible point was found.
  -500 to -599:  Knitro terminated with an input error or some non-standard error.
A more detailed description of individual return codes and their corresponding
termination messages is provided at
https://www.artelys.com/app/docs/knitro/3_referenceManual/returnCodes.html

 Solve #  ThreadID  Status     Objective      FeasError    OptError    Real Time 
--------  --------  ------  --------------   ----------   ----------  ----------
      0          0       0         3.56101  3.92624e-05  5.93927e-05      300.687
      3          1    -410     3.18365e+09  2.72682e+06      3598.82      2527.86
      1          2    -410     1.03385e+09  3.31294e+07      822.149      2605.15
      5          3    -410     3.96584e+08      97992.3      465.051      2510.02
      6          1    -410     4.75792e+11  2.12127e+06      72706.5      2851.31
      9          3    -410     1.37788e+11      167589.      26915.3      2222.03
      8          0    -410     7.30508e+12      189.855      993356.      2560.34
      2          3    -410     2.34905e+10  3.56333e-02      130.038      2481.21
      7          2    -410     7.90104e+09     0.980289      2808.50      2414.02
      4          0    -410     8.91018e+12      39.5196  1.04845e+06      2563.68

MULTISTART: Best locally optimal solution is returned.
EXIT: Locally optimal solution found.

Final Statistics
----------------
Final objective value               =   3.56100885138040e+00
Final feasibility error (abs / rel) =   3.93e-05 / 7.12e-06
Final optimality error  (abs / rel) =   5.94e-05 / 9.38e-06
# of iterations                     =      91459 
# of CG iterations                  =          0 
# of function evaluations           =      92730
# of gradient evaluations           =      91553
# of Hessian evaluations            =      91501
Total program time (secs)           =    7213.73730 ( 22939.338 CPU time)

===============================================================================

Knitro 14.2.0: Locally optimal or satisfactory solution.
objective 3.561008851; feasibility error 3.93e-05
91459 iterations; 92730 function evaluations

suffix feaserror OUT;
suffix opterror OUT;
suffix numfcevals OUT;
suffix numiters OUT;
---------------------------- Solver Status Report ----------------------------
solve_result_num = 0
solve_result = solved
solve_message = 'Knitro 14.2.0: Locally optimal or satisfactory solution.\
objective 3.561008851; feasibility error 3.93e-05\
91459 iterations; 92730 function evaluations'


---------------------------- Problem Dimensions ----------------------------
Variables: 25414
Constraints: 25974
---------------------------- Container and geometric considerations  ----------------------------
Container type: cylinder
Structural conservation type: volume & surface
---------------------------- Solution execution data ----------------------------
solve_result_num = 0
solve_result = solved

---------------------------- Solution data ----------------------------
card(figures) = 70

coords [*,*,1]
:         1             2              3             4         :=
1    -1.0655       -0.379117      -0.144329     -0.895663
2     0.103052      1.09329        0.766586      0.725208
3     0.644461      0.155555       0.994007      1.00348
4     0.160329      1.1231         0.446861      0.975721
5    -0.338217      0.108072       0.763278      0.175069
6     1.0012       -0.0910946      0.177797      0.609251
7     0.303035     -0.467172      -0.285474     -0.0581929
8    -0.613962     -1.12417        0.0739407    -0.451617
9     0.68466       0.0388312      0.678176      1.06436
10    0.253064      0.540744       0.98861       0.441692
11   -1.06281      -0.147255      -0.824037     -0.467173
12   -0.125933      0.597302       0.522721     -0.0805464
13   -1.06281      -1.11654       -0.188293     -0.819769
14   -0.632841      0.0912686      0.0532431    -0.348924
15    0.313529     -0.467172      -0.285473     -0.262653
16    1.0621        0.159896       1.08068       1.09
17   -0.895663     -0.605036      -0.348924      0.0726814
18   -0.970657     -1.03057       -1.10991       0.0475995
19    0.678276      0.0285707      0.68466       0.00321388
20   -0.340634     -0.93425       -0.110013     -0.52554
21    0.0547464    -0.756977       0.219356     -0.870374
22    0.597302     -0.000386535    0.762045      1.03379
23   -1.07149      -0.399231      -0.0400588    -0.205275
24   -0.0377582    -0.399826      -0.758701     -0.0805467
25    1.03379       0.206605       1.12483       1.08496
26   -0.00225481   -0.580526       0.0275704     0.0776426
27   -0.467172      0.30304        0.540743     -0.0410024
28   -1.12418      -0.157796      -0.959435     -0.924544
29    0.107919      0.026084      -0.580335     -1.02781
30   -0.870374     -0.338428       0.0528155     0.0547467
31    0.0388308     1.06436        1.09          0.68466
32   -0.520197     -0.0514769     -0.907629     -0.966248
33   -0.441778      0.0268762      0.156525      0.417675
34   -0.403012     -0.104903       0.690696     -0.270723
35   -0.487672     -0.0300476     -0.665265      0.436987
36   -1.06281      -1.0655        -0.895664     -0.144329
37   -1.12423      -0.451743      -1.12369      -0.619595
38   -0.340634     -0.145126       0.72252       0.0473581
39    0.479373      1.11866        0.592283     -0.089706
40    1.08496      -0.125938       0.722519      0.736232
41   -1.07579      -1.121         -0.172779     -0.948088
42   -0.895662      0.230957      -0.219761     -0.257901
43   -0.895241     -0.205266      -0.119452     -1.0715
44   -0.108913     -0.119452      -0.889154     -0.340634
45    0.718407      0.28907       -0.265411     -0.149527
46    0.881701      0.0341064      0.0696734     0.421183
47   -0.0144635    -0.0708018      0.540628     -0.321554
48    0.713439      1.12483       -0.0709328     0.812928
49   -0.399827     -0.758701      -0.0377599    -0.992851
50    0.110627      0.725203       0.175069      0.766492
51    0.236629      0.68466        0.0275861    -0.348924
52   -0.731066     -0.181984      -0.843208     -1.12095
53   -1.12095      -0.234676      -0.182397     -0.815125
54    0.0529375     1.09           1.02077       0.979567
55   -0.338208     -0.340633       0.629726      0.0361596
56    0.712932     -0.160285       0.0420679     0.690494
57    1.08496      -0.125936       1.03379       0.198826
58    0.268839      0.540743      -0.195126      0.441692
59    0.1219        0.532237      -0.453877     -0.418173
60    0.306759      0.852662      -0.185683     -0.239631
61    0.881703      0.063278       0.376148      0.0544282
62   -0.161168     -0.188293      -0.819852     -1.06281
63   -0.258003     -0.464157      -0.834124     -0.295623
64    0.0629799    -0.338428       0.0542909     0.385877
65    0.804214      1.12483        0.12867       1.03379
66    1.09523      -0.0970302      0.984936      0.312657
67    0.540792      0.111704       1.02186       1.02077
68    0.0275709     0.0776428     -0.00225388    0.675965
69   -0.0323981    -1.12385       -1.0025       -0.758701
70   -0.970657      0.0476018     -1.03057      -0.418016

 [*,*,2]
:         1             2             3             4         :=
1     0.361488      0.676645     -0.292542      0.680994
2    -0.0431745     0.265863      0.823596      0.860254
3     0.214891      0.296585      0.527177     -0.508905
4     0.126819      0.0679418     1.03261       0.560298
5     1.07311      -0.0799602     0.826663      1.11145
6    -0.4931       -0.072636      0.258766      0.220774
7    -1.02         -1.02358      -0.144769     -0.250085
8     0.487709     -0.0456458     0.00550048   -0.572172
9     0.892864      0.243807      0.897799      0.364833
10   -1.09632      -0.986692     -0.53723       0.00301193
11   -0.36932      -0.319826     -0.763577     -1.02358
12    0.00868624   -0.953517     -0.528938     -1.12226
13   -0.369319      0.138923      0.203719     -0.770678
14    0.930311      0.161941      1.12389       1.06968
15   -1.08059      -1.02358      -0.144769     -1.09407
16    0.371356      0.256486     -0.313204      0.279049
17    0.680994      0.888892      1.06968       0.285328
18   -0.569025     -0.451534      0.184549     -0.0514775
19    0.897723      1.12479       0.892864      0.208013
20    1.07235       0.627011      0.278371      0.994873
21    0.126596      0.0696166     0.842062      0.713031
22   -0.953517     -0.00687803   -0.827799     -0.444124
23   -0.0975431    -0.611979     -0.109388      0.203966
24   -0.1883       -1.05171      -0.830866     -1.12226
25   -0.444124     -0.0587876    -0.0267408     0.298035
26    0.0141958    -0.963823     -1.12481      -1.12247
27   -1.02358      -1.01996      -0.986693     -0.217574
28   -0.046772      0.171556      0.587749      0.641237
29   -0.850599      0.0710615    -0.963938     -0.457792
30    0.713032      1.07305       1.12391       0.126599
31    0.243807      0.364832      0.27905       0.892864
32    0.997678      0.127379      0.664962      0.57648
33    0.318994      0.0595822     0.0189268     0.998965
34   -1.0505       -1.12025      -0.888203     -0.277768
35   -0.189943      0.0818653     0.890548      0.432542
36   -0.369319      0.361487      0.680993     -0.292542
37   -0.0455982    -0.572069     -0.0572514     0.52497
38    1.07235      -0.0106209     0.862513      0.0754048
39    0.313987      0.120726     -0.78673      -0.140731
40    0.298035      0.00868742    0.862514      0.0561244
41    0.329605      0.0965398    -0.39376      -0.605884
42    0.680993      0.151161     -0.364548      0.532451
43    0.681548      0.203968     -0.152835     -0.0975428
44    0.274578     -0.152835      0.689471      1.07235
45   -0.405358     -1.04286      -0.0232315    -0.207763
46    0.463773      0.0921837    -0.146232      1.00726
47   -1.12506       0.0881925    -0.404974     -0.285208
48   -0.87004      -0.0267428    -0.330681     -0.77789
49   -1.05171      -0.830866     -0.188301     -0.52935
50   -0.0345862     0.860258      1.11145       0.823683
51    0.0966592     0.892864      1.12481       1.06968
52    0.855283      0.278559      0.187661      0.0971009
53    0.0970919    -0.38444       0.278491      0.193096
54    0.188886      0.27905      -0.473278     -0.251134
55    1.07312       1.07235       0.932422      0.072898
56   -0.870455     -0.264486     -1.12436      -0.88836
57    0.298035      0.00868767   -0.444124     -0.0551617
58   -1.00434      -0.986692     -0.120938      0.00301291
59   -0.0706687     0.991311      1.02954       0.737173
60    0.255711     -0.435922     -0.199532     -0.015458
61    0.463775      1.12337       1.06041       0.170001
62   -0.32455       0.203719     -0.770573     -0.36932
63   -1.09517      -1.02495      -0.755117     -0.0599885
64    1.12339       1.07305       0.127702      1.05691
65   -0.786895     -0.0267403    -0.156025     -0.444124
66   -0.257734     -0.117704     -0.543935     -1.08084
67   -0.986632      0.156269     -0.329118     -0.473278
68   -1.12481      -1.12247       0.0141951    -0.899464
69   -0.239093     -0.0541672    -0.504255     -0.830866
70   -0.569026     -0.0514782    -0.451535     -1.04462

 [*,*,3]
:         1             2             3             4         :=
1    -0.770222     -0.548021     -1.29337      -1.48759
2     0.732199      0.426371      0.246892      1.32104
3     0.126187     -1.01587      -0.3582       -0.607217
4     0.41245       0.505237      0.214394     -0.422555
5     0.555013      0.700774      0.253787      0.985209
6    -0.576027     -0.151639     -1.04467       0.0439404
7    -0.599993     -1.48759      -0.624643     -1.48759
8     0.950526      0.236493      0.0316871     0.405562
9    -1.48759      -1.12142      -0.296327     -0.425982
10   -0.423165     -1.48759      -0.713109     -0.976232
11   -1.48759      -1.32848      -0.382408     -1.48759
12    1.32529       1.32529       0.412034      1.32529
13   -1.48759      -0.995402     -0.811688     -0.362479
14   -0.283445     -0.943198     -0.669852     -1.48759
15   -0.633039     -1.48759      -0.624642     -0.289769
16   -0.345        -1.05884      -0.500175     -1.48759
17   -1.48759      -0.294984     -1.48759      -1.14728
18    0.481344     -0.412216      0.116612      0.0647562
19   -0.314731     -0.71849      -1.48759      -1.10123
20    1.32529       1.24021       0.402406      0.127484
21   -0.433939      0.22014       0.230334     -0.188577
22    1.32529       0.900134      0.35719       1.32529
23    1.24744       0.33452       1.20711       0.405591
24    1.06898       0.24836       1.32529       1.32529
25    1.32529       0.532729      0.267111      1.32529
26   -0.00539729    0.115994      0.49637      -0.507005
27   -1.48759      -0.600007     -1.48759      -1.48759
28    0.234729      0.346876     -0.00157933    1.20798
29   -0.42924      -0.00793924    0.115786     -0.407471
30   -0.18858       0.272385     -0.669575     -0.43394
31   -1.12143      -0.425982     -1.48759      -1.48759
32    0.115518      0.505684      1.08462      -0.155834
33    0.223436     -0.485116      0.659621      0.232408
34    0.237393      1.24456       0.803532      0.343042
35   -0.12108      -1.02349      -0.321684     -0.675622
36   -1.48759      -0.770222     -1.48759      -1.29337
37    0.236479      0.405534      1.31846       0.969741
38    1.32529       1.32529       1.32528       0.688449
39    0.0525411     0.40555      -0.264865      0.552189
40    1.32529       1.32529       1.32529       0.428398
41    0.12752      -0.972859     -0.332171     -0.505475
42   -1.48759      -1.48759      -1.48759      -0.625069
43    1.32529       0.405585      1.32529       1.24745
44    0.397999      1.32529       1.27498       1.32529
45   -0.601708     -0.436979     -0.197511     -1.14081
46   -0.332168     -0.511001      0.387906      0.239206
47    1.22921       0.955622      0.378708      0.362983
48   -0.380912      0.267109      0.37039       0.472849
49    0.248361      1.32529       1.06898       0.490389
50    0.711609      1.32116       0.985209      0.249363
51   -1.3877       -1.48759      -0.71748      -1.48759
52   -0.402482     -0.85675       0.194212     -0.970384
53   -0.970646     -0.459857     -0.856415      0.197858
54   -1.26622      -1.48759      -1.48759      -0.560713
55    0.555021      1.32529       1.32529       0.685659
56   -0.354437      0.293865      0.480684      0.803439
57    1.32529       1.32529       1.32529       0.525276
58   -0.469446     -1.48759      -1.21399      -0.976233
59    0.69384       0.288245      0.604301      0.00160206
60   -1.17925      -0.518317     -1.16327      -0.0939304
61   -0.332168     -0.692673      0.295084     -0.444911
62   -1.32052      -0.811688     -0.362813     -1.48759
63   -0.26264      -1.46986      -0.312139     -0.701455
64   -0.693601      0.272386     -0.433116      0.326244
65    0.475409      0.267109      0.790727      1.32529
66    0.0628875    -0.267111     -0.711718     -0.447087
67   -1.4875       -1.24324      -0.546089     -1.48759
68    0.496369     -0.507004     -0.00539797   -0.301385
69    1.16708       1.32529       0.433188      1.32529
70    0.481345      0.0647533    -0.412216      0.255789
;

radius = 1.12515
height = 2.81288
softness = 0.55

---------------------------- Solution coords data ----------------------------
distances [*,1,*]
:    1   2   3   4    :=
1    0   1   0   1
2    0   1   0   1
3    0   1   0   1
4    0   1   0   1
5    0   1   0   1
6    0   1   0   1
7    0   1   0   1
8    0   1   0   1
9    0   1   0   1
10   0   1   0   1
11   0   1   0   1
12   0   1   0   1
13   0   1   0   1
14   0   1   0   1
15   0   1   0   1
16   0   1   0   1
17   0   1   0   1
18   0   1   0   1
19   0   1   0   1
20   0   1   0   1
21   0   1   0   1
22   0   1   0   1
23   0   1   0   1
24   0   1   0   1
25   0   1   0   1
26   0   1   0   1
27   0   1   0   1
28   0   1   0   1
29   0   1   0   1
30   0   1   0   1
31   0   1   0   1
32   0   1   0   1
33   0   1   0   1
34   0   1   0   1
35   0   1   0   1
36   0   1   0   1
37   0   1   0   1
38   0   1   0   1
39   0   1   0   1
40   0   1   0   1
41   0   1   0   1
42   0   1   0   1
43   0   1   0   1
44   0   1   0   1
45   0   1   0   1
46   0   1   0   1
47   0   1   0   1
48   0   1   0   1
49   0   1   0   1
50   0   1   0   1
51   0   1   0   1
52   0   1   0   1
53   0   1   0   1
54   0   1   0   1
55   0   1   0   1
56   0   1   0   1
57   0   1   0   1
58   0   1   0   1
59   0   1   0   1
60   0   1   0   1
61   0   1   0   1
62   0   1   0   1
63   0   1   0   1
64   0   1   0   1
65   0   1   0   1
66   0   1   0   1
67   0   1   0   1
68   0   1   0   1
69   0   1   0   1
70   0   1   0   1

 [*,2,*]
:    1   2   3   4    :=
1    0   0   1   1
2    0   0   1   1
3    0   0   1   1
4    0   0   1   1
5    0   0   1   1
6    0   0   1   1
7    0   0   1   1
8    0   0   1   1
9    0   0   1   1
10   0   0   1   1
11   0   0   1   1
12   0   0   1   1
13   0   0   1   1
14   0   0   1   1
15   0   0   1   1
16   0   0   1   1
17   0   0   1   1
18   0   0   1   1
19   0   0   1   1
20   0   0   1   1
21   0   0   1   1
22   0   0   1   1
23   0   0   1   1
24   0   0   1   1
25   0   0   1   1
26   0   0   1   1
27   0   0   1   1
28   0   0   1   1
29   0   0   1   1
30   0   0   1   1
31   0   0   1   1
32   0   0   1   1
33   0   0   1   1
34   0   0   1   1
35   0   0   1   1
36   0   0   1   1
37   0   0   1   1
38   0   0   1   1
39   0   0   1   1
40   0   0   1   1
41   0   0   1   1
42   0   0   1   1
43   0   0   1   1
44   0   0   1   1
45   0   0   1   1
46   0   0   1   1
47   0   0   1   1
48   0   0   1   1
49   0   0   1   1
50   0   0   1   1
51   0   0   1   1
52   0   0   1   1
53   0   0   1   1
54   0   0   1   1
55   0   0   1   1
56   0   0   1   1
57   0   0   1   1
58   0   0   1   1
59   0   0   1   1
60   0   0   1   1
61   0   0   1   1
62   0   0   1   1
63   0   0   1   1
64   0   0   1   1
65   0   0   1   1
66   0   0   1   1
67   0   0   1   1
68   0   0   1   1
69   0   0   1   1
70   0   0   1   1

 [*,3,*]
:    1   2   3   4    :=
1    1   0   0   1
2    1   0   0   1
3    1   0   0   1
4    1   0   0   1
5    1   0   0   1
6    1   0   0   1
7    1   0   0   1
8    1   0   0   1
9    1   0   0   1
10   1   0   0   1
11   1   0   0   1
12   1   0   0   1
13   1   0   0   1
14   1   0   0   1
15   1   0   0   1
16   1   0   0   1
17   1   0   0   1
18   1   0   0   1
19   1   0   0   1
20   1   0   0   1
21   1   0   0   1
22   1   0   0   1
23   1   0   0   1
24   1   0   0   1
25   1   0   0   1
26   1   0   0   1
27   1   0   0   1
28   1   0   0   1
29   1   0   0   1
30   1   0   0   1
31   1   0   0   1
32   1   0   0   1
33   1   0   0   1
34   1   0   0   1
35   1   0   0   1
36   1   0   0   1
37   1   0   0   1
38   1   0   0   1
39   1   0   0   1
40   1   0   0   1
41   1   0   0   1
42   1   0   0   1
43   1   0   0   1
44   1   0   0   1
45   1   0   0   1
46   1   0   0   1
47   1   0   0   1
48   1   0   0   1
49   1   0   0   1
50   1   0   0   1
51   1   0   0   1
52   1   0   0   1
53   1   0   0   1
54   1   0   0   1
55   1   0   0   1
56   1   0   0   1
57   1   0   0   1
58   1   0   0   1
59   1   0   0   1
60   1   0   0   1
61   1   0   0   1
62   1   0   0   1
63   1   0   0   1
64   1   0   0   1
65   1   0   0   1
66   1   0   0   1
67   1   0   0   1
68   1   0   0   1
69   1   0   0   1
70   1   0   0   1

 [*,4,*]
:    1   2   3   4    :=
1    1   1   1   0
2    1   1   1   0
3    1   1   1   0
4    1   1   1   0
5    1   1   1   0
6    1   1   1   0
7    1   1   1   0
8    1   1   1   0
9    1   1   1   0
10   1   1   1   0
11   1   1   1   0
12   1   1   1   0
13   1   1   1   0
14   1   1   1   0
15   1   1   1   0
16   1   1   1   0
17   1   1   1   0
18   1   1   1   0
19   1   1   1   0
20   1   1   1   0
21   1   1   1   0
22   1   1   1   0
23   1   1   1   0
24   1   1   1   0
25   1   1   1   0
26   1   1   1   0
27   1   1   1   0
28   1   1   1   0
29   1   1   1   0
30   1   1   1   0
31   1   1   1   0
32   1   1   1   0
33   1   1   1   0
34   1   1   1   0
35   1   1   1   0
36   1   1   1   0
37   1   1   1   0
38   1   1   1   0
39   1   1   1   0
40   1   1   1   0
41   1   1   1   0
42   1   1   1   0
43   1   1   1   0
44   1   1   1   0
45   1   1   1   0
46   1   1   1   0
47   1   1   1   0
48   1   1   1   0
49   1   1   1   0
50   1   1   1   0
51   1   1   1   0
52   1   1   1   0
53   1   1   1   0
54   1   1   1   0
55   1   1   1   0
56   1   1   1   0
57   1   1   1   0
58   1   1   1   0
59   1   1   1   0
60   1   1   1   0
61   1   1   1   0
62   1   1   1   0
63   1   1   1   0
64   1   1   1   0
65   1   1   1   0
66   1   1   1   0
67   1   1   1   0
68   1   1   1   0
69   1   1   1   0
70   1   1   1   0
;

---------------------------- Solution stats data ----------------------------
_ampl_time = 0.110816
_total_solve_time = 22939.6
_ampl_elapsed_time = 0.107421
_ampl_user_time = 0.090869

Total time elapsed: $22939.60.
_total_solve_time = 22939.6

---------------------------- Solution miscs data ----------------------------
tetrahedron_volume [*] :=
 1 0.117851   15 0.117851   29 0.117851   43 0.117851   57 0.117851
 2 0.117851   16 0.117851   30 0.117851   44 0.117851   58 0.117851
 3 0.117851   17 0.117851   31 0.117851   45 0.117851   59 0.117851
 4 0.117851   18 0.117851   32 0.117851   46 0.117851   60 0.117851
 5 0.117851   19 0.117851   33 0.117851   47 0.117851   61 0.117851
 6 0.117851   20 0.117851   34 0.117851   48 0.117851   62 0.117851
 7 0.117851   21 0.117851   35 0.117851   49 0.117851   63 0.117851
 8 0.117851   22 0.117851   36 0.117851   50 0.117851   64 0.117851
 9 0.117851   23 0.117851   37 0.117851   51 0.117851   65 0.117851
10 0.117851   24 0.117851   38 0.117851   52 0.117851   66 0.117851
11 0.117851   25 0.117851   39 0.117851   53 0.117851   67 0.117851
12 0.117851   26 0.117851   40 0.117851   54 0.117851   68 0.117851
13 0.117851   27 0.117851   41 0.117851   55 0.117851   69 0.117851
14 0.117851   28 0.117851   42 0.117851   56 0.117851   70 0.117851
;

---------------------------- Solution miscs data ----------------------------
tetrahedron_surface_area [*] :=
 1 0    8 0   15 0   22 0   29 0   36 0   43 0   50 0   57 0   64 0
 2 0    9 0   16 0   23 0   30 0   37 0   44 0   51 0   58 0   65 0
 3 0   10 0   17 0   24 0   31 0   38 0   45 0   52 0   59 0   66 0
 4 0   11 0   18 0   25 0   32 0   39 0   46 0   53 0   60 0   67 0
 5 0   12 0   19 0   26 0   33 0   40 0   47 0   54 0   61 0   68 0
 6 0   13 0   20 0   27 0   34 0   41 0   48 0   55 0   62 0   69 0
 7 0   14 0   21 0   28 0   35 0   42 0   49 0   56 0   63 0   70 0
;

