Error at _cmdno 5 executing "solve" command
(file amplin, line 1961, offset 37048):
error processing param distances:
	4000 invalid subscripts discarded:
	distances[51,1,1]
	distances[51,1,2]
	distances[51,1,3]
	and 3997 more.
##### This license is only intended for use by NEOS. #####
##### License is valid until Jan 16, 2026 #####
riables.
Substitution eliminates 1 variable.
Adjusted problem:
6728 variables:
	4278 nonlinear variables
	2450 linear variables
13503 constraints; 80331 nonzeros
	11875 nonlinear constraints
	1628 linear constraints
	1276 equality constraints
	12227 inequality constraints
1 nonlinear objective; 3 nonzeros.

Artelys Knitro 14.2.0: threads=4
algorithm=1
ms_enable=1
ms_maxsolves=10
feastol=1e-5
opttol=1e-5
honorbnds=1
bar_initpt=3
bar_murule=4
scale=1
outlev=2
maxtime_real=1200
WARNING:  Option 'threads' is deprecated, please use 'numthreads'.
WARNING: 1 constraint is constant or undefined and will be ignored.

=======================================
           Academic License
       (NOT FOR COMMERCIAL USE)
         Artelys Knitro 14.2.0
=======================================

No start point provided -- Knitro computing one.

Knitro presolve eliminated 0 variables and 1 constraint.

algorithm                1
bar_initpt               3
bar_murule               4
concurrent_evals         0
datacheck                0
feastol                  1e-05
findiff_numthreads       1
hessian_no_f             1
hessopt                  1
honorbnds                1
maxtime_real             1200
ms_enable                1
ms_maxsolves             10
numthreads               4
opttol                   1e-05

Problem Characteristics                                 (   Presolved)
-----------------------
Objective goal:  Minimize
Objective type:  general
Number of variables:                               6728 (        6728)
    bounded below only:                               1 (           1)
    bounded above only:                               0 (           0)
    bounded below and above:                          0 (           0)
    fixed:                                            0 (           0)
    free:                                          6727 (        6727)
Number of constraints:                            13503 (       13502)
    linear equalities:                                1 (           0)
    quadratic equalities:                          1225 (        1225)
    gen. nonlinear equalities:                       50 (          50)
    linear one-sided inequalities:                 1627 (        1627)
    quadratic one-sided inequalities:             10600 (       10600)
    gen. nonlinear one-sided inequalities:            0 (           0)
    linear two-sided inequalities:                    0 (           0)
    quadratic two-sided inequalities:                 0 (           0)
    gen. nonlinear two-sided inequalities:            0 (           0)
Number of nonzeros in Jacobian:                   80331 (       80331)
Number of nonzeros in Hessian:                    36978 (       36978)

Knitro parallel multistart will run with 4 threads.

Return codes description
------------------------
  0:  The final solution satisfies the termination conditions for verifying optimality.
  -100 to -199:  A feasible approximate solution was found.
  -200 to -299:  Knitro terminated at an infeasible point.
  -300 to -301:  The problem was determined to be unbounded.
  -400 to -499:  Knitro terminated because it reached a pre-defined limit.
    -400 to -409:  A feasible point was found.
    -410 to -419:  No feasible point was found.
  -500 to -599:  Knitro terminated with an input error or some non-standard error.
A more detailed description of individual return codes and their corresponding
termination messages is provided at
https://www.artelys.com/app/docs/knitro/3_referenceManual/returnCodes.html

 Solve #  ThreadID  Status     Objective      FeasError    OptError    Real Time 
--------  --------  ------  --------------   ----------   ----------  ----------
      0          0       0         2.52732  8.09737e-06  1.61806e-05      114.191
      4          0    -410     7.85179e+08  8.79355e+06      1120.11      1246.85
      6          1    -410     6.56304e+09      2.96429      1920.59      1271.30
      7          3    -410     8.55706e+07     0.278680      1609.89      1190.80
      1          2    -410     3.08808e+06  9.96434e-02      112.276      1165.07
      5          2    -410     1.09752e+08  5.46524e-03      122.101      1207.36
      2          1    -410     4.39806e+12      13.9304      427605.      1184.36
      9          2    -410     1.74036e+12      162.772      277730.      1310.17
      8          0    -410     7.51196e+11     0.417488      202245.      1191.95
      3          3    -410     5.34222e+12      21.9684      151376.      1330.05

MULTISTART: Best locally optimal solution is returned.
EXIT: Locally optimal solution found.

Final Statistics
----------------
Final objective value               =   2.52732318336539e+00
Final feasibility error (abs / rel) =   8.10e-06 / 1.83e-06
Final optimality error  (abs / rel) =   1.62e-05 / 3.21e-06
# of iterations                     =      91219 
# of CG iterations                  =          0 
# of function evaluations           =     104317
# of gradient evaluations           =      91425
# of Hessian evaluations            =      91285
Total program time (secs)           =    3683.19629 ( 11162.321 CPU time)

===============================================================================

Knitro 14.2.0: Locally optimal or satisfactory solution.
objective 2.527323183; feasibility error 8.1e-06
91219 iterations; 104317 function evaluations

suffix feaserror OUT;
suffix opterror OUT;
suffix numfcevals OUT;
suffix numiters OUT;
---------------------------- Solver Status Report ----------------------------
solve_result_num = 0
solve_result = solved
solve_message = 'Knitro 14.2.0: Locally optimal or satisfactory solution.\
objective 2.527323183; feasibility error 8.1e-06\
91219 iterations; 104317 function evaluations'


---------------------------- Problem Dimensions ----------------------------
Variables: 13154
Constraints: 13554
---------------------------- Container and geometric considerations  ----------------------------
Container type: cylinder
Structural conservation type: volume
---------------------------- Solution execution data ----------------------------
solve_result_num = 0
solve_result = solved

---------------------------- Solution data ----------------------------
card(figures) = 50

coords [*,*,1]
:        1            2            3             4         :=
1    -0.369866    -0.298501    -0.952668    -0.659476
2    -0.705935    -0.903619    -0.640795     0.155526
3     0.129305    -0.909025    -0.941166    -0.683005
4    -0.53019     -0.683005    -0.0468026   -0.969697
5    -0.536768    -0.683005    -0.0604882    0.20433
6     0.155525     0.0124202   -0.659476    -0.418027
7     0.4862      -0.659476     0.0767613    0.0847273
8    -1.00355     -0.952668    -0.320419    -0.742412
9    -0.952668    -0.994678    -0.368096    -0.431932
10   -0.298501     0.0546788   -0.659476    -0.369866
11    0.129305     0.124141    -0.683005    -0.0062221
12   -0.994678    -0.965704    -0.167637    -0.326294
13   -0.234825    -0.994678     0.0457018   -0.167639
14   -0.900736    -0.855956    -0.909025    -0.268645
15   -0.540355    -0.229772    -0.583659    -0.994678
16   -0.423498    -0.710576     0.240047    -0.0430832
17    0.223141     0.486201     0.952563    -0.0596515
18    0.129305     0.745796     0.124141    -0.00622207
19   -0.697197     0.245747    -0.0465467    0.164032
20   -0.0596512    0.486201     0.952563    -0.0430829
21   -0.013917    -0.130574     0.0364484   -0.994678
22   -0.994678    -0.583709    -0.224819    -0.637749
23   -0.167339    -0.241428     0.647854     0.0529467
24   -0.14305     -0.384117     0.318856    -0.564435
25   -0.576241     0.244694    -0.631057    -0.304009
26   -0.631119     0.350493     0.245801     0.0916766
27   -0.449109     0.891901     0.300601    -0.120685
28    0.40395     -0.0629141    0.644229    -0.322338
29    0.650021     0.644229     1.00332     -0.0816323
30    1.0023       0.952563    -0.0430828    0.486201
31    0.0579366   -0.994678    -0.0225426    0.163124
32   -0.126564     0.405935     0.644229     0.995996
33   -0.0528969   -0.0430831    0.226534     1.0023
34   -0.0139159    0.984501     0.644229     1.00338
35    0.244087    -0.644835    -0.0442262   -0.299071
36    1.0023       0.965152    -0.0528967    0.226534
37    0.353189    -0.0528973    0.454315     0.226535
38    0.16768     -0.315463     0.530467    -0.429389
39    0.454315     0.353189     0.226535     0.948527
40   -0.0388486    0.530467     0.16768     -0.416178
41    0.887774     0.157106    -0.144774     1.00357
42   -0.105909     0.993064     0.0409407    0.304609
43    0.957215     1.00208      0.936093    -0.0170197
44    0.38428      0.530467    -0.446539    -0.137862
45    1.00353      0.563509     0.936093    -0.0170196
46    0.167403     0.778871     0.530467    -0.021105
47    0.932975     0.641395     1.00148     -0.123977
48    0.779358     1.00352     -0.0628486    0.97745
49    0.293652    -0.134284     0.779997     0.530467
50    0.977672     0.530467     0.293652     0.779997

 [*,*,2]
:         1             2              3              4          :=
1    -0.479506      0.610821       0.315749      -0.756547
2    -0.713393     -0.075857      -0.772435      -0.991506
3     0.0776445     0.425379      -0.348538      -0.735375
4    -0.844825     -0.735375      -0.0301737     -0.258766
5    -0.848029     -0.735375      -0.0395429     -0.98261
6    -0.991506     -0.265143      -0.756547      -0.49566
7    -0.877999     -0.756548      -1.00069       -0.21226
8    -0.0129428     0.315749      -0.443041      -0.675349
9     0.315749      0.133748      -0.359212       0.846404
10    0.610821     -0.234237      -0.756547      -0.479505
11    0.0776442    -0.995923      -0.735375      -1.00361
12    0.133746     -0.273293      -0.989531       0.0272284
13   -0.386274      0.133746      -0.513529      -0.98953
14   -0.332827      0.524035       0.425379       0.854064
15    0.179312     -0.36319        0.816465       0.133747
16    0.909903      0.245897       0.969051      -0.000320181
17   -0.97851      -0.877999      -0.316065      -0.519498
18    0.0776443    -0.671611      -0.995923      -1.00361
19    0.20586       0.973078       0.0283133      0.395155
20   -0.519498     -0.877999      -0.316065      -0.000320379
21    0.0695719    -0.474917      -0.142793       0.133747
22    0.133747      0.816429       0.157136       0.774951
23   -0.989581     -0.346689      -0.766523      -0.495061
24    0.313707     -0.287631      -0.590342       0.454446
25    0.821717      0.973344       0.78041        0.266187
26    0.78036       0.94044        0.973065       0.1626
27    0.271354     -0.177747      -0.554702       0.14123
28   -0.00523248   -0.441271      -0.769573      -0.309907
29   -0.764686     -0.769573      -0.0251336     -0.424378
30   -0.0517107    -0.316065      -0.000320422   -0.877999
31   -0.148556      0.133747       0.0701363      0.393567
32   -0.41172      -0.0115465     -0.769573       0.12355
33   -0.229053     -0.000320304    0.97773       -0.0517105
34   -0.410541     -0.195013      -0.769573      -0.0225701
35    0.973496      0.769065       0.0871963      0.958034
36   -0.0517104     0.275234      -0.229053       0.97773
37    0.939431     -0.229053       0.0221927      0.977729
38    0.989523      0.952762       0.851984       0.247363
39    0.0221927     0.939431       0.977729       0.327979
40    0.161151      0.851984       0.989523       0.255685
41   -0.227707     -0.322746       0.183434      -0.0113873
42   -0.381591      0.145248      -0.141694       0.799643
43   -0.222674     -0.0558252      0.361943       0.141333
44   -0.00774592    0.851984       0.270494       0.153082
45   -0.0141276     0.8305         0.361943       0.141333
46    0.98957       0.632956       0.851984       0.182682
47    0.209403     -0.771936       0.065729       0.134947
48    0.632355     -0.0145709      0.166733       0.227738
49    0.0191084     0.145911       0.631567       0.851984
50    0.226784      0.851984       0.0191084      0.631567

 [*,*,3]
:        1            2            3            4         :=
1    -0.220273    -1.11765     -1.11765     -1.11765
2    -1.09596      0.133526     0.315516    -0.0659694
3     1.39143      1.39143      0.763808     1.39143
4     0.245117     1.39143      1.2952       0.648709
5     0.262572     1.39143      1.32064      0.413186
6    -0.0659703   -1.11765     -1.11765      0.0420623
7    -1.11765     -1.11765     -0.127249    -1.11765
8     0.174696    -1.11765     -0.106751    -1.0472
9    -1.11765      0.026075    -0.321613    -1.0581
10   -1.11765     -1.11765     -1.11765     -0.220273
11    1.39143      0.470868     1.39143      1.39143
12    0.0260762    0.635621     0.258996     1.22906
13    0.86916      0.0260769   -0.409935     0.258993
14    0.787204    -0.018343     1.39143      1.2251
15    1.215        0.222648     0.407162     0.0260764
16   -1.11765     -0.156353    -0.913562    -1.11765
17    0.268244    -1.11765     -0.32342     -0.442278
18    1.39143      1.39143      0.470868     1.39143
19   -0.195621    -0.918278    -1.09707     -0.0863071
20   -0.442278    -1.11765     -0.32342     -1.11765
21   -0.990777    -0.493995     0.405149     0.0260756
22    0.0260763    0.407132     0.210168    -0.993075
23    0.25767      0.918677     0.821926    -0.431429
24   -0.0492004    0.714575     0.935349     1.29342
25    0.596128     0.048313    -0.816418    -0.116397
26   -0.816456     0.188936    -0.918233     0.230415
27    1.39143      1.39143      0.899188     0.457123
28   -0.0651385   -0.546235     0.154472     0.728826
29    1.22295      0.154473     0.840244     0.585793
30   -1.11765     -0.32342     -1.11765     -1.11765
31    0.413048     0.0260763   -0.981834    -0.0906829
32   -0.609306    -0.0633244    0.154472    -0.88408
33   -0.435303    -1.11765     -1.11765     -1.11765
34    0.519889    -0.458227     0.154473     0.842755
35    0.0489499    0.606865     0.269851     1.35461
36   -1.11765     -0.65996     -0.435303    -1.11765
37    0.217993    -0.435303    -0.547232    -1.11765
38    0.242408     1.39143      1.39143      1.28773
39   -0.547232     0.217993    -1.11765     -0.691719
40    0.296608     1.39143      0.242407     1.28916
41   -0.456048     0.751053     0.418485     0.820172
42   -0.520587    -0.776566     0.228981     0.139838
43   -0.602113     0.585612    -0.665028     0.3562
44    1.39143      1.39143      1.39143      0.454806
45    0.457849    -0.0645393   -0.665028     0.3562
46    0.241576     0.0582968    1.39143      0.330729
47    1.39143      1.22404      0.769895     0.454779
48    0.0479918    0.458145     0.432467     1.38853
49    1.22916      0.462983     0.0508766    1.39143
50    1.39143      1.39143      1.22916      0.0508766
;

radius = 1.00363
height = 2.50907
softness = 1

---------------------------- Solution coords data ----------------------------
distances [*,1,*]
:    1   2   3   4    :=
1    0   1   0   1
2    0   1   0   1
3    0   1   0   1
4    0   1   0   1
5    0   1   0   1
6    0   1   0   1
7    0   1   0   1
8    0   1   0   1
9    0   1   0   1
10   0   1   0   1
11   0   1   0   1
12   0   1   0   1
13   0   1   0   1
14   0   1   0   1
15   0   1   0   1
16   0   1   0   1
17   0   1   0   1
18   0   1   0   1
19   0   1   0   1
20   0   1   0   1
21   0   1   0   1
22   0   1   0   1
23   0   1   0   1
24   0   1   0   1
25   0   1   0   1
26   0   1   0   1
27   0   1   0   1
28   0   1   0   1
29   0   1   0   1
30   0   1   0   1
31   0   1   0   1
32   0   1   0   1
33   0   1   0   1
34   0   1   0   1
35   0   1   0   1
36   0   1   0   1
37   0   1   0   1
38   0   1   0   1
39   0   1   0   1
40   0   1   0   1
41   0   1   0   1
42   0   1   0   1
43   0   1   0   1
44   0   1   0   1
45   0   1   0   1
46   0   1   0   1
47   0   1   0   1
48   0   1   0   1
49   0   1   0   1
50   0   1   0   1

 [*,2,*]
:    1   2   3   4    :=
1    0   0   1   1
2    0   0   1   1
3    0   0   1   1
4    0   0   1   1
5    0   0   1   1
6    0   0   1   1
7    0   0   1   1
8    0   0   1   1
9    0   0   1   1
10   0   0   1   1
11   0   0   1   1
12   0   0   1   1
13   0   0   1   1
14   0   0   1   1
15   0   0   1   1
16   0   0   1   1
17   0   0   1   1
18   0   0   1   1
19   0   0   1   1
20   0   0   1   1
21   0   0   1   1
22   0   0   1   1
23   0   0   1   1
24   0   0   1   1
25   0   0   1   1
26   0   0   1   1
27   0   0   1   1
28   0   0   1   1
29   0   0   1   1
30   0   0   1   1
31   0   0   1   1
32   0   0   1   1
33   0   0   1   1
34   0   0   1   1
35   0   0   1   1
36   0   0   1   1
37   0   0   1   1
38   0   0   1   1
39   0   0   1   1
40   0   0   1   1
41   0   0   1   1
42   0   0   1   1
43   0   0   1   1
44   0   0   1   1
45   0   0   1   1
46   0   0   1   1
47   0   0   1   1
48   0   0   1   1
49   0   0   1   1
50   0   0   1   1

 [*,3,*]
:    1   2   3   4    :=
1    1   0   0   1
2    1   0   0   1
3    1   0   0   1
4    1   0   0   1
5    1   0   0   1
6    1   0   0   1
7    1   0   0   1
8    1   0   0   1
9    1   0   0   1
10   1   0   0   1
11   1   0   0   1
12   1   0   0   1
13   1   0   0   1
14   1   0   0   1
15   1   0   0   1
16   1   0   0   1
17   1   0   0   1
18   1   0   0   1
19   1   0   0   1
20   1   0   0   1
21   1   0   0   1
22   1   0   0   1
23   1   0   0   1
24   1   0   0   1
25   1   0   0   1
26   1   0   0   1
27   1   0   0   1
28   1   0   0   1
29   1   0   0   1
30   1   0   0   1
31   1   0   0   1
32   1   0   0   1
33   1   0   0   1
34   1   0   0   1
35   1   0   0   1
36   1   0   0   1
37   1   0   0   1
38   1   0   0   1
39   1   0   0   1
40   1   0   0   1
41   1   0   0   1
42   1   0   0   1
43   1   0   0   1
44   1   0   0   1
45   1   0   0   1
46   1   0   0   1
47   1   0   0   1
48   1   0   0   1
49   1   0   0   1
50   1   0   0   1

 [*,4,*]
:    1   2   3   4    :=
1    1   1   1   0
2    1   1   1   0
3    1   1   1   0
4    1   1   1   0
5    1   1   1   0
6    1   1   1   0
7    1   1   1   0
8    1   1   1   0
9    1   1   1   0
10   1   1   1   0
11   1   1   1   0
12   1   1   1   0
13   1   1   1   0
14   1   1   1   0
15   1   1   1   0
16   1   1   1   0
17   1   1   1   0
18   1   1   1   0
19   1   1   1   0
20   1   1   1   0
21   1   1   1   0
22   1   1   1   0
23   1   1   1   0
24   1   1   1   0
25   1   1   1   0
26   1   1   1   0
27   1   1   1   0
28   1   1   1   0
29   1   1   1   0
30   1   1   1   0
31   1   1   1   0
32   1   1   1   0
33   1   1   1   0
34   1   1   1   0
35   1   1   1   0
36   1   1   1   0
37   1   1   1   0
38   1   1   1   0
39   1   1   1   0
40   1   1   1   0
41   1   1   1   0
42   1   1   1   0
43   1   1   1   0
44   1   1   1   0
45   1   1   1   0
46   1   1   1   0
47   1   1   1   0
48   1   1   1   0
49   1   1   1   0
50   1   1   1   0
;

---------------------------- Solution stats data ----------------------------
_ampl_time = 0.055478
_total_solve_time = 11162.6
_ampl_elapsed_time = 0.052177
_ampl_user_time = 0.043579

Total time elapsed: $11162.56.
_total_solve_time = 11162.6

---------------------------- Solution miscs data ----------------------------
tetrahedron_volume [*] :=
 1 0.117851   11 0.117851   21 0.117851   31 0.117851   41 0.117851
 2 0.117851   12 0.117851   22 0.117851   32 0.117851   42 0.117851
 3 0.117851   13 0.117851   23 0.117851   33 0.117851   43 0.117851
 4 0.117851   14 0.117851   24 0.117851   34 0.117851   44 0.117851
 5 0.117851   15 0.117851   25 0.117851   35 0.117851   45 0.117851
 6 0.117851   16 0.117851   26 0.117851   36 0.117851   46 0.117851
 7 0.117851   17 0.117851   27 0.117851   37 0.117851   47 0.117851
 8 0.117851   18 0.117851   28 0.117851   38 0.117851   48 0.117851
 9 0.117851   19 0.117851   29 0.117851   39 0.117851   49 0.117851
10 0.117851   20 0.117851   30 0.117851   40 0.117851   50 0.117851
;

---------------------------- Solution miscs data ----------------------------
tetrahedron_surface_area [*] :=
 1 0    6 0   11 0   16 0   21 0   26 0   31 0   36 0   41 0   46 0
 2 0    7 0   12 0   17 0   22 0   27 0   32 0   37 0   42 0   47 0
 3 0    8 0   13 0   18 0   23 0   28 0   33 0   38 0   43 0   48 0
 4 0    9 0   14 0   19 0   24 0   29 0   34 0   39 0   44 0   49 0
 5 0   10 0   15 0   20 0   25 0   30 0   35 0   40 0   45 0   50 0
;

