Error at _cmdno 5 executing "solve" command
(file amplin, line 1945, offset 37257):
error processing param distances:
	4000 invalid subscripts discarded:
	distances[51,1,1]
	distances[51,1,2]
	distances[51,1,3]
	and 3997 more.
##### This license is only intended for use by NEOS. #####
##### License is valid until Jan 16, 2026 #####
riables.
Adjusted problem:
6726 variables:
	4276 nonlinear variables
	2450 linear variables
13100 constraints; 79725 nonzeros
	11875 nonlinear constraints
	1225 linear constraints
	1275 equality constraints
	11825 inequality constraints
1 linear objective; 1 nonzero.

Artelys Knitro 14.2.0: threads=4
algorithm=1
ms_enable=1
ms_maxsolves=10
feastol=1e-5
opttol=1e-5
honorbnds=1
bar_initpt=3
bar_murule=4
scale=1
outlev=2
maxtime_real=3600
WARNING:  Option 'threads' is deprecated, please use 'numthreads'.

=======================================
           Academic License
       (NOT FOR COMMERCIAL USE)
         Artelys Knitro 14.2.0
=======================================

No start point provided -- Knitro computing one.

Knitro presolve eliminated 0 variables and 0 constraints.

algorithm                1
bar_initpt               3
bar_murule               4
concurrent_evals         0
datacheck                0
feastol                  1e-05
findiff_numthreads       1
hessian_no_f             1
hessopt                  1
honorbnds                1
maxtime_real             3600
ms_enable                1
ms_maxsolves             10
numthreads               4
opttol                   1e-05

Problem Characteristics                                 (   Presolved)
-----------------------
Objective goal:  Minimize
Objective type:  linear
Number of variables:                               6726 (        6726)
    bounded below only:                             601 (         601)
    bounded above only:                               0 (           0)
    bounded below and above:                          0 (           0)
    fixed:                                            0 (           0)
    free:                                          6125 (        6125)
Number of constraints:                            13100 (       13100)
    linear equalities:                                0 (           0)
    quadratic equalities:                          1225 (        1225)
    gen. nonlinear equalities:                       50 (          50)
    linear one-sided inequalities:                 1225 (        1225)
    quadratic one-sided inequalities:             10600 (       10600)
    gen. nonlinear one-sided inequalities:            0 (           0)
    linear two-sided inequalities:                    0 (           0)
    quadratic two-sided inequalities:                 0 (           0)
    gen. nonlinear two-sided inequalities:            0 (           0)
Number of nonzeros in Jacobian:                   79725 (       79725)
Number of nonzeros in Hessian:                    36976 (       36976)

Knitro parallel multistart will run with 4 threads.

Return codes description
------------------------
  0:  The final solution satisfies the termination conditions for verifying optimality.
  -100 to -199:  A feasible approximate solution was found.
  -200 to -299:  Knitro terminated at an infeasible point.
  -300 to -301:  The problem was determined to be unbounded.
  -400 to -499:  Knitro terminated because it reached a pre-defined limit.
    -400 to -409:  A feasible point was found.
    -410 to -419:  No feasible point was found.
  -500 to -599:  Knitro terminated with an input error or some non-standard error.
A more detailed description of individual return codes and their corresponding
termination messages is provided at
https://www.artelys.com/app/docs/knitro/3_referenceManual/returnCodes.html

 Solve #  ThreadID  Status     Objective      FeasError    OptError    Real Time 
--------  --------  ------  --------------   ----------   ----------  ----------
      7          1    -202         1567.61      52476.5      46.6861      116.895
      2          1    -202         1529.93      68916.2      6.94076      178.323
      4          1    -202         1193.15      31607.9      9.35137      126.843
      3          2    -202         1374.22      18174.7      7.09328      189.645
      0          0       0         1.22588  8.57452e-04  3.75708e-06      270.282
      8          1    -410         5520.33      80.5853      2.33987      2150.75
      6          0    -410         284.197  4.67320e-02  8.40679e-02      1737.06
      1          3    -410         4950.66      2.25951     0.999975      2170.93
      9          0    -410         7826.97  1.70766e-02      1.53280      2257.88
      5          2    -410         27361.7     0.543717     0.999998      2432.81

MULTISTART: Best locally optimal solution is returned.
EXIT: Locally optimal solution found.

Final Statistics
----------------
Final objective value               =   1.22587883136274e+00
Final feasibility error (abs / rel) =   8.57e-04 / 7.99e-07
Final optimality error  (abs / rel) =   3.76e-06 / 3.76e-06
# of iterations                     =      56020 
# of CG iterations                  =          0 
# of function evaluations           =      86015
# of gradient evaluations           =      56252
# of Hessian evaluations            =      56057
Total program time (secs)           =    4267.38428 ( 11066.284 CPU time)

===============================================================================

Knitro 14.2.0: Locally optimal or satisfactory solution.
objective 1.225878831; feasibility error 0.000857
56020 iterations; 86015 function evaluations

suffix feaserror OUT;
suffix opterror OUT;
suffix numfcevals OUT;
suffix numiters OUT;
---------------------------- Container and geometric considerations  ----------------------------
Container type: sphere
Structural conservation type: surface
---------------------------- Solution execution data ----------------------------
solve_result_num = 0
solve_result = solved

---------------------------- Solution data ----------------------------
card(figures) = 50

coords [*,*,1]
:       1         2         3         4       :=
1    20.2498   19.999    19.5472   20.5505
2    21.0283   20.2498   20.6426   20.0504
3    18.8583   18.8952   19.0598   19.9977
4    20.4412   19.8158   19.566    19.868
5    20.8532   20.5308   19.9983   20.4156
6    19.8974   19.9614   20.4217   19.7709
7    19.8174   20.7669   20.7948   20.3756
8    20.365    20.0135   20.189    19.691
9    20.4167   21.1523   20.2652   20.9278
10   20.7627   20.3756   19.5584   19.8174
11   19.8974   19.9968   20.5198   20.5308
12   19.2599   19.1789   19.3202   19.8845
13   19.9562   19.6722   19.2437   19.0903
14   20.6478   20.5838   21.2106   21.061
15   19.2086   19.9994   20.4021   19.7576
16   20.1665   20.6478   20.5838   21.061
17   19.9424   18.7812   19.0171   19.3854
18   19.5584   19.8505   19.639    18.8092
19   20.6987   20.0028   20.7094   20.9609
20   19.9987   19.7414   20.4158   20.4427
21   19.9995   20.2188   19.1568   19.7886
22   19.5043   20.3049   19.9935   19.323
23   20.2946   20.172    19.5478   19.6812
24   21.0601   20.2303   21.0839   21.061
25   20.5892   20.8553   19.9982   20.6734
26   19.149    18.8968   19.9983   19.7212
27   19.6329   19.103    19.7048   20.1236
28   19.8785   20.1593   20.3409   20.9275
29   20.8728   20.9914   20.9868   20.2611
30   20.7936   20.5646   19.7491   20.2566
31   20.1988   20.7335   20.3558   20.0139
32   19.1103   19.9562   20.1698   19.6704
33   19.2747   18.7813   19.0043   19.6482
34   20.2567   21.053    20.5278   21.0839
35   19.993    19.5022   20.2381   20.6195
36   19.8194   19.5074   19.8332   19.1961
37   19.9986   20.7566   20.9055   20.6429
38   19.6031   19.1013   19.9977   19.0277
39   20.2086   19.0962   19.3959   19.9562
40   19.9963   20.7337   20.5055   20.2001
41   19.0179   19.0192   18.9621   19.9926
42   19.2347   19.9999   19.5418   19.6113
43   19.6413   19.5575   18.8387   19.8501
44   20.3005   19.2524   19.9997   19.9123
45   19.9124   19.9998   20.9039   20.3002
46   20.2099   20.0286   19.0986   19.5638
47   20.2352   20.4644   19.9562   19.3959
48   19.6701   19.8986   20.5044   19.9898
49   19.5521   20.4107   20.2845   20.2479
50   19.6904   19.9998   20.4019   20.7743

 [*,*,2]
:       1         2         3         4       :=
1    19.8655   20.0141   19.823    20.5081
2    20.2188   19.8655   20.8588   19.9836
3    19.8073   20.5078   20.5838   20.0001
4    19.9986   19.3357   20.1255   20.5574
5    20.0737   19.4496   19.9968   20.6687
6    20.2876   19.974    19.993    19.0713
7    19.0881   19.0499   19.7104   19.6615
8    20.393    20.0226   20.9702   19.9042
9    19.9262   20.3293   19.5217   19.2534
10   19.047    19.6614   18.8564   19.0881
11   19.1471   19.9948   20.1792   19.4499
12   20.1893   20.6567   19.4748   20.5049
13   20.3495   19.5944   19.3595   20.5658
14   20.8541   19.6493   19.8664   20.4987
15   20.686    19.9987   20.9606   21.1293
16   20.2163   20.8541   19.6493   20.4987
17   20.047    20.0653   19.5984   19.0179
18   20.053    19.6079   18.8706   19.7593
19   20.9933   19.9994   20.8505   20.4588
20   19.9964   20.9224   20.6693   19.9928
21   19.9942   20.3716   20.6519   20.8826
22   21.0835   20.9679   20.001    20.43
23   18.8657   20.0328   19.0773   19.6076
24   19.4444   20.1638   19.7135   20.4987
25   20.7406   20.0607   19.9991   21.0134
26   20.6405   20.5326   19.9997   21.1143
27   20.1187   19.316    18.9558   19.5256
28   19.2      20.064    18.8584   19.2532
29   20.2479   19.4642   20.6745   20.1622
30   19.1204   20.2554   19.6797   20.1917
31   21.0231   20.9737   20.4593   20.0169
32   20.5727   20.3495   20.7      19.5896
33   19.4777   20.068    19.2849   20.2823
34   20.1499   19.4419   18.9568   19.7134
35   20.0033   21.0881   21.1824   20.8082
36   19.3562   20.1009   20.3206   19.3893
37   19.9995   19.7751   19.1848   20.319
38   21.093    20.5716   19.9983   20.7421
39   21.0849   20.5764   21.0416   20.3495
40   20.0073   20.9736   20.9772   21.0234
41   20.397    20.7354   19.6566   20.0022
42   19.1401   19.9969   20.088    19.3671
43   18.8697   18.9585   19.6775   19.6255
44   18.8139   19.1466   19.9976   18.9072
45   18.908    19.9985   19.1803   18.8138
46   21.0847   20.0899   20.5806   20.0505
47   21.061    21.1173   20.3495   21.0416
48   19.0993   19.1473   19.7256   19.9965
49   19.8231   19.8835   20.0078   19.0868
50   20.9288   19.9974   20.9602   20.375

 [*,*,3]
:       1         2         3         4       :=
1    18.8074   19.9968   18.8747   19.0296
2    19.3695   18.8074   19.4065   19.7533
3    19.6018   19.8439   20.5273   20.0075
4    21.1437   21.0137   20.2964   21.0838
5    20.8772   20.9582   20.0036   20.9386
6    20.585    19.9545   21.0893   20.652
7    20.7986   20.1093   20.8873   20.0526
8    18.8977   20.0109   19.3894   19.0495
9    18.8495   19.7419   19.4951   19.7092
10   20.1141   20.0526   19.9981   20.7986
11   20.8745   20.0002   21.0923   20.9584
12   20.106    20.6304   20.8746   21.1111
13   19.3891   19.8707   19.2785   19.404
14   19.4054   19.6161   19.8611   20.3584
15   20.6371   20.0061   20.6467   20.41
16   19.6826   19.4054   19.6161   20.3584
17   20.0526   19.886    19.3873   19.6911
18   19.9975   20.4627   19.6886   19.8361
19   20.167    20.0001   19.4745   20.6073
20   20.0047   20.7638   20.9391   21.1431
21   20.0078   21.1475   20.6057   20.824
22   20.2651   20.0463   20.0034   19.5498
23   19.6404   19.7759   19.3315   18.8832
24   19.7352   19.7418   20.4958   20.3584
25   20.7791   20.8761   20.004    20.1282
26   20.6069   19.9552   20.007    20.4283
27   20.1928   20.4798   20.5703   21.1236
28   19.0791   19.7647   19.7113   19.709
29   20.8244   20.4592   20.2721   19.7668
30   20.0296   20.4287   19.7191   19.7768
31   19.3547   19.8711   18.9205   20.0102
32   19.405    19.3891   20.0059   19.8737
33   20.839    19.8861   19.9888   20.29
34   19.7651   19.7126   19.7095   20.4958
35   20.0046   20.2662   20.2193   20.6825
36   21.0275   20.1066   21.1714   20.6953
37   20.0025   20.938    20.1202   20.5006
38   20.388    19.3999   20.0062   20.0822
39   19.4688   19.4052   20.23     19.3891
40   20.0082   19.8715   20.5407   19.3556
41   19.3831   20.004    19.4453   20.0067
42   19.5785   19.9986   18.8664   19.0248
43   19.6894   20.4713   19.7885   20.4773
44   20.0753   19.5361   20.0022   19.4515
45   19.4519   20.0026   20.1173   20.0748
46   19.4688   18.7778   19.4057   19.3541
47   19.4328   20.1967   19.3891   20.23
48   19.7574   20.8746   20.3991   19.9968
49   18.8727   18.8509   19.8018   19.2207
50   20.7378   20.0051   20.6465   20.8733
;

radius = 1.22588
softness = 0.5

---------------------------- Solution coords data ----------------------------
distances [*,1,*]
:    1   2   3   4    :=
1    0   1   0   1
2    0   1   0   1
3    0   1   0   1
4    0   1   0   1
5    0   1   0   1
6    0   1   0   1
7    0   1   0   1
8    0   1   0   1
9    0   1   0   1
10   0   1   0   1
11   0   1   0   1
12   0   1   0   1
13   0   1   0   1
14   0   1   0   1
15   0   1   0   1
16   0   1   0   1
17   0   1   0   1
18   0   1   0   1
19   0   1   0   1
20   0   1   0   1
21   0   1   0   1
22   0   1   0   1
23   0   1   0   1
24   0   1   0   1
25   0   1   0   1
26   0   1   0   1
27   0   1   0   1
28   0   1   0   1
29   0   1   0   1
30   0   1   0   1
31   0   1   0   1
32   0   1   0   1
33   0   1   0   1
34   0   1   0   1
35   0   1   0   1
36   0   1   0   1
37   0   1   0   1
38   0   1   0   1
39   0   1   0   1
40   0   1   0   1
41   0   1   0   1
42   0   1   0   1
43   0   1   0   1
44   0   1   0   1
45   0   1   0   1
46   0   1   0   1
47   0   1   0   1
48   0   1   0   1
49   0   1   0   1
50   0   1   0   1

 [*,2,*]
:    1   2   3   4    :=
1    0   0   1   1
2    0   0   1   1
3    0   0   1   1
4    0   0   1   1
5    0   0   1   1
6    0   0   1   1
7    0   0   1   1
8    0   0   1   1
9    0   0   1   1
10   0   0   1   1
11   0   0   1   1
12   0   0   1   1
13   0   0   1   1
14   0   0   1   1
15   0   0   1   1
16   0   0   1   1
17   0   0   1   1
18   0   0   1   1
19   0   0   1   1
20   0   0   1   1
21   0   0   1   1
22   0   0   1   1
23   0   0   1   1
24   0   0   1   1
25   0   0   1   1
26   0   0   1   1
27   0   0   1   1
28   0   0   1   1
29   0   0   1   1
30   0   0   1   1
31   0   0   1   1
32   0   0   1   1
33   0   0   1   1
34   0   0   1   1
35   0   0   1   1
36   0   0   1   1
37   0   0   1   1
38   0   0   1   1
39   0   0   1   1
40   0   0   1   1
41   0   0   1   1
42   0   0   1   1
43   0   0   1   1
44   0   0   1   1
45   0   0   1   1
46   0   0   1   1
47   0   0   1   1
48   0   0   1   1
49   0   0   1   1
50   0   0   1   1

 [*,3,*]
:    1   2   3   4    :=
1    1   0   0   1
2    1   0   0   1
3    1   0   0   1
4    1   0   0   1
5    1   0   0   1
6    1   0   0   1
7    1   0   0   1
8    1   0   0   1
9    1   0   0   1
10   1   0   0   1
11   1   0   0   1
12   1   0   0   1
13   1   0   0   1
14   1   0   0   1
15   1   0   0   1
16   1   0   0   1
17   1   0   0   1
18   1   0   0   1
19   1   0   0   1
20   1   0   0   1
21   1   0   0   1
22   1   0   0   1
23   1   0   0   1
24   1   0   0   1
25   1   0   0   1
26   1   0   0   1
27   1   0   0   1
28   1   0   0   1
29   1   0   0   1
30   1   0   0   1
31   1   0   0   1
32   1   0   0   1
33   1   0   0   1
34   1   0   0   1
35   1   0   0   1
36   1   0   0   1
37   1   0   0   1
38   1   0   0   1
39   1   0   0   1
40   1   0   0   1
41   1   0   0   1
42   1   0   0   1
43   1   0   0   1
44   1   0   0   1
45   1   0   0   1
46   1   0   0   1
47   1   0   0   1
48   1   0   0   1
49   1   0   0   1
50   1   0   0   1

 [*,4,*]
:    1   2   3   4    :=
1    1   1   1   0
2    1   1   1   0
3    1   1   1   0
4    1   1   1   0
5    1   1   1   0
6    1   1   1   0
7    1   1   1   0
8    1   1   1   0
9    1   1   1   0
10   1   1   1   0
11   1   1   1   0
12   1   1   1   0
13   1   1   1   0
14   1   1   1   0
15   1   1   1   0
16   1   1   1   0
17   1   1   1   0
18   1   1   1   0
19   1   1   1   0
20   1   1   1   0
21   1   1   1   0
22   1   1   1   0
23   1   1   1   0
24   1   1   1   0
25   1   1   1   0
26   1   1   1   0
27   1   1   1   0
28   1   1   1   0
29   1   1   1   0
30   1   1   1   0
31   1   1   1   0
32   1   1   1   0
33   1   1   1   0
34   1   1   1   0
35   1   1   1   0
36   1   1   1   0
37   1   1   1   0
38   1   1   1   0
39   1   1   1   0
40   1   1   1   0
41   1   1   1   0
42   1   1   1   0
43   1   1   1   0
44   1   1   1   0
45   1   1   1   0
46   1   1   1   0
47   1   1   1   0
48   1   1   1   0
49   1   1   1   0
50   1   1   1   0
;

---------------------------- Solution stats data ----------------------------
_ampl_time = 0.100469
_total_solve_time = 11066.6
_ampl_elapsed_time = 0.096412
_ampl_user_time = 0.082563

Total time elapsed: $11066.55.
_total_solve_time = 11066.6

---------------------------- Solution miscs data ----------------------------
tetrahedron_volume [*] :=
 1 0    6 0   11 0   16 0   21 0   26 0   31 0   36 0   41 0   46 0
 2 0    7 0   12 0   17 0   22 0   27 0   32 0   37 0   42 0   47 0
 3 0    8 0   13 0   18 0   23 0   28 0   33 0   38 0   43 0   48 0
 4 0    9 0   14 0   19 0   24 0   29 0   34 0   39 0   44 0   49 0
 5 0   10 0   15 0   20 0   25 0   30 0   35 0   40 0   45 0   50 0
;

---------------------------- Solution miscs data ----------------------------
tetrahedron_surface_area [*] :=
 1 1.73205   10 1.73205   19 1.73205   28 1.73205   37 1.73205   46 1.73205
 2 1.73205   11 1.73205   20 1.73205   29 1.73205   38 1.73205   47 1.73205
 3 1.73205   12 1.73205   21 1.73205   30 1.73205   39 1.73205   48 1.73205
 4 1.73205   13 1.73205   22 1.73205   31 1.73205   40 1.73205   49 1.73205
 5 1.73205   14 1.73205   23 1.73205   32 1.73205   41 1.73205   50 1.73205
 6 1.73205   15 1.73205   24 1.73205   33 1.73205   42 1.73205
 7 1.73205   16 1.73205   25 1.73205   34 1.73205   43 1.73205
 8 1.73205   17 1.73205   26 1.73205   35 1.73205   44 1.73205
 9 1.73205   18 1.73205   27 1.73205   36 1.73205   45 1.73205
;

