Error at _cmdno 5 executing "solve" command
(file amplin, line 1971, offset 37608):
error processing param distances:
	3200 invalid subscripts discarded:
	distances[101,1,1]
	distances[101,1,2]
	distances[101,1,3]
	and 3197 more.
##### This license is only intended for use by NEOS. #####
##### License is valid until Jan 16, 2026 #####
iables.
Adjusted problem:
25951 variables:
	16050 nonlinear variables
	9901 linear variables
53200 constraints; 315150 nonzeros
	45850 nonlinear constraints
	7350 linear constraints
	5050 equality constraints
	48150 inequality constraints
1 linear objective; 1 nonzero.

Artelys Knitro 14.2.0: algorithm=1
ms_enable=1
ms_maxsolves=50
ms_terminate=1
ms_savetol=0.01
feastol=1e-5
opttol=1e-5
bar_initpt=3
bar_murule=6
bar_penaltyrule=2
linsolver=0
scale=3
honorbnds=1
outlev=3
maxtime_real=28800
numthreads=4
presolve=1
bar_refinement=1
debug=0

=======================================
           Academic License
       (NOT FOR COMMERCIAL USE)
         Artelys Knitro 14.2.0
=======================================

No start point provided -- Knitro computing one.

Knitro presolve eliminated 0 variables and 0 constraints.

algorithm                1
bar_initpt               3
bar_murule               6
bar_penaltyrule          2
bar_refinement           1
concurrent_evals         0
datacheck                0
feastol                  1e-05
findiff_numthreads       1
hessian_no_f             1
hessopt                  1
honorbnds                1
maxtime_real             28800
ms_enable                1
ms_maxsolves             50
ms_savetol               0.01
ms_terminate             1
numthreads               4
opttol                   1e-05
outlev                   3
scale                    3

Problem Characteristics                                 (   Presolved)
-----------------------
Objective goal:  Minimize
Objective type:  linear
Number of variables:                              25951 (       25951)
    bounded below only:                            1201 (        1201)
    bounded above only:                               0 (           0)
    bounded below and above:                          0 (           0)
    fixed:                                            0 (           0)
    free:                                         24750 (       24750)
Number of constraints:                            53200 (       53200)
    linear equalities:                                0 (           0)
    quadratic equalities:                          4950 (        4950)
    gen. nonlinear equalities:                      100 (         100)
    linear one-sided inequalities:                 7350 (        7350)
    quadratic one-sided inequalities:             40800 (       40800)
    gen. nonlinear one-sided inequalities:            0 (           0)
    linear two-sided inequalities:                    0 (           0)
    quadratic two-sided inequalities:                 0 (           0)
    gen. nonlinear two-sided inequalities:            0 (           0)
Number of nonzeros in Jacobian:                  315150 (      315150)
Number of nonzeros in Hessian:                   141450 (      141450)

Knitro parallel multistart will run with 4 threads.

Return codes description
------------------------
  0:  The final solution satisfies the termination conditions for verifying optimality.
  -100 to -199:  A feasible approximate solution was found.
  -200 to -299:  Knitro terminated at an infeasible point.
  -300 to -301:  The problem was determined to be unbounded.
  -400 to -499:  Knitro terminated because it reached a pre-defined limit.
    -400 to -409:  A feasible point was found.
    -410 to -419:  No feasible point was found.
  -500 to -599:  Knitro terminated with an input error or some non-standard error.
A more detailed description of individual return codes and their corresponding
termination messages is provided at
https://www.artelys.com/app/docs/knitro/3_referenceManual/returnCodes.html

 Solve #  ThreadID  Status     Objective      FeasError    OptError    Real Time 
--------  --------  ------  --------------   ----------   ----------  ----------
      0          0       0         2.57691  1.73252e-04  5.84366e-06      888.654
     15          3    -410         7817.64      77.1009      152.767      5116.54
     14          2    -410         5085.84  6.99436e-02     0.999688      5585.52
     13          1    -410         9516.61      153094.      5.85404      5428.35
      3          3    -410         4269.23      690204.      1.17816      6455.68
      1          2    -410         8116.42      215715.      8.11475      5784.28
      4          0    -410         6015.91      62674.7      3.13476      5828.51
      6          2    -410         9629.60      29927.7     0.999994      5766.54
      7          3    -410         8131.54      12.7577      1.00000      5776.64
      8          0    -410         9057.49      243504.      1.00000      5800.63

MULTISTART: Best locally optimal solution is returned.
EXIT: Locally optimal solution found.

Final Statistics
----------------
Final objective value               =   2.57690545972289e+00
Final feasibility error (abs / rel) =   1.73e-04 / 9.54e-06
Final optimality error  (abs / rel) =   5.84e-06 / 5.84e-06
# of iterations                     =      91714 
# of CG iterations                  =          0 
# of function evaluations           =      93456
# of gradient evaluations           =      91892
# of Hessian evaluations            =      91747
Total program time (secs)           =   23682.44336 ( 89090.266 CPU time)

===============================================================================

Knitro 14.2.0: Locally optimal or satisfactory solution.
objective 2.57690546; feasibility error 0.000173
91714 iterations; 93456 function evaluations

suffix feaserror OUT;
suffix opterror OUT;
suffix numfcevals OUT;
suffix numiters OUT;
---------------------------- Container and geometric considerations  ----------------------------
Container type: cube
Structural conservation type: volume
---------------------------- Solution execution data ----------------------------
solve_result_num = 0
solve_result = solved

---------------------------- Solution data ----------------------------
card(figures) = 100

coords [*,*,1]
:        1         2         3         4       :=
1     21.2884   21.2883   20.7121   20.4284
2     20.3003   20.6402   21.2884   20.7444
3     19.5003   19.767    20.2551   19.4358
4     19.4185   18.7116   19.4327   18.9604
5     20.9332   20.78     20.214    20.1258
6     19.2269   18.7116   19.5574   19.6208
7     21.2884   21.2884   21.2884   20.5648
8     21.0909   20.2972   20.033    20.6326
9     21.1433   20.3357   20.6585   21.2883
10    18.7116   19.4186   18.7116   18.7116
11    18.7116   18.7116   18.7116   19.5975
12    18.7116   19.4327   18.7116   19
13    19.6863   19.8254   20.3299   20.3006
14    21.2881   20.6745   21.2879   20.5885
15    20.1408   20.0331   20.9527   20.3303
16    21.2884   20.2153   20.78     20.9364
17    19.6467   19.0314   19.5758   18.7116
18    19.1086   19.2682   19.7934   18.7116
19    20.3002   19.848    20.7386   20.4831
20    20.6853   21.2884   21.1422   20.3416
21    20.223    20.8977   19.9924   20.6934
22    18.7116   19.4895   19.6457   19.2756
23    21.2884   21.2884   20.4962   21.2884
24    20.3663   20.5075   20.965    21.2884
25    19.9537   20.0617   19.3591   20.4743
26    21.2884   21.2884   21.2884   20.6294
27    20.0078   19.41     19.4607   18.8898
28    19.5109   19.9244   19.4643   20.2844
29    19.9422   20.7809   20.1122   20.453
30    19.1708   20.1021   20.1384   19.8646
31    19.7351   19.1864   18.7928   19.4083
32    19.749    19.5372   20.1983   19.1562
33    19.413    19.0344   19.6665   19.9364
34    21.2884   21.2884   21.2884   20.4253
35    19.8438   19.3913   20.4019   20.2339
36    18.7116   19.8277   19.0937   19.2078
37    18.7116   18.7116   18.7117   19.3813
38    20.1594   20.6801   20.4565   21.2718
39    21.2884   20.7375   20.8261   20.2225
40    18.7116   18.7116   18.7116   19.3648
41    18.8965   19.6772   18.7116   19.279
42    19.621    18.7116   18.8378   18.7116
43    20.8522   21.2229   20.2863   21.0312
44    20.0301   20.3118   19.43     20.3843
45    20.3947   19.7806   19.6762   19.6678
46    20.7444   20.3299   19.6366   20.3006
47    20.6961   21.0337   20.0888   20.3048
48    19.1585   19.2868   19.6593   18.7116
49    21.2884   20.6414   21.2884   20.7475
50    19.4969   19.3763   19.6285   18.7116
51    20.6097   21.2496   20.141    20.6723
52    19.4489   20.3681   19.422    20.1913
53    19.5817   20.0884   19.3517   20.2333
54    18.7116   18.7116   19.5143   18.7116
55    18.7557   19.548    19.3246   18.7116
56    18.9512   18.7116   19.6449   18.7116
57    20.2318   20.5264   20.3698   19.6958
58    18.9284   18.8605   19.7477   19.6234
59    18.7397   19.3235   19.5008   18.7116
60    20.0327   20.5399   19.8078   19.659
61    19.3993   20.2529   19.5591   20.1527
62    20.6102   20.1525   20.2789   19.5588
63    20.1899   20.3174   21.0705   20.4202
64    18.7117   19.3727   19.5071   18.7116
65    19.8562   20.1307   20.4833   20.9007
66    21.2884   21.228    20.6083   21.2884
67    20.3128   19.9313   20.6216   19.559
68    20.9867   20.1965   20.1367   21.0998
69    18.7116   19.547    18.7116   18.7116
70    19.4629   18.7116   18.7116   18.9121
71    20.2661   20.324    21.1017   20.8169
72    20.1439   19.3795   19.1526   19.5851
73    20.009    20.0496   19.4066   19.4485
74    20.4118   19.5316   20.1871   20.3707
75    19.5853   19.1613   20.144    20.1248
76    20.3644   20.5861   19.7086   19.929
77    21.2884   21.2884   21.2884   20.4944
78    18.8372   19.8438   19.1602   19.5372
79    19.7792   20.3693   19.6681   20.6529
80    19.0011   19.6677   19.7721   19.6807
81    19.032    20.0909   19.4442   19.3804
82    19.8352   19.3455   20.3718   19.6776
83    18.7116   19.5368   18.7116   18.7116
84    19.7551   19.1821   20.3001   19.7837
85    20.4597   20.4661   20.2138   21.0952
86    21.0964   20.1696   20.9822   21.1141
87    20.152    20.0332   19.9633   19.2108
88    20.4172   21.1096   20.296    21.1769
89    19.6184   20.1984   19.1249   19.3602
90    21.2426   20.9653   20.3664   21.2884
91    21.2884   21.2884   21.2884   20.4845
92    19.269    19.108    19.7439   19.7926
93    20.3704   20.1908   20.0096   19.4225
94    19.66     20.0235   19.3058   19.1586
95    21.2884   21.2884   21.2884   20.441
96    20.0096   20.2892   21.1131   20.4084
97    19.4886   20.0331   20.5393   20.1735
98    21.1888   20.791    20.0724   20.4357
99    20.0331   19.5045   20.2756   19.355
100   21.1218   21.2884   20.3443   20.8159

 [*,*,2]
:        1         2         3         4       :=
1     21.2833   21.2882   20.4757   21.2884
2     21.2884   20.4943   21.2884   21.2884
3     19.7016   19.6245   20.1713   20.5567
4     19.1838   18.7116   18.7116   19.6661
5     20.3236   21.2884   20.4983   20.8854
6     20.6073   19.9571   20.325    19.6563
7     19.8356   20.8055   20.3435   20.1746
8     21.2884   20.5133   21.2884   21.2884
9     21.2882   20.5507   21.2639   20.4874
10    20.1342   19.6359   19.4718   19.0162
11    19.9662   20.0601   20.7292   20.1177
12    18.7116   18.7116   18.7116   19.5886
13    21.2339   20.422    20.528    21.2878
14    19.4807   20.02     20.5231   19.9619
15    20.4291   21.2884   21.1977   21.0562
16    20.8126   20.4987   21.2884   20.3049
17    19.6538   19.5252   20.3073   19.9542
18    21.2156   20.4249   20.3318   20.3942
19    21.2884   20.4631   20.2953   20.7571
20    19.5871   18.7116   19.4275   18.7117
21    19.9432   20.3348   20.3715   19.5006
22    21.2884   21.208    21.2884   20.5319
23    19.8362   20.344    20.1763   19.4803
24    20.2017   19.3047   20.3093   19.6702
25    18.7899   19.4819   19.6745   19.5946
26    20.1885   20.6624   21.2884   20.4767
27    18.7116   19.6536   18.7116   18.7116
28    19.407    20.4328   20.3031   19.8964
29    20.3292   20.3345   20.0169   21.0044
30    20.124    20.5279   20.3506   19.6092
31    19.7209   19.876    20.3224   20.608
32    19.8106   20.3324   19.5453   19.4056
33    20.5172   20.409    21.22     20.3066
34    18.7116   19.5494   18.7116   18.8889
35    18.7116   19.1482   19.5471   18.7116
36    20.3941   20.3298   19.7174   20.4405
37    21.2883   20.1703   20.7686   20.7173
38    19.5367   20.0728   20.1175   19.5081
39    20.6268   21.2136   20.2871   20.5451
40    20.2911   20.3521   21.2884   20.5247
41    20.5645   21.2447   21.2884   20.4104
42    20.1201   20.0565   19.3298   19.9627
43    20.1637   19.5978   19.6232   19.2523
44    19.4858   18.7116   18.7116   18.7116
45    19.4909   18.7218   19.5404   19.8107
46    21.2884   20.5287   21.2884   21.2884
47    19.9374   18.9823   18.9987   19.6819
48    21.2884   20.4158   21.2622   21.2884
49    20.6134   20.4933   21.2883   21.2884
50    19.1307   19.5764   20.2409   19.8388
51    20.1268   20.4455   20.5242   21.2422
52    19.2552   18.7129   18.7116   19.5129
53    19.6201   19.5452   18.782    18.7116
54    20.309    19.7469   19.736    19.4305
55    20.3059   21.0741   20.5717   21.2884
56    20.4136   21.2884   21.2884   21.2884
57    20.4759   20.1861   19.5418   20.1822
58    19.198    20.252    19.6512   19.65
59    19.1383   19.1233   19.9457   20.0093
60    21.2884   21.2884   20.4777   21.2884
61    20.1911   20.3774   20.3573   19.5253
62    19.5905   18.8243   19.5418   19.6522
63    19.5475   18.7116   19.5246   19.5006
64    18.7699   19.5776   19.1212   19.8387
65    20.4614   19.9679   20.7589   20.3262
66    20.0545   20.5551   20.5907   21.1726
67    19.7887   20.4473   19.5898   19.6523
68    19.4209   18.7116   19.2569   18.7116
69    19.5444   19.1695   18.7116   18.7334
70    19.7164   19.7606   19.4305   18.7771
71    19.0144   18.7116   18.7119   19.669
72    20.3832   20.7056   20.1373   21.1608
73    18.7116   19.4924   19.6502   18.7125
74    19.5408   19.2064   19.5313   18.7116
75    21.1606   20.1395   20.383    20.5411
76    19.6423   20.1868   20.182    19.3693
77    19.6718   19.6661   20.6369   19.9509
78    18.7116   18.7116   18.7116   19.5099
79    19.5139   20.1746   19.8094   19.4819
80    19.2381   19.6068   18.7878   19.7053
81    19.4225   19.5172   18.7116   19.2399
82    20.4103   20.2735   20.5298   21.2319
83    21.2884   21.1226   20.4035   21.2884
84    21.2399   21.2884   21.2884   20.3462
85    19.5957   20.2462   20.4982   20.5156
86    18.7335   19.1795   19.4524   19.7292
87    20.3394   21.287    20.5317   20.6121
88    19.2755   19.7267   20.0286   19.5023
89    20.2356   19.5454   19.4013   19.2521
90    20.5827   20.3092   20.2019   19.6703
91    19.4824   19.8462   18.7282   19.3887
92    20.4249   21.2165   21.2371   20.3326
93    18.7116   19.5146   18.7116   18.7116
94    21.2884   21.2551   20.4565   21.2884
95    18.7116   19.6711   18.7116   18.9509
96    18.7117   18.7116   18.8359   19.5473
97    21.2884   21.2884   21.2884   20.4276
98    20.5672   20.1147   20.534    19.8466
99    21.2884   21.244    20.5045   20.7
100   18.7116   18.8836   18.7116   19.6521

 [*,*,3]
:        1         2         3         4       :=
1     21.0211   20.0087   20.5061   20.6005
2     18.7116   18.8906   18.7116   19.6126
3     19.0381   20.1211   19.6112   19.6005
4     19.7854   20.1703   20.6499   20.684
5     20.5712   20.7734   21.2884   20.336
6     21.2884   21.0402   20.4084   21.2884
7     21.2508   21.2728   20.2548   20.6997
8     19.6597   19.798    19.5163   20.4599
9     19.559    19.791    20.4449   19.9446
10    21.2884   21.2443   20.394    21.2884
11    19.8538   20.9679   20.4057   20.2884
12    21.2884   20.6499   20.1704   20.6821
13    19.4674   18.7116   19.5327   18.713
14    20.1893   20.4767   19.7942   19.4621
15    21.2883   21.2884   21.2884   20.3824
16    21.2884   21.2884   20.7735   20.5671
17    21.2874   20.363    20.4288   21.0439
18    18.7116   19.4858   18.7116   18.7116
19    18.7116   18.7116   18.7116   19.5835
20    19.9648   20.3107   20.8114   20.5004
21    19.6241   18.8233   18.7116   18.7116
22    19.5778   20.2895   19.2232   19.4251
23    21.2491   20.2535   20.5604   20.1892
24    19.541    18.8888   18.7116   19.1988
25    21.2884   20.5354   21.2884   21.2884
26    19.9211   20.9338   20.0075   20.4034
27    21.2884   21.2169   20.6171   21.2884
28    18.7912   18.7116   19.4368   19.4332
29    20.8168   20.6011   19.7633   20.1604
30    20.0393   20.5073   19.5271   20.1021
31    20.0778   19.1235   20.0699   19.5317
32    21.2884   20.3333   20.5777   20.7143
33    21.1197   20.0734   20.3166   20.4627
34    20.3107   20.8624   21.2884   20.6003
35    19.3262   19.9645   19.7011   20.2316
36    18.7116   18.7119   19.0938   19.6356
37    21.2884   21.2883   20.3439   21.2377
38    20.4082   20.9331   19.8386   20.301
39    19.8804   19.5401   18.9208   19.7787
40    20.0833   18.967    19.5779   19.5088
41    20.0795   20.2945   20.5465   20.923
42    20.2808   20.9263   20.3898   19.8122
43    21.2884   20.3984   20.49     21.2367
44    19.4151   19.6907   19.0035   18.7116
45    19.638    19.3723   20.1265   19.1466
46    19.6127   19.5321   19.4625   18.7124
47    21.2884   21.0381   21.2884   20.5593
48    21.2884   20.9175   20.2892   20.5466
49    19.6507   18.8875   18.7594   19.6079
50    18.7116   19.4443   18.7116   18.7116
51    20.3911   19.902    19.7808   20.4304
52    19.8963   20.2293   20.5699   20.6904
53    18.7116   19.4423   19.0891   18.7116
54    19.752    18.7856   19.4645   19.8087
55    20.1099   20.2884   19.513    19.5782
56    19.1642   18.7116   19.2233   19.5777
57    21.231    20.1923   21.0774   20.4566
58    19.636    19.9385   20.2471   19.3856
59    20.4758   19.8362   20.3389   19.7755
60    21.2884   20.3143   20.5522   20.2868
61    21.2884   21.2232   20.3467   20.7996
62    18.7116   18.7116   19.5596   18.7116
63    20.6822   20.4657   20.5938   19.6847
64    19.0395   19.4404   18.7116   18.7116
65    18.7116   19.5688   19.5875   18.8418
66    18.7116   19.6415   18.7116   18.7116
67    19.5263   18.7116   18.7116   18.7119
68    20.0588   20.1445   19.405    19.5625
69    19.9169   19.7458   20.1703   19.1473
70    19.4865   18.7405   19.8086   19.2329
71    18.7116   19.5356   18.7324   19.2353
72    19.6846   19.4359   20.1393   20.2617
73    21.2884   20.5412   21.2102   20.6027
74    19.705    19.9262   20.7009   20.2301
75    20.2616   20.1355   19.6845   20.5358
76    20.9485   20.1726   20.4528   19.9556
77    20.117    19.1965   19.7509   19.3924
78    18.8395   19.326    19.8755   19.1896
79    20.1279   19.9428   19.1523   19.431
80    19.6901   20.1871   19.4332   19.0735
81    20.8776   20.5316   20.604    19.831
82    18.7116   19.4126   19.5934   19.4531
83    20.5464   20.2558   20.0286   19.5782
84    19.3828   18.7116   18.7116   18.7116
85    21.2884   20.4042   21.2884   21.2883
86    19.5778   19.3634   20.0812   19.234
87    21.2884   21.2868   20.4654   21.2884
88    19.5293   19.2345   19.9394   20.3176
89    20.3632   20.5776   20.7184   19.8984
90    19.7218   18.7117   19.541    19.1989
91    19.4982   18.7116   18.7116   18.727
92    19.4845   18.7116   19.3669   18.7118
93    20.2302   20.6915   21.2884   20.5697
94    20.2894   21.2584   20.9467   21.2884
95    19.441    20.0148   20.3107   20.1299
96    21.2884   20.4684   21.1589   20.6617
97    20.2814   19.5165   20.3141   20.1967
98    19.7147   20.4097   19.7657   19.3841
99    19.5165   20.3043   19.975    19.4056
100   18.7116   19.5438   19.5147   19.2327
;

side = 2.57691
softness = 0.25

---------------------------- Solution coords data ----------------------------
distances [*,1,*]
:     1   2   3   4    :=
1     0   1   0   1
2     0   1   0   1
3     0   1   0   1
4     0   1   0   1
5     0   1   0   1
6     0   1   0   1
7     0   1   0   1
8     0   1   0   1
9     0   1   0   1
10    0   1   0   1
11    0   1   0   1
12    0   1   0   1
13    0   1   0   1
14    0   1   0   1
15    0   1   0   1
16    0   1   0   1
17    0   1   0   1
18    0   1   0   1
19    0   1   0   1
20    0   1   0   1
21    0   1   0   1
22    0   1   0   1
23    0   1   0   1
24    0   1   0   1
25    0   1   0   1
26    0   1   0   1
27    0   1   0   1
28    0   1   0   1
29    0   1   0   1
30    0   1   0   1
31    0   1   0   1
32    0   1   0   1
33    0   1   0   1
34    0   1   0   1
35    0   1   0   1
36    0   1   0   1
37    0   1   0   1
38    0   1   0   1
39    0   1   0   1
40    0   1   0   1
41    0   1   0   1
42    0   1   0   1
43    0   1   0   1
44    0   1   0   1
45    0   1   0   1
46    0   1   0   1
47    0   1   0   1
48    0   1   0   1
49    0   1   0   1
50    0   1   0   1
51    0   1   0   1
52    0   1   0   1
53    0   1   0   1
54    0   1   0   1
55    0   1   0   1
56    0   1   0   1
57    0   1   0   1
58    0   1   0   1
59    0   1   0   1
60    0   1   0   1
61    0   1   0   1
62    0   1   0   1
63    0   1   0   1
64    0   1   0   1
65    0   1   0   1
66    0   1   0   1
67    0   1   0   1
68    0   1   0   1
69    0   1   0   1
70    0   1   0   1
71    0   1   0   1
72    0   1   0   1
73    0   1   0   1
74    0   1   0   1
75    0   1   0   1
76    0   1   0   1
77    0   1   0   1
78    0   1   0   1
79    0   1   0   1
80    0   1   0   1
81    0   1   0   1
82    0   1   0   1
83    0   1   0   1
84    0   1   0   1
85    0   1   0   1
86    0   1   0   1
87    0   1   0   1
88    0   1   0   1
89    0   1   0   1
90    0   1   0   1
91    0   1   0   1
92    0   1   0   1
93    0   1   0   1
94    0   1   0   1
95    0   1   0   1
96    0   1   0   1
97    0   1   0   1
98    0   1   0   1
99    0   1   0   1
100   0   1   0   1

 [*,2,*]
:     1   2   3   4    :=
1     0   0   1   1
2     0   0   1   1
3     0   0   1   1
4     0   0   1   1
5     0   0   1   1
6     0   0   1   1
7     0   0   1   1
8     0   0   1   1
9     0   0   1   1
10    0   0   1   1
11    0   0   1   1
12    0   0   1   1
13    0   0   1   1
14    0   0   1   1
15    0   0   1   1
16    0   0   1   1
17    0   0   1   1
18    0   0   1   1
19    0   0   1   1
20    0   0   1   1
21    0   0   1   1
22    0   0   1   1
23    0   0   1   1
24    0   0   1   1
25    0   0   1   1
26    0   0   1   1
27    0   0   1   1
28    0   0   1   1
29    0   0   1   1
30    0   0   1   1
31    0   0   1   1
32    0   0   1   1
33    0   0   1   1
34    0   0   1   1
35    0   0   1   1
36    0   0   1   1
37    0   0   1   1
38    0   0   1   1
39    0   0   1   1
40    0   0   1   1
41    0   0   1   1
42    0   0   1   1
43    0   0   1   1
44    0   0   1   1
45    0   0   1   1
46    0   0   1   1
47    0   0   1   1
48    0   0   1   1
49    0   0   1   1
50    0   0   1   1
51    0   0   1   1
52    0   0   1   1
53    0   0   1   1
54    0   0   1   1
55    0   0   1   1
56    0   0   1   1
57    0   0   1   1
58    0   0   1   1
59    0   0   1   1
60    0   0   1   1
61    0   0   1   1
62    0   0   1   1
63    0   0   1   1
64    0   0   1   1
65    0   0   1   1
66    0   0   1   1
67    0   0   1   1
68    0   0   1   1
69    0   0   1   1
70    0   0   1   1
71    0   0   1   1
72    0   0   1   1
73    0   0   1   1
74    0   0   1   1
75    0   0   1   1
76    0   0   1   1
77    0   0   1   1
78    0   0   1   1
79    0   0   1   1
80    0   0   1   1
81    0   0   1   1
82    0   0   1   1
83    0   0   1   1
84    0   0   1   1
85    0   0   1   1
86    0   0   1   1
87    0   0   1   1
88    0   0   1   1
89    0   0   1   1
90    0   0   1   1
91    0   0   1   1
92    0   0   1   1
93    0   0   1   1
94    0   0   1   1
95    0   0   1   1
96    0   0   1   1
97    0   0   1   1
98    0   0   1   1
99    0   0   1   1
100   0   0   1   1

 [*,3,*]
:     1   2   3   4    :=
1     1   0   0   1
2     1   0   0   1
3     1   0   0   1
4     1   0   0   1
5     1   0   0   1
6     1   0   0   1
7     1   0   0   1
8     1   0   0   1
9     1   0   0   1
10    1   0   0   1
11    1   0   0   1
12    1   0   0   1
13    1   0   0   1
14    1   0   0   1
15    1   0   0   1
16    1   0   0   1
17    1   0   0   1
18    1   0   0   1
19    1   0   0   1
20    1   0   0   1
21    1   0   0   1
22    1   0   0   1
23    1   0   0   1
24    1   0   0   1
25    1   0   0   1
26    1   0   0   1
27    1   0   0   1
28    1   0   0   1
29    1   0   0   1
30    1   0   0   1
31    1   0   0   1
32    1   0   0   1
33    1   0   0   1
34    1   0   0   1
35    1   0   0   1
36    1   0   0   1
37    1   0   0   1
38    1   0   0   1
39    1   0   0   1
40    1   0   0   1
41    1   0   0   1
42    1   0   0   1
43    1   0   0   1
44    1   0   0   1
45    1   0   0   1
46    1   0   0   1
47    1   0   0   1
48    1   0   0   1
49    1   0   0   1
50    1   0   0   1
51    1   0   0   1
52    1   0   0   1
53    1   0   0   1
54    1   0   0   1
55    1   0   0   1
56    1   0   0   1
57    1   0   0   1
58    1   0   0   1
59    1   0   0   1
60    1   0   0   1
61    1   0   0   1
62    1   0   0   1
63    1   0   0   1
64    1   0   0   1
65    1   0   0   1
66    1   0   0   1
67    1   0   0   1
68    1   0   0   1
69    1   0   0   1
70    1   0   0   1
71    1   0   0   1
72    1   0   0   1
73    1   0   0   1
74    1   0   0   1
75    1   0   0   1
76    1   0   0   1
77    1   0   0   1
78    1   0   0   1
79    1   0   0   1
80    1   0   0   1
81    1   0   0   1
82    1   0   0   1
83    1   0   0   1
84    1   0   0   1
85    1   0   0   1
86    1   0   0   1
87    1   0   0   1
88    1   0   0   1
89    1   0   0   1
90    1   0   0   1
91    1   0   0   1
92    1   0   0   1
93    1   0   0   1
94    1   0   0   1
95    1   0   0   1
96    1   0   0   1
97    1   0   0   1
98    1   0   0   1
99    1   0   0   1
100   1   0   0   1

 [*,4,*]
:     1   2   3   4    :=
1     1   1   1   0
2     1   1   1   0
3     1   1   1   0
4     1   1   1   0
5     1   1   1   0
6     1   1   1   0
7     1   1   1   0
8     1   1   1   0
9     1   1   1   0
10    1   1   1   0
11    1   1   1   0
12    1   1   1   0
13    1   1   1   0
14    1   1   1   0
15    1   1   1   0
16    1   1   1   0
17    1   1   1   0
18    1   1   1   0
19    1   1   1   0
20    1   1   1   0
21    1   1   1   0
22    1   1   1   0
23    1   1   1   0
24    1   1   1   0
25    1   1   1   0
26    1   1   1   0
27    1   1   1   0
28    1   1   1   0
29    1   1   1   0
30    1   1   1   0
31    1   1   1   0
32    1   1   1   0
33    1   1   1   0
34    1   1   1   0
35    1   1   1   0
36    1   1   1   0
37    1   1   1   0
38    1   1   1   0
39    1   1   1   0
40    1   1   1   0
41    1   1   1   0
42    1   1   1   0
43    1   1   1   0
44    1   1   1   0
45    1   1   1   0
46    1   1   1   0
47    1   1   1   0
48    1   1   1   0
49    1   1   1   0
50    1   1   1   0
51    1   1   1   0
52    1   1   1   0
53    1   1   1   0
54    1   1   1   0
55    1   1   1   0
56    1   1   1   0
57    1   1   1   0
58    1   1   1   0
59    1   1   1   0
60    1   1   1   0
61    1   1   1   0
62    1   1   1   0
63    1   1   1   0
64    1   1   1   0
65    1   1   1   0
66    1   1   1   0
67    1   1   1   0
68    1   1   1   0
69    1   1   1   0
70    1   1   1   0
71    1   1   1   0
72    1   1   1   0
73    1   1   1   0
74    1   1   1   0
75    1   1   1   0
76    1   1   1   0
77    1   1   1   0
78    1   1   1   0
79    1   1   1   0
80    1   1   1   0
81    1   1   1   0
82    1   1   1   0
83    1   1   1   0
84    1   1   1   0
85    1   1   1   0
86    1   1   1   0
87    1   1   1   0
88    1   1   1   0
89    1   1   1   0
90    1   1   1   0
91    1   1   1   0
92    1   1   1   0
93    1   1   1   0
94    1   1   1   0
95    1   1   1   0
96    1   1   1   0
97    1   1   1   0
98    1   1   1   0
99    1   1   1   0
100   1   1   1   0
;

---------------------------- Solution stats data ----------------------------
_ampl_time = 0.250488
_total_solve_time = 89090.9
_ampl_elapsed_time = 0.246855
_ampl_user_time = 0.210586

Total time elapsed: $89090.88.
_total_solve_time = 89090.9

---------------------------- Solution miscs data ----------------------------
tetrahedron_volume [*] :=
  1 0.117851    21 0.117851    41 0.117851    61 0.117851    81 0.117851
  2 0.117851    22 0.117851    42 0.117851    62 0.117851    82 0.117851
  3 0.117851    23 0.117851    43 0.117851    63 0.117851    83 0.117851
  4 0.117851    24 0.117851    44 0.117851    64 0.117851    84 0.117851
  5 0.117851    25 0.117851    45 0.117851    65 0.117851    85 0.117851
  6 0.117851    26 0.117851    46 0.117851    66 0.117851    86 0.117851
  7 0.117851    27 0.117851    47 0.117851    67 0.117851    87 0.117851
  8 0.117851    28 0.117851    48 0.117851    68 0.117851    88 0.117851
  9 0.117851    29 0.117851    49 0.117851    69 0.117851    89 0.117851
 10 0.117851    30 0.117851    50 0.117851    70 0.117851    90 0.117851
 11 0.117851    31 0.117851    51 0.117851    71 0.117851    91 0.117851
 12 0.117851    32 0.117851    52 0.117851    72 0.117851    92 0.117851
 13 0.117851    33 0.117851    53 0.117851    73 0.117851    93 0.117851
 14 0.117851    34 0.117851    54 0.117851    74 0.117851    94 0.117851
 15 0.117851    35 0.117851    55 0.117851    75 0.117851    95 0.117851
 16 0.117851    36 0.117851    56 0.117851    76 0.117851    96 0.117851
 17 0.117851    37 0.117851    57 0.117851    77 0.117851    97 0.117851
 18 0.117851    38 0.117851    58 0.117851    78 0.117851    98 0.117851
 19 0.117851    39 0.117851    59 0.117851    79 0.117851    99 0.117851
 20 0.117851    40 0.117851    60 0.117851    80 0.117851   100 0.117851
;

---------------------------- Solution miscs data ----------------------------
tetrahedron_surface_area [*] :=
  1 0    11 0    21 0    31 0    41 0    51 0    61 0    71 0    81 0    91 0
  2 0    12 0    22 0    32 0    42 0    52 0    62 0    72 0    82 0    92 0
  3 0    13 0    23 0    33 0    43 0    53 0    63 0    73 0    83 0    93 0
  4 0    14 0    24 0    34 0    44 0    54 0    64 0    74 0    84 0    94 0
  5 0    15 0    25 0    35 0    45 0    55 0    65 0    75 0    85 0    95 0
  6 0    16 0    26 0    36 0    46 0    56 0    66 0    76 0    86 0    96 0
  7 0    17 0    27 0    37 0    47 0    57 0    67 0    77 0    87 0    97 0
  8 0    18 0    28 0    38 0    48 0    58 0    68 0    78 0    88 0    98 0
  9 0    19 0    29 0    39 0    49 0    59 0    69 0    79 0    89 0    99 0
 10 0    20 0    30 0    40 0    50 0    60 0    70 0    80 0    90 0   100 0
;

