Error at _cmdno 5 executing "solve" command
(file amplin, line 1945, offset 37257):
error processing param distances:
	3680 invalid subscripts discarded:
	distances[71,1,1]
	distances[71,1,2]
	distances[71,1,3]
	and 3677 more.
##### This license is only intended for use by NEOS. #####
##### License is valid until Jan 16, 2026 #####
ariables.
Adjusted problem:
12916 variables:
	8086 nonlinear variables
	4830 linear variables
25340 constraints; 154315 nonzeros
	22925 nonlinear constraints
	2415 linear constraints
	2485 equality constraints
	22855 inequality constraints
1 linear objective; 1 nonzero.

Artelys Knitro 14.2.0: threads=4
algorithm=1
ms_enable=1
ms_maxsolves=10
feastol=1e-5
opttol=1e-5
honorbnds=1
bar_initpt=3
bar_murule=4
scale=1
outlev=2
maxtime_real=3600
WARNING:  Option 'threads' is deprecated, please use 'numthreads'.

=======================================
           Academic License
       (NOT FOR COMMERCIAL USE)
         Artelys Knitro 14.2.0
=======================================

No start point provided -- Knitro computing one.

Knitro presolve eliminated 0 variables and 0 constraints.

algorithm                1
bar_initpt               3
bar_murule               4
concurrent_evals         0
datacheck                0
feastol                  1e-05
findiff_numthreads       1
hessian_no_f             1
hessopt                  1
honorbnds                1
maxtime_real             3600
ms_enable                1
ms_maxsolves             10
numthreads               4
opttol                   1e-05

Problem Characteristics                                 (   Presolved)
-----------------------
Objective goal:  Minimize
Objective type:  linear
Number of variables:                              12916 (       12916)
    bounded below only:                             841 (         841)
    bounded above only:                               0 (           0)
    bounded below and above:                          0 (           0)
    fixed:                                            0 (           0)
    free:                                         12075 (       12075)
Number of constraints:                            25340 (       25340)
    linear equalities:                                0 (           0)
    quadratic equalities:                          2415 (        2415)
    gen. nonlinear equalities:                       70 (          70)
    linear one-sided inequalities:                 2415 (        2415)
    quadratic one-sided inequalities:             20440 (       20440)
    gen. nonlinear one-sided inequalities:            0 (           0)
    linear two-sided inequalities:                    0 (           0)
    quadratic two-sided inequalities:                 0 (           0)
    gen. nonlinear two-sided inequalities:            0 (           0)
Number of nonzeros in Jacobian:                  154315 (      154315)
Number of nonzeros in Hessian:                    70666 (       70666)

Knitro parallel multistart will run with 4 threads.

Return codes description
------------------------
  0:  The final solution satisfies the termination conditions for verifying optimality.
  -100 to -199:  A feasible approximate solution was found.
  -200 to -299:  Knitro terminated at an infeasible point.
  -300 to -301:  The problem was determined to be unbounded.
  -400 to -499:  Knitro terminated because it reached a pre-defined limit.
    -400 to -409:  A feasible point was found.
    -410 to -419:  No feasible point was found.
  -500 to -599:  Knitro terminated with an input error or some non-standard error.
A more detailed description of individual return codes and their corresponding
termination messages is provided at
https://www.artelys.com/app/docs/knitro/3_referenceManual/returnCodes.html

 Solve #  ThreadID  Status     Objective      FeasError    OptError    Real Time 
--------  --------  ------  --------------   ----------   ----------  ----------
      2          2    -202         2114.91      59654.0      51.9889      494.435
      7          0    -202         1456.90      56739.4      35.0931      543.874
      6          0    -202         316.510      24720.4      110.559      717.330
      1          1    -202         1023.86      47242.2      1.00000      870.104
      0          0       0         1.49821  2.76757e-05  8.81865e-06      1114.77
      5          1    -400         344.910  5.16188e-04  1.07413e-02      6038.31
      3          3    -410         481.162  5.99748e-02     0.914844      6593.72
      4          2    -410         15666.4      3.43221     0.999955      6442.46
      9          3    -410         1560.40  1.10793e-02     0.137708      4679.36
      8          0    -410         2051.72     0.189713     0.797561      6475.46

MULTISTART: Best locally optimal solution is returned.
EXIT: Locally optimal solution found.

Final Statistics
----------------
Final objective value               =   1.49820703201357e+00
Final feasibility error (abs / rel) =   2.77e-05 / 2.58e-08
Final optimality error  (abs / rel) =   8.82e-06 / 8.82e-06
# of iterations                     =      57285 
# of CG iterations                  =          0 
# of function evaluations           =      85098
# of gradient evaluations           =      57594
# of Hessian evaluations            =      57328
Total program time (secs)           =   11276.02539 ( 24801.324 CPU time)

===============================================================================

Knitro 14.2.0: Locally optimal or satisfactory solution.
objective 1.498207032; feasibility error 2.77e-05
57285 iterations; 85098 function evaluations

suffix feaserror OUT;
suffix opterror OUT;
suffix numfcevals OUT;
suffix numiters OUT;
---------------------------- Container and geometric considerations  ----------------------------
Container type: sphere
Structural conservation type: surface
---------------------------- Solution execution data ----------------------------
solve_result_num = 0
solve_result = solved

---------------------------- Solution data ----------------------------
card(figures) = 70

coords [*,*,1]
:       1         2         3         4       :=
1    20.154    19.5927   19.2549   19.9886
2    20.25     19.3196   20.1264   19.6078
3    18.6121   19.1605   19.6588   19.1463
4    19.759    19.353    19.7802   18.9153
5    19.55     19.5759   18.8401   19.6117
6    19.8864   19.8737   20.7358   20.0182
7    19.5784   20.2896   19.7477   19.437
8    20.9088   20.2122   20.2728   20.0406
9    21.2303   20.5277   20.3892   20.4271
10   20.0766   19.9294   19.1812   20.1211
11   20.0599   20.2124   20.3409   20.9735
12   20.2271   20.412    21.2386   20.9762
13   19.7549   18.8135   19.4439   19.5205
14   21.2263   20.3833   20.4224   21.2117
15   19.5944   18.5259   18.8917   18.982
16   21.2241   21.3242   20.9159   20.3819
17   19.8481   19.1526   19.856    19.9994
18   19.1449   19.8896   19.1522   19.7987
19   20.8628   20.2394   20.2387   21.0139
20   20.767    20.3552   21.248    20.4069
21   18.7095   19.5338   18.5202   18.811
22   19.4671   19.9033   20.2421   19.4776
23   20.186    20.6603   20.0052   20.9647
24   20.0604   20.1281   20.9103   20.7917
25   19.8657   20.1568   20.0886   20.7322
26   19.8468   19.2159   19.4774   18.8444
27   19.89     19.1517   19.9893   19.888
28   19.5523   19.0872   19.9492   19.8514
29   21.3769   21.3026   21.167    20.4923
30   19.901    20.7839   20.1758   20.6991
31   19.5271   19.2171   19.6637   18.8084
32   20.465    20.2216   20.0317   19.5667
33   20.101    20.3139   19.933    20.7801
34   20.9111   20.2124   20.9229   21.2566
35   18.5209   18.8223   19.5341   18.6727
36   20.3039   19.7824   19.759    19.3559
37   20.3469   20.7468   20.763    19.8806
38   20.4608   19.6042   19.9244   19.5634
39   19.4596   19.552    18.8099   19.7444
40   21.2991   21.0164   20.4034   20.5217
41   19.2205   18.6727   18.8354   19.6292
42   19.482    19.9065   20.4854   20.2467
43   19.8508   20.1244   20.0066   19.2601
44   20.0509   19.9002   19.9369   20.7831
45   21.4308   20.6539   20.7421   21.2309
46   20.3214   21.2341   20.5711   21.0418
47   19.6903   19.7346   20.3622   20.5034
48   20.3197   20.7326   21.3601   20.6539
49   20.5253   21.3617   21.2302   21.3711
50   18.6725   18.8361   19.5561   18.5275
51   20.1694   21.2264   20.776    20.7155
52   20.7748   20.3565   21.3774   21.2491
53   19.1526   18.8267   18.6701   19.5244
54   20.0752   20.2481   20.2682   19.3941
55   18.8019   19.6244   18.9513   19.5641
56   18.983    18.8913   19.6707   19.6373
57   18.5263   18.8206   19.4475   18.9543
58   20.2503   20.0415   19.3763   20.1088
59   19.1896   19.8997   19.0613   19.7851
60   20.1808   21.0257   20.3881   20.1937
61   18.9202   19.5542   19.3511   18.6359
62   19.9071   19.1624   19.9117   19.8987
63   19.7711   20.7784   20.1925   20.0462
64   20.0922   19.1749   19.987    19.4881
65   21.0025   20.2383   20.1683   20.2687
66   19.1891   18.6243   19.4602   18.9566
67   21.0942   20.3005   21.231    20.6665
68   20.7515   19.8969   20.2478   19.9009
69   20.4626   20.0884   20.5187   21.0158
70   19.4817   19.7215   19.9036   20.4854

 [*,*,2]
:       1         2         3         4       :=
1    20.2414   20.3903   20.4404   21.1686
2    19.9642   20.3516   20.2966   19.4785
3    19.5844   19.4662   19.7608   18.8331
4    20.4365   19.4594   19.8453   20.2561
5    20.3683   21.4369   20.8244   21.0584
6    19.5209   20.441    19.9436   20.0805
7    20.334    20.2867   19.4647   20.1249
8    20.7361   20.1263   20.2191   20.968
9    20.8549   21.313    21.3849   20.3898
10   19.0535   18.62     19.1708   19.6709
11   19.9937   20.2458   20.822    19.9737
12   20.2963   20.753    20.6343   19.9681
13   20.3312   20.7806   20.7834   21.3655
14   19.7295   19.2841   20.2045   19.5882
15   20.2387   20.2443   20.9085   20.9904
16   20.7733   19.8094   20.5441   20.1212
17   20.575    20.0718   19.6598   20.2334
18   18.8363   18.8405   19.4368   19.6777
19   20.6981   20.1511   20.0814   19.7918
20   19.1781   19.6946   20.021    19.9855
21   19.2435   19.9274   20.1663   19.857
22   20.5899   20.3254   21.0392   21.273
23   19.5982   19.5015   18.8969   18.9911
24   18.5317   19.504    18.8301   18.9321
25   20.5086   19.479    19.929    20.3597
26   20.9446   20.3898   20.1639   20.8277
27   18.8403   19.4375   19.6063   19.7582
28   19.296    18.8736   18.6207   19.6235
29   20.4151   19.6879   20.7308   20.2252
30   18.6317   19.1372   19.5273   18.6827
31   19.5716   18.9589   19.7058   19.9338
32   20.4862   21.1665   20.2501   20.567
33   19.5187   20.0636   19.2435   19.1364
34   18.8294   19.4678   19.0739   19.6813
35   20.1684   20.8441   20.2112   19.8228
36   19.693    19.8451   20.4364   19.4697
37   19.4759   20.4595   20.153    20.3204
38   21.2405   21.0542   20.5224   21.4258
39   20.0814   20.4558   19.9329   19.566
40   20.745    20.7002   20.3921   21.3538
41   18.9549   19.3107   19.7736   19.7837
42   21.2732   20.4956   21.397    21.0363
43   20.593    19.568    19.8498   19.8852
44   19.5325   18.6316   19.2426   19.1364
45   19.6756   20.2756   20.0766   20.7168
46   20.3112   20.8492   21.3033   20.6239
47   20.4346   21.4496   20.8162   21.0668
48   19.4342   20.098    19.5717   20.2756
49   20.1542   19.6405   19.5682   20.4252
50   19.3113   19.7746   19.9172   20.2183
51   19.6201   19.4657   19.1865   18.6991
52   19.1864   19.6859   19.4268   20.025
53   20.4614   20.8519   19.8364   20.1135
54   19.6927   19.963    19.0827   19.3691
55   19.9246   20.2578   20.8156   20.5448
56   20.9899   20.9095   20.3829   21.4534
57   20.2458   19.7874   20.0881   20.8218
58   19.9642   20.963    20.3351   20.3311
59   18.8024   18.5495   19.1702   19.5083
60   20.2574   20.6664   21.2462   20.955
61   20.2433   19.8278   19.4609   19.5708
62   18.5983   18.8297   18.8477   19.5884
63   18.9573   18.9188   19.5916   18.5294
64   19.0906   19.1741   19.843    19.7839
65   19.7987   20.1515   19.9061   19.2336
66   18.8023   19.5476   19.793    19.052
67   19.1166   19.8272   20.1051   19.4923
68   18.7082   18.5519   19.4778   18.6317
69   20.4051   20.6678   21.3559   20.7016
70   21.273    21.4458   20.4976   21.397

 [*,*,3]
:       1         2         3         4       :=
1    21.268    20.3665   21.2229   20.9375
2    18.5232   18.7279   19.4321   18.9722
3    20.3815   21.1202   20.2291   20.3927
4    21.4128   21.2385   20.5184   21.0012
5    20.0971   20.0108   20.4686   20.9156
6    20.37     20.3135   20.7128   21.2752
7    18.9538   19.5783   19.2102   19.996
8    19.0635   18.5223   19.5888   18.8572
9    20.0142   19.5078   20.4165   20.0187
10   20.2214   19.4211   19.6431   19.5149
11   21.497    20.4697   21.2053   21.1385
12   20.4424   21.2279   20.5552   21.136
13   19.7717   19.5231   18.8504   19.6126
14   20.2153   19.7243   19.6879   19.3044
15   19.9813   19.8899   20.437    19.5232
16   19.7847   19.3255   18.9466   19.6608
17   20.1383   20.76     20.2489   21.1435
18   20.3989   20.9424   21.0994   20.2784
19   18.9936   18.5288   19.5989   18.9169
20   20.9903   20.3322   20.8287   21.3631
21   19.9172   19.8647   19.8353   20.6537
22   18.7301   19.6734   18.9483   19.4075
23   19.7072   18.751    18.9862   19.4559
24   19.7085   19.9276   20.2176   19.309
25   20.2571   20.1845   19.3827   19.9796
26   20.8361   21.2157   20.2005   20.4734
27   20.9422   21.0993   21.4455   20.3888
28   18.7556   19.6247   19.4172   19.5639
29   19.5798   20.2101   20.4203   19.7575
30   20.6022   20.9411   20.1486   20.1435
31   18.6445   19.2598   19.6996   19.0943
32   20.1213   20.9137   21.0734   20.3123
33   20.2687   21.1116   21.2914   20.9435
34   20.2105   20.0216   19.3215   20.1399
35   19.8307   20.381    20.1648   20.6719
36   21.4346   20.5183   21.4126   21.2444
37   20.123    19.9727   20.8421   20.2562
38   20.7025   20.9882   20.1138   20.1454
39   19.9325   18.9319   19.0924   19.0922
40   19.9553   20.8493   20.0251   20.3736
41   19.262    19.9126   19.0851   19.8061
42   19.4039   19.8078   19.7606   18.9465
43   20.1365   20.293    19.3793   20.1484
44   20.265    20.6017   21.2911   20.941
45   20.3036   19.895    20.913    20.4645
46   19.8527   20.0182   19.5311   19.1225
47   19.9265   20.2699   20.5041   19.6277
48   20.0691   20.8031   20.2897   19.895
49   19.8184   20.2503   19.2619   19.5712
50   19.911    19.0839   19.8657   19.8308
51   20.26     20.1659   20.9903   20.201
52   20.9911   20.3388   20.1372   20.8269
53   21.1461   20.3772   20.6702   20.2023
54   19.5462   18.5229   18.8462   18.7836
55   19.1037   19.7057   19.3075   18.6742
56   19.5199   20.4338   20.0276   19.9749
57   19.8891   19.1009   19.9173   19.3103
58   18.5233   18.853    18.7378   19.521
59   20.392    19.8052   19.5563   20.2717
60   19.6534   19.1349   19.7148   18.862
61   21.0097   20.2511   21.2381   20.4467
62   19.9105   20.4165   20.9534   20.3224
63   18.9488   19.3147   19.7038   19.7177
64   20.1852   19.6361   19.4284   20.2526
65   18.9049   18.5286   19.5702   18.741
66   20.3904   20.3838   20.0822   19.4928
67   19.4832   19.6066   19.1526   18.758
68   20.1059   19.63     20.0419   20.6022
69   20.1013   21.0714   20.3704   20.8489
70   19.4038   20.2771   19.8104   19.7606
;

radius = 1.49821
softness = 0.15

---------------------------- Solution coords data ----------------------------
distances [*,1,*]
:    1   2   3   4    :=
1    0   1   0   1
2    0   1   0   1
3    0   1   0   1
4    0   1   0   1
5    0   1   0   1
6    0   1   0   1
7    0   1   0   1
8    0   1   0   1
9    0   1   0   1
10   0   1   0   1
11   0   1   0   1
12   0   1   0   1
13   0   1   0   1
14   0   1   0   1
15   0   1   0   1
16   0   1   0   1
17   0   1   0   1
18   0   1   0   1
19   0   1   0   1
20   0   1   0   1
21   0   1   0   1
22   0   1   0   1
23   0   1   0   1
24   0   1   0   1
25   0   1   0   1
26   0   1   0   1
27   0   1   0   1
28   0   1   0   1
29   0   1   0   1
30   0   1   0   1
31   0   1   0   1
32   0   1   0   1
33   0   1   0   1
34   0   1   0   1
35   0   1   0   1
36   0   1   0   1
37   0   1   0   1
38   0   1   0   1
39   0   1   0   1
40   0   1   0   1
41   0   1   0   1
42   0   1   0   1
43   0   1   0   1
44   0   1   0   1
45   0   1   0   1
46   0   1   0   1
47   0   1   0   1
48   0   1   0   1
49   0   1   0   1
50   0   1   0   1
51   0   1   0   1
52   0   1   0   1
53   0   1   0   1
54   0   1   0   1
55   0   1   0   1
56   0   1   0   1
57   0   1   0   1
58   0   1   0   1
59   0   1   0   1
60   0   1   0   1
61   0   1   0   1
62   0   1   0   1
63   0   1   0   1
64   0   1   0   1
65   0   1   0   1
66   0   1   0   1
67   0   1   0   1
68   0   1   0   1
69   0   1   0   1
70   0   1   0   1

 [*,2,*]
:    1   2   3   4    :=
1    0   0   1   1
2    0   0   1   1
3    0   0   1   1
4    0   0   1   1
5    0   0   1   1
6    0   0   1   1
7    0   0   1   1
8    0   0   1   1
9    0   0   1   1
10   0   0   1   1
11   0   0   1   1
12   0   0   1   1
13   0   0   1   1
14   0   0   1   1
15   0   0   1   1
16   0   0   1   1
17   0   0   1   1
18   0   0   1   1
19   0   0   1   1
20   0   0   1   1
21   0   0   1   1
22   0   0   1   1
23   0   0   1   1
24   0   0   1   1
25   0   0   1   1
26   0   0   1   1
27   0   0   1   1
28   0   0   1   1
29   0   0   1   1
30   0   0   1   1
31   0   0   1   1
32   0   0   1   1
33   0   0   1   1
34   0   0   1   1
35   0   0   1   1
36   0   0   1   1
37   0   0   1   1
38   0   0   1   1
39   0   0   1   1
40   0   0   1   1
41   0   0   1   1
42   0   0   1   1
43   0   0   1   1
44   0   0   1   1
45   0   0   1   1
46   0   0   1   1
47   0   0   1   1
48   0   0   1   1
49   0   0   1   1
50   0   0   1   1
51   0   0   1   1
52   0   0   1   1
53   0   0   1   1
54   0   0   1   1
55   0   0   1   1
56   0   0   1   1
57   0   0   1   1
58   0   0   1   1
59   0   0   1   1
60   0   0   1   1
61   0   0   1   1
62   0   0   1   1
63   0   0   1   1
64   0   0   1   1
65   0   0   1   1
66   0   0   1   1
67   0   0   1   1
68   0   0   1   1
69   0   0   1   1
70   0   0   1   1

 [*,3,*]
:    1   2   3   4    :=
1    1   0   0   1
2    1   0   0   1
3    1   0   0   1
4    1   0   0   1
5    1   0   0   1
6    1   0   0   1
7    1   0   0   1
8    1   0   0   1
9    1   0   0   1
10   1   0   0   1
11   1   0   0   1
12   1   0   0   1
13   1   0   0   1
14   1   0   0   1
15   1   0   0   1
16   1   0   0   1
17   1   0   0   1
18   1   0   0   1
19   1   0   0   1
20   1   0   0   1
21   1   0   0   1
22   1   0   0   1
23   1   0   0   1
24   1   0   0   1
25   1   0   0   1
26   1   0   0   1
27   1   0   0   1
28   1   0   0   1
29   1   0   0   1
30   1   0   0   1
31   1   0   0   1
32   1   0   0   1
33   1   0   0   1
34   1   0   0   1
35   1   0   0   1
36   1   0   0   1
37   1   0   0   1
38   1   0   0   1
39   1   0   0   1
40   1   0   0   1
41   1   0   0   1
42   1   0   0   1
43   1   0   0   1
44   1   0   0   1
45   1   0   0   1
46   1   0   0   1
47   1   0   0   1
48   1   0   0   1
49   1   0   0   1
50   1   0   0   1
51   1   0   0   1
52   1   0   0   1
53   1   0   0   1
54   1   0   0   1
55   1   0   0   1
56   1   0   0   1
57   1   0   0   1
58   1   0   0   1
59   1   0   0   1
60   1   0   0   1
61   1   0   0   1
62   1   0   0   1
63   1   0   0   1
64   1   0   0   1
65   1   0   0   1
66   1   0   0   1
67   1   0   0   1
68   1   0   0   1
69   1   0   0   1
70   1   0   0   1

 [*,4,*]
:    1   2   3   4    :=
1    1   1   1   0
2    1   1   1   0
3    1   1   1   0
4    1   1   1   0
5    1   1   1   0
6    1   1   1   0
7    1   1   1   0
8    1   1   1   0
9    1   1   1   0
10   1   1   1   0
11   1   1   1   0
12   1   1   1   0
13   1   1   1   0
14   1   1   1   0
15   1   1   1   0
16   1   1   1   0
17   1   1   1   0
18   1   1   1   0
19   1   1   1   0
20   1   1   1   0
21   1   1   1   0
22   1   1   1   0
23   1   1   1   0
24   1   1   1   0
25   1   1   1   0
26   1   1   1   0
27   1   1   1   0
28   1   1   1   0
29   1   1   1   0
30   1   1   1   0
31   1   1   1   0
32   1   1   1   0
33   1   1   1   0
34   1   1   1   0
35   1   1   1   0
36   1   1   1   0
37   1   1   1   0
38   1   1   1   0
39   1   1   1   0
40   1   1   1   0
41   1   1   1   0
42   1   1   1   0
43   1   1   1   0
44   1   1   1   0
45   1   1   1   0
46   1   1   1   0
47   1   1   1   0
48   1   1   1   0
49   1   1   1   0
50   1   1   1   0
51   1   1   1   0
52   1   1   1   0
53   1   1   1   0
54   1   1   1   0
55   1   1   1   0
56   1   1   1   0
57   1   1   1   0
58   1   1   1   0
59   1   1   1   0
60   1   1   1   0
61   1   1   1   0
62   1   1   1   0
63   1   1   1   0
64   1   1   1   0
65   1   1   1   0
66   1   1   1   0
67   1   1   1   0
68   1   1   1   0
69   1   1   1   0
70   1   1   1   0
;

---------------------------- Solution stats data ----------------------------
_ampl_time = 0.207248
_total_solve_time = 24801.8
_ampl_elapsed_time = 0.202014
_ampl_user_time = 0.180509

Total time elapsed: $24801.76.
_total_solve_time = 24801.8

---------------------------- Solution miscs data ----------------------------
tetrahedron_volume [*] :=
 1 0    8 0   15 0   22 0   29 0   36 0   43 0   50 0   57 0   64 0
 2 0    9 0   16 0   23 0   30 0   37 0   44 0   51 0   58 0   65 0
 3 0   10 0   17 0   24 0   31 0   38 0   45 0   52 0   59 0   66 0
 4 0   11 0   18 0   25 0   32 0   39 0   46 0   53 0   60 0   67 0
 5 0   12 0   19 0   26 0   33 0   40 0   47 0   54 0   61 0   68 0
 6 0   13 0   20 0   27 0   34 0   41 0   48 0   55 0   62 0   69 0
 7 0   14 0   21 0   28 0   35 0   42 0   49 0   56 0   63 0   70 0
;

---------------------------- Solution miscs data ----------------------------
tetrahedron_surface_area [*] :=
 1 1.73205   13 1.73205   25 1.73205   37 1.73205   