Error at _cmdno 5 executing "solve" command
(file amplin, line 1977, offset 37900):
error processing param distances:
	4000 invalid subscripts discarded:
	distances[51,1,1]
	distances[51,1,2]
	distances[51,1,3]
	and 3997 more.
##### This license is only intended for use by NEOS. #####
##### License is valid until Jan 16, 2026 #####
riables.
Adjusted problem:
6726 variables:
	4275 nonlinear variables
	2451 linear variables
14100 constraints; 81325 nonzeros
	11675 nonlinear constraints
	2425 linear constraints
	1275 equality constraints
	12825 inequality constraints
1 linear objective; 1 nonzero.

Artelys Knitro 14.2.0: threads=4
algorithm=1
ms_enable=1
ms_maxsolves=10
feastol=1e-5
opttol=1e-5
honorbnds=1
bar_initpt=3
bar_murule=4
scale=1
outlev=2
maxtime_real=1200
WARNING:  Option 'threads' is deprecated, please use 'numthreads'.

=======================================
           Academic License
       (NOT FOR COMMERCIAL USE)
         Artelys Knitro 14.2.0
=======================================

No start point provided -- Knitro computing one.

Knitro presolve eliminated 0 variables and 0 constraints.

algorithm                1
bar_initpt               3
bar_murule               4
concurrent_evals         0
datacheck                0
feastol                  1e-05
findiff_numthreads       1
hessian_no_f             1
hessopt                  1
honorbnds                1
maxtime_real             1200
ms_enable                1
ms_maxsolves             10
numthreads               4
opttol                   1e-05

Problem Characteristics                                 (   Presolved)
-----------------------
Objective goal:  Minimize
Objective type:  linear
Number of variables:                               6726 (        6726)
    bounded below only:                             601 (         601)
    bounded above only:                               0 (           0)
    bounded below and above:                          0 (           0)
    fixed:                                            0 (           0)
    free:                                          6125 (        6125)
Number of constraints:                            14100 (       14100)
    linear equalities:                                0 (           0)
    quadratic equalities:                          1225 (        1225)
    gen. nonlinear equalities:                       50 (          50)
    linear one-sided inequalities:                 2425 (        2425)
    quadratic one-sided inequalities:             10400 (       10400)
    gen. nonlinear one-sided inequalities:            0 (           0)
    linear two-sided inequalities:                    0 (           0)
    quadratic two-sided inequalities:                 0 (           0)
    gen. nonlinear two-sided inequalities:            0 (           0)
Number of nonzeros in Jacobian:                   81325 (       81325)
Number of nonzeros in Hessian:                    36975 (       36975)

Knitro parallel multistart will run with 4 threads.

Return codes description
------------------------
  0:  The final solution satisfies the termination conditions for verifying optimality.
  -100 to -199:  A feasible approximate solution was found.
  -200 to -299:  Knitro terminated at an infeasible point.
  -300 to -301:  The problem was determined to be unbounded.
  -400 to -499:  Knitro terminated because it reached a pre-defined limit.
    -400 to -409:  A feasible point was found.
    -410 to -419:  No feasible point was found.
  -500 to -599:  Knitro terminated with an input error or some non-standard error.
A more detailed description of individual return codes and their corresponding
termination messages is provided at
https://www.artelys.com/app/docs/knitro/3_referenceManual/returnCodes.html

 Solve #  ThreadID  Status     Objective      FeasError    OptError    Real Time 
--------  --------  ------  --------------   ----------   ----------  ----------
      6          2    -202         456.835      18733.0      1.41014      99.3701
      0          0       0         1.27980  1.61560e-05  9.96785e-06      216.266
      1          1    -202         4499.75      55638.8      19.8569      263.526
      2          2    -202         37945.4      12.2941     0.999973      627.340
      8          3    -410         1740.78  4.82568e-02  5.04042e-02      1062.28
      7          2    -410         890.009  4.30272e-02     0.458093      1203.23
      4          0    -410         3482.24  5.78561e-02     0.197047      1239.95
      3          3    -410         7919.30      79.7909     0.480708      1288.48
      9          0    -410         2158.62     0.753079      3.40435      1122.38
      5          1    -410         30981.7     0.167377     0.315101      1275.13

MULTISTART: Best locally optimal solution is returned.
EXIT: Locally optimal solution found.

Final Statistics
----------------
Final objective value               =   1.27979941730289e+00
Final feasibility error (abs / rel) =   1.62e-05 / 8.84e-07
Final optimality error  (abs / rel) =   9.97e-06 / 9.97e-06
# of iterations                     =      69825 
# of CG iterations                  =          0 
# of function evaluations           =     104277
# of gradient evaluations           =      70146
# of Hessian evaluations            =      69889
Total program time (secs)           =    2579.14307 (  8371.006 CPU time)

===============================================================================

Knitro 14.2.0: Locally optimal or satisfactory solution.
objective 1.279799417; feasibility error 1.62e-05
69825 iterations; 104277 function evaluations

suffix feaserror OUT;
suffix opterror OUT;
suffix numfcevals OUT;
suffix numiters OUT;
---------------------------- Container and geometric considerations  ----------------------------
Container type: cube
Structural conservation type: surface
---------------------------- Solution execution data ----------------------------
solve_result_num = 0
solve_result = solved

---------------------------- Solution data ----------------------------
card(figures) = 50

coords [*,*,1]
:       1         2         3         4       :=
1    19.8188   19.3601   19.6061   19.3601
2    19.821    19.3601   19.5076   19.3601
3    19.3601   19.9487   19.7551   19.7149
4    19.7148   19.3601   19.7551   19.9487
5    19.4149   19.6676   19.3601   19.8135
6    20.5654   19.7723   19.3601   20.6399
7    20.6399   19.8855   19.4173   19.5201
8    20.6399   20.6399   20.6399   19.7557
9    19.3601   19.8135   19.6676   19.4149
10   20.6399   20.6399   19.9397   19.5131
11   20.0724   19.3601   19.4955   20.5694
12   19.7551   19.3601   19.9487   19.7148
13   19.3601   19.7148   19.7551   19.9487
14   19.3601   19.7182   20.216    19.7557
15   19.7148   19.7551   19.9487   19.3601
16   19.5201   19.8855   19.8397   20.6399
17   19.7148   19.3601   19.7551   19.9487
18   19.3601   20.5436   19.6955   20.6399
19   19.9801   19.5354   20.2002   19.3601
20   19.3601   20.0434   19.3601   19.6858
21   19.9487   19.7148   19.7551   19.3601
22   19.3601   19.8106   19.3601   19.3672
23   20.602    19.7723   20.6234   19.6739
24   20.3988   20.6399   20.6399   19.4253
25   20.3401   19.4787   20.0027   19.4377
26   20.0839   19.4492   19.5399   20.581
27   19.3601   19.7148   19.9487   19.7551
28   20.1606   19.5158   20.6399   20.5563
29   19.6676   19.8135   19.3601   19.4149
30   20.3987   19.4253   20.6399   20.6399
31   19.7291   19.3601   19.3601   19.7802
32   20.6338   20.6399   20.1478   19.6756
33   20.6399   19.6712   19.7853   20.6386
34   19.7235   19.7897   20.6399   20.6399
35   19.3601   19.3601   19.8188   19.3601
36   19.8051   19.3641   19.7434   19.3608
37   19.4149   19.6676   19.8135   19.3601
38   20.6399   20.6399   20.6399   19.5303
39   19.6061   19.3601   19.3601   19.3601
40   19.4149   19.8135   19.3601   19.6676
41   19.4149   19.8135   19.3601   19.6676
42   19.5131   20.6399   20.6399   19.9397
43   20.1478   20.6399   20.6399   20.6399
44   19.5131   19.9397   20.6399   20.6399
45   19.3601   19.3601   19.9496   19.7559
46   19.821    19.5076   19.3601   19.3601
47   19.7557   20.6399   19.8868   20.3839
48   19.9397   20.6399   20.6399   19.5131
49   19.4149   19.6676   19.8135   19.3601
50   19.7148   19.3601   19.9487   19.7551

 [*,*,2]
:       1         2         3         4       :=
1    20.6399   19.7646   20.6399   19.3601
2    20.6399   20.6399   19.4721   19.9057
3    19.3601   20.5126   19.3601   20.2242
4    20.2242   19.3601   19.3601   20.5126
5    19.3778   20.6399   20.6399   20.3459
6    20.0653   19.3601   19.3601   19.3601
7    20.1036   20.6399   19.4994   19.38
8    20.6399   19.6704   20.6399   20.6399
9    20.6399   20.3459   20.6399   19.3778
10   20.4775   19.3601   19.3601   19.6729
11   19.3601   19.3601   19.5381   20.0579
12   19.3601   19.3601   20.5126   20.2242
13   19.3601   20.2242   19.3601   20.5126
14   20.6399   19.6382   20.6399   20.6399
15   20.2242   19.3601   20.5126   19.3601
16   19.38     20.6399   19.9005   20.1036
17   20.2242   19.3601   19.3601   20.5126
18   19.3601   19.3601   19.3601   19.3601
19   20.6399   19.5708   20.289    20.6399
20   19.6583   20.5224   20.6399   19.3601
21   20.5126   20.2242   19.3601   19.3601
22   19.3601   20.6399   19.6201   19.8279
23   20.6364   20.6209   19.6858   20.0724
24   20.4415   19.3601   20.1699   19.487
25   20.1779   19.7459   20.6399   20.6399
26   19.3767   19.5152   19.3601   20.0744
27   19.3601   20.2242   20.5126   19.3601
28   19.3601   19.623    19.3601   20.5193
29   20.6399   20.3459   20.6399   19.3778
30   20.4415   19.487    19.3601   20.1699
31   20.2589   19.3601   19.6753   20.5747
32   20.6253   20.0834   19.466    19.6096
33   19.3601   19.6261   19.4053   20.0434
34   19.7084   19.5371   20.5776   19.3601
35   20.6399   20.6399   20.6399   19.7646
36   20.6271   19.3715   20.3982   19.8106
37   19.3778   20.6399   20.3459   20.6399
38   20.582    19.6704   19.3601   20.0702
39   20.6399   19.3601   20.6399   19.7646
40   19.3778   20.3459   20.6399   20.6399
41   19.3778   20.3459   20.6399   20.6399
42   19.6729   19.3601   20.4775   19.3601
43   19.466    19.4359   20.6399   20.0834
44   19.6729   19.3601   19.3601   20.4775
45   19.3601   19.3601   20.5179   19.3654
46   20.6399   19.4721   20.6399   19.9057
47   20.6399   20.6399   19.8125   20.6399
48   19.3601   19.3601   20.4775   19.6729
49   19.3778   20.6399   20.3459   20.6399
50   20.2242   19.3601   20.5126   19.3601

 [*,*,3]
:       1         2         3         4       :=
1    20.5385   19.5518   20.6117   20.6399
2    20.5051   19.3601   19.8065   19.4104
3    20.6399   20.3241   19.5597   20.6399
4    20.6399   20.6399   19.5597   20.3241
5    19.5826   20.1241   19.3601   20.5066
6    20.6399   19.9864   20.6399   20.6399
7    20.6399   20.6399   20.6399   20.2247
8    19.3601   19.3601   20.0789   19.3601
9    19.3601   20.5066   20.1241   19.5826
10   19.9877   19.3601   19.5283   19.8064
11   19.5106   20.6399   20.6399   20.6134
12   19.5597   20.6399   20.3241   20.6399
13   20.6399   20.6399   19.5597   20.3241
14   19.3601   19.6275   20.4635   19.3601
15   20.6399   19.5597   20.3241   20.6399
16   20.2247   20.6399   19.9349   20.6399
17   20.6399   20.6399   19.5597   20.3241
18   19.7283   20.4695   19.3601   19.3601
19   20.1594   19.3788   20.375    19.3601
20   19.3601   20.2182   19.3601   19.5318
21   20.3241   20.6399   19.5597   20.6399
22   20.6399   20.4793   19.6384   19.4333
23   20.0504   19.3651   19.3621   19.3618
24   20.0254   19.3601   19.8149   19.7231
25   20.5131   19.5024   20.4385   19.5528
26   19.5371   20.6399   20.1525   20.6398
27   20.6399   20.6399   20.3241   19.5597
28   19.3601   19.7777   19.3601   20.0307
29   20.1241   20.5066   19.3601   19.5826
30   20.0254   19.7231   19.3601   19.8149
31   20.6399   20.6399   19.4261   20.4082
32   20.0739   20.6399   19.678    20.0573
33   19.3601   20.0877   19.6667   20.5694
34   20.037    19.6637   20.0439   19.3601
35   19.3601   20.6399   20.5385   19.5518
36   20.4736   20.6381   20.6396   19.4331
37   19.5826   20.1241   20.5066   19.3601
38   20.036    19.3601   19.3601   19.3601
39   20.6117   20.6399   20.6399   19.5518
40   19.5826   20.5066   19.3601   20.1241
41   19.5826   20.5066   19.3601   20.1241
42   19.8064   19.3601   19.9877   19.5283
43   19.678    19.4027   20.0789   20.6399
44   19.8064   19.5283   19.3601   19.9877
45   19.8157   20.6399   20.3276   19.5632
46   20.5051   19.8065   19.3601   19.4104
47   19.3601   20.1194   19.9443   20.6072
48   19.5283   19.3601   19.9877   19.8064
49   19.5826   20.1241   20.5066   19.3601
50   20.6399   20.6399   20.3241   19.5597
;

side = 1.2798
softness = 0.95

---------------------------- Solution coords data ----------------------------
distances [*,1,*]
:    1   2   3   4    :=
1    0   1   0   1
2    0   1   0   1
3    0   1   0   1
4    0   1   0   1
5    0   1   0   1
6    0   1   0   1
7    0   1   0   1
8    0   1   0   1
9    0   1   0   1
10   0   1   0   1
11   0   1   0   1
12   0   1   0   1
13   0   1   0   1
14   0   1   0   1
15   0   1   0   1
16   0   1   0   1
17   0   1   0   1
18   0   1   0   1
19   0   1   0   1
20   0   1   0   1
21   0   1   0   1
22   0   1   0   1
23   0   1   0   1
24   0   1   0   1
25   0   1   0   1
26   0   1   0   1
27   0   1   0   1
28   0   1   0   1
29   0   1   0   1
30   0   1   0   1
31   0   1   0   1
32   0   1   0   1
33   0   1   0   1
34   0   1   0   1
35   0   1   0   1
36   0   1   0   1
37   0   1   0   1
38   0   1   0   1
39   0   1   0   1
40   0   1   0   1
41   0   1   0   1
42   0   1   0   1
43   0   1   0   1
44   0   1   0   1
45   0   1   0   1
46   0   1   0   1
47   0   1   0   1
48   0   1   0   1
49   0   1   0   1
50   0   1   0   1

 [*,2,*]
:    1   2   3   4    :=
1    0   0   1   1
2    0   0   1   1
3    0   0   1   1
4    0   0   1   1
5    0   0   1   1
6    0   0   1   1
7    0   0   1   1
8    0   0   1   1
9    0   0   1   1
10   0   0   1   1
11   0   0   1   1
12   0   0   1   1
13   0   0   1   1
14   0   0   1   1
15   0   0   1   1
16   0   0   1   1
17   0   0   1   1
18   0   0   1   1
19   0   0   1   1
20   0   0   1   1
21   0   0   1   1
22   0   0   1   1
23   0   0   1   1
24   0   0   1   1
25   0   0   1   1
26   0   0   1   1
27   0   0   1   1
28   0   0   1   1
29   0   0   1   1
30   0   0   1   1
31   0   0   1   1
32   0   0   1   1
33   0   0   1   1
34   0   0   1   1
35   0   0   1   1
36   0   0   1   1
37   0   0   1   1
38   0   0   1   1
39   0   0   1   1
40   0   0   1   1
41   0   0   1   1
42   0   0   1   1
43   0   0   1   1
44   0   0   1   1
45   0   0   1   1
46   0   0   1   1
47   0   0   1   1
48   0   0   1   1
49   0   0   1   1
50   0   0   1   1

 [*,3,*]
:    1   2   3   4    :=
1    1   0   0   1
2    1   0   0   1
3    1   0   0   1
4    1   0   0   1
5    1   0   0   1
6    1   0   0   1
7    1   0   0   1
8    1   0   0   1
9    1   0   0   1
10   1   0   0   1
11   1   0   0   1
12   1   0   0   1
13   1   0   0   1
14   1   0   0   1
15   1   0   0   1
16   1   0   0   1
17   1   0   0   1
18   1   0   0   1
19   1   0   0   1
20   1   0   0   1
21   1   0   0   1
22   1   0   0   1
23   1   0   0   1
24   1   0   0   1
25   1   0   0   1
26   1   0   0   1
27   1   0   0   1
28   1   0   0   1
29   1   0   0   1
30   1   0   0   1
31   1   0   0   1
32   1   0   0   1
33   1   0   0   1
34   1   0   0   1
35   1   0   0   1
36   1   0   0   1
37   1   0   0   1
38   1   0   0   1
39   1   0   0   1
40   1   0   0   1
41   1   0   0   1
42   1   0   0   1
43   1   0   0   1
44   1   0   0   1
45   1   0   0   1
46   1   0   0   1
47   1   0   0   1
48   1   0   0   1
49   1   0   0   1
50   1   0   0   1

 [*,4,*]
:    1   2   3   4    :=
1    1   1   1   0
2    1   1   1   0
3    1   1   1   0
4    1   1   1   0
5    1   1   1   0
6    1   1   1   0
7    1   1   1   0
8    1   1   1   0
9    1   1   1   0
10   1   1   1   0
11   1   1   1   0
12   1   1   1   0
13   1   1   1   0
14   1   1   1   0
15   1   1   1   0
16   1   1   1   0
17   1   1   1   0
18   1   1   1   0
19   1   1   1   0
20   1   1   1   0
21   1   1   1   0
22   1   1   1   0
23   1   1   1   0
24   1   1   1   0
25   1   1   1   0
26   1   1   1   0
27   1   1   1   0
28   1   1   1   0
29   1   1   1   0
30   1   1   1   0
31   1   1   1   0
32   1   1   1   0
33   1   1   1   0
34   1   1   1   0
35   1   1   1   0
36   1   1   1   0
37   1   1   1   0
38   1   1   1   0
39   1   1   1   0
40   1   1   1   0
41   1   1   1   0
42   1   1   1   0
43   1   1   1   0
44   1   1   1   0
45   1   1   1   0
46   1   1   1   0
47   1   1   1   0
48   1   1   1   0
49   1   1   1   0
50   1   1   1   0
;

---------------------------- Solution stats data ----------------------------
_ampl_time = 0.058823
_total_solve_time = 8371.18
_ampl_elapsed_time = 0.055624
_ampl_user_time = 0.041178

Total time elapsed: $8371.18.
_total_solve_time = 8371.18

---------------------------- Solution miscs data ----------------------------
tetrahedron_volume [*] :=
 1 0    6 0   11 0   16 0   21 0   26 0   31 0   36 0   41 0   46 0
 2 0    7 0   12 0   17 0   22 0   27 0   32 0   37 0   42 0   47 0
 3 0    8 0   13 0   18 0   23 0   28 0   33 0   38 0   43 0   48 0
 4 0    9 0   14 0   19 0   24 0   29 0   34 0   39 0   44 0   49 0
 5 0   10 0   15 0   20 0   25 0   30 0   35 0   40 0   45 0   50 0
;

---------------------------- Solution miscs data ----------------------------
tetrahedron_surface_area [*] :=
 1 1.73205   10 1.73205   19 1.73205   28 1.73205   37 1.73205   46 1.73205
 2 1.73205   11 1.73205   20 1.73205   29 1.73205   38 1.73205   47 1.73205
 3 1.73205   12 1.73205   21 1.73205   30 1.73205   39 1.73205   48 1.73205
 4 1.73205   13 1.73205   22 1.73205   31 1.73205   40 1.73205   49 1.73205
 5 1.73205   14 1.73205   23 1.73205   32 1.73205   41 1.73205   50 1.73205
 6 1.73205   15 1.73205   24 1.73205   33 1.73205   42 1.73205
 7 1.73205   16 1.73205   25 1.73205   34 1.73205   43 1.73205
 8 1.73205   17 1.73205   26 1.73205   35 1.73205   44 1.73205
 9 1.73205   18 1.73205   27 1.73205   36 1.73205   45 1.73205
;

