Error at _cmdno 5 executing "solve" command
(file amplin, line 1945, offset 37257):
error processing param distances:
	3680 invalid subscripts discarded:
	distances[71,1,1]
	distances[71,1,2]
	distances[71,1,3]
	and 3677 more.
##### This license is only intended for use by NEOS. #####
##### License is valid until Jan 16, 2026 #####
ariables.
Adjusted problem:
12916 variables:
	8086 nonlinear variables
	4830 linear variables
25340 constraints; 154315 nonzeros
	22925 nonlinear constraints
	2415 linear constraints
	2485 equality constraints
	22855 inequality constraints
1 linear objective; 1 nonzero.

Artelys Knitro 14.2.0: threads=4
algorithm=1
ms_enable=1
ms_maxsolves=10
feastol=1e-5
opttol=1e-5
honorbnds=1
bar_initpt=3
bar_murule=4
scale=1
outlev=2
maxtime_real=3600
WARNING:  Option 'threads' is deprecated, please use 'numthreads'.

=======================================
           Academic License
       (NOT FOR COMMERCIAL USE)
         Artelys Knitro 14.2.0
=======================================

No start point provided -- Knitro computing one.

Knitro presolve eliminated 0 variables and 0 constraints.

algorithm                1
bar_initpt               3
bar_murule               4
concurrent_evals         0
datacheck                0
feastol                  1e-05
findiff_numthreads       1
hessian_no_f             1
hessopt                  1
honorbnds                1
maxtime_real             3600
ms_enable                1
ms_maxsolves             10
numthreads               4
opttol                   1e-05

Problem Characteristics                                 (   Presolved)
-----------------------
Objective goal:  Minimize
Objective type:  linear
Number of variables:                              12916 (       12916)
    bounded below only:                             841 (         841)
    bounded above only:                               0 (           0)
    bounded below and above:                          0 (           0)
    fixed:                                            0 (           0)
    free:                                         12075 (       12075)
Number of constraints:                            25340 (       25340)
    linear equalities:                                0 (           0)
    quadratic equalities:                          2415 (        2415)
    gen. nonlinear equalities:                       70 (          70)
    linear one-sided inequalities:                 2415 (        2415)
    quadratic one-sided inequalities:             20440 (       20440)
    gen. nonlinear one-sided inequalities:            0 (           0)
    linear two-sided inequalities:                    0 (           0)
    quadratic two-sided inequalities:                 0 (           0)
    gen. nonlinear two-sided inequalities:            0 (           0)
Number of nonzeros in Jacobian:                  154315 (      154315)
Number of nonzeros in Hessian:                    70666 (       70666)

Knitro parallel multistart will run with 4 threads.

Return codes description
------------------------
  0:  The final solution satisfies the termination conditions for verifying optimality.
  -100 to -199:  A feasible approximate solution was found.
  -200 to -299:  Knitro terminated at an infeasible point.
  -300 to -301:  The problem was determined to be unbounded.
  -400 to -499:  Knitro terminated because it reached a pre-defined limit.
    -400 to -409:  A feasible point was found.
    -410 to -419:  No feasible point was found.
  -500 to -599:  Knitro terminated with an input error or some non-standard error.
A more detailed description of individual return codes and their corresponding
termination messages is provided at
https://www.artelys.com/app/docs/knitro/3_referenceManual/returnCodes.html

 Solve #  ThreadID  Status     Objective      FeasError    OptError    Real Time 
--------  --------  ------  --------------   ----------   ----------  ----------
      7          2    -202         1389.14      62064.3      1.13840      998.026
      3          1    -202         7487.57      35.8640      1.00000      1278.24
      0          0       0         1.35544  3.77115e-04  9.46013e-06      1637.43
      8          0    -410         985.785      106.631      1.46767      7288.56
      5          0    -410         130.220  5.71647e-02  2.23935e-03      6469.10
      2          3    -410         4875.86     0.145977     0.999975      7400.84
      9          2    -410         2138.58  1.06429e-02      4.32351      7163.20
      4          1    -410         3491.87  2.59878e-02     0.500927      8077.17
      1          2    -410         6152.78  5.11503e-03      1.01220      7825.40
      6          3    -410         3280.34  5.68342e-02      86.4011      7998.94

MULTISTART: Best locally optimal solution is returned.
EXIT: Locally optimal solution found.

Final Statistics
----------------
Final objective value               =   1.35543603237649e+00
Final feasibility error (abs / rel) =   3.77e-04 / 3.52e-07
Final optimality error  (abs / rel) =   9.46e-06 / 9.46e-06
# of iterations                     =      75599 
# of CG iterations                  =          0 
# of function evaluations           =     106998
# of gradient evaluations           =      75914
# of Hessian evaluations            =      75659
Total program time (secs)           =   15989.79102 ( 45620.691 CPU time)

===============================================================================

Knitro 14.2.0: Locally optimal or satisfactory solution.
objective 1.355436032; feasibility error 0.000377
75599 iterations; 106998 function evaluations

suffix feaserror OUT;
suffix opterror OUT;
suffix numfcevals OUT;
suffix numiters OUT;
---------------------------- Container and geometric considerations  ----------------------------
Container type: sphere
Structural conservation type: surface
---------------------------- Solution execution data ----------------------------
solve_result_num = 0
solve_result = solved

---------------------------- Solution data ----------------------------
card(figures) = 70

coords [*,*,1]
:       1         2         3         4       :=
1    19.4117   20.1494   19.0438   19.9186
2    20.4129   20.7425   19.9104   20.1193
3    19.2831   20.0153   20.1513   19.1213
4    19.3796   20.3779   19.7048   20.3337
5    19.7514   20.6019   19.4277   20.3176
6    20.213    19.3674   19.2103   19.9376
7    20.7059   20.0308   19.6401   20.0306
8    20.3526   20.1203   19.7357   20.8096
9    19.8293   20.2069   19.8052   19.5107
10   20.1311   20.5781   20.8891   19.8866
11   19.4349   20.2781   19.5583   20.5756
12   20.0726   19.4013   20.5757   20.2412
13   20.2104   19.9042   19.4243   20.5754
14   21.2037   21.1717   20.4331   21.212
15   19.1639   18.7011   19.6254   18.7576
16   19.8059   20.0187   20.1529   20.5151
17   19.098    19.4155   18.6939   19.7988
18   19.5143   18.8053   19.5874   19.985
19   19.5989   19.4796   20.3207   20.3105
20   18.6786   19.414    19.7489   19.2161
21   19.6356   19.4956   18.7165   19.1383
22   20.0239   20.0218   19.1783   19.7962
23   20.4606   21.233    20.4055   20.7837
24   21.097    21.3477   20.7372   20.7173
25   21.0809   20.5981   20.027    20.9142
26   20.2847   19.4289   19.2211   19.6896
27   20.5756   20.378    20.2447   19.5117
28   21.2346   21.0985   20.4735   21.1058
29   19.9346   20.8089   20.3227   20.6269
30   21.3477   20.7173   20.8887   20.7372
31   20.3963   19.912    19.3243   20.4895
32   19.3277   19.7833   18.6814   19.0317
33   19.9109   20.4192   20.5083   21.0008
34   21.0828   20.7173   20.252    20.7372
35   19.2587   19.8189   18.7466   18.8043
36   19.9654   18.8195   19.5958   19.2942
37   19.832    19.3328   20.3369   20.4074
38   20.7591   20.0391   19.9944   20.6913
39   19.9602   18.7759   19.1715   19.4613
40   20.1156   20.9388   20.0549   21.1594
41   18.7573   19.7472   19.4639   18.8189
42   20.0719   20.7893   19.8022   19.9501
43   20.2794   19.219    19.4339   19.7524
44   20.3355   19.4425   20.2967   19.874
45   19.9123   19.7931   20.2089   20.52
46   20.5523   20.9284   20.7261   20.118
47   19.8662   20.1902   19.3847   19.1716
48   20.0265   20.8887   20.7173   20.7372
49   20.3193   20.5129   20.8778   20.2576
50   20.0111   18.7907   19.4772   19.3969
51   20.9103   20.0233   20.1053   20.7988
52   20.3883   20.5747   20.9875   20.2691
53   20.0405   19.3774   19.2232   20.2913
54   20.7425   21.1349   20.5401   20.932
55   18.7856   19.6082   19.2483   19.8637
56   20.0757   19.947    19.2449   19.8828
57   18.7517   18.821    18.6954   19.717
58   20.0048   19.3098   19.5141   20.0603
59   20.7988   20.0546   20.3256   19.6401
60   19.2593   19.8145   19.7942   18.8043
61   18.8094   18.6901   19.2627   19.7614
62   19.406    19.191    18.6665   19.7694
63   20.5665   21.1131   20.2666   20.7173
64   19.8783   20.5782   20.131    19.3885
65   20.4388   20.983    20.3522   20.9893
66   19.6401   19.1019   20.0231   20.0617
67   20.4944   20.354    19.7698   20.2576
68   21.1676   20.9268   20.1205   20.9986
69   20.5987   19.9877   20.0289   21.0786
70   18.7907   20.0107   19.3499   19.4768

 [*,*,2]
:       1         2         3         4       :=
1    19.4358   19.1607   19.1975   19.7299
2    19.9991   21.0586   21.0408   20.4551
3    19.502    19.7651   18.6625   19.1725
4    19.4615   20.0226   19.8383   18.7995
5    19.7951   19.2449   18.9958   18.7328
6    19.781    19.0686   20.2828   20.1525
7    19.1888   19.7397   18.7571   19.1048
8    20.1378   21.3271   20.9329   21.0239
9    20.3932   20.7107   19.7111   20.8905
10   19.8598   18.7742   19.21     18.6674
11   20.1837   19.9637   20.8974   20.6035
12   19.9297   20.8717   20.6035   21.1214
13   20.5566   21.0789   20.0022   20.0578
14   19.9371   20.5717   19.8296   19.9037
15   20.9937   19.9487   19.8771   20.4977
16   19.7196   20.8198   20.3723   19.8176
17   19.1888   19.8352   19.9624   20.0859
18   20.8035   20.2542   19.65     20.3439
19   20.0768   19.4198   20.0087   19.1272
20   19.6984   18.9701   19.804    18.8948
21   19.8525   20.7978   20.0206   20.9717
22   21.3201   20.1211   20.8528   21.2507
23   19.6997   20.1324   19.5025   20.3368
24   19.9191   19.939    19.8583   18.9299
25   20.81     20.5695   20.6293   19.9277
26   20.1308   20.8754   20.3702   19.7568
27   20.6035   19.8831   19.702    20.2446
28   20.0045   20.6815   19.6982   20.6022
29   19.9494   20.3284   21.1105   19.929
30   19.939    18.9299   19.2084   19.8582
31   19.7637   19.7272   19.4912   19.1385
32   19.493    20.0555   19.6878   19.1796
33   19.8816   18.7761   19.6862   19.4811
34   19.9167   18.9299   19.592    19.8583
35   21.0128   20.1423   19.9059   20.6241
36   19.9947   20.2023   19.4074   19.0756
37   20.1104   19.6209   20.1733   19.0334
38   21.099    21.2733   20.2214   20.2383
39   20.3971   20.3208   20.8982   20.187
40   19.898    19.8798   20.5883   20.3635
41   20.2529   20.0151   19.5042   19.5486
42   21.3149   21.0972   21.2587   20.2729
43   18.7281   18.8923   18.9905   19.8134
44   19.0694   19.0004   19.6789   20.1303
45   19.6916   20.1494   20.8798   20.0356
46   19.8553   20.4976   21.0586   20.452
47   21.267    20.3513   20.3419   20.8996
48   19.8298   19.2084   18.9299   19.8583
49   19.4638   19.8038   20.5102   20.4903
50   20.35     20.3132   19.5024   20.1849
51   19.103    19.8361   18.7032   18.9289
52   19.6994   20.6014   19.487    19.7801
53   21.1241   20.8858   20.536    20.1329
54   21.0336   20.6632   19.8408   20.4747
55   20.5872   21.1687   21.1217   20.1003
56   21.1117   21.3503   21.1184   20.1327
57   20.4876   19.5438   19.9659   20.1383
58   19.7613   19.5129   19.5587   20.366
59   18.9289   19.7995   18.9212   18.7571
60   21.0128   20.1406   21.3391   20.6241
61   20.1445   19.6524   19.009    19.8177
62   18.7818   19.083    19.7581   19.4281
63   19.6108   20.0223   19.5713   18.9299
64   18.6686   18.7741   19.8596   19.0232
65   19.9346   20.3994   21.1334   20.9263
66   18.7571   19.1753   19.7206   19.1433
67   19.8537   19.2781   19.709    20.4903
68   20.4331   19.2567   19.9014   19.9614
69   20.5697   21.3169   20.629    20.8174
70   20.3128   20.3493   20.1963   19.5017

 [*,*,3]
:       1         2         3         4       :=
1    18.9171   18.9462   19.472    19.9925
2    19.5394   19.5934   19.1363   18.7288
3    20.0446   20.0086   19.8407   19.4174
4    20.0294   20.4636   20.5771   20.4184
5    20.5875   20.9512   20.7079   20.3614
6    21.1269   20.6001   20.6341   20.5919
7    19.1748   20.0108   19.5964   18.9827
8    19.5741   19.7518   19.0529   19.6346
9    18.7141   19.8351   19.2524   19.1029
10   20.3557   20.0069   20.6501   20.22
11   21.2182   20.5831   20.9147   21.0685
12   20.4954   20.8478   21.0684   20.7222
13   20.5078   20.0822   19.7497   20.1644
14   19.38     20.3707   20.2189   20.5991
15   20.388    20.3841   20.3873   19.7858
16   18.7421   19.2365   18.7057   19.7358
17   19.5011   20.4918   20.3604   19.953
18   20.9776   20.5877   21.2428   20.7182
19   18.7076   18.9401   19.6078   19.0106
20   20.0033   20.6582   20.5891   19.9651
21   20.3872   20.9728   20.4352   20.3879
22   20.1847   19.935    19.4319   19.5188
23   19.9415   19.453    18.8062   18.9466
24   19.2081   19.8689   20.3772   19.5786
25   20.1131   21.0747   20.4765   20.9461
26   20.4942   20.8427   19.9657   20.4175
27   21.0685   20.454    21.2994   21.2405
28   19.4407   19.5926   19.9699   20.5019
29   19.6661   20.4356   19.7012   19.8084
30   19.8689   19.5786   20.6486   20.3772
31   19.4669   19.9808   18.9408   19.0753
32   18.9459   19.9338   19.9678   19.524
33   20.5418   20.402    21.2167   20.7526
34   19.2544   19.5786   19.9371   20.3772
35   19.4883   20.1427   19.6002   19.8656
36   21.014    20.6347   21.1501   20.5613
37   19.978    20.0835   20.5155   20.0731
38   20.1067   20.3025   19.7259   20.3605
39   19.8169   19.5143   19.4135   18.7703
40   20.0636   20.9702   20.5084   20.5039
41   19.5215   19.8659   18.8581   19.5116
42   20.3211   20.1016   19.5376   19.7606
43   20.3762   19.9813   20.7055   20.5872
44   20.9266   20.7261   21.283    20.5335
45   19.6714   18.8033   19.6867   19.7825
46   19.705    19.1469   19.5649   18.7276
47   19.5373   19.8177   18.8951   19.4156
48   20.0401   20.6486   19.5786   20.3772
49   18.7968   19.7445   19.102    18.7629
50   19.5695   19.4741   18.8649   19.8786
51   20.4518   20.0473   19.6198   19.7723
52   20.2629   21.0702   20.7739   21.3101
53   20.7563   20.8155   20.0591   20.5024
54   19.5336   20.3309   19.7238   19.1379
55   19.8673   20.5639   19.8814   20.1607
56   20.7718   20.1056   19.8727   20.2211
57   19.7972   19.5111   20.366    20.0974
58   20.0057   20.1006   18.902    19.6435
59   19.7723   20.0362   19.2468   19.5964
60   19.4882   20.1446   19.9601   19.8656
61   20.6316   20.0244   20.5581   20.5945
62   20.0178   19.4153   20.0203   20.4382
63   18.8317   19.2268   19.9259   19.5786
64   20.223    20.0068   20.3557   19.8566
65   19.5187   20.5046   19.754    19.9805
66   19.5964   19.408    20.003    18.9514
67   19.6731   18.9088   18.6963   18.7629
68   20.4117   20.6525   20.064    20.9157
69   21.0744   20.3205   20.4788   20.0746
70   19.4737   19.5689   18.827    18.8643
;

radius = 1.35544
softness = 0.5

---------------------------- Solution coords data ----------------------------
distances [*,1,*]
:    1   2   3   4    :=
1    0   1   0   1
2    0   1   0   1
3    0   1   0   1
4    0   1   0   1
5    0   1   0   1
6    0   1   0   1
7    0   1   0   1
8    0   1   0   1
9    0   1   0   1
10   0   1   0   1
11   0   1   0   1
12   0   1   0   1
13   0   1   0   1
14   0   1   0   1
15   0   1   0   1
16   0   1   0   1
17   0   1   0   1
18   0   1   0   1
19   0   1   0   1
20   0   1   0   1
21   0   1   0   1
22   0   1   0   1
23   0   1   0   1
24   0   1   0   1
25   0   1   0   1
26   0   1   0   1
27   0   1   0   1
28   0   1   0   1
29   0   1   0   1
30   0   1   0   1
31   0   1   0   1
32   0   1   0   1
33   0   1   0   1
34   0   1   0   1
35   0   1   0   1
36   0   1   0   1
37   0   1   0   1
38   0   1   0   1
39   0   1   0   1
40   0   1   0   1
41   0   1   0   1
42   0   1   0   1
43   0   1   0   1
44   0   1   0   1
45   0   1   0   1
46   0   1   0   1
47   0   1   0   1
48   0   1   0   1
49   0   1   0   1
50   0   1   0   1
51   0   1   0   1
52   0   1   0   1
53   0   1   0   1
54   0   1   0   1
55   0   1   0   1
56   0   1   0   1
57   0   1   0   1
58   0   1   0   1
59   0   1   0   1
60   0   1   0   1
61   0   1   0   1
62   0   1   0   1
63   0   1   0   1
64   0   1   0   1
65   0   1   0   1
66   0   1   0   1
67   0   1   0   1
68   0   1   0   1
69   0   1   0   1
70   0   1   0   1

 [*,2,*]
:    1   2   3   4    :=
1    0   0   1   1
2    0   0   1   1
3    0   0   1   1
4    0   0   1   1
5    0   0   1   1
6    0   0   1   1
7    0   0   1   1
8    0   0   1   1
9    0   0   1   1
10   0   0   1   1
11   0   0   1   1
12   0   0   1   1
13   0   0   1   1
14   0   0   1   1
15   0   0   1   1
16   0   0   1   1
17   0   0   1   1
18   0   0   1   1
19   0   0   1   1
20   0   0   1   1
21   0   0   1   1
22   0   0   1   1
23   0   0   1   1
24   0   0   1   1
25   0   0   1   1
26   0   0   1   1
27   0   0   1   1
28   0   0   1   1
29   0   0   1   1
30   0   0   1   1
31   0   0   1   1
32   0   0   1   1
33   0   0   1   1
34   0   0   1   1
35   0   0   1   1
36   0   0   1   1
37   0   0   1   1
38   0   0   1   1
39   0   0   1   1
40   0   0   1   1
41   0   0   1   1
42   0   0   1   1
43   0   0   1   1
44   0   0   1   1
45   0   0   1   1
46   0   0   1   1
47   0   0   1   1
48   0   0   1   1
49   0   0   1   1
50   0   0   1   1
51   0   0   1   1
52   0   0   1   1
53   0   0   1   1
54   0   0   1   1
55   0   0   1   1
56   0   0   1   1
57   0   0   1   1
58   0   0   1   1
59   0   0   1   1
60   0   0   1   1
61   0   0   1   1
62   0   0   1   1
63   0   0   1   1
64   0   0   1   1
65   0   0   1   1
66   0   0   1   1
67   0   0   1   1
68   0   0   1   1
69   0   0   1   1
70   0   0   1   1

 [*,3,*]
:    1   2   3   4    :=
1    1   0   0   1
2    1   0   0   1
3    1   0   0   1
4    1   0   0   1
5    1   0   0   1
6    1   0   0   1
7    1   0   0   1
8    1   0   0   1
9    1   0   0   1
10   1   0   0   1
11   1   0   0   1
12   1   0   0   1
13   1   0   0   1
14   1   0   0   1
15   1   0   0   1
16   1   0   0   1
17   1   0   0   1
18   1   0   0   1
19   1   0   0   1
20   1   0   0   1
21   1   0   0   1
22   1   0   0   1
23   1   0   0   1
24   1   0   0   1
25   1   0   0   1
26   1   0   0   1
27   1   0   0   1
28   1   0   0   1
29   1   0   0   1
30   1   0   0   1
31   1   0   0   1
32   1   0   0   1
33   1   0   0   1
34   1   0   0   1
35   1   0   0   1
36   1   0   0   1
37   1   0   0   1
38   1   0   0   1
39   1   0   0   1
40   1   0   0   1
41   1   0   0   1
42   1   0   0   1
43   1   0   0   1
44   1   0   0   1
45   1   0   0   1
46   1   0   0   1
47   1   0   0   1
48   1   0   0   1
49   1   0   0   1
50   1   0   0   1
51   1   0   0   1
52   1   0   0   1
53   1   0   0   1
54   1   0   0   1
55   1   0   0   1
56   1   0   0   1
57   1   0   0   1
58   1   0   0   1
59   1   0   0   1
60   1   0   0   1
61   1   0   0   1
62   1   0   0   1
63   1   0   0   1
64   1   0   0   1
65   1   0   0   1
66   1   0   0   1
67   1   0   0   1
68   1   0   0   1
69   1   0   0   1
70   1   0   0   1

 [*,4,*]
:    1   2   3   4    :=
1    1   1   1   0
2    1   1   1   0
3    1   1   1   0
4    1   1   1   0
5    1   1   1   0
6    1   1   1   0
7    1   1   1   0
8    1   1   1   0
9    1   1   1   0
10   1   1   1   0
11   1   1   1   0
12   1   1   1   0
13   1   1   1   0
14   1   1   1   0
15   1   1   1   0
16   1   1   1   0
17   1   1   1   0
18   1   1   1   0
19   1   1   1   0
20   1   1   1   0
21   1   1   1   0
22   1   1   1   0
23   1   1   1   0
24   1   1   1   0
25   1   1   1   0
26   1   1   1   0
27   1   1   1   0
28   1   1   1   0
29   1   1   1   0
30   1   1   1   0
31   1   1   1   0
32   1   1   1   0
33   1   1   1   0
34   1   1   1   0
35   1   1   1   0
36   1   1   1   0
37   1   1   1   0
38   1   1   1   0
39   1   1   1   0
40   1   1   1   0
41   1   1   1   0
42   1   1   1   0
43   1   1   1   0
44   1   1   1   0
45   1   1   1   0
46   1   1   1   0
47   1   1   1   0
48   1   1   1   0
49   1   1   1   0
50   1   1   1   0
51   1   1   1   0
52   1   1   1   0
53   1   1   1   0
54   1   1   1   0
55   1   1   1   0
56   1   1   1   0
57   1   1   1   0
58   1   1   1   0
59   1   1   1   0
60   1   1   1   0
61   1   1   1   0
62   1   1   1   0
63   1   1   1   0
64   1   1   1   0
65   1   1   1   0
66   1   1   1   0
67   1   1   1   0
68   1   1   1   0
69   1   1   1   0
70   1   1   1   0
;

---------------------------- Solution stats data ----------------------------
_ampl_time = 0.299007
_total_solve_time = 45621.5
_ampl_elapsed_time = 0.294583
_ampl_user_time = 0.260251

Total time elapsed: $45621.47.
_total_solve_time = 45621.5

---------------------------- Solution miscs data ----------------------------
tetrahedron_volume [*] :=
 1 0    8 0   15 0   22 0   29 0   36 0   43 0   50 0   57 0   64 0
 2 0    9 0   16 0   23 0   30 0   37 0   44 0   51 0   58 0   65 0
 3 0   10 0   17 0   24 0   31 0   38 0   45 0   52 0   59 0   66 0
 4 0   11 0   18 0   25 0   32 0   39 0   46 0   53 0   60 0   67 0
 5 0   12 0   19 0   26 0   33 0   40 0   47 0   54 0   61 0   68 0
 6 0   13 0   20 0   27 0   34 0   41 0   48 0   55 0   62 0   69 0
 7 0   14 0   21 0   28 0   35 0   42 0   49 0   56 0   63 0   70 0
;

---------------------------- Solution miscs data ----------------------------
tetrahedron_surface_area [*] :=
 1 1.73205   13 1.73205   25 1.73205   37 1.73205   49 1.73205   61 1.73205
 2 1.73205   14 1.73205   26 1.73205   38 1.73205   50 1.73205   62 1.73205
 3 1.73205   15 1.73205   27 1.73205   39 1.73205   51 1.73205   63 1.73205
 4 1.73205   16 1.73205   28 1.73205   40 1.73205   52 1.73205   64 1.73205
 5 1.73205   17 1.73205   29 1.73205   41 1.73205   53 1.73205   65 1.73205
 6 1.73205   18 1.73205   30 1.73205   42 1.73205   54 1.73205   66 1.73205
 7 1.73205   19 1.73205   31 1.73205   43 1.73205   55 1.73205   67 1.73205
 8 1.73205   20 1.73205   32 1.73205   44 1.73205   56 1.73205   68 1.73205
 9 1.73205   21 1.73205   33 1.73205   45 1.73205   57 1.73205   69 1.73205
10 1.73205   22 1.73205   34 1.73205   46 1.73205   58 1.73205   70 1.73205
11 1.73205   23 1.73205   35 1.73205   47 1.73205   59 1.73205
12 1.73205   24 1.73205   36 1.73205   48 1.73205   60 1.73205
;

