Error at _cmdno 5 executing "solve" command
(file amplin, line 1977, offset 37909):
error processing param distances:
	4080 invalid subscripts discarded:
	distances[46,1,1]
	distances[46,1,2]
	distances[46,1,3]
	and 4077 more.
##### This license is only intended for use by NEOS. #####
##### License is valid until Jan 16, 2026 #####
riables.
Adjusted problem:
5491 variables:
	3510 nonlinear variables
	1981 linear variables
11565 constraints; 66330 nonzeros
	9495 nonlinear constraints
	2070 linear constraints
	1035 equality constraints
	10530 inequality constraints
1 linear objective; 1 nonzero.

Artelys Knitro 14.2.0: threads=4
algorithm=1
ms_enable=1
ms_maxsolves=10
feastol=1e-5
opttol=1e-5
honorbnds=1
bar_initpt=3
bar_murule=4
scale=1
outlev=2
maxtime_real=1200
WARNING:  Option 'threads' is deprecated, please use 'numthreads'.

=======================================
           Academic License
       (NOT FOR COMMERCIAL USE)
         Artelys Knitro 14.2.0
=======================================

No start point provided -- Knitro computing one.

Knitro presolve eliminated 0 variables and 0 constraints.

algorithm                1
bar_initpt               3
bar_murule               4
concurrent_evals         0
datacheck                0
feastol                  1e-05
findiff_numthreads       1
hessian_no_f             1
hessopt                  1
honorbnds                1
maxtime_real             1200
ms_enable                1
ms_maxsolves             10
numthreads               4
opttol                   1e-05

Problem Characteristics                                 (   Presolved)
-----------------------
Objective goal:  Minimize
Objective type:  linear
Number of variables:                               5491 (        5491)
    bounded below only:                             541 (         541)
    bounded above only:                               0 (           0)
    bounded below and above:                          0 (           0)
    fixed:                                            0 (           0)
    free:                                          4950 (        4950)
Number of constraints:                            11565 (       11565)
    linear equalities:                                0 (           0)
    quadratic equalities:                           990 (         990)
    gen. nonlinear equalities:                       45 (          45)
    linear one-sided inequalities:                 2070 (        2070)
    quadratic one-sided inequalities:              8460 (        8460)
    gen. nonlinear one-sided inequalities:            0 (           0)
    linear two-sided inequalities:                    0 (           0)
    quadratic two-sided inequalities:                 0 (           0)
    gen. nonlinear two-sided inequalities:            0 (           0)
Number of nonzeros in Jacobian:                   66330 (       66330)
Number of nonzeros in Hessian:                    30240 (       30240)

Knitro parallel multistart will run with 4 threads.

Return codes description
------------------------
  0:  The final solution satisfies the termination conditions for verifying optimality.
  -100 to -199:  A feasible approximate solution was found.
  -200 to -299:  Knitro terminated at an infeasible point.
  -300 to -301:  The problem was determined to be unbounded.
  -400 to -499:  Knitro terminated because it reached a pre-defined limit.
    -400 to -409:  A feasible point was found.
    -410 to -419:  No feasible point was found.
  -500 to -599:  Knitro terminated with an input error or some non-standard error.
A more detailed description of individual return codes and their corresponding
termination messages is provided at
https://www.artelys.com/app/docs/knitro/3_referenceManual/returnCodes.html

 Solve #  ThreadID  Status     Objective      FeasError    OptError    Real Time 
--------  --------  ------  --------------   ----------   ----------  ----------
      0          0       0         1.73754  1.40046e-06  9.67801e-06      665.354
      2          2    -410         419.025  1.46837e-02  7.33223e-03      2865.63
      3          3    -410         325.274  5.36802e-02  1.86750e-02      2851.14
      9          1    -410         491.132  3.84743e-02     0.177317      1767.08
      1          1    -410         1363.70  1.07760e-02     0.181743      2930.46
      4          0    -410         700.935  1.94564e-02     0.363317      2980.37
      5          3    -410         23573.2     0.150813      1.52015      2961.50
      7          1    -410         5820.73  3.06725e-02      4.81108      2781.42
      6          2    -410         27224.6     0.458626      95.2137      2914.38
      8          0    -410         26269.5     0.136131      230.459      2791.50

MULTISTART: Best locally optimal solution is returned.
EXIT: Locally optimal solution found.

Final Statistics
----------------
Final objective value               =   1.73754062515135e+00
Final feasibility error (abs / rel) =   1.40e-06 / 7.60e-08
Final optimality error  (abs / rel) =   9.68e-06 / 9.68e-06
# of iterations                     =      93119 
# of CG iterations                  =          0 
# of function evaluations           =     143904
# of gradient evaluations           =      93351
# of Hessian evaluations            =      93201
Total program time (secs)           =    7481.03076 ( 20101.666 CPU time)

===============================================================================

Knitro 14.2.0: Locally optimal or satisfactory solution.
objective 1.737540625; feasibility error 1.4e-06
93119 iterations; 143904 function evaluations

suffix feaserror OUT;
suffix opterror OUT;
suffix numfcevals OUT;
suffix numiters OUT;
---------------------------- Container and geometric considerations  ----------------------------
Container type: cube
Structural conservation type: volume & surface
---------------------------- Solution execution data ----------------------------
solve_result_num = 0
solve_result = solved

---------------------------- Solution data ----------------------------
card(figures) = 45

coords [*,*,1]
:       1         2         3         4       :=
1    19.4617   20.2673   19.45     20.3097
2    20.0844   20.8688   20.8688   20.1325
3    19.6977   20.4793   20.6641   19.9833
4    20.199    19.9954   19.8367   19.2156
5    19.3174   20.2673   19.1312   19.4617
6    20.3128   19.4804   19.1331   19.9132
7    19.7877   20.8688   20.8688   20.3457
8    20.2507   19.1518   19.7012   19.3077
9    20.8688   20.8688   20.8688   20.1575
10   19.8421   19.1312   19.1312   19.1312
11   19.4605   19.1312   19.5697   19.8349
12   19.1312   19.1312   19.1312   19.4416
13   20.8688   20.8688   20.2736   20.8688
14   20.8688   20.1312   20.8688   20.8688
15   20.121    19.7739   20.6746   20.8688
16   19.9956   20.2651   19.7783   19.3669
17   19.1667   19.7075   19.3903   19.4504
18   20.0851   20.1988   19.6171   20.8688
19   19.6141   20.0942   19.7106   20.6149
20   19.7171   19.7359   20.4261   19.2512
21   20.0835   19.6398   19.1312   20.3158
22   19.1312   20.2226   19.2796   19.9065
23   19.1312   20.2062   20.3108   19.6395
24   19.5509   19.9825   19.9989   20.7898
25   20.8688   20.8688   20.2825   19.9105
26   20.5642   20.098    19.6094   20.8161
27   19.7637   19.3639   20.2209   19.1312
28   20.3503   19.3633   20.2625   19.6196
29   20.8688   20.0067   20.5976   20.8379
30   20.6119   20.8688   19.6736   20.8688
31   19.5249   19.1312   19.1322   19.5765
32   20.5129   20.6647   20.5488   19.8642
33   19.1312   19.5694   19.6977   20.1885
34   19.3343   19.1312   19.9665   19.1312
35   19.6657   20.2651   19.7018   19.4959
36   19.1312   19.1312   19.7016   19.2796
37   19.5032   20.7675   20.334    20.0809
38   20.8688   20.8688   19.9463   20.73
39   20.3003   20.0803   20.8273   19.5796
40   20.0583   20.8688   20.8688   20.8688
41   19.1383   20.3346   20.0661   19.5366
42   19.6086   20.6747   20.2062   20.8688
43   19.7045   20.8688   20.1456   20.2633
44   19.1312   19.3245   19.1312   19.392
45   20.6119   19.6736   20.8688   20.0152

 [*,*,2]
:       1         2         3         4       :=
1    20.8688   20.8688   20.1343   20.8688
2    19.6372   20.0269   20.6295   20.8688
3    20.1394   20.7679   20.5588   20.0496
4    19.7768   20.1119   19.6278   19.1312
5    20.0342   20.8688   20.6194   20.8688
6    20.8688   20.141    20.8496   20.7649
7    20.1805   19.864    20.6368   19.7179
8    20.8688   20.8688   20.8679   20.0261
9    19.7256   19.8467   20.2067   19.1665
10   19.7685   20.4101   20.2005   19.1452
11   20.1273   19.1312   19.4542   19.7621
12   20.3802   20.8484   19.627    20.1942
13   20.8688   19.9631   20.8688   20.8688
14   19.7256   19.1458   19.8467   19.1312
15   20.8688   20.1172   20.8688   19.8545
16   20.8688   20.5957   19.7866   20.2224
17   19.2438   20.1259   20.4786   20.0547
18   19.5539   20.7857   20.729    20.5468
19   19.9734   20.0516   19.5494   20.0703
20   19.158    19.6466   19.5901   19.1772
21   19.5501   20.7346   20.3745   20.7359
22   20.8688   20.8437   20.001    20.8688
23   19.1312   19.1312   19.554    19.1312
24   19.6092   19.3195   20.1187   19.8409
25   20.8063   19.8053   20.8688   20.1692
26   20.5082   20.0903   19.973    20.1403
27   19.1329   19.1341   19.6256   19.1312
28   19.9009   19.1312   19.6203   19.566
29   20.8688   20.1509   20.4676   19.9409
30   19.9597   19.1312   19.1312   19.1312
31   20.1538   19.1312   19.1315   19.5518
32   19.8734   19.583    20.1756   19.1312
33   20.8654   20.1838   20.1394   20.7295
34   19.1689   19.1319   20.0818   20.2606
35   19.5996   20.5957   20.1426   20.1788
36   20.8688   20.8688   20.8688   20.001
37   20.0313   20.0537   20.7289   19.5479
38   19.1312   20.0175   19.3781   20.371
39   20.2766   19.1312   19.2848   19.4763
40   19.1312   19.8252   19.1312   19.1312
41   20.4022   20.7294   19.5519   20.0594
42   19.2401   19.9208   19.1312   19.1312
43   20.1431   20.6374   20.7272   20.8202
44   19.2608   19.632    20.2112   20.4728
45   19.9597   19.1312   19.1312   19.2008

 [*,*,3]
:       1         2         3         4       :=
1    20.7351   19.7599   19.8239   20.3909
2    19.1517   19.6276   19.1513   19.436
3    20.8688   20.0981   20.8468   19.9102
4    20.2116   20.8505   19.6928   20.6765
5    19.7956   19.7599   20.257    20.7351
6    20.3897   19.8571   20.8457   20.8688
7    20.8688   20.8688   20.8688   20.1745
8    19.7694   19.1429   20.0825   19.7962
9    19.5476   20.8067   19.9581   20.0681
10   19.1312   19.1312   19.8286   19.1312
11   19.5883   19.1312   20.2729   19.1312
12   19.6567   20.8318   20.5026   20.8688
13   20.2864   19.678    19.3452   19.1312
14   19.5476   20.0874   20.8067   19.7637
15   19.495    19.5978   19.9792   19.6051
16   19.2865   20.3093   19.9044   19.5006
17   20.2855   20.8622   20.444    19.6257
18   19.1312   19.3954   19.1312   19.1312
19   20.7625   19.6043   19.578    20.2928
20   19.693    20.8596   20.6473   20.8688
21   19.1329   19.1422   19.2498   19.507
22   19.1312   19.7702   19.797    19.1312
23   20.8688   20.2371   20.6957   19.7105
24   20.8688   19.9394   20.8688   20.7617
25   20.3593   19.586    19.9401   19.834
26   20.8688   19.7697   20.7373   20.3971
27   19.1312   20.3313   19.5414   19.1312
28   20.1568   20.3399   19.5968   19.1801
29   20.4075   19.8232   20.8143   19.6897
30   19.5771   19.1312   19.3945   19.7637
31   19.767    20.399    19.1341   20.2413
32   19.5583   20.7801   20.1128   19.911
33   20.8688   19.9379   20.8688   20.8688
34   20.263    20.8688   20.8688   20.8688
35   19.8107   20.3093   20.8647   19.6221
36   20.3961   19.1312   20.0828   19.797
37   19.615    19.5824   19.5076   19.132
38   19.1312   19.637    19.1312   19.1312
39   19.7946   19.3049   19.2126   19.1312
40   20.096    20.7754   19.7637   20.8688
41   19.2587   19.5075   19.1312   19.6107
42   20.8688   20.8688   20.2371   20.8688
43   20.8665   20.8688   19.8349   20.8688
44   20.6672   19.4736   19.8325   20.4161
45   19.5771   19.3945   19.7637   20.1191
;

side = 1.73754
softness = 0.6

---------------------------- Solution coords data ----------------------------
distances [*,1,*]
:    1   2   3   4    :=
1    0   1   0   1
2    0   1   0   1
3    0   1   0   1
4    0   1   0   1
5    0   1   0   1
6    0   1   0   1
7    0   1   0   1
8    0   1   0   1
9    0   1   0   1
10   0   1   0   1
11   0   1   0   1
12   0   1   0   1
13   0   1   0   1
14   0   1   0   1
15   0   1   0   1
16   0   1   0   1
17   0   1   0   1
18   0   1   0   1
19   0   1   0   1
20   0   1   0   1
21   0   1   0   1
22   0   1   0   1
23   0   1   0   1
24   0   1   0   1
25   0   1   0   1
26   0   1   0   1
27   0   1   0   1
28   0   1   0   1
29   0   1   0   1
30   0   1   0   1
31   0   1   0   1
32   0   1   0   1
33   0   1   0   1
34   0   1   0   1
35   0   1   0   1
36   0   1   0   1
37   0   1   0   1
38   0   1   0   1
39   0   1   0   1
40   0   1   0   1
41   0   1   0   1
42   0   1   0   1
43   0   1   0   1
44   0   1   0   1
45   0   1   0   1

 [*,2,*]
:    1   2   3   4    :=
1    0   0   1   1
2    0   0   1   1
3    0   0   1   1
4    0   0   1   1
5    0   0   1   1
6    0   0   1   1
7    0   0   1   1
8    0   0   1   1
9    0   0   1   1
10   0   0   1   1
11   0   0   1   1
12   0   0   1   1
13   0   0   1   1
14   0   0   1   1
15   0   0   1   1
16   0   0   1   1
17   0   0   1   1
18   0   0   1   1
19   0   0   1   1
20   0   0   1   1
21   0   0   1   1
22   0   0   1   1
23   0   0   1   1
24   0   0   1   1
25   0   0   1   1
26   0   0   1   1
27   0   0   1   1
28   0   0   1   1
29   0   0   1   1
30   0   0   1   1
31   0   0   1   1
32   0   0   1   1
33   0   0   1   1
34   0   0   1   1
35   0   0   1   1
36   0   0   1   1
37   0   0   1   1
38   0   0   1   1
39   0   0   1   1
40   0   0   1   1
41   0   0   1   1
42   0   0   1   1
43   0   0   1   1
44   0   0   1   1
45   0   0   1   1

 [*,3,*]
:    1   2   3   4    :=
1    1   0   0   1
2    1   0   0   1
3    1   0   0   1
4    1   0   0   1
5    1   0   0   1
6    1   0   0   1
7    1   0   0   1
8    1   0   0   1
9    1   0   0   1
10   1   0   0   1
11   1   0   0   1
12   1   0   0   1
13   1   0   0   1
14   1   0   0   1
15   1   0   0   1
16   1   0   0   1
17   1   0   0   1
18   1   0   0   1
19   1   0   0   1
20   1   0   0   1
21   1   0   0   1
22   1   0   0   1
23   1   0   0   1
24   1   0   0   1
25   1   0   0   1
26   1   0   0   1
27   1   0   0   1
28   1   0   0   1
29   1   0   0   1
30   1   0   0   1
31   1   0   0   1
32   1   0   0   1
33   1   0   0   1
34   1   0   0   1
35   1   0   0   1
36   1   0   0   1
37   1   0   0   1
38   1   0   0   1
39   1   0   0   1
40   1   0   0   1
41   1   0   0   1
42   1   0   0   1
43   1   0   0   1
44   1   0   0   1
45   1   0   0   1

 [*,4,*]
:    1   2   3   4    :=
1    1   1   1   0
2    1   1   1   0
3    1   1   1   0
4    1   1   1   0
5    1   1   1   0
6    1   1   1   0
7    1   1   1   0
8    1   1   1   0
9    1   1   1   0
10   1   1   1   0
11   1   1   1   0
12   1   1   1   0
13   1   1   1   0
14   1   1   1   0
15   1   1   1   0
16   1   1   1   0
17   1   1   1   0
18   1   1   1   0
19   1   1   1   0
20   1   1   1   0
21   1   1   1   0
22   1   1   1   0
23   1   1   1   0
24   1   1   1   0
25   1   1   1   0
26   1   1   1   0
27   1   1   1   0
28   1   1   1   0
29   1   1   1   0
30   1   1   1   0
31   1   1   1   0
32   1   1   1   0
33   1   1   1   0
34   1   1   1   0
35   1   1   1   0
36   1   1   1   0
37   1   1   1   0
38   1   1   1   0
39   1   1   1   0
40   1   1   1   0
41   1   1   1   0
42   1   1   1   0
43   1   1   1   0
44   1   1   1   0
45   1   1   1   0
;

---------------------------- Solution stats data ----------------------------
_ampl_time = 0.117453
_total_solve_time = 20102
_ampl_elapsed_time = 0.111743
_ampl_user_time = 0.100701

Total time elapsed: $20101.97.
_total_solve_time = 20102

---------------------------- Solution miscs data ----------------------------
tetrahedron_volume [*] :=
 1 0    6 0   11 0   16 0   21 0   26 0   31 0   36 0   41 0
 2 0    7 0   12 0   17 0   22 0   27 0   32 0   37 0   42 0
 3 0    8 0   13 0   18 0   23 0   28 0   33 0   38 0   43 0
 4 0    9 0   14 0   19 0   24 0   29 0   34 0   39 0   44 0
 5 0   10 0   15 0   20 0   25 0   30 0   35 0   40 0   45 0
;

---------------------------- Solution miscs data ----------------------------
tetrahedron_surface_area [*] :=
 1 1.73205    9 1.73205   17 1.73205   25 1.73205   33 1.73205   41 1.73205
 2 1.73205   10 1.73205   18 1.73205   26 1.73205   34 1.73205   42 1.73205
 3 1.73205   11 1.73205   19 1.73205   27 1.73205   35 1.73205   43 1.73205
 4 1.73205   12 1.73205   20 1.73205   28 1.73205   36 1.73205   44 1.73205
 5 1.73205   13 1.73205   21 1.73205   29 1.73205   37 1.73205   45 1.73205
 6 1.73205   14 1.73205   22 1.73205   30 1.73205   38 1.73205
 7 1.73205   15 1.73205   23 1.73205   31 1.73205   39 1.73205
 8 1.73205   16 1.73205   24 1.73205   32 1.73205   40 1.73205
;

