Error at _cmdno 5 executing "solve" command
(file amplin, line 1977, offset 37909):
error processing param distances:
	4000 invalid subscripts discarded:
	distances[51,1,1]
	distances[51,1,2]
	distances[51,1,3]
	and 3997 more.
##### This license is only intended for use by NEOS. #####
##### License is valid until Jan 16, 2026 #####
riables.
Adjusted problem:
6726 variables:
	4275 nonlinear variables
	2451 linear variables
14100 constraints; 81325 nonzeros
	11675 nonlinear constraints
	2425 linear constraints
	1275 equality constraints
	12825 inequality constraints
1 linear objective; 1 nonzero.

Artelys Knitro 14.2.0: threads=4
algorithm=1
ms_enable=1
ms_maxsolves=10
feastol=1e-5
opttol=1e-5
honorbnds=1
bar_initpt=3
bar_murule=4
scale=1
outlev=2
maxtime_real=1200
WARNING:  Option 'threads' is deprecated, please use 'numthreads'.

=======================================
           Academic License
       (NOT FOR COMMERCIAL USE)
         Artelys Knitro 14.2.0
=======================================

No start point provided -- Knitro computing one.

Knitro presolve eliminated 0 variables and 0 constraints.

algorithm                1
bar_initpt               3
bar_murule               4
concurrent_evals         0
datacheck                0
feastol                  1e-05
findiff_numthreads       1
hessian_no_f             1
hessopt                  1
honorbnds                1
maxtime_real             1200
ms_enable                1
ms_maxsolves             10
numthreads               4
opttol                   1e-05

Problem Characteristics                                 (   Presolved)
-----------------------
Objective goal:  Minimize
Objective type:  linear
Number of variables:                               6726 (        6726)
    bounded below only:                             601 (         601)
    bounded above only:                               0 (           0)
    bounded below and above:                          0 (           0)
    fixed:                                            0 (           0)
    free:                                          6125 (        6125)
Number of constraints:                            14100 (       14100)
    linear equalities:                                0 (           0)
    quadratic equalities:                          1225 (        1225)
    gen. nonlinear equalities:                       50 (          50)
    linear one-sided inequalities:                 2425 (        2425)
    quadratic one-sided inequalities:             10400 (       10400)
    gen. nonlinear one-sided inequalities:            0 (           0)
    linear two-sided inequalities:                    0 (           0)
    quadratic two-sided inequalities:                 0 (           0)
    gen. nonlinear two-sided inequalities:            0 (           0)
Number of nonzeros in Jacobian:                   81325 (       81325)
Number of nonzeros in Hessian:                    36975 (       36975)

Knitro parallel multistart will run with 4 threads.

Return codes description
------------------------
  0:  The final solution satisfies the termination conditions for verifying optimality.
  -100 to -199:  A feasible approximate solution was found.
  -200 to -299:  Knitro terminated at an infeasible point.
  -300 to -301:  The problem was determined to be unbounded.
  -400 to -499:  Knitro terminated because it reached a pre-defined limit.
    -400 to -409:  A feasible point was found.
    -410 to -419:  No feasible point was found.
  -500 to -599:  Knitro terminated with an input error or some non-standard error.
A more detailed description of individual return codes and their corresponding
termination messages is provided at
https://www.artelys.com/app/docs/knitro/3_referenceManual/returnCodes.html

 Solve #  ThreadID  Status     Objective      FeasError    OptError    Real Time 
--------  --------  ------  --------------   ----------   ----------  ----------
      6          3    -202         611.907      6380.66      5.99721      182.948
      2          2    -202         1008.52      35225.1      82.1572      288.701
      0          0       0         1.04826  2.18649e-07  4.38651e-06      1390.63
      3          3    -410         744.812  3.19835e-03  6.33339e-02      2936.82
      8          1    -410         521.872  1.94513e-03  1.46153e-02      2928.03
      7          3    -410         4552.04     0.489176      1.22627      3400.51
      1          1    -410         2111.73     0.640442     0.760479      3965.89
      4          2    -410         21658.5     0.218900     0.258333      3955.38
      9          2    -410         2696.25     0.196235      3.40222      2952.29
      5          0    -410         27957.0  5.12027e-02      1669.40      4105.82

MULTISTART: Best locally optimal solution is returned.
EXIT: Locally optimal solution found.

Final Statistics
----------------
Final objective value               =   1.04826140544838e+00
Final feasibility error (abs / rel) =   2.19e-07 / 1.20e-08
Final optimality error  (abs / rel) =   4.39e-06 / 4.39e-06
# of iterations                     =      75372 
# of CG iterations                  =          0 
# of function evaluations           =     118418
# of gradient evaluations           =      75665
# of Hessian evaluations            =      75443
Total program time (secs)           =    7198.86572 ( 16491.115 CPU time)

===============================================================================

Knitro 14.2.0: Locally optimal or satisfactory solution.
objective 1.048261405; feasibility error 2.19e-07
75372 iterations; 118418 function evaluations

suffix feaserror OUT;
suffix opterror OUT;
suffix numfcevals OUT;
suffix numiters OUT;
---------------------------- Container and geometric considerations  ----------------------------
Container type: cube
Structural conservation type: volume & surface
---------------------------- Solution execution data ----------------------------
solve_result_num = 0
solve_result = solved

---------------------------- Solution data ----------------------------
card(figures) = 50

coords [*,*,1]
:       1         2         3         4       :=
1    19.4759   20.185    20.4246   19.4759
2    20.5241   20.0182   20.5241   20.2125
3    19.6622   20.4985   20.2922   19.5147
4    20.5241   19.4759   20.278    19.4759
5    19.4759   20.185    19.4759   20.4246
6    20.185    19.4759   20.5241   20.4246
7    20.505    20.5238   19.4772   19.8111
8    20.5241   20.0182   20.2125   20.5241
9    20.0182   20.5241   20.5241   20.2125
10   20.4242   19.4759   19.5945   19.4759
11   20.2965   19.6734   20.4956   19.5105
12   19.5181   19.6522   20.2883   20.5014
13   19.4759   20.278    19.4759   20.5241
14   20.2125   20.0182   20.5241   20.5241
15   19.4759   20.278    20.5241   19.4759
16   20.5241   20.5241   20.2125   20.0182
17   19.4759   19.4759   20.278    20.5241
18   20.2887   19.5229   19.646    20.5016
19   20.185    19.4759   20.3702   19.4759
20   20.2125   20.5241   20.5241   20.0182
21   20.5241   19.4759   20.278    19.4759
22   19.4759   19.4759   19.4759   19.4759
23   20.5241   20.5241   20.2125   20.0182
24   20.5241   20.3613   20.5241   20.0185
25   20.5241   20.2125   20.0182   20.5241
26   20.2879   20.502    19.6404   19.5258
27   19.6373   20.5007   19.5285   20.2895
28   19.4759   19.4759   19.4759   19.4759
29   20.3702   19.4759   20.185    19.4759
30   20.5241   20.5241   20.0182   20.5241
31   19.4759   19.4759   19.4759   19.4759
32   20.5241   20.5241   20.2125   20.0182
33   20.3711   20.1847   19.4759   19.4759
34   20.5241   20.0182   20.2125   20.5241
35   19.4759   20.185    20.4246   19.4759
36   20.366    19.517    20.34     19.5217
37   19.4759   20.3784   19.4759   20.1816
38   20.185    20.3702   19.4759   19.4759
39   20.104    20.5241   19.4759   19.4759
40   19.4759   19.4759   19.4759   19.4759
41   19.4913   19.4905   19.4965   20.4948
42   19.4759   19.4759   19.4759   19.4759
43   20.5241   20.2125   20.0182   20.5241
44   20.419    19.4768   19.4764   20.1196
45   19.4759   19.4759   19.4759   19.4759
46   20.3702   20.5241   20.5241   20.185
47   20.1848   19.4759   19.4759   20.3704
48   20.0182   20.5241   20.5241   20.2125
49   20.0182   20.5241   20.2125   20.5241
50   19.4759   20.1844   20.3727   19.4759

 [*,*,2]
:       1         2         3         4       :=
1    19.9408   19.8215   19.9803   20.1215
2    20.5241   19.4759   20.0023   19.4759
3    19.9427   20.495    20.1606   20.1288
4    20.5241   19.927    20.1958   20.5241
5    19.9408   19.8215   20.1215   19.9803
6    19.8215   20.1215   20.5241   19.9803
7    20.5235   20.524    20.1221   20.0037
8    20.0023   19.4759   19.4759   20.5241
9    19.4759   20.5241   20.0023   19.4759
10   19.9794   19.4886   19.731    20.1209
11   20.1516   19.9303   20.4837   20.1243
12   20.1324   19.9524   20.1684   20.5042
13   20.5241   20.1958   19.927    20.5241
14   19.4759   19.4759   20.0023   20.5241
15   20.5241   20.1958   20.5241   19.927
16   20.0023   20.5241   19.4759   19.4759
17   19.927    20.5241   20.1958   20.5241
18   20.1763   20.136    19.9595   20.5105
19   19.8215   19.4759   19.6833   19.6529
20   19.4759   20.0023   20.5241   19.4759
21   20.5241   20.5241   20.1958   19.927
22   20.5211   20.5203   19.5722   19.7105
23   20.0023   20.5241   19.4759   19.4759
24   20.5204   19.4759   20.0007   19.4759
25   20.0023   19.4759   19.4759   20.5241
26   20.1828   20.5147   19.9644   20.1386
27   19.967    20.5165   20.1406   20.189
28   20.5208   19.7048   19.5663   20.5216
29   19.6833   19.4759   19.8215   19.6529
30   19.4759   20.5241   19.4759   19.6574
31   20.5211   19.7106   19.5721   20.5203
32   20.5241   20.0023   19.4759   19.4759
33   19.6886   19.8215   19.6528   19.4774
34   20.5241   19.4759   19.4759   20.0023
35   20.1215   19.8215   19.9803   19.9408
36   20.5241   20.5241   20.5241   20.5241
37   19.6522   19.7303   19.4884   19.8217
38   19.8215   19.6833   19.6529   19.4759
39   20.5241   20.5241   19.927    20.1215
40   19.5724   20.5211   19.7105   20.5203
41   20.5225   20.5216   19.95     20.5211
42   19.7104   20.5211   20.5203   19.5723
43   20.5241   19.4759   19.4759   20.0023
44   19.9714   19.6484   19.4887   19.8303
45   19.5722   19.7107   20.5203   20.5211
46   19.6833   20.5241   20.5241   19.8215
47   19.8215   19.4759   19.6529   19.6849
48   19.4759   20.0023   20.5241   19.4759
49   19.4759   20.0023   19.4759   20.5241
50   19.4808   19.8215   19.6977   19.6526

 [*,*,3]
:       1         2         3         4       :=
1    19.5503   19.4759   20.5241   20.5241
2    19.4759   19.4759   20.5241   20.2846
3    19.5626   20.4805   19.478    20.5077
4    19.9074   19.4759   19.4759   20.5241
5    19.5503   19.4759   20.5241   20.5241
6    19.4759   20.5241   20.5241   20.5241
7    20.5239   19.9088   20.5241   19.4761
8    20.5241   19.4759   20.2846   19.4759
9    19.4759   19.4759   20.5241   20.2846
10   20.524    20.5241   19.4759   20.5241
11   19.4776   19.5336   20.4637   20.5031
12   20.5115   19.5876   19.4784   20.4937
13   20.5241   19.4759   19.4759   19.9074
14   20.2846   19.4759   20.5241   19.4759
15   20.5241   19.4759   19.9074   19.4759
16   20.5241   19.4759   20.2846   19.4759
17   19.4759   20.5241   19.4759   19.9074
18   19.4789   20.5143   19.6024   20.5028
19   19.4759   20.5241   20.5241   19.4998
20   20.2846   20.5241   19.4759   19.4759
21   19.9074   20.5241   19.4759   19.4759
22   20.4829   19.4824   20.4485   19.4821
23   20.5241   19.4759   20.2846   19.4759
24   19.4805   20.3364   20.5241   19.4768
25   20.5241   20.2846   19.4759   19.4759
26   19.4798   20.5064   19.6115   20.5168
27   19.6127   20.5063   20.5185   19.4814
28   19.4829   19.4859   20.4441   20.4781
29   20.5241   20.5241   19.4759   19.4998
30   19.4759   19.4759   19.4759   20.5241
31   20.4832   19.4821   20.4482   19.4824
32   19.4759   20.5241   20.2846   19.4759
33   20.5241   19.4759   19.5007   20.5241
34   19.4759   19.4759   20.2846   20.5241
35   20.5241   19.4759   20.5241   19.5503
36   20.518    20.52     19.4803   19.4801
37   19.5093   20.5238   20.5241   19.476
38   19.4759   20.5241   19.4998   20.5241
39   20.5241   19.9074   19.4759   20.5241
40   20.4486   20.483    19.4821   19.4824
41   20.4969   19.477    19.4767   19.5911
42   19.4821   20.4829   19.4824   20.4486
43   19.4759   20.2846   19.4759   20.5241
44   20.5224   19.5963   20.524    19.4763
45   20.4483   19.4821   19.4824   20.4833
46   20.5241   19.4759   20.5241   19.4759
47   19.4759   20.5241   19.5      20.5241
48   19.4759   20.5241   19.4759   20.2846
49   19.4759   20.5241   20.2846   19.4759
50   20.5241   19.4759   20.5241   19.5025
;

side = 1.04826
softness = 0.85

---------------------------- Solution coords data ----------------------------
distances [*,1,*]
:    1   2   3   4    :=
1    0   1   0   1
2    0   1   0   1
3    0   1   0   1
4    0   1   0   1
5    0   1   0   1
6    0   1   0   1
7    0   1   0   1
8    0   1   0   1
9    0   1   0   1
10   0   1   0   1
11   0   1   0   1
12   0   1   0   1
13   0   1   0   1
14   0   1   0   1
15   0   1   0   1
16   0   1   0   1
17   0   1   0   1
18   0   1   0   1
19   0   1   0   1
20   0   1   0   1
21   0   1   0   1
22   0   1   0   1
23   0   1   0   1
24   0   1   0   1
25   0   1   0   1
26   0   1   0   1
27   0   1   0   1
28   0   1   0   1
29   0   1   0   1
30   0   1   0   1
31   0   1   0   1
32   0   1   0   1
33   0   1   0   1
34   0   1   0   1
35   0   1   0   1
36   0   1   0   1
37   0   1   0   1
38   0   1   0   1
39   0   1   0   1
40   0   1   0   1
41   0   1   0   1
42   0   1   0   1
43   0   1   0   1
44   0   1   0   1
45   0   1   0   1
46   0   1   0   1
47   0   1   0   1
48   0   1   0   1
49   0   1   0   1
50   0   1   0   1

 [*,2,*]
:    1   2   3   4    :=
1    0   0   1   1
2    0   0   1   1
3    0   0   1   1
4    0   0   1   1
5    0   0   1   1
6    0   0   1   1
7    0   0   1   1
8    0   0   1   1
9    0   0   1   1
10   0   0   1   1
11   0   0   1   1
12   0   0   1   1
13   0   0   1   1
14   0   0   1   1
15   0   0   1   1
16   0   0   1   1
17   0   0   1   1
18   0   0   1   1
19   0   0   1   1
20   0   0   1   1
21   0   0   1   1
22   0   0   1   1
23   0   0   1   1
24   0   0   1   1
25   0   0   1   1
26   0   0   1   1
27   0   0   1   1
28   0   0   1   1
29   0   0   1   1
30   0   0   1   1
31   0   0   1   1
32   0   0   1   1
33   0   0   1   1
34   0   0   1   1
35   0   0   1   1
36   0   0   1   1
37   0   0   1   1
38   0   0   1   1
39   0   0   1   1
40   0   0   1   1
41   0   0   1   1
42   0   0   1   1
43   0   0   1   1
44   0   0   1   1
45   0   0   1   1
46   0   0   1   1
47   0   0   1   1
48   0   0   1   1
49   0   0   1   1
50   0   0   1   1

 [*,3,*]
:    1   2   3   4    :=
1    1   0   0   1
2    1   0   0   1
3    1   0   0   1
4    1   0   0   1
5    1   0   0   1
6    1   0   0   1
7    1   0   0   1
8    1   0   0   1
9    1   0   0   1
10   1   0   0   1
11   1   0   0   1
12   1   0   0   1
13   1   0   0   1
14   1   0   0   1
15   1   0   0   1
16   1   0   0   1
17   1   0   0   1
18   1   0   0   1
19   1   0   0   1
20   1   0   0   1
21   1   0   0   1
22   1   0   0   1
23   1   0   0   1
24   1   0   0   1
25   1   0   0   1
26   1   0   0   1
27   1   0   0   1
28   1   0   0   1
29   1   0   0   1
30   1   0   0   1
31   1   0   0   1
32   1   0   0   1
33   1   0   0   1
34   1   0   0   1
35   1   0   0   1
36   1   0   0   1
37   1   0   0   1
38   1   0   0   1
39   1   0   0   1
40   1   0   0   1
41   1   0   0   1
42   1   0   0   1
43   1   0   0   1
44   1   0   0   1
45   1   0   0   1
46   1   0   0   1
47   1   0   0   1
48   1   0   0   1
49   1   0   0   1
50   1   0   0   1

 [*,4,*]
:    1   2   3   4    :=
1    1   1   1   0
2    1   1   1   0
3    1   1   1   0
4    1   1   1   0
5    1   1   1   0
6    1   1   1   0
7    1   1   1   0
8    1   1   1   0
9    1   1   1   0
10   1   1   1   0
11   1   1   1   0
12   1   1   1   0
13   1   1   1   0
14   1   1   1   0
15   1   1   1   0
16   1   1   1   0
17   1   1   1   0
18   1   1   1   0
19   1   1   1   0
20   1   1   1   0
21   1   1   1   0
22   1   1   1   0
23   1   1   1   0
24   1   1   1   0
25   1   1   1   0
26   1   1   1   0
27   1   1   1   0
28   1   1   1   0
29   1   1   1   0
30   1   1   1   0
31   1   1   1   0
32   1   1   1   0
33   1   1   1   0
34   1   1   1   0
35   1   1   1   0
36   1   1   1   0
37   1   1   1   0
38   1   1   1   0
39   1   1   1   0
40   1   1   1   0
41   1   1   1   0
42   1   1   1   0
43   1   1   1   0
44   1   1   1   0
45   1   1   1   0
46   1   1   1   0
47   1   1   1   0
48   1   1   1   0
49   1   1   1   0
50   1   1   1   0
;

---------------------------- Solution stats data ----------------------------
_ampl_time = 0.11474
_total_solve_time = 16491.4
_ampl_elapsed_time = 0.181019
_ampl_user_time = 0.097623

Total time elapsed: $16491.36.
_total_solve_time = 16491.4

---------------------------- Solution miscs data ----------------------------
tetrahedron_volume [*] :=
 1 0    6 0   11 0   16 0   21 0   26 0   31 0   36 0   41 0   46 0
 2 0    7 0   12 0   17 0   22 0   27 0   32 0   37 0   42 0   47 0
 3 0    8 0   13 0   18 0   23 0   28 0   33 0   38 0   43 0   48 0
 4 0    9 0   14 0   19 0   24 0   29 0   34 0   39 0   44 0   49 0
 5 0   10 0   15 0   20 0   25 0   30 0   35 0   40 0   45 0   50 0
;

---------------------------- Solution miscs data ----------------------------
tetrahedron_surface_area [*] :=
 1 1.73205   10 1.73205   19 1.73205   28 1.73205   37 1.73205   46 1.73205
 2 1.73205   11 1.73205   20 1.73205   29 1.73205   38 1.73205   47 1.73205
 3 1.73205   12 1.73205   21 1.73205   30 1.73205   39 1.73205   48 1.73205
 4 1.73205   13 1.73205   22 1.73205   31 1.73205   40 1.73205   49 1.73205
 5 1.73205   14 1.73205   23 1.73205   32 1.73205   41 1.73205   50 1.73205
 6 1.73205   15 1.73205   24 1.73205   33 1.73205   42 1.73205
 7 1.73205   16 1.73205   25 1.73205   34 1.73205   43 1.73205
 8 1.73205   17 1.73205   26 1.73205   35 1.73205   44 1.73205
 9 1.73205   18 1.73205   27 1.73205   36 1.73205   45 1.73205
;

