Error at _cmdno 5 executing "solve" command
(file amplin, line 1977, offset 37909):
error processing param distances:
	4080 invalid subscripts discarded:
	distances[46,1,1]
	distances[46,1,2]
	distances[46,1,3]
	and 4077 more.
##### This license is only intended for use by NEOS. #####
##### License is valid until Jan 16, 2026 #####
riables.
Adjusted problem:
5491 variables:
	3510 nonlinear variables
	1981 linear variables
11565 constraints; 66330 nonzeros
	9495 nonlinear constraints
	2070 linear constraints
	1035 equality constraints
	10530 inequality constraints
1 linear objective; 1 nonzero.

Artelys Knitro 14.2.0: threads=4
algorithm=1
ms_enable=1
ms_maxsolves=10
feastol=1e-5
opttol=1e-5
honorbnds=1
bar_initpt=3
bar_murule=4
scale=1
outlev=2
maxtime_real=1200
WARNING:  Option 'threads' is deprecated, please use 'numthreads'.

=======================================
           Academic License
       (NOT FOR COMMERCIAL USE)
         Artelys Knitro 14.2.0
=======================================

No start point provided -- Knitro computing one.

Knitro presolve eliminated 0 variables and 0 constraints.

algorithm                1
bar_initpt               3
bar_murule               4
concurrent_evals         0
datacheck                0
feastol                  1e-05
findiff_numthreads       1
hessian_no_f             1
hessopt                  1
honorbnds                1
maxtime_real             1200
ms_enable                1
ms_maxsolves             10
numthreads               4
opttol                   1e-05

Problem Characteristics                                 (   Presolved)
-----------------------
Objective goal:  Minimize
Objective type:  linear
Number of variables:                               5491 (        5491)
    bounded below only:                             541 (         541)
    bounded above only:                               0 (           0)
    bounded below and above:                          0 (           0)
    fixed:                                            0 (           0)
    free:                                          4950 (        4950)
Number of constraints:                            11565 (       11565)
    linear equalities:                                0 (           0)
    quadratic equalities:                           990 (         990)
    gen. nonlinear equalities:                       45 (          45)
    linear one-sided inequalities:                 2070 (        2070)
    quadratic one-sided inequalities:              8460 (        8460)
    gen. nonlinear one-sided inequalities:            0 (           0)
    linear two-sided inequalities:                    0 (           0)
    quadratic two-sided inequalities:                 0 (           0)
    gen. nonlinear two-sided inequalities:            0 (           0)
Number of nonzeros in Jacobian:                   66330 (       66330)
Number of nonzeros in Hessian:                    30240 (       30240)

Knitro parallel multistart will run with 4 threads.

Return codes description
------------------------
  0:  The final solution satisfies the termination conditions for verifying optimality.
  -100 to -199:  A feasible approximate solution was found.
  -200 to -299:  Knitro terminated at an infeasible point.
  -300 to -301:  The problem was determined to be unbounded.
  -400 to -499:  Knitro terminated because it reached a pre-defined limit.
    -400 to -409:  A feasible point was found.
    -410 to -419:  No feasible point was found.
  -500 to -599:  Knitro terminated with an input error or some non-standard error.
A more detailed description of individual return codes and their corresponding
termination messages is provided at
https://www.artelys.com/app/docs/knitro/3_referenceManual/returnCodes.html

 Solve #  ThreadID  Status     Objective      FeasError    OptError    Real Time 
--------  --------  ------  --------------   ----------   ----------  ----------
      0          0       0         1.83689  3.49056e-05  5.25887e-06      3559.52
      4          0    -202         6390.30      8.16709      1.00000      7564.99
      8          0    -410         967.988  7.74567e-04     0.117008      5755.10
      2          3    -410         71.5566     0.296802  3.92513e-02      7229.22
      9          3    -410         757.123  1.79860e-03  1.14294e-02      3765.02
      5          3    -410         344.860     0.208119     0.292766      7307.63
      3          1    -410         550.055  7.98639e-02     0.525061      7816.47
      1          2    -410         1196.10  9.51192e-02      1.32271      8482.87
      6          1    -410         3889.03     0.119145      2.55237      7496.12
      7          2    -410         1557.69  8.79545e-03  3.40641e-02      7598.96

MULTISTART: Best locally optimal solution is returned.
EXIT: Locally optimal solution found.

Final Statistics
----------------
Final objective value               =   1.83689063845368e+00
Final feasibility error (abs / rel) =   3.49e-05 / 1.89e-06
Final optimality error  (abs / rel) =   5.26e-06 / 5.26e-06
# of iterations                     =      92859 
# of CG iterations                  =          0 
# of function evaluations           =     108953
# of gradient evaluations           =      93078
# of Hessian evaluations            =      92942
Total program time (secs)           =   18302.88281 ( 23933.170 CPU time)

===============================================================================

Knitro 14.2.0: Locally optimal or satisfactory solution.
objective 1.836890638; feasibility error 3.49e-05
92859 iterations; 108953 function evaluations

suffix feaserror OUT;
suffix opterror OUT;
suffix numfcevals OUT;
suffix numiters OUT;
---------------------------- Container and geometric considerations  ----------------------------
Container type: cube
Structural conservation type: volume & surface
---------------------------- Solution execution data ----------------------------
solve_result_num = 0
solve_result = solved

---------------------------- Solution data ----------------------------
card(figures) = 45

coords [*,*,1]
:       1         2         3         4       :=
1    20.0078   19.9889   20.7938   20.8639
2    20.659    19.4711   20.0935   19.8086
3    20.2711   20.835    19.8356   19.9608
4    19.0816   19.0816   19.0816   19.7252
5    20.7438   20.8072   20.9184   19.8281
6    19.5767   20.027    19.0816   19.0816
7    20.9184   20.8592   20.3581   20.2912
8    20.0856   20.9038   19.9793   20.9184
9    20.9184   20.9184   20.9184   20.3319
10   19.0816   19.7474   19.0816   19.0816
11   19.2196   19.7743   19.0816   19.9498
12   19.9474   19.3425   19.6905   19.797
13   20.9184   19.9397   20.0259   20.8171
14   20.9184   19.9474   20.3287   20.9184
15   20.9184   20.9184   20.9184   20.3391
16   19.8499   19.8282   19.6112   19.0816
17   19.7902   19.0816   19.0816   19.0816
18   19.8693   19.2694   19.0816   19.0816
19   20.9184   20.3066   20.2794   19.715
20   19.9643   19.7847   20.5151   19.6186
21   19.0816   19.8693   19.2694   19.75
22   19.0816   19.0816   19.0816   19.5684
23   20.9184   20.9184   20.9184   20.076
24   19.8479   19.0816   19.3903   19.8351
25   20.9184   19.989    20.9184   20.8842
26   20.8639   20.0078   19.961    19.6602
27   19.0816   19.6233   19.0816   19.7061
28   19.0816   19.8142   19.0816   19.0816
29   20.9184   20.4003   20.9184   19.9328
30   19.9474   20.9184   19.9825   20.3599
31   19.7487   20.1282   20.7101   19.7658
32   19.6265   20.2446   19.9231   19.8127
33   19.0816   19.6109   19.354    20.1958
34   19.0816   19.7766   19.3669   19.8348
35   20.9184   20.9184   20.8632   19.9572
36   20.5345   19.9558   19.8453   19.9751
37   19.7766   19.8599   19.9397   19.0816
38   20.747    19.9397   19.8599   19.7746
39   20.9147   19.9436   20.5448   20.9184
40   20.9184   20.0026   20.9184   20.9184
41   20.5489   19.7265   20.6555   19.9348
42   19.0816   19.8768   19.9753   19.974
43   20.3671   19.8794   20.5965   19.6015
44   19.5718   20.4781   19.7157   20.3098
45   20        20.9159   20.9184   20.3588

 [*,*,2]
:       1         2         3         4       :=
1    20.0913   20.9184   20.1964   20.9184
2    20.721    20.9184   20.6821   20.0215
3    20.1075   19.9673   20.0143   20.7605
4    19.9096   19.0915   19.0816   19.0816
5    19.9899   20.9184   20.1852   20.2174
6    19.9515   20.5103   19.7645   20.9184
7    19.0818   20.0396   19.7966   19.0816
8    20.6737   20.8937   20.2219   20.0723
9    19.7029   19.0816   20.0494   19.2703
10   19.794    19.8387   19.0816   20.2857
11   20.8478   19.9543   20.9184   20.9184
12   20.9184   20.9184   19.7836   20.5407
13   20.9184   20.9184   20.2592   20.9184
14   20.0494   19.3372   19.2761   19.0816
15   19.9089   19.0816   20.1852   20.0446
16   19.9432   19.1681   19.1586   19.0816
17   20.9184   20.1887   20.9184   20.9184
18   20.4991   19.7005   20.3655   20.8863
19   19.0816   19.5288   19.0816   19.0816
20   20.0041   19.1662   19.8221   19.2177
21   20.3655   20.4991   19.7005   19.8308
22   19.7143   20.9184   20.1887   20.6901
23   19.0816   19.7029   19.0816   19.0816
24   20.0302   19.1058   19.9287   19.1551
25   20.9184   20.9184   20.9184   20.1153
26   20.9184   20.0913   20.9184   20.9184
27   20.2045   19.1603   19.0816   20.1101
28   20.2045   19.9734   19.5595   19.0816
29   20.1852   19.2334   19.0994   19.7911
30   19.3372   20.0494   20.1567   19.2848
31   19.3054   20.0565   19.9677   20.0169
32   19.6756   20.1521   20.8418   20.0476
33   19.0816   20.1631   19.3394   19.445
34   19.9986   20.6743   20.7921   19.9269
35   20.2006   20.784    20.8803   20.1685
36   19.6838   19.2475   20.2712   19.0816
37   19.9445   20.9184   20.9184   20.9184
38   20.767    20.9184   20.9184   20.0567
39   20.7732   20.1597   19.7752   20.1948
40   20.0494   20.1367   20.9184   20.0067
41   19.5565   19.8527   20.5911   20.4785
42   19.0816   19.9858   19.0816   19.0816
43   19.6892   19.2513   20.1617   20.1747
44   19.1206   19.755    19.0816   19.1098
45   20.1371   20.0071   20.0494   19.2832

 [*,*,3]
:       1         2         3         4       :=
1    20.7026   20.2605   20.3149   20.884
2    19.8668   19.8714   20.3451   19.3795
3    20.5566   20.0958   19.4379   20.3335
4    20.0218   19.1382   20.3424   19.647
5    20.1703   20.9184   20.9184   20.9184
6    20.399    20.9184   20.9184   20.9184
7    20.5363   19.8089   20.5727   19.8761
8    20.337    19.9696   19.5902   20.3288
9    20.105    19.0816   19.0816   19.7879
10   19.8969   19.0816   19.0816   19.0816
11   19.8068   19.2202   19.0816   19.916
12   20.2507   19.8218   19.9407   20.871
13   20.0061   19.9063   19.5384   19.0816
14   19.0816   19.0816   19.7917   19.0816
15   19.8871   20.762    20.9184   20.3298
16   19.9999   20.9184   19.7404   20.3424
17   20.6094   19.965    19.7143   20.9184
18   19.9825   19.8184   19.0816   19.7253
19   20.8778   20.9184   19.8572   20.9184
20   20.546    20.6819   19.9845   19.7021
21   19.0816   19.9824   19.8184   19.09
22   20.9184   20.9184   19.965    20.4077
23   20.5099   20.105    19.3058   19.6495
24   19.2436   19.1534   19.9764   19.6868
25   20.9184   20.2604   20.0061   20.321
26   20.884    20.7026   20.2406   20.9184
27   19.9077   19.7266   20.3424   20.2964
28   19.9076   20.4102   20.9184   20.3424
29   20.9184   20.3935   20.9184   20.9184
30   19.0816   19.0816   19.0816   19.8214
31   19.7431   20.5205   20.0383   19.3728
32   20.3515   20.5287   20.3079   19.4096
33   20.9184   20.9184   20.2787   20.9184
34   20.2303   20.9184   19.7923   20.4869
35   20.2663   19.213    19.9462   19.5965
36   20.0719   19.9144   19.2901   19.1918
37   19.2171   19.0816   19.9063   19.0816
38   19.0816   19.9063   19.0816   19.0816
39   19.2297   19.5909   19.7927   20.2768
40   19.0816   19.0994   19.0836   19.8703
41   19.8928   19.0816   19.286    19.4207
42   19.0816   19.0816   19.0816   19.8656
43   20.1258   20.5914   20.9184   20.9184
44   19.7976   20.273    20.9172   19.8702
45   19.0972   19.8681   19.0816   19.823
;

side = 1.83689
softness = 0.45

---------------------------- Solution coords data ----------------------------
distances [*,1,*]
:    1   2   3   4    :=
1    0   1   0   1
2    0   1   0   1
3    0   1   0   1
4    0   1   0   1
5    0   1   0   1
6    0   1   0   1
7    0   1   0   1
8    0   1   0   1
9    0   1   0   1
10   0   1   0   1
11   0   1   0   1
12   0   1   0   1
13   0   1   0   1
14   0   1   0   1
15   0   1   0   1
16   0   1   0   1
17   0   1   0   1
18   0   1   0   1
19   0   1   0   1
20   0   1   0   1
21   0   1   0   1
22   0   1   0   1
23   0   1   0   1
24   0   1   0   1
25   0   1   0   1
26   0   1   0   1
27   0   1   0   1
28   0   1   0   1
29   0   1   0   1
30   0   1   0   1
31   0   1   0   1
32   0   1   0   1
33   0   1   0   1
34   0   1   0   1
35   0   1   0   1
36   0   1   0   1
37   0   1   0   1
38   0   1   0   1
39   0   1   0   1
40   0   1   0   1
41   0   1   0   1
42   0   1   0   1
43   0   1   0   1
44   0   1   0   1
45   0   1   0   1

 [*,2,*]
:    1   2   3   4    :=
1    0   0   1   1
2    0   0   1   1
3    0   0   1   1
4    0   0   1   1
5    0   0   1   1
6    0   0   1   1
7    0   0   1   1
8    0   0   1   1
9    0   0   1   1
10   0   0   1   1
11   0   0   1   1
12   0   0   1   1
13   0   0   1   1
14   0   0   1   1
15   0   0   1   1
16   0   0   1   1
17   0   0   1   1
18   0   0   1   1
19   0   0   1   1
20   0   0   1   1
21   0   0   1   1
22   0   0   1   1
23   0   0   1   1
24   0   0   1   1
25   0   0   1   1
26   0   0   1   1
27   0   0   1   1
28   0   0   1   1
29   0   0   1   1
30   0   0   1   1
31   0   0   1   1
32   0   0   1   1
33   0   0   1   1
34   0   0   1   1
35   0   0   1   1
36   0   0   1   1
37   0   0   1   1
38   0   0   1   1
39   0   0   1   1
40   0   0   1   1
41   0   0   1   1
42   0   0   1   1
43   0   0   1   1
44   0   0   1   1
45   0   0   1   1

 [*,3,*]
:    1   2   3   4    :=
1    1   0   0   1
2    1   0   0   1
3    1   0   0   1
4    1   0   0   1
5    1   0   0   1
6    1   0   0   1
7    1   0   0   1
8    1   0   0   1
9    1   0   0   1
10   1   0   0   1
11   1   0   0   1
12   1   0   0   1
13   1   0   0   1
14   1   0   0   1
15   1   0   0   1
16   1   0   0   1
17   1   0   0   1
18   1   0   0   1
19   1   0   0   1
20   1   0   0   1
21   1   0   0   1
22   1   0   0   1
23   1   0   0   1
24   1   0   0   1
25   1   0   0   1
26   1   0   0   1
27   1   0   0   1
28   1   0   0   1
29   1   0   0   1
30   1   0   0   1
31   1   0   0   1
32   1   0   0   1
33   1   0   0   1
34   1   0   0   1
35   1   0   0   1
36   1   0   0   1
37   1   0   0   1
38   1   0   0   1
39   1   0   0   1
40   1   0   0   1
41   1   0   0   1
42   1   0   0   1
43   1   0   0   1
44   1   0   0   1
45   1   0   0   1

 [*,4,*]
:    1   2   3   4    :=
1    1   1   1   0
2    1   1   1   0
3    1   1   1   0
4    1   1   1   0
5    1   1   1   0
6    1   1   1   0
7    1   1   1   0
8    1   1   1   0
9    1   1   1   0
10   1   1   1   0
11   1   1   1   0
12   1   1   1   0
13   1   1   1   0
14   1   1   1   0
15   1   1   1   0
16   1   1   1   0
17   1   1   1   0
18   1   1   1   0
19   1   1   1   0
20   1   1   1   0
21   1   1   1   0
22   1   1   1   0
23   1   1   1   0
24   1   1   1   0
25   1   1   1   0
26   1   1   1   0
27   1   1   1   0
28   1   1   1   0
29   1   1   1   0
30   1   1   1   0
31   1   1   1   0
32   1   1   1   0
33   1   1   1   0
34   1   1   1   0
35   1   1   1   0
36   1   1   1   0
37   1   1   1   0
38   1   1   1   0
39   1   1   1   0
40   1   1   1   0
41   1   1   1   0
42   1   1   1   0
43   1   1   1   0
44   1   1   1   0
45   1   1   1   0
;

---------------------------- Solution stats data ----------------------------
_ampl_time = 0.123353
_total_solve_time = 23933.5
_ampl_elapsed_time = 0.344313
_ampl_user_time = 0.095055

Total time elapsed: $23933.46.
_total_solve_time = 23933.5

---------------------------- Solution miscs data ----------------------------
tetrahedron_volume [*] :=
 1 0    6 0   11 0   16 0   21 0   26 0   31 0   36 0   41 0
 2 0    7 0   12 0   17 0   22 0   27 0   32 0   37 0   42 0
 3 0    8 0   13 0   18 0   23 0   28 0   33 0   38 0   43 0
 4 0    9 0   14 0   19 0   24 0   29 0   34 0   39 0   44 0
 5 0   10 0   15 0   20 0   25 0   30 0   35 0   40 0   45 0
;

---------------------------- Solution miscs data ----------------------------
tetrahedron_surface_area [*] :=
 1 1.73205    9 1.73205   17 1.73205   25 1.73205   33 1.73205   41 1.73205
 2 1.73205   10 1.73205   18 1.73205   26 1.73205   34 1.73205   42 1.73205
 3 1.73205   11 1.73205   19 1.73205   27 1.73205   35 1.73205   43 1.73205
 4 1.73205   12 1.73205   20 1.73205   28 1.73205   36 1.73205   44 1.73205
 5 1.73205   13 1.73205   21 1.73205   29 1.73205   37 1.73205   45 1.73205
 6 1.73205   14 1.73205   22 1.73205   30 1.73205   38 1.73205
 7 1.73205   15 1.73205   23 1.73205   31 1.73205   39 1.73205
 8 1.73205   16 1.73205   24 1.73205   32 1.73205   40 1.73205
;

