Error at _cmdno 5 executing "solve" command
(file amplin, line 1977, offset 37900):
error processing param distances:
	3600 invalid subscripts discarded:
	distances[76,1,1]
	distances[76,1,2]
	distances[76,1,3]
	and 3597 more.
##### This license is only intended for use by NEOS. #####
##### License is valid until Jan 16, 2026 #####
ariables.
Adjusted problem:
14776 variables:
	9225 nonlinear variables
	5551 linear variables
30525 constraints; 179175 nonzeros
	25950 nonlinear constraints
	4575 linear constraints
	2850 equality constraints
	27675 inequality constraints
1 linear objective; 1 nonzero.

Artelys Knitro 14.2.0: threads=4
algorithm=1
ms_enable=1
ms_maxsolves=10
feastol=1e-5
opttol=1e-5
honorbnds=1
bar_initpt=3
bar_murule=4
scale=1
outlev=2
maxtime_real=1200
WARNING:  Option 'threads' is deprecated, please use 'numthreads'.

=======================================
           Academic License
       (NOT FOR COMMERCIAL USE)
         Artelys Knitro 14.2.0
=======================================

No start point provided -- Knitro computing one.

Knitro presolve eliminated 0 variables and 0 constraints.

algorithm                1
bar_initpt               3
bar_murule               4
concurrent_evals         0
datacheck                0
feastol                  1e-05
findiff_numthreads       1
hessian_no_f             1
hessopt                  1
honorbnds                1
maxtime_real             1200
ms_enable                1
ms_maxsolves             10
numthreads               4
opttol                   1e-05

Problem Characteristics                                 (   Presolved)
-----------------------
Objective goal:  Minimize
Objective type:  linear
Number of variables:                              14776 (       14776)
    bounded below only:                             901 (         901)
    bounded above only:                               0 (           0)
    bounded below and above:                          0 (           0)
    fixed:                                            0 (           0)
    free:                                         13875 (       13875)
Number of constraints:                            30525 (       30525)
    linear equalities:                                0 (           0)
    quadratic equalities:                          2775 (        2775)
    gen. nonlinear equalities:                       75 (          75)
    linear one-sided inequalities:                 4575 (        4575)
    quadratic one-sided inequalities:             23100 (       23100)
    gen. nonlinear one-sided inequalities:            0 (           0)
    linear two-sided inequalities:                    0 (           0)
    quadratic two-sided inequalities:                 0 (           0)
    gen. nonlinear two-sided inequalities:            0 (           0)
Number of nonzeros in Jacobian:                  179175 (      179175)
Number of nonzeros in Hessian:                    80775 (       80775)

Knitro parallel multistart will run with 4 threads.

Return codes description
------------------------
  0:  The final solution satisfies the termination conditions for verifying optimality.
  -100 to -199:  A feasible approximate solution was found.
  -200 to -299:  Knitro terminated at an infeasible point.
  -300 to -301:  The problem was determined to be unbounded.
  -400 to -499:  Knitro terminated because it reached a pre-defined limit.
    -400 to -409:  A feasible point was found.
    -410 to -419:  No feasible point was found.
  -500 to -599:  Knitro terminated with an input error or some non-standard error.
A more detailed description of individual return codes and their corresponding
termination messages is provided at
https://www.artelys.com/app/docs/knitro/3_referenceManual/returnCodes.html

 Solve #  ThreadID  Status     Objective      FeasError    OptError    Real Time 
--------  --------  ------  --------------   ----------   ----------  ----------
      5          3    -202         5153.21      61462.2      1.13230      1889.57
      0          0       0         2.27361  3.84189e-05  8.38364e-06      1550.95
      2          1    -410         3311.36      29.5105     0.998619      7852.47
      7          1    -410         754.212  4.94698e-02     0.451526      5787.97
      6          2    -410         531.089  7.77570e-02     0.302685      4866.35
      9          0    -410         599.230  4.41313e-03     0.122988      4984.55
      4          0    -410         1115.02  1.45271e-03  1.89001e-02      7535.79
      8          3    -410         1614.64  2.61539e-02      6.34774      4768.27
      1          3    -410         2469.03  3.88659e-02      3.59135      6524.70
      3          2    -410         4333.24     0.384519      7.11174      6691.88

MULTISTART: Best locally optimal solution is returned.
EXIT: Locally optimal solution found.

Final Statistics
----------------
Final objective value               =   2.27360729993485e+00
Final feasibility error (abs / rel) =   3.84e-05 / 2.12e-06
Final optimality error  (abs / rel) =   8.38e-06 / 8.38e-06
# of iterations                     =      87858 
# of CG iterations                  =          0 
# of function evaluations           =     108894
# of gradient evaluations           =      88141
# of Hessian evaluations            =      87924
Total program time (secs)           =   14073.15039 ( 51940.535 CPU time)

===============================================================================

Knitro 14.2.0: Locally optimal or satisfactory solution.
objective 2.2736073; feasibility error 3.84e-05
87858 iterations; 108894 function evaluations

suffix feaserror OUT;
suffix opterror OUT;
suffix numfcevals OUT;
suffix numiters OUT;
---------------------------- Container and geometric considerations  ----------------------------
Container type: cube
Structural conservation type: surface
---------------------------- Solution execution data ----------------------------
solve_result_num = 0
solve_result = solved

---------------------------- Solution data ----------------------------
card(figures) = 75

coords [*,*,1]
:       1         2         3         4       :=
1    20.3029   20.4118   21.0694   21.1368
2    21.1368   20.2673   20.8808   20.4291
3    20.9427   20.1902   19.982    20.4822
4    20.216    19.4075   19.5904   20.0621
5    21.1071   21.1368   20.3659   21.1368
6    19.713    19.5822   18.8632   19.6651
7    20.1079   20.8479   20.3008   19.7653
8    20.6317   20.2526   20.8089   19.7183
9    21.1368   20.3771   21.1368   21.1368
10   18.8632   18.8632   19.7169   19.699
11   20.2292   20.4868   19.8407   19.6651
12   19.5948   19.6651   20.4892   19.7176
13   19.3689   19.6725   20.0089   20.3156
14   20.5841   19.791    19.9742   20.2842
15   18.8632   18.9427   19.7597   19.6515
16   20.3821   20.5033   21.1024   21.1334
17   18.8632   19.0018   18.8632   19.7106
18   18.8632   18.8632   18.8632   19.6688
19   19.9356   20.3821   20.5042   21.0618
20   18.8638   18.8632   18.8632   19.5943
21   20.1583   20.0231   19.5207   20.6582
22   19.0823   19.6105   18.8632   19.8358
23   20.4588   21.1014   20.6902   19.9807
24   18.8632   18.9251   19.9188   19.3126
25   21.1368   20.2842   21.1083   21.1368
26   20.8479   19.7653   20.1079   20.5595
27   18.9105   18.8632   18.8632   19.6656
28   20.6751   20.1792   21.1368   20.9338
29   21.1368   21.0694   21.1368   20.267
30   18.9813   19.795    18.907    19.5777
31   21.1368   20.1714   21.0193   20.1752
32   19.5461   18.8818   19.6651   19.0976
33   21.1368   20.737    20.18     21.1368
34   20.9719   20.5158   20.1579   21.1185
35   19.6909   18.9605   19.76     19.0355
36   20.3156   19.7787   19.3915   19.9964
37   19.2807   18.8632   19.4658   19.6202
38   20.0471   20.4291   19.7616   19.6145
39   20.242    20.9342   19.9244   20.5576
40   18.8632   19.5824   18.8632   19.4477
41   19.7525   19.6057   18.9299   19.8726
42   20.1798   20.9307   20.1203   20.0553
43   21.1368   20.7103   20.2469   21.1368
44   19.0976   20.1228   19.7651   20.1874
45   19.5207   19.7265   19.8954   20.4688
46   19.7454   20.8546   20.1847   19.9284
47   21.1368   21.1368   20.3637   21.1368
48   19.3239   20.1583   19.0199   19.731
49   19.6693   20.2824   20.0329   19.4605
50   19.8709   19.575    19.4739   18.8632
51   21.1368   20.5088   21.1368   20.2919
52   20.1119   20.1078   19.4759   19.1124
53   20.1726   20.6372   19.7786   19.5207
54   21.1368   21.1368   21.0193   20.1752
55   19.9321   19.8324   19.5382   19.018
56   18.8632   18.8632   18.8632   19.6241
57   19.9235   20.8089   20.2673   20.4291
58   21.084    19.9438   20.496    20.2641
59   18.8632   19.713    19.3476   18.8632
60   20.7406   20.3156   20.0607   19.6725
61   18.8632   19.6471   18.88     18.8969
62   21.1368   21.1368   20.2919   21.1368
63   19.6651   19.0976   20.1874   19.6891
64   20.1935   20.2072   20.7119   19.5835
65   21.1368   20.9989   21.1368   20.3542
66   19.9844   20.334    21.1151   20.449
67   21.1368   20.932    20.0106   20.3637
68   19.3104   19.9737   19.5811   19.8002
69   19.6779   18.8632   19.0549   18.8632
70   18.8632   19.6817   19.0431   19.6779
71   18.8632   19.4744   18.8632   18.8632
72   19.4734   19.6311   19.9592   19.2156
73   19.7794   20.1154   20.4956   19.5597
74   21.1368   21.0193   21.1368   20.1421
75   18.8632   19.0648   19.9723   19.417

 [*,*,2]
:       1         2         3         4       :=
1    20.9696   20.2529   20.2021   20.9748
2    21.1368   21.1368   21.1368   20.359
3    19.374    18.8632   19.9841   19.5841
4    19.771    19.4755   20.3257   20.356
5    20.2022   20.9748   20.2072   20.2493
6    19.9044   19.5347   19.1443   18.8632
7    20.2943   20.4634   21.109    20.1059
8    21.1368   20.5256   21.1368   21.1368
9    21.136    20.6775   21.1368   20.0757
10   18.8632   19.5917   19.6176   18.8632
11   18.8632   19.5854   19.6251   18.8632
12   19.5637   18.8632   19.5941   20.0022
13   20.9341   21.1368   20.3971   21.1368
14   20.1967   20.3059   20.8352   21.1015
15   20.1218   20.3689   19.6785   20.3976
16   20.4483   20.8258   20.0818   21.1368
17   19.5278   18.8632   19.4511   19.7209
18   21.1368   20.3496   20.1218   20.4005
19   20.1531   20.4483   20.8263   20.082
20   19.5244   20.3485   19.2083   19.9112
21   18.8632   19.2916   19.457    19.534
22   21.1368   20.4888   20.3482   20.7113
23   19.5274   20.0632   20.1715   20.2729
24   18.8828   18.8632   18.8632   19.6013
25   19.4727   19.4116   20.1959   19.61
26   20.4634   20.1059   20.2943   19.5534
27   20.4397   20.1218   19.5083   19.7557
28   19.6952   19.3649   19.4727   20.2197
29   21.1368   20.2021   20.9748   21.0057
30   18.9929   19.5267   19.687    19.943
31   19.4727   19.4836   18.8632   18.8954
32   19.5873   19.1564   18.8632   18.8632
33   19.4727   19.7593   18.8899   18.8632
34   19.3622   19.5607   20.155    20.2496
35   19.8162   20.5776   20.396    19.5357
36   21.1368   20.131    20.9716   20.3669
37   20.3566   20.3485   20.9289   19.9036
38   20.517    20.5938   21.1368   20.2511
39   19.4757   20.2062   19.8966   19.574
40   19.5878   19.921    20.3485   20.2602
41   19.726    20.4912   20.3931   20.6874
42   18.8632   18.8632   18.8632   19.5935
43   20.2053   19.5125   20.1861   20.2497
44   18.8632   18.8632   19.585    18.8632
45   19.457    20.3811   20.1152   19.5157
46   20.4205   20.1781   20.3169   19.5621
47   20.0566   20.0946   20.212    20.8852
48   19.6402   18.8632   18.8632   19.4734
49   20.1649   21.0987   20.9351   20.9423
50   19.4447   19.9392   20.2246   19.6708
51   18.8632   19.5816   19.5985   18.8632
52   19.2153   18.886    19.6149   18.8632
53   19.3033   19.5335   19.9709   19.457
54   19.4727   18.8632   18.8632   18.8954
55   21.0983   20.2842   20.931    20.4908
56   21.1368   21.1368   20.3496   21.1368
57   21.1368   21.1368   21.1368   20.359
58   18.8632   18.8632   19.5976   18.8632
59   19.1443   19.9044   19.4182   20.0966
60   20.8398   21.1368   20.2832   21.1368
61   19.5083   19.7975   20.473    19.4637
62   18.8632   18.8632   18.8632   19.5985
63   18.8632   18.8632   18.8632   19.628
64   19.7009   20.4077   19.4413   19.466
65   20.056    20.8739   21.1368   20.3519
66   20.1493   20.4155   20.0617   19.4879
67   20.8852   20.138    20.7885   20.212
68   20.5425   20.5484   19.9302   19.588
69   21.1368   21.1368   20.3076   21.1368
70   21.1368   21.1368   20.3251   21.1368
71   19.6676   20.2264   20.7961   20.2598
72   20.8784   19.9963   20.8282   20.5139
73   19.4723   20.2821   19.5978   20.2489
74   19.5995   18.8632   19.4727   19.3756
75   21.1368   20.4805   21.1368   20.8316

 [*,*,3]
:       1         2         3         4       :=
1    21.0397   20.6221   21.1368   20.3011
2    18.8632   18.8653   19.8264   19.2896
3    20.4641   20.3808   20.3944   21.1303
4    19.8011   20.5087   19.7714   20.55
5    19.9816   20.3011   20.6424   21.1204
6    21.1368   20.3427   21.1368   21.1368
7    20.3971   21.1368   21.1368   21.1368
8    20.7286   19.8439   19.7137   20.0463
9    19.5281   19.7843   20.3648   19.9475
10   20.262    19.5893   20.2165   19.8552
11   20.4308   21.1368   20.3304   21.1368
12   20.4215   21.1368   21.128    21.1368
13   21.0818   20.1953   20.3945   21.1368
14   19.1062   18.8632   19.8275   18.8632
15   21.1368   20.1943   20.5892   21.0869
16   20.736    19.909    19.9318   20.363
17   20.8567   20.3677   19.7191   20.1187
18   21.1368   20.312    21.1368   21.0973
19   19.7971   20.736    19.9062   19.96
20   19.6511   18.8632   18.8632   18.8658
21   18.8632   19.7918   18.8632   18.8764
22   21.1039   21.1368   20.3101   20.3614
23   18.8632   18.8632   19.7499   18.8632
24   18.8969   19.731    19.1719   19.6597
25   19.54     20.0832   20.0074   20.6718
26   21.1368   21.1368   20.3971   21.1368
27   20.0429   21.1368   20.5679   20.5509
28   18.8787   19.8509   19.54     19.8575
29   21.1368   21.1368   20.3011   21.0352
30   19.0166   19.6108   19.7244   18.9183
31   19.54     19.9852   20.1009   19.3351
32   20.2933   21.1138   21.1368   20.1479
33   19.54     18.8632   19.3282   18.8632
34   20.4181   21.1025   20.5121   21.1189
35   20.5768   20.1446   19.9776   19.7906
36   21.1368   21.1368   21.1182   20.3642
37   19.8311   18.8632   18.8632   18.8632
38   19.3451   20.4166   20.2084   20.366
39   20.0189   19.7986   19.3693   18.9277
40   19.6052   18.8632   18.8632   19.8381
41   20.6221   21.1128   20.1998   20.3253
42   20.3858   20.0169   19.2473   19.997
43   20.0241   20.3755   20.5839   21.1293
44   20.1479   19.649    20.4559   20.4832
45   18.8632   18.8632   19.6383   18.8632
46   19.7949   19.8993   19.0905   19.7551
47   18.8637   19.9401   19.1671   19.6273
48   18.8632   18.8632   18.9252   19.5749
49   19.0912   18.8632   19.8493   18.8632
50   19.9106   18.9268   19.9186   19.7761
51   21.1368   21.1368   20.5842   20.3712
52   20.0464   19.0701   19.6779   19.6256
53   19.7859   18.8722   19.4709   18.8632
54   19.54     18.9668   20.1009   19.3351
55   19.6625   19.8276   20.7193   19.9715
56   20.0285   21.1368   20.312    20.6303
57   19.9525   19.7137   18.8653   19.2896
58   21.1368   21.1368   21.1368   20.3444
59   21.1368   21.1368   20.3355   21.1134
60   20.4617   21.1368   20.4252   20.1953
61   20.5679   20.5242   20.0191   19.7331
62   20.0573   21.1368   20.3712   20.5842
63   21.1368   20.1479   20.4832   20.4386
64   19.7599   20.438    20.4435   20.2822
65   18.8632   19.6454   18.8632   18.8632
66   19.8021   20.6712   19.9196   20.0182
67   19.6273   19.9431   19.7766   19.1671
68   19.8823   19.3724   18.9593   19.9619
69   19.8343   19.0366   19.3607   20.0285
70   19.0366   18.8632   19.3462   19.8343
71   19.7928   19.9117   19.9559   18.9497
72   18.8746   18.9967   19.704    19.9237
73   20.4615   20.4092   21.1368   21.1368
74   20.5849   20.1009   19.54     20.0886
75   20.0285   19.5504   19.7641   20.5764
;

side = 2.27361
softness = 0.3

---------------------------- Solution coords data ----------------------------
distances [*,1,*]
:    1   2   3   4    :=
1    0   1   0   1
2    0   1   0   1
3    0   1   0   1
4    0   1   0   1
5    0   1   0   1
6    0   1   0   1
7    0   1   0   1
8    0   1   0   1
9    0   1   0   1
10   0   1   0   1
11   0   1   0   1
12   0   1   0   1
13   0   1   0   1
14   0   1   0   1
15   0   1   0   1
16   0   1   0   1
17   0   1   0   1
18   0   1   0   1
19   0   1   0   1
20   0   1   0   1
21   0   1   0   1
22   0   1   0   1
23   0   1   0   1
24   0   1   0   1
25   0   1   0   1
26   0   1   0   1
27   0   1   0   1
28   0   1   0   1
29   0   1   0   1
30   0   1   0   1
31   0   1   0   1
32   0   1   0   1
33   0   1   0   1
34   0   1   0   1
35   0   1   0   1
36   0   1   0   1
37   0   1   0   1
38   0   1   0   1
39   0   1   0   1
40   0   1   0   1
41   0   1   0   1
42   0   1   0   1
43   0   1   0   1
44   0   1   0   1
45   0   1   0   1
46   0   1   0   1
47   0   1   0   1
48   0   1   0   1
49   0   1   0   1
50   0   1   0   1
51   0   1   0   1
52   0   1   0   1
53   0   1   0   1
54   0   1   0   1
55   0   1   0   1
56   0   1   0   1
57   0   1   0   1
58   0   1   0   1
59   0   1   0   1
60   0   1   0   1
61   0   1   0   1
62   0   1   0   1
63   0   1   0   1
64   0   1   0   1
65   0   1   0   1
66   0   1   0   1
67   0   1   0   1
68   0   1   0   1
69   0   1   0   1
70   0   1   0   1
71   0   1   0   1
72   0   1   0   1
73   0   1   0   1
74   0   1   0   1
75   0   1   0   1

 [*,2,*]
:    1   2   3   4    :=
1    0   0   1   1
2    0   0   1   1
3    0   0   1   1
4    0   0   1   1
5    0   0   1   1
6    0   0   1   1
7    0   0   1   1
8    0   0   1   1
9    0   0   1   1
10   0   0   1   1
11   0   0   1   1
12   0   0   1   1
13   0   0   1   1
14   0   0   1   1
15   0   0   1   1
16   0   0   1   1
17   0   0   1   1
18   0   0   1   1
19   0   0   1   1
20   0   0   1   1
21   0   0   1   1
22   0   0   1   1
23   0   0   1   1
24   0   0   1   1
25   0   0   1   1
26   0   0   1   1
27   0   0   1   1
28   0   0   1   1
29   0   0   1   1
30   0   0   1   1
31   0   0   1   1
32   0   0   1   1
33   0   0   1   1
34   0   0   1   1
35   0   0   1   1
36   0   0   1   1
37   0   0   1   1
38   0   0   1   1
39   0   0   1   1
40   0   0   1   1
41   0   0   1   1
42   0   0   1   1
43   0   0   1   1
44   0   0   1   1
45   0   0   1   1
46   0   0   1   1
47   0   0   1   1
48   0   0   1   1
49   0   0   1   1
50   0   0   1   1
51   0   0   1   1
52   0   0   1   1
53   0   0   1   1
54   0   0   1   1
55   0   0   1   1
56   0   0   1   1
57   0   0   1   1
58   0   0   1   1
59   0   0   1   1
60   0   0   1   1
61   0   0   1   1
62   0   0   1   1
63   0   0   1   1
64   0   0   1   1
65   0   0   1   1
66   0   0   1   1
67   0   0   1   1
68   0   0   1   1
69   0   0   1   1
70   0   0   1   1
71   0   0   1   1
72   0   0   1   1
73   0   0   1   1
74   0   0   1   1
75   0   0   1   1

 [*,3,*]
:    1   2   3   4    :=
1    1   0   0   1
2    1   0   0   1
3    1   0   0   1
4    1   0   0   1
5    1   0   0   1
6    1   0   0   1
7    1   0   0   1
8    1   0   0   1
9    1   0   0   1
10   1   0   0   1
11   1   0   0   1
12   1   0   0   1
13   1   0   0   1
14   1   0   0   1
15   1   0   0   1
16   1   0   0   1
17   1   0   0   1
18   1   0   0   1
19   1   0   0   1
20   1   0   0   1
21   1   0   0   1
22   1   0   0   1
23   1   0   0   1
24   1   0   0   1
25   1   0   0   1
26   1   0   0   1
27   1   0   0   1
28   1   0   0   1
29   1   0   0   1
30   1   0   0   1
31   1   0   0   1
32   1   0   0   1
33   1   0   0   1
34   1   0   0   1
35   1   0   0   1
36   1   0   0   1
37   1   0   0   1
38   1   0   0   1
39   1   0   0   1
40   1   0   0   1
41   1   0   0   1
42   1   0   0   1
43   1   0   0   1
44   1   0   0   1
45   1   0   0   1
46   1   0   0   1
47   1   0   0   1
48   1   0   0   1
49   1   0   0   1
50   1   0   0   1
51   1   0   0   1
52   1   0   0   1
53   1   0   0   1
54   1   0   0   1
55   1   0   0   1
56   1   0   0   1
57   1   0   0   1
58   1   0   0   1
59   1   0   0   1
60   1   0   0   1
61   1   0   0   1
62   1   0   0   1
63   1   0   0   1
64   1   0   0   1
65   1   0   0   1
66   1   0   0   1
67   1   0   0   1
68   1   0   0   1
69   1   0   0   1
70   1   0   0   1
71   1   0   0   1
72   1   0   0   1
73   1   0   0   1
74   1   0   0   1
75   1   0   0   1

 [*,4,*]
:    1   2   3   4    :=
1    1   1   1   0
2    1   1   1   0
3    1   1   1   0
4    1   1   1   0
5    1   1   1   0
6    1   1   1   0
7    1   1   1   0
8    1   1   1   0
9    1   1   1   0
10   1   1   1   0
11   1   1   1   0
12   1   1   1   0
13   1   1   1   0
14   1   1   1   0
15   1   1   1   0
16   1   1   1   0
17   1   1   1   0
18   1   1   1   0
19   1   1   1   0
20   1   1   1   0
21   1   1   1   0
22   1   1   1   0
23   1   1   1   0
24   1   1   1   0
25   1   1   1   0
26   1   1   1   0
27   1   1   1   0
28   1   1   1   0
29   1   1   1   0
30   1   1   1   0
31   1   1   1   0
32   1   1   1   0
33   1   1   1   0
34   1   1   1   0
35   1   1   1   0
36   1   1   1   0
37   1   1   1   0
38   1   1   1   0
39   1   1   1   0
40   1   1   1   0
41   1   1   1   0
42   1   1   1   0
43   1   1   1   0
44   1   1   1   0
45   1   1   1   0
46   1   1   1   0
47   1   1   1   0
48   1   1   1   0
49   1   1   1   0
50   1   1   1   0
51   1   1   1   0
52   1   1   1   0
53   1   1   1   0
54   1   1   1   0
55   1   1   1   0
56   1   1   1   0
57   1   1   1   0
58   1   1   1   0
59   1   1   1   0
60   1   1   1   0
61   1   1   1   0
62   1   1   1   0
63   1   1   1   0
64   1   1   1   0
65   1   1   1   0
66   1   1   1   0
67   1   1   1   0
68   1   1   1   0
69   1   1   1   0
70   1   1   1   0
71   1   1   1   0
72   1   1   1   0
73   1   1   1   0
74   1   1   1   0
75   1   1   1   0
;

---------------------------- Solution stats data ----------------------------
_ampl_time = 0.154089
_total_solve_time = 51941
_ampl_elapsed_time = 0.149846
_ampl_user_time = 0.133134

Total time elapsed: $51940.95.
_total_solve_time = 51941

---------------------------- Solution miscs data ----------------------------
tetrahedron_volume [*] :=
 1 0    8 0   15 0   22 0   29 0   36 0   43 0   50 0   57 0   64 0   71 0
 2 0    9 0   16 0   23 0   30 0   37 0   44 0   51 0   58 0   65 0   72 0
 3 0   10 0   17 0   24 0   31 0   38 0   45 0   52 0   59 0   66 0   73 0
 4 0   11 0   18 0   25 0   32 0   39 0   46 0   53 0   60 0   67 0   74 0
 5 0   12 0   19 0   26 0   33 0   40 0   47 0   54 0   61 0   68 0   75 0
 6 0   13 0   20 0   27 0   34 0   41 0   48 0   55 0   62 0   69 0
 7 0   14 0   21 0   28 0   35 0   42 0   49 0   56 0   63 0   70 0
;

---------------------------- Solution miscs data ----------------------------
tetrahedron_surface_area [*] :=
 1 1.73205   14 1.73205   27 1.73205   40 1.73205   53 1.73205   66 1.73205
 2 1.73205   15 1.73205   28 1.73205   41 1.73205   54 1.73205   67 1.73205
 3 1.73205   16 1.73205   29 1.73205   42 1.73205   55 1.73205   68 1.73205
 4 1.73205   17 1.73205   30 1.73205   43 1.73205   56 1.73205   69 1.73205
 5 1.73205   18 1.73205   31 1.73205   44 1.73205   57 1.73205   70 1.73205
 6 1.73205   19 1.73205   32 1.73205   45 1.73205   58 1.73205   71 1.73205
 7 1.73205   20 1.73205   33 1.73205   46 1.73205   59 1.73205   72 1.73205
 8 1.73205   21 1.73205   34 1.73205   47 1.73205   60 1.73205   73 1.73205
 9 1.73205   22 1.73205   35 1.73205   48 1.73205   61 1.73205   74 1.73205
10 1.73205   23 1.73205   36 1.73205   49 1.73205   62 1.73205   75 1.73205
11 1.73205   24 1.73205   37 1.73205   50 1.73205   63 1.73205
12 1.73205   25 1.73205   38 1.73205   51 1.73205   64 1.73205
13 1.73205   26 1.73205   39 1.73205   52 1.73205   65 1.73205
;

