Error at _cmdno 5 executing "solve" command
(file amplin, line 1961, offset 37058):
error processing param distances:
	3680 invalid subscripts discarded:
	distances[71,1,1]
	distances[71,1,2]
	distances[71,1,3]
	and 3677 more.
##### This license is only intended for use by NEOS. #####
##### License is valid until Jan 16, 2026 #####
ariables.
Substitution eliminates 1 variable.
Adjusted problem:
12918 variables:
	8088 nonlinear variables
	4830 linear variables
25903 constraints; 155161 nonzeros
	22925 nonlinear constraints
	2978 linear constraints
	2486 equality constraints
	23417 inequality constraints
1 nonlinear objective; 3 nonzeros.

Artelys Knitro 14.2.0: threads=4
algorithm=1
ms_enable=1
ms_maxsolves=10
feastol=1e-5
opttol=1e-5
honorbnds=1
bar_initpt=3
bar_murule=4
scale=1
outlev=2
maxtime_real=1200
WARNING:  Option 'threads' is deprecated, please use 'numthreads'.
WARNING: 1 constraint is constant or undefined and will be ignored.

=======================================
           Academic License
       (NOT FOR COMMERCIAL USE)
         Artelys Knitro 14.2.0
=======================================

No start point provided -- Knitro computing one.

Knitro presolve eliminated 0 variables and 1 constraint.

algorithm                1
bar_initpt               3
bar_murule               4
concurrent_evals         0
datacheck                0
feastol                  1e-05
findiff_numthreads       1
hessian_no_f             1
hessopt                  1
honorbnds                1
maxtime_real             1200
ms_enable                1
ms_maxsolves             10
numthreads               4
opttol                   1e-05

Problem Characteristics                                 (   Presolved)
-----------------------
Objective goal:  Minimize
Objective type:  general
Number of variables:                              12918 (       12918)
    bounded below only:                               1 (           1)
    bounded above only:                               0 (           0)
    bounded below and above:                          0 (           0)
    fixed:                                            0 (           0)
    free:                                         12917 (       12917)
Number of constraints:                            25903 (       25902)
    linear equalities:                                1 (           0)
    quadratic equalities:                          2415 (        2415)
    gen. nonlinear equalities:                       70 (          70)
    linear one-sided inequalities:                 2977 (        2977)
    quadratic one-sided inequalities:             20440 (       20440)
    gen. nonlinear one-sided inequalities:            0 (           0)
    linear two-sided inequalities:                    0 (           0)
    quadratic two-sided inequalities:                 0 (           0)
    gen. nonlinear two-sided inequalities:            0 (           0)
Number of nonzeros in Jacobian:                  155161 (      155161)
Number of nonzeros in Hessian:                    70668 (       70668)

Knitro parallel multistart will run with 4 threads.

Return codes description
------------------------
  0:  The final solution satisfies the termination conditions for verifying optimality.
  -100 to -199:  A feasible approximate solution was found.
  -200 to -299:  Knitro terminated at an infeasible point.
  -300 to -301:  The problem was determined to be unbounded.
  -400 to -499:  Knitro terminated because it reached a pre-defined limit.
    -400 to -409:  A feasible point was found.
    -410 to -419:  No feasible point was found.
  -500 to -599:  Knitro terminated with an input error or some non-standard error.
A more detailed description of individual return codes and their corresponding
termination messages is provided at
https://www.artelys.com/app/docs/knitro/3_referenceManual/returnCodes.html

 Solve #  ThreadID  Status     Objective      FeasError    OptError    Real Time 
--------  --------  ------  --------------   ----------   ----------  ----------
      0          0       0         3.63681  5.34265e-05  1.45917e-05      509.246
      7          1    -410     7.10457e+08  9.13650e+06      563.693      2533.68
      1          3    -410     1.50984e+11      208112.      23934.0      2564.31
      3          2    -410     5.69780e+09  2.88854e+06      5675.48      2615.70
      2          1    -410     1.09779e+11      113790.      17674.9      3132.74
      4          0    -410     2.81781e+13  3.37841e+06  2.03625e+06      2655.08
      5          3    -410     2.36311e+08      77251.9      349.524      2351.63
      6          2    -410     3.01687e+10      282870.      12853.8      2462.30
      9          3    -410     1.46500e+12      365093.      117271.      2178.27
      8          0    -410     5.48595e+12      79.5111      820674.      2396.48

MULTISTART: Best locally optimal solution is returned.
EXIT: Locally optimal solution found.

Final Statistics
----------------
Final objective value               =   3.63680931868802e+00
Final feasibility error (abs / rel) =   5.34e-05 / 9.68e-06
Final optimality error  (abs / rel) =   1.46e-05 / 2.15e-06
# of iterations                     =      92335 
# of CG iterations                  =          0 
# of function evaluations           =      93185
# of gradient evaluations           =      92401
# of Hessian evaluations            =      92362
Total program time (secs)           =    7094.72803 ( 23302.480 CPU time)

===============================================================================

Knitro 14.2.0: Locally optimal or satisfactory solution.
objective 3.636809319; feasibility error 5.34e-05
92335 iterations; 93185 function evaluations

suffix feaserror OUT;
suffix opterror OUT;
suffix numfcevals OUT;
suffix numiters OUT;
---------------------------- Solver Status Report ----------------------------
solve_result_num = 0
solve_result = solved
solve_message = 'Knitro 14.2.0: Locally optimal or satisfactory solution.\
objective 3.636809319; feasibility error 5.34e-05\
92335 iterations; 93185 function evaluations'


---------------------------- Problem Dimensions ----------------------------
Variables: 25414
Constraints: 25974
---------------------------- Container and geometric considerations  ----------------------------
Container type: cylinder
Structural conservation type: volume & surface
---------------------------- Solution execution data ----------------------------
solve_result_num = 0
solve_result = solved

---------------------------- Solution data ----------------------------
card(figures) = 70

coords [*,*,1]
:         1             2             3             4         :=
1     0.135831     -0.513834      0.0330901    -0.642034
2     0.156663      0.778538      1.06984       0.758022
3     1.06395       0.786101      0.299661      1.07031
4    -0.0287483     0.285535      0.404756      1.00571
5     0.571434      0.837097      0.0295552    -0.0942417
6    -0.0587584     0.0283385     0.541184      0.613792
7    -0.95147      -0.446031     -0.0484481    -0.598751
8    -0.439013     -0.909341     -0.0470553    -0.923694
9     0.957445      0.763361      0.371952      0.108024
10    0.254073      0.245883      0.678849      0.927108
11    0.0349351    -0.142183     -0.861953     -0.971419
12    0.0274622     0.4246        0.0968695     0.815644
13   -0.642034     -1.06587      -0.622534      0.0260841
14   -0.423599      0.602084      0.0246876     0.0295549
15   -0.63086       0.330601     -0.155523      0.263749
16    1.07023       0.752524      0.957421      0.107881
17   -1.00989       0.0321801    -0.460087     -0.85889
18    0.022879     -0.69206      -1.06587      -0.62573
19   -0.159214      0.731439      0.107033      0.371951
20   -1.05309      -0.235111     -1.00989      -0.82642
21   -0.844068      0.0726445    -0.84196      -0.0623053
22    0.651972      1.05941      -0.0936776     0.470323
23    0.0678483    -0.839394     -1.06871      -0.878319
24    0.638016     -0.234183     -0.242592     -0.120299
25    0.197555      0.754161      1.07002       1.06541
26    0.00928226    0.393019     -0.449104     -0.557011
27    0.250965     -0.0236849     0.678848     -0.178817
28   -0.909335     -0.448228      0.0640639     0.109614
29   -0.95105       0.0124412    -0.581126     -1.06879
30   -0.487902     -1.00413      -0.0359856    -0.462391
31    1.06183       0.809618      1.05608       0.13095
32   -0.487902     -0.035889     -1.00413      -1.03368
33    0.575579      0.00790733    0.0283415    -0.391756
34    0.430085     -0.557318     -0.00946013    0.0163129
35   -0.545929     -0.0804375    -0.0583205     0.298541
36   -0.877451     -0.429022     -1.00989      -0.0203666
37   -0.920614     -1.06899       0.0141622    -0.960293
38    0.108757     -0.0634637     0.0649824    -0.839631
39    1.04426       0.190059      0.103614     -0.0522006
40    0.56651       1.05941       0.837097     -0.0936793
41   -0.890061      0.00682766   -1.04944      -0.978149
42    0.886407      0.148369      0.0475565     0.0538159
43   -0.909266     -1.06899      -0.0469752    -0.923608
44   -0.409547     -0.920614      0.0295542    -0.0399026
45   -0.40838       0.638437     -0.0462089     0.363259
46   -0.0247464     0.52559       0.738838     -0.132774
47   -0.275013     -0.0148136    -1.05677      -0.0121933
48   -0.136689      0.0381493     0.370884      0.635348
49   -0.135423     -0.234184     -0.427275     -0.960295
50   -0.4621       -0.0376603    -0.488253      0.302219
51   -0.460087     -0.157311      0.567202      0.00542282
52   -1.00176      -1.03366      -0.0364183    -0.978183
53   -0.140404     -0.442174     -0.0203668    -0.877451
54    0.894333      0.892518     -0.0373896     1.06479
55    0.0708731    -0.429615      0.0839615     0.660073
56   -0.0529329     0.354022      0.949146      0.63852
57    1.05941      -0.0936785     0.604753      0.560611
58    0.678848      1.06651       0.700256     -0.0236867
59    0.0935709     0.156664      0.778537      0.72267
60   -0.0129648     0.900354      0.171424      0.887123
61   -0.0298546     0.404584      0.315039     -0.542335
62    0.339206     -0.171342     -0.62177      -0.422293
63   -0.997248     -0.159904     -0.437278     -0.627341
64   -0.858892     -0.17326       0.0321772    -0.460087
65    0.815645      1.06946       0.0968705     0.466525
66    0.892515     -0.0446165     0.641686      1.06954
67    0.140576      1.06181       1.05608       0.881528
68    0.245882     -0.208517      0.251988      0.678847
69    0.0141265    -1.06169      -0.371658     -0.960294
70   -0.442806     -0.162273     -0.0237115     0.348278

 [*,*,2]
:         1             2             3            4         :=
1     1.0384        0.183675      0.0206941     0.856533
2    -0.0591608     0.734667     -0.0360395     0.755817
3     0.117711     -0.726568     -0.0181976    -0.0172189
4     0.0517616     0.945351      0.990974      0.22872
5     0.554505      0.667177      1.07004      -0.0109535
6    -0.00288627   -0.133608      0.668303     -0.37904
7    -0.490471     -0.973094     -0.0425926    -0.887329
8     0.976281      0.56476       0.0463698     0.540965
9     0.478702      0.750424      1.00375       0.0300667
10    0.0396207    -1.04182      -0.82766      -0.535096
11    0.015948     -1.06096      -0.576127     -0.449666
12   -1.07009      -0.982635     -0.172199     -0.693239
13    0.856533      0.0989285    -0.0843605    -0.0119558
14    0.983067      0.885069      0.0900734     1.07004
15   -0.864796     -0.252824     -0.946341     -1.03745
16    0.0215712     0.761291      0.47875       0.0290822
17    0.354922      0.206802      0.966528      0.638872
18   -0.0123108    -0.816645      0.0989283    -0.0847175
19    1.05854       0.781549      0.026398      1.00375
20   -0.192006      0.228291      0.354923      0.680357
21    0.614408      0.00375561   -0.437388     -0.0164014
22   -0.848993     -0.153298     -0.0105462    -0.442916
23    0.00564844   -0.448349     -0.0609319     0.611889
24   -0.859529     -1.04452      -0.833616      0.0205468
25   -0.0248042     0.759669     -0.0303632     0.103667
26    0.0177684    -0.995687     -0.97168      -0.914109
27   -0.234199      0.0977798    -0.82766      -1.05307
28    0.564771      0.972084     -0.0102835     0.964442
29   -0.491285     -0.120803     -0.898971     -0.0595515
30    0.952788      0.370921      0.0178491     0.965428
31   -0.135558      0.62545       0.174804      0.0472818
32    0.95279       0.0176524     0.37092       0.278123
33    0.848574     -0.111391      0.0951015     0.91575
34   -0.980246     -0.913921     -1.0704       -0.111443
35    0.110826      0.766752     -0.229855     -0.062284
36   -0.613136     -0.0983868     0.354921      0.171341
37    0.546192     -0.0557559     0.0662024    -0.472958
38    0.9461       -0.0155551     0.00936415    0.611445
39    0.235307     -0.275495      0.836015      0.0477499
40    0.551668     -0.153297      0.667177     -0.0105453
41   -0.594682     -0.00260646    0.211013     -0.434833
42    0.544136     -0.132798      0.92279      -0.0224729
43    0.564881     -0.0557635     0.0464874     0.54108
44    0.989003      0.546193      1.07004      -0.0211758
45   -0.989486     -0.859216     -0.0113691    -1.00693
46    0.0979714    -0.186531      0.77458       0.756554
47   -0.901586      0.140147     -0.0602321    -0.119411
48    0.0380077    -0.931834     -0.28896      -0.8303
49   -0.0165261    -1.04452      -0.981474     -0.47296
50    0.965567      0.0215931     0.95261       1.0269
51    0.966528      0.906118      0.90782       0.124705
52    0.377249      0.278215      0.0162329    -0.434757
53   -0.979885     -0.107068      0.17134      -0.613136
54    0.548778     -0.590993     -0.0842326    -0.10991
55    1.0681        0.918381     -0.00669619    0.842709
56   -0.128139     -1.01021      -0.494953     -0.859155
57   -0.153297     -0.0105458    -0.374091      0.546646
58   -0.827659     -0.0916914    -0.319407      0.0977838
59    1.0605       -0.0591572     0.734666      0.789686
60   -0.0678266    -0.538536     -0.113364      0.54433
61    0.045384      0.991044      1.02304       0.922891
62   -0.241152     -0.942965     -0.859673     -0.0432603
63   -0.389041     -0.985951     -0.10458      -0.867352
64    0.638875      1.05633       0.206804      0.966527
65   -0.693237     -0.0459341    -0.172203     -0.963437
66   -0.590993     -0.0802918    -0.856794     -0.0440484
67    0.0486073    -0.135739      0.174803     -0.607259
68   -1.04182      -1.04994      -0.235617     -0.827661
69    0.0662284    -0.0549353    -0.797588     -0.472959
70    0.0126947    -0.930492      0.0976575    -0.228681

 [*,*,3]
:         1              2             3             4         :=
1    -0.646582      -1.09085      -0.0954807    -0.537725
2     0.543145      -0.0340107     0.16955       0.960582
3     1.43585        1.16111       0.57133       0.285868
4    -0.0971214      0.169839     -0.626226     -0.00445927
5     0.817346       1.58359       1.58359       1.58359
6     1.54706        0.441317      0.812507      0.94739
7     0.175494      -0.226511      0.344535      0.922105
8     0.945289       0.416118      0.997267      1.57768
9    -1.21092       -0.324234     -1.38848      -0.820888
10   -0.95829       -0.533541     -1.59027      -0.744111
11   -0.140963      -0.3312       -0.582593      0.206094
12    1.08638        0.151707      0.372257      1.12184
13   -0.537725      -0.464583     -1.11255      -0.151275
14    0.890431       0.826535      1.44669       1.58359
15   -0.442556      -0.66857      -1.46401      -0.495652
16   -0.235144      -0.283898     -1.21079      -0.822758
17   -1.59027       -1.24485      -1.59027      -0.637147
18   -0.156005      -0.594077     -0.464583     -1.11729
19   -0.784443      -0.422781     -0.81874      -1.38848
20   -0.672133      -1.38225      -1.59026      -0.490069
21    0.391206       0.673409      0.213289     -0.121188
22    1.58359        1.58359       1.58359       0.761722
23    0.671712       0.212507      0.903664      0.376356
24    1.56302        1.58359       0.805486      1.58359
25    0.554063       0.965438      0.174183      1.31585
26    0.196727       0.157865     -0.204364      0.597871
27   -0.848415      -1.59027      -1.59027      -1.55179
28    0.416128       0.937162      0.684083      0.20865
29    0.176789       0.484971      0.949668      0.905908
30   -0.515284       0.347802     -0.116552      0.403322
31   -1.50508       -1.59027      -0.548072     -0.845197
32   -0.515287      -0.116473      0.347803     -0.503419
33    0.855002       0.663703      1.44277       0.932612
34    0.13806        0.597991      1.1684        0.512863
35   -1.09124       -0.803547     -0.206655     -1.27384
36   -1.59027       -0.832876     -1.59027      -1.59027
37    1.58359        0.89932       1.25232       1.58359
38    0.217595      -0.12104       0.674499      0.392515
39   -0.000999561    0.598506      0.271286     -0.0992216
40    0.810246       1.58359       1.58359       1.58359
41   -0.596435      -0.154805     -0.429184      0.284507
42   -0.235629      -0.824744     -0.707319     -0.0317199
43    0.410141       0.899312      0.991279      1.5717
44    0.912304       1.58359       1.58359       1.35151
45   -0.190233       0.292611     -0.110395     -0.547662
46   -1.59027       -1.06696      -1.59027      -0.902192
47    0.826267       1.27021       0.901229      0.494563
48    1.58281        0.97642       0.590108      1.58359
49    1.30311        1.58359       0.725446      1.58359
50    0.413708      -0.114272     -0.52802       0.1646
51   -1.59027       -0.745929     -1.59027      -1.59027
52    0.406762      -0.502584     -0.129687      0.284422
53   -1.48892       -0.808498     -1.59027      -1.59027
54   -0.238956      -0.464601     -0.00883696    0.231721
55    0.215266       0.935649      0.656453      0.848223
56   -0.288067      -0.573546     -0.747722      0.292886
57    1.58359        1.58359       0.95547       0.817154
58   -1.59027       -1.59027      -0.782889     -1.59027
59    0.239214       0.543144     -0.0340096     0.927075
60   -0.0149087     -0.45718      -0.813871     -0.237088
61   -0.107956      -0.624667      0.175932     -0.574929
62   -0.655918      -1.42845      -0.446261     -0.83187
63   -1.44243       -1.50735      -0.802904     -0.450264
64   -0.637146      -0.562059     -1.24485      -1.59027
65    1.12185        0.322524      0.372254      0.244106
66   -0.464603      -0.00529032    0.284497      0.32234
67   -0.842103      -1.50563      -0.548071     -0.459133
68   -0.533539      -1.53925      -0.850188     -1.59027
69    1.25226        0.901701      0.83553       1.58359
70   -0.796901      -1.41472      -1.59027      -0.642192
;

radius = 1.07045
height = 3.17386
softness = 0.35

---------------------------- Solution coords data ----------------------------
distances [*,1,*]
:    1   2   3   4    :=
1    0   1   0   1
2    0   1   0   1
3    0   1   0   1
4    0   1   0   1
5    0   1   0   1
6    0   1   0   1
7    0   1   0   1
8    0   1   0   1
9    0   1   0   1
10   0   1   0   1
11   0   1   0   1
12   0   1   0   1
13   0   1   0   1
14   0   1   0   1
15   0   1   0   1
16   0   1   0   1
17   0   1   0   1
18   0   1   0   1
19   0   1   0   1
20   0   1   0   1
21   0   1   0   1
22   0   1   0   1
23   0   1   0   1
24   0   1   0   1
25   0   1   0   1
26   0   1   0   1
27   0   1   0   1
28   0   1   0   1
29   0   1   0   1
30   0   1   0   1
31   0   1   0   1
32   0   1   0   1
33   0   1   0   1
34   0   1   0   1
35   0   1   0   1
36   0   1   0   1
37   0   1   0   1
38   0   1   0   1
39   0   1   0   1
40   0   1   0   1
41   0   1   0   1
42   0   1   0   1
43   0   1   0   1
44   0   1   0   1
45   0   1   0   1
46   0   1   0   1
47   0   1   0   1
48   0   1   0   1
49   0   1   0   1
50   0   1   0   1
51   0   1   0   1
52   0   1   0   1
53   0   1   0   1
54   0   1   0   1
55   0   1   0   1
56   0   1   0   1
57   0   1   0   1
58   0   1   0   1
59   0   1   0   1
60   0   1   0   1
61   0   1   0   1
62   0   1   0   1
63   0   1   0   1
64   0   1   0   1
65   0   1   0   1
66   0   1   0   1
67   0   1   0   1
68   0   1   0   1
69   0   1   0   1
70   0   1   0   1

 [*,2,*]
:    1   2   3   4    :=
1    0   0   1   1
2    0   0   1   1
3    0   0   1   1
4    0   0   1   1
5    0   0   1   1
6    0   0   1   1
7    0   0   1   1
8    0   0   1   1
9    0   0   1   1
10   0   0   1   1
11   0   0   1   1
12   0   0   1   1
13   0   0   1   1
14   0   0   1   1
15   0   0   1   1
16   0   0   1   1
17   0   0   1   1
18   0   0   1   1
19   0   0   1   1
20   0   0   1   1
21   0   0   1   1
22   0   0   1   1
23   0   0   1   1
24   0   0   1   1
25   0   0   1   1
26   0   0   1   1
27   0   0   1   1
28   0   0   1   1
29   0   0   1   1
30   0   0   1   1
31   0   0   1   1
32   0   0   1   1
33   0   0   1   1
34   0   0   1   1
35   0   0   1   1
36   0   0   1   1
37   0   0   1   1
38   0   0   1   1
39   0   0   1   1
40   0   0   1   1
41   0   0   1   1
42   0   0   1   1
43   0   0   1   1
44   0   0   1   1
45   0   0   1   1
46   0   0   1   1
47   0   0   1   1
48   0   0   1   1
49   0   0   1   1
50   0   0   1   1
51   0   0   1   1
52   0   0   1   1
53   0   0   1   1
54   0   0   1   1
55   0   0   1   1
56   0   0   1   1
57   0   0   1   1
58   0   0   1   1
59   0   0   1   1
60   0   0   1   1
61   0   0   1   1
62   0   0   1   1
63   0   0   1   1
64   0   0   1   1
65   0   0   1   1
66   0   0   1   1
67   0   0   1   1
68   0   0   1   1
69   0   0   1   1
70   0   0   1   1

 [*,3,*]
:    1   2   3   4    :=
1    1   0   0   1
2    1   0   0   1
3    1   0   0   1
4    1   0   0   1
5    1   0   0   1
6    1   0   0   1
7    1   0   0   1
8    1   0   0   1
9    1   0   0   1
10   1   0   0   1
11   1   0   0   1
12   1   0   0   1
13   1   0   0   1
14   1   0   0   1
15   1   0   0   1
16   1   0   0   1
17   1   0   0   1
18   1   0   0   1
19   1   0   0   1
20   1   0   0   1
21   1   0   0   1
22   1   0   0   1
23   1   0   0   1
24   1   0   0   1
25   1   0   0   1
26   1   0   0   1
27   1   0   0   1
28   1   0   0   1
29   1   0   0   1
30   1   0   0   1
31   1   0   0   1
32   1   0   0   1
33   1   0   0   1
34   1   0   0   1
35   1   0   0   1
36   1   0   0   1
37   1   0   0   1
38   1   0   0   1
39   1   0   0   1
40   1   0   0   1
41   1   0   0   1
42   1   0   0   1
43   1   0   0   1
44   1   0   0   1
45   1   0   0   1
46   1   0   0   1
47   1   0   0   1
48   1   0   0   1
49   1   0   0   1
50   1   0   0   1
51   1   0   0   1
52   1   0   0   1
53   1   0   0   1
54   1   0   0   1
55   1   0   0   1
56   1   0   0   1
57   1   0   0   1
58   1   0   0   1
59   1   0   0   1
60   1   0   0   1
61   1   0   0   1
62   1   0   0   1
63   1   0   0   1
64   1   0   0   1
65   1   0   0   1
66   1   0   0   1
67   1   0   0   1
68   1   0   0   1
69   1   0   0   1
70   1   0   0   1

 [*,4,*]
:    1   2   3   4    :=
1    1   1   1   0
2    1   1   1   0
3    1   1   1   0
4    1   1   1   0
5    1   1   1   0
6    1   1   1   0
7    1   1   1   0
8    1   1   1   0
9    1   1   1   0
10   1   1   1   0
11   1   1   1   0
12   1   1   1   0
13   1   1   1   0
14   1   1   1   0
15   1   1   1   0
16   1   1   1   0
17   1   1   1   0
18   1   1   1   0
19   1   1   1   0
20   1   1   1   0
21   1   1   1   0
22   1   1   1   0
23   1   1   1   0
24   1   1   1   0
25   1   1   1   0
26   1   1   1   0
27   1   1   1   0
28   1   1   1   0
29   1   1   1   0
30   1   1   1   0
31   1   1   1   0
32   1   1   1   0
33   1   1   1   0
34   1   1   1   0
35   1   1   1   0
36   1   1   1   0
37   1   1   1   0
38   1   1   1   0
39   1   1   1   0
40   1   1   1   0
41   1   1   1   0
42   1   1   1   0
43   1   1   1   0
44   1   1   1   0
45   1   1   1   0
46   1   1   1   0
47   1   1   1   0
48   1   1   1   0
49   1   1   1   0
50   1   1   1   0
51   1   1   1   0
52   1   1   1   0
53   1   1   1   0
54   1   1   1   0
55   1   1   1   0
56   1   1   1   0
57   1   1   1   0
58   1   1   1   0
59   1   1   1   0
60   1   1   1   0
61   1   1   1   0
62   1   1   1   0
63   1   1   1   0
64   1   1   1   0
65   1   1   1   0
66   1   1   1   0
67   1   1   1   0
68   1   1   1   0
69   1   1   1   0
70   1   1   1   0
;

---------------------------- Solution stats data ----------------------------
_ampl_time = 0.123854
_total_solve_time = 23302.8
_ampl_elapsed_time = 0.119995
_ampl_user_time = 0.094886

Total time elapsed: $23302.78.
_total_solve_time = 23302.8

---------------------------- Solution miscs data ----------------------------
tetrahedron_volume [*] :=
 1 0.117851   15 0.117851   29 0.117851   43 0.117851   57 0.117851
 2 0.117851   16 0.117851   30 0.117851   44 0.117851   58 0.117851
 3 0.117851   17 0.117851   31 0.117851   45 0.117851   59 0.117851
 4 0.117851   18 0.117851   32 0.117851   46 0.117851   60 0.117851
 5 0.117851   19 0.117851   33 0.117851   47 0.117851   61 0.117851
 6 0.117851   20 0.117851   34 0.117851   48 0.117851   62 0.117851
 7 0.117851   21 0.117851   35 0.117851   49 0.117851   63 0.117851
 8 0.117851   22 0.117851   36 0.117851   50 0.117851   64 0.117851
 9 0.117851   23 0.117851   37 0.117851   51 0.117851   65 0.117851
10 0.117851   24 0.117851   38 0.117851   52 0.117851   66 0.117851
11 0.117851   25 0.117851   39 0.117851   53 0.117851   67 0.117851
12 0.117851   26 0.117851   40 0.117851   54 0.117851   68 0.117851
13 0.117851   27 0.117851   41 0.117851   55 0.117851   69 0.117851
14 0.117851   28 0.117851   42 0.117851   56 0.117851   70 0.117851
;

---------------------------- Solution miscs data ----------------------------
tetrahedron_surface_area [*] :=
 1 0    8 0   15 0   22 0   29 0   36 0   43 0   50 0   57 0   64 0
 2 0    9 0   16 0   23 0   30 0   37 0   44 0   51 0   58 0   65 0
 3 0   10 0   17 0   24 0   31 0   38 0   45 0   52 0   59 0   66 0
 4 0   11 0   18 0   25 0   32 0   39 0   46 0   53 0   60 0   67 0
 5 0   12 0   19 0   26 0   33 0   40 0   47 0   54 0   61 0   68 0
 6 0   13 0   20 0   27 0   34 0   41 0   48 0   55 0   62 0   69 0
 7 0   14 0   21 0   28 0   35 0   42 0   49 0   56 0   63 0   70 0
;

