Error at _cmdno 5 executing "solve" command
(file amplin, line 1961, offset 37058):
error processing param distances:
	3440 invalid subscripts discarded:
	distances[86,1,1]
	distances[86,1,2]
	distances[86,1,3]
	and 3437 more.
##### This license is only intended for use by NEOS. #####
##### License is valid until Jan 16, 2026 #####
ariables.
Substitution eliminates 1 variable.
Adjusted problem:
18873 variables:
	11733 nonlinear variables
	7140 linear variables
37828 constraints; 227296 nonzeros
	33575 nonlinear constraints
	4253 linear constraints
	3656 equality constraints
	34172 inequality constraints
1 nonlinear objective; 3 nonzeros.

Artelys Knitro 14.2.0: threads=4
algorithm=1
ms_enable=1
ms_maxsolves=10
feastol=1e-5
opttol=1e-5
honorbnds=1
bar_initpt=3
bar_murule=4
scale=1
outlev=2
maxtime_real=1200
WARNING:  Option 'threads' is deprecated, please use 'numthreads'.
WARNING: 1 constraint is constant or undefined and will be ignored.

=======================================
           Academic License
       (NOT FOR COMMERCIAL USE)
         Artelys Knitro 14.2.0
=======================================

No start point provided -- Knitro computing one.

Knitro presolve eliminated 0 variables and 1 constraint.

algorithm                1
bar_initpt               3
bar_murule               4
concurrent_evals         0
datacheck                0
feastol                  1e-05
findiff_numthreads       1
hessian_no_f             1
hessopt                  1
honorbnds                1
maxtime_real             1200
ms_enable                1
ms_maxsolves             10
numthreads               4
opttol                   1e-05

Problem Characteristics                                 (   Presolved)
-----------------------
Objective goal:  Minimize
Objective type:  general
Number of variables:                              18873 (       18873)
    bounded below only:                               1 (           1)
    bounded above only:                               0 (           0)
    bounded below and above:                          0 (           0)
    fixed:                                            0 (           0)
    free:                                         18872 (       18872)
Number of constraints:                            37828 (       37827)
    linear equalities:                                1 (           0)
    quadratic equalities:                          3570 (        3570)
    gen. nonlinear equalities:                       85 (          85)
    linear one-sided inequalities:                 4252 (        4252)
    quadratic one-sided inequalities:             29920 (       29920)
    gen. nonlinear one-sided inequalities:            0 (           0)
    linear two-sided inequalities:                    0 (           0)
    quadratic two-sided inequalities:                 0 (           0)
    gen. nonlinear two-sided inequalities:            0 (           0)
Number of nonzeros in Jacobian:                  227296 (      227296)
Number of nonzeros in Hessian:                   103023 (      103023)

Knitro parallel multistart will run with 4 threads.

Return codes description
------------------------
  0:  The final solution satisfies the termination conditions for verifying optimality.
  -100 to -199:  A feasible approximate solution was found.
  -200 to -299:  Knitro terminated at an infeasible point.
  -300 to -301:  The problem was determined to be unbounded.
  -400 to -499:  Knitro terminated because it reached a pre-defined limit.
    -400 to -409:  A feasible point was found.
    -410 to -419:  No feasible point was found.
  -500 to -599:  Knitro terminated with an input error or some non-standard error.
A more detailed description of individual return codes and their corresponding
termination messages is provided at
https://www.artelys.com/app/docs/knitro/3_referenceManual/returnCodes.html

 Solve #  ThreadID  Status     Objective      FeasError    OptError    Real Time 
--------  --------  ------  --------------   ----------   ----------  ----------
      0          0       0         4.11408  4.55554e-05  8.41909e-06      743.849
      3          3    -410     4.28807e+13  1.41157e+06      682273.      3009.46
      1          1    -410     6.02343e+10      8016.77      8860.00      3070.45
      6          1    -410     7.29324e+09  3.59159e+06      7960.65      4152.77
      7          2    -410     1.65892e+11  2.61552e+06      27404.2      4312.22
      8          0    -410     4.70711e+11      87513.8      36509.0      4502.25
      9          3    -410     1.68560e+13  1.06938e+06  1.97045e+06      4298.58
      2          2    -410     8.39900e+12      131.851      926837.      3177.07
      5          3    -410     1.44329e+10      3.00548      4437.97      3807.12
      4          0    -410     2.93646e+12      155.510      454839.      3221.52

MULTISTART: Best locally optimal solution is returned.
EXIT: Locally optimal solution found.

Final Statistics
----------------
Final objective value               =   4.11407830178884e+00
Final feasibility error (abs / rel) =   4.56e-05 / 8.66e-06
Final optimality error  (abs / rel) =   8.42e-06 / 1.21e-06
# of iterations                     =      92796 
# of CG iterations                  =          0 
# of function evaluations           =      95446
# of gradient evaluations           =      92946
# of Hessian evaluations            =      92831
Total program time (secs)           =   11116.24902 ( 34142.059 CPU time)

===============================================================================

Knitro 14.2.0: Locally optimal or satisfactory solution.
objective 4.114078302; feasibility error 4.56e-05
92796 iterations; 95446 function evaluations

suffix feaserror OUT;
suffix opterror OUT;
suffix numfcevals OUT;
suffix numiters OUT;
---------------------------- Solver Status Report ----------------------------
solve_result_num = 0
solve_result = solved
solve_message = 'Knitro 14.2.0: Locally optimal or satisfactory solution.\
objective 4.114078302; feasibility error 4.56e-05\
92796 iterations; 95446 function evaluations'


---------------------------- Problem Dimensions ----------------------------
Variables: 37234
Constraints: 37914
---------------------------- Container and geometric considerations  ----------------------------
Container type: cylinder
Structural conservation type: volume & surface
---------------------------- Solution execution data ----------------------------
solve_result_num = 0
solve_result = solved

---------------------------- Solution data ----------------------------
card(figures) = 85

coords [*,*,1]
:         1             2             3             4         :=
1     1.03734       0.589102      0.00864257    1.06279
2     0.344699     -0.0441336    -0.165911      0.605721
3     0.0170907     0.116703      0.81297       1.09309
4     1.16084       1.1789        0.991168      0.221083
5    -0.595436     -0.145175     -1.15415      -0.173916
6    -0.18883      -0.174192     -0.481241     -1.02123
7     0.123062     -0.169034     -0.589029      0.504479
8     0.0686901    -0.185451     -0.46255      -0.624169
9     0.126671     -0.374896      0.00574339    0.81297
10   -1.17912      -0.131971     -1.07566      -1.02123
11   -1.17895      -0.366744     -1.07301      -0.839472
12    0.630232      0.0145002     1.06127       0.579323
13   -1.05294      -1.17676      -0.115872     -0.982923
14    0.912194      1.17754      -0.0364412     0.857409
15   -1.17912      -0.207971     -0.731025     -0.790295
16    0.273681      1.17658       1.14001       0.801555
17    0.190968      0.242539      0.938444      0.645474
18   -0.460025      0.0136472     0.360898      0.67222
19   -0.220294     -0.0366185     0.0248223     0.459084
20   -0.870187     -0.622222     -0.21324       0.0509626
21   -0.0290022    -0.00905005   -0.12366      -0.842097
22    1.18054       0.05053       1.02903       1.06439
23   -0.28362       0.0369163    -0.255125      0.462019
24   -0.185451      0.44898       0.0686901    -0.37504
25   -0.660448     -0.589029     -1.15075       0.0517585
26   -0.194319     -0.580189     -0.114574      0.456198
27    0.298378      0.346322      0.939738      0.578158
28   -1.17406      -1.1488       -0.0683256    -1.05294
29   -0.747321      0.0517585    -0.660448     -1.15075
30   -0.032202     -1.17377      -0.924379     -1.12705
31    0.442236      0.0248223     0.776999      0.00348074
32    1.088         0.25414       1.09796       1.16038
33    1.13305      -0.0591757     0.0699979     0.723665
34   -0.579058      0.00385606    0.629599      0.454345
35    0.190968      1.09614       0.938444      0.645474
36    0.0423108    -0.157736     -1.14854      -0.483989
37   -0.151479     -0.21324       0.0202435    -0.865801
38   -1.07316      -1.02123      -0.195276     -0.518154
39    0.619108      0.0165006     0.118247      1.09568
40   -0.257459     -0.824532     -1.16421      -1.17912
41    0.629851     -0.0101553    -0.0116056     0.58022
42    0.521272     -0.145887      0.00109087    0.650126
43   -0.527353     -0.0280904    -0.593908     -1.14325
44    0.123062      0.81434      -0.169034      0.504479
45    1.11689       0.939738      0.578158      0.346322
46   -0.932594     -0.0334437    -0.324823      0.0563781
47    0.0517586    -0.759878     -0.61528      -0.313706
48    1.17861       1.09614       0.212408      0.938444
49   -0.200393     -0.43214       0.125108      0.649801
50    1.03977      -0.00285823   -0.169034      0.504479
51   -0.279417     -0.731025     -0.317924      0.0230677
52   -0.00904077   -1.15075      -0.433257     -0.932594
53   -1.17912      -1.16393      -1.06568      -0.177233
54   -0.0184708     1.14352       0.763531      0.504962
55   -0.462434     -0.163222     -0.624105     -0.983345
56    0.0136472     0.672581      1.14239       0.34535
57   -1.06022      -0.163665     -0.983345     -0.606841
58    0.736309      1.09795       0.353928      1.16056
59    1.13826      -0.0124585     0.67098       0.504962
60   -0.273296     -0.72532      -0.858634     -0.335093
61   -0.165911     -0.731025     -0.317924      0.0230676
62   -0.660011      0.305057      0.313415      0.292492
63    0.617909      0.28659      -0.0147112     1.11689
64   -0.631173     -1.07259      -0.48036       0.0822703
65   -0.207971     -0.257459     -0.790295     -1.17912
66   -1.17895      -1.07301      -1.13264      -0.366745
67   -0.0731429     0.27907       0.320168     -0.454716
68    0.504479      0.123062      1.12555       0.788247
69   -0.0623285    -0.0289188    -0.566465     -0.595293
70   -0.0140461     0.244576      1.02209       1.18059
71   -0.701672     -1.17733      -0.366745     -1.13264
72    0.365757      1.11689      -0.0121077     1.12077
73    0.726028      0.356963     -0.0344527     1.1344
74   -0.963171     -0.593908     -0.0290742    -1.1454
75   -0.180063     -0.0622617     0.446756     -0.471061
76   -0.00539616   -0.0116672    -0.135645      0.510661
77    0.776999      0.0248223     0.00348075    0.108636
78    1.09309       1.16084       0.221005      1.1789
79   -0.0702842    -0.169034     -0.589029      0.504479
80    0.0248222    -0.213238     -0.622222      0.0551943
81   -0.0590297     1.12555       0.631759      0.317446
82    0.766528      0.0541912    -0.0216532    -0.173446
83   -0.162118     -0.0791341     0.444576     -0.485996
84   -0.472733     -0.0791341    -1.02123      -0.122695
85    0.168082     -0.200784      0.829508      0.343234

 [*,*,2]
:         1            2             3             4         :=
1     0.563727      1.02315      0.17192       0.514149
2     0.444483      1.1798       0.0363675     1.0134
3    -0.17307      -0.529733     0.107332     -0.446114
4     0.215238     -0.0637145    0.641447     -0.224802
5    -0.981651     -0.0884714    0.127546     -0.049266
6    -0.413293      0.0364236   -1.07809      -0.592421
7     0.292047      0.457222     1.02319       1.06741
8    -1.17862      -0.0575668   -1.08624      -1.00214
9    -0.528279      0.258569    -0.177068      0.107332
10    0.0595529     0.0283308   -0.486654     -0.592421
11    0.0627981    -0.0729593   -0.492457     -0.830153
12    0.998336      0.170246     0.517281      1.02871
13   -0.534035      0.0954013    0.0740774    -0.654011
14    0.573759     -0.085293    -0.222196      0.141167
15    0.0595529     0.10266      0.927076      0.790427
16   -0.265681     -0.0975986    0.306985     -0.86682
17   -0.214438     -1.15544     -0.716373     -0.98855
18   -0.258577      0.216433    -0.0123053    -0.776284
19   -1.15989      -0.219351    -1.18036      -1.08771
20   -0.797899     -1.00335     -1.1612       -0.247321
21    1.18027       0.0377641    1.17413       0.755442
22    0.0135702     0.186647     0.565647      0.51082
23    1.14605       1.18004      0.0692133     1.08647
24   -0.0575668    -1.06416     -1.17862      -1.11947
25    0.965735      1.02319      0.263899      0.365258
26   -0.0766586    -0.941372    -0.0242401    -0.778699
27    1.1423        0.0597432    0.714676      1.02937
28    0.1243        0.272274     0.0888303    -0.534025
29   -0.0610769     0.365258     0.965735      0.263899
30    0.0826973     0.127029     0.734432      0.268582
31   -1.09467      -1.18036     -0.888899     -0.313129
32    0.458395      0.334128    -0.434        -0.217697
33   -0.0903097    -0.22476     -0.00636614   -0.838568
34   -0.941194      0.0146697   -0.751482     -1.0897
35   -0.214438     -0.438579    -0.716373     -0.98855
36   -0.24731       0.0206769    0.0282711     0.873037
37   -0.0742746    -1.1612      -0.353579     -0.800317
38   -0.49213      -0.592421    -0.0983368    -1.06084
39   -1.00527      -0.170957    -0.53526      -0.439719
40   -0.0588325     0.844994     0.196165      0.0595529
41    0.998577      0.133029     1.18056       1.02821
42   -1.05931      -0.136678    -1.18062      -0.985497
43    0.946388      0.0611102    1.02036       0.294712
44    0.292047      0.43349      0.457222      1.06741
45    0.382663      0.714676     1.02937       0.0597432
46   -0.474762      0.3198      -0.338105     -0.343312
47    0.365258     -0.0677763    0.907766     -0.282249
48   -0.0689289    -0.438579    -0.219529     -0.716373
49   -0.350337      0.483882     0.0583639     0.334517
50    0.559229      1.18062      0.457222      1.06741
51    1.14708       0.927076     0.231722      1.1804
52    0.360133      0.263899    -0.341013     -0.474762
53    0.0595529     0.197832    -0.508125     -0.0934123
54   -0.255173     -0.293641    -0.869486     -1.06718
55   -1.08629       0.0343608   -1.00218      -0.653377
56    0.216433     -0.776828    -0.298         0.0141401
57   -0.519415      0.019677    -0.653377     -1.01273
58   -0.922884     -0.43401      0.177653     -0.216706
59   -0.313428     -0.284737    -0.941046     -1.06718
60    1.14855       0.931547     0.810318      0.0770414
61    0.0363674     0.927076     0.231722      1.1804
62    0.529715      1.14053      0.702224     -0.0942277
63    1.00601       0.106064     0.227815      0.382663
64   -0.997742     -0.49337     -0.357642     -0.339871
65    0.10266      -0.0588325    0.790427      0.0595529
66    0.0627981    -0.492457     0.333167     -0.0729592
67    0.00803594   -0.0995297    1.02405       0.276169
68    1.06741       0.292047     0.356381      0.486872
69    0.142974      1.18027      1.03585       1.01956
70    0.328453     -0.194808     0.590928      0.00904156
71    0.949486      0.088107    -0.0729592     0.333167
72    0.0428972     0.382663     0.228171     -0.288146
73   -0.893295      0.168916    -0.262756     -0.313461
74    0.682766      1.02036      0.0627781     0.286218
75   -0.313521      0.0481914   -1.08796      -1.04114
76    0.117003      1.18056      1.1728        1.06447
77   -0.888899     -1.18036     -0.313129      0.0458663
78   -0.446114      0.215237    -0.224815     -0.0637145
79    1.17853       0.457222     1.02319       1.06741
80   -1.18036      -1.16121     -1.00335      -0.223422
81    0.280361      0.356381     0.421804     -0.273254
82    0.0649512    -0.611122     0.630594     -0.0201297
83   -0.320925     -1.17797     -1.09372      -1.07595
84   -1.07443      -1.17797     -0.592421     -0.408627
85   -1.1686       -0.341828    -0.84011      -0.0477363

 [*,*,3]
:        1             2              3            4         :=
1     0.529773     0.334797      -0.0518314    -0.55217
2     0.565226     1.49157        1.49157       1.49157
3     0.691146    -0.459066       0.0102738     0.265674
4     0.176081     1.38928        0.723373      0.610577
5     0.535097     0.780208       0.448356      0.0657967
6     1.49157      0.830451       0.480367      1.49157
7    -1.45998     -0.60907       -1.45998      -1.45998
8     0.426502    -0.0516689     -0.45452       0.510545
9    -0.473185     0.351013       0.700853      0.0102739
10    1.49157      1.08741        0.459514      1.49157
11   -0.350715    -0.524455      -1.45998      -0.494075
12   -0.728917    -0.0792546     -0.547826      0.348174
13    0.412148    -0.340369       0.0251894    -0.492603
14   -0.544578    -0.651256      -0.673216     -1.45998
15    1.49157      1.49157        1.49157       0.632578
16   -1.33437     -0.628329      -1.45998      -1.45998
17    0.631726     1.21382        1.49157       0.3813
18    1.49157      1.49157        0.58856       1.49157
19   -0.310656    -0.670876      -1.45998      -0.410675
20   -0.593279    -1.45998       -0.344114     -1.09236
21   -0.495192    -0.000932468    0.337742      0.346474
22   -0.028573    -0.0508507      0.619146     -0.624133
23    0.30248      1.40705        0.92667       0.896628
24   -0.0516689   -0.418095       0.426502     -0.308442
25   -0.634032    -1.45998       -1.45998      -1.45998
26   -0.0403053    0.470532       0.771241      0.272832
27    0.268265     0.63543        0.470256      1.38114
28    0.456163    -0.531631       0.023787      0.412135
29   -1.01861     -1.45998       -0.634032     -1.45998
30    0.0423564    0.438052       0.616169     -0.520452
31   -0.454624    -1.45998       -1.45998      -0.672478
32   -0.563272    -0.390309      -0.707664      0.261015
33   -0.65206     -0.673627      -1.29461      -1.42223
34    0.470316     0.798923       0.239755      0.791929
35    0.631726     0.288261       1.49157       0.3813
36   -0.586691    -0.00517171    -0.350201     -0.720224
37   -0.0612932   -0.34411       -1.00536      -0.591622
38    0.511713     1.49157        0.767677      0.538879
39    0.108617     0.69796       -0.47689       0.288287
40    0.663005     0.630622       0.464539      1.49157
41   -0.720726    -0.0952515     -0.647153      0.329503
42   -0.563925    -0.0602946      0.560662      0.380135
43   -0.715135     0.0039072      0.0291596    -0.495985
44   -1.45998     -0.434247      -0.60907      -1.45998
45    1.49157      0.470256       1.38114       0.63543
46   -1.45998     -1.41292       -0.396917     -1.45998
47   -1.45998     -1.01168       -0.695187     -0.48802
48    1.37425      0.288261       0.622804      1.49157
49   -0.632027    -0.744254      -1.39938      -0.481705
50   -0.597425    -0.649493      -0.60907      -1.45998
51    0.352431     1.49157        0.627865      1.35844
52   -1.45998     -1.45998       -0.641882     -1.45998
53    1.49157      0.451825       0.416987      0.768507
54   -0.710919    -0.845189      -1.45998      -0.626827
55   -0.455198    -0.00285263     0.510151     -0.487625
56    1.49157      1.49157        1.49157       0.587534
57    0.517613     0.0141777     -0.487625      0.550593
58    0.0618895   -0.707715      -0.376975      0.265159
59   -0.841196    -0.680392       0.127178     -0.626827
60    0.337293     1.47685        0.32283       0.70027
61    1.49157      1.49157        0.627865      1.35844
62    0.301291     0.745046       0.0963159     0.586249
63    1.40291      0.608984       1.49157       1.49157
64   -1.43244     -1.45998       -0.375309     -1.45998
65    1.49157      0.663005       0.632578      1.49157
66   -0.350715    -1.45998       -1.41803      -0.524455
67    1.30163      0.580476       0.736272      0.347858
68   -1.45998     -1.45998       -1.45998      -0.520622
69   -0.448975    -0.495278      -1.1551        0.0894446
70    0.110181     0.617326       0.648807     -0.0341358
71   -0.692189    -0.448319      -0.524455     -1.41803
72    0.558643     1.49157        1.49157       1.49157
73    0.0500902   -0.37349       -0.707596     -0.840474
74    0.476008     0.0291596      0.00395111   -0.499919
75    1.38544      0.781747       0.789659      0.491973
76   -0.0793493   -0.647246       0.443518      0.205078
77   -1.45998     -1.45998       -0.672478     -1.45998
78    0.265674     0.176085       0.610514      1.38928
79   -0.546849    -0.60907       -1.45998      -1.45998
80   -1.45998     -0.344109      -1.45998      -1.11774
81   -1.45998     -1.45998       -0.433917     -1.41784
82   -0.0218482   -0.539032      -0.587921      0.0551098
83    1.38427      1.49157        0.782634      0.448839
84    0.483441     1.49157        1.49157       1.4755
85    1.16459      1.44032        1.47982       0.651761
;

radius = 1.18062
height = 2.95155
softness = 0.55

---------------------------- Solution coords data ----------------------------
distances [*,1,*]
:    1   2   3   4    :=
1    0   1   0   1
2    0   1   0   1
3    0   1   0   1
4    0   1   0   1
5    0   1   0   1
6    0   1   0   1
7    0   1   0   1
8    0   1   0   1
9    0   1   0   1
10   0   1   0   1
11   0   1   0   1
12   0   1   0   1
13   0   1   0   1
14   0   1   0   1
15   0   1   0   1
16   0   1   0   1
17   0   1   0   1
18   0   1   0   1
19   0   1   0   1
20   0   1   0   1
21   0   1   0   1
22   0   1   0   1
23   0   1   0   1
24   0   1   0   1
25   0   1   0   1
26   0   1   0   1
27   0   1   0   1
28   0   1   0   1
29   0   1   0   1
30   0   1   0   1
31   0   1   0   1
32   0   1   0   1
33   0   1   0   1
34   0   1   0   1
35   0   1   0   1
36   0   1   0   1
37   0   1   0   1
38   0   1   0   1
39   0   1   0   1
40   0   1   0   1
41   0   1   0   1
42   0   1   0   1
43   0   1   0   1
44   0   1   0   1
45   0   1   0   1
46   0   1   0   1
47   0   1   0   1
48   0   1   0   1
49   0   1   0   1
50   0   1   0   1
51   0   1   0   1
52   0   1   0   1
53   0   1   0   1
54   0   1   0   1
55   0   1   0   1
56   0   1   0   1
57   0   1   0   1
58   0   1   0   1
59   0   1   0   1
60   0   1   0   1
61   0   1   0   1
62   0   1   0   1
63   0   1   0   1
64   0   1   0   1
65   0   1   0   1
66   0   1   0   1
67   0   1   0   1
68   0   1   0   1
69   0   1   0   1
70   0   1   0   1
71   0   1   0   1
72   0   1   0   1
73   0   1   0   1
74   0   1   0   1
75   0   1   0   1
76   0   1   0   1
77   0   1   0   1
78   0   1   0   1
79   0   1   0   1
80   0   1   0   1
81   0   1   0   1
82   0   1   0   1
83   0   1   0   1
84   0   1   0   1
85   0   1   0   1

 [*,2,*]
:    1   2   3   4    :=
1    0   0   1   1
2    0   0   1   1
3    0   0   1   1
4    0   0   1   1
5    0   0   1   1
6    0   0   1   1
7    0   0   1   1
8    0   0   1   1
9    0   0   1   1
10   0   0   1   1
11   0   0   1   1
12   0   0   1   1
13   0   0   1   1
14   0   0   1   1
15   0   0   1   1
16   0   0   1   1
17   0   0   1   1
18   0   0   1   1
19   0   0   1   1
20   0   0   1   1
21   0   0   1   1
22   0   0   1   1
23   0   0   1   1
24   0   0   1   1
25   0   0   1   1
26   0   0   1   1
27   0   0   1   1
28   0   0   1   1
29   0   0   1   1
30   0   0   1   1
31   0   0   1   1
32   0   0   1   1
33   0   0   1   1
34   0   0   1   1
35   0   0   1   1
36   0   0   1   1
37   0   0   1   1
38   0   0   1   1
39   0   0   1   1
40   0   0   1   1
41   0   0   1   1
42   0   0   1   1
43   0   0   1   1
44   0   0   1   1
45   0   0   1   1
46   0   0   1   1
47   0   0   1   1
48   0   0   1   1
49   0   0   1   1
50   0   0   1   1
51   0   0   1   1
52   0   0   1   1
53   0   0   1   1
54   0   0   1   1
55   0   0   1   1
56   0   0   1   1
57   0   0   1   1
58   0   0   1   1
59   0   0   1   1
60   0   0   1   1
61   0   0   1   1
62   0   0   1   1
63   0   0   1   1
64   0   0   1   1
65   0   0   1   1
66   0   0   1   1
67   0   0   1   1
68   0   0   1   1
69   0   0   1   1
70   0   0   1   1
71   0   0   1   1
72   0   0   1   1
73   0   0   1   1
74   0   0   1   1
75   0   0   1   1
76   0   0   1   1
77   0   0   1   1
78   0   0   1   1
79   0   0   1   1
80   0   0   1   1
81   0   0   1   1
82   0   0   1   1
83   0   0   1   1
84   0   0   1   1
85   0   0   1   1

 [*,3,*]
:    1   2   3   4    :=
1    1   0   0   1
2    1   0   0   1
3    1   0   0   1
4    1   0   0   1
5    1   0   0   1
6    1   0   0   1
7    1   0   0   1
8    1   0   0   1
9    1   0   0   1
10   1   0   0   1
11   1   0   0   1
12   1   0   0   1
13   1   0   0   1
14   1   0   0   1
15   1   0   0   1
16   1   0   0   1
17   1   0   0   1
18   1   0   0   1
19   1   0   0   1
20   1   0   0   1
21   1   0   0   1
22   1   0   0   1
23   1   0   0   1
24   1   0   0   1
25   1   0   0   1
26   1   0   0   1
27   1   0   0   1
28   1   0   0   1
29   1   0   0   1
30   1   0   0   1
31   1   0   0   1
32   1   0   0   1
33   1   0   0   1
34   1   0   0   1
35   1   0   0   1
36   1   0   0   1
37   1   0   0   1
38   1   0   0   1
39   1   0   0   1
40   1   0   0   1
41   1   0   0   1
42   1   0   0   1
43   1   0   0   1
44   1   0   0   1
45   1   0   0   1
46   1   0   0   1
47   1   0   0   1
48   1   0   0   1
49   1   0   0   1
50   1   0   0   1
51   1   0   0   1
52   1   0   0   1
53   1   0   0   1
54   1   0   0   1
55   1   0   0   1
56   1   0   0   1
57   1   0   0   1
58   1   0   0   1
59   1   0   0   1
60   1   0   0   1
61   1   0   0   1
62   1   0   0   1
63   1   0   0   1
64   1   0   0   1
65   1   0   0   1
66   1   0   0   1
67   1   0   0   1
68   1   0   0   1
69   1   0   0   1
70   1   0   0   1
71   1   0   0   1
72   1   0   0   1
73   1   0   0   1
74   1   0   0   1
75   1   0   0   1
76   1   0   0   1
77   1   0   0   1
78   1   0   0   1
79   1   0   0   1
80   1   0   0   1
81   1   0   0   1
82   1   0   0   1
83   1   0   0   1
84   1   0   0   1
85   1   0   0   1

 [*,4,*]
:    1   2   3   4    :=
1    1   1   1   0
2    1   1   1   0
3    1   1   1   0
4    1   1   1   0
5    1   1   1   0
6    1   1   1   0
7    1   1   1   0
8    1   1   1   0
9    1   1   1   0
10   1   1   1   0
11   1   1   1   0
12   1   1   1   0
13   1   1   1   0
14   1   1   1   0
15   1   1   1   0
16   1   1   1   0
17   1   1   1   0
18   1   1   1   0
19   1   1   1   0
20   1   1   1   0
21   1   1   1   0
22   1   1   1   0
23   1   1   1   0
24   1   1   1   0
25   1   1   1   0
26   1   1   1   0
27   1   1   1   0
28   1   1   1   0
29   1   1   1   0
30   1   1   1   0
31   1   1   1   0
32   1   1   1   0
33   1   1   1   0
34   1   1   1   0
35   1   1   1   0
36   1   1   1   0
37   1   1   1   0
38   1   1   1   0
39   1   1   1   0
40   1   1   1   0
41   1   1   1   0
42   1   1   1   0
43   1   1   1   0
44   1   1   1   0
45   1   1   1   0
46   1   1   1   0
47   1   1   1   0
48   1   1   1   0
49   1   1   1   0
50   1   1   1   0
51   1   1   1   0
52   1   1   1   0
53   1   1   1   0
54   1   1   1   0
55   1   1   1   0
56   1   1   1   0
57   1   1   1   0
58   1   1   1   0
59   1   1   1   0
60   1   1   1   0
61   1   1   1   0
62   1   1   1   0
63   1   1   1   0
64   1   1   1   0
65   1   1   1   0
66   1   1   1   0
67   1   1   1   0
68   1   1   1   0
69   1   1   1   0
70   1   1   1   0
71   1   1   1   0
72   1   1   1   0
73   1   1   1   0
74   1   1   1   0
75   1   1   1   0
76   1   1   1   0
77   1   1   1   0
78   1   1   1   0
79   1   1   1   0
80   1   1   1   0
81   1   1   1   0
82   1   1   1   0
83   1   1   1   0
84   1   1   1   0
85   1   1   1   0
;

---------------------------- Solution stats data ----------------------------
_ampl_time = 0.148917
_total_solve_time = 34142.5
_ampl_elapsed_time = 0.145342
_ampl_user_time = 0.115183

Total time elapsed: $34142.46.
_total_solve_time = 34142.5

---------------------------- Solution miscs data ----------------------------
tetrahedron_volume [*] :=
 1 0.117851   18 0.117851   35 0.117851   52 0.117851   69 0.117851
 2 0.117851   19 0.117851   36 0.117851   53 0.117851   70 0.117851
 3 0.117851   20 0.117851   37 0.117851   54 0.117851   71 0.117851
 4 0.117851   21 0.117851   38 0.117851   55 0.117851   72 0.117851
 5 0.117851   22 0.117851   39 0.117851   56 0.117851   73 0.117851
 6 0.117851   23 0.117851   40 0.117851   57 0.117851   74 0.117851
 7 0.117851   24 0.117851   41 0.117851   58 0.117851   75 0.117851
 8 0.117851   25 0.117851   42 0.117851   59 0.117851   76 0.117851
 9 0.117851   26 0.117851   43 0.117851   60 0.117851   77 0.117851
10 0.117851   27 0.117851   44 0.117851   61 0.117851   78 0.117851
11 0.117851   28 0.117851   45 0.117851   62 0.117851   79 0.117851
12 0.117851   29 0.117851   46 0.117851   63 0.117851   80 0.117851
13 0.117851   30 0.117851   47 0.117851   64 0.117851   81 0.117851
14 0.117851   31 0.117851   48 0.117851   65 0.117851   82 0.117851
15 0.117851   32 0.117851   49 0.117851   66 0.117851   83 0.117851
16 0.117851   33 0.117851   50 0.117851   67 0.117851   84 0.117851
17 0.117851   34 0.117851   51 0.117851   68 0.117851   85 0.117851
;

---------------------------- Solution miscs data ----------------------------
tetrahedron_surface_area [*] :=
 1 0    9 0   17 0   25 0   33 0   41 0   49 0   57 0   65 0   73 0   81 0
 2 0   10 0   18 0   26 0   34 0   42 0   50 0   58 0   66 0   74 0   82 0
 3 0   11 0   19 0   27 0   35 0   43 0   51 0   59 0   67 0   75 0   83 0
 4 0   12 0   20 0   28 0   36 0   44 0   52 0   60 0   68 0   76 0   84 0
 5 0   13 0   21 0   29 0   37 0   45 0   53 0   61 0   69 0   77 0   85 0
 6 0   14 0   22 0   30 0   38 0   46 0   54 0   62 0   70 0   78 0
 7 0   15 0   23 0   31 0   39 0   47 0   55 0   63 0   71 0   79 0
 8 0   16 0   24 0   32 0   40 0   48 0   56 0   64 0   72 0   80 0
;

