Error at _cmdno 5 executing "solve" command
(file amplin, line 1961, offset 37059):
error processing param distances:
	3200 invalid subscripts discarded:
	distances[101,1,1]
	distances[101,1,2]
	distances[101,1,3]
	and 3197 more.
##### This license is only intended for use by NEOS. #####
##### License is valid until Jan 16, 2026 #####
iables.
Substitution eliminates 1 variable.
Adjusted problem:
25953 variables:
	16053 nonlinear variables
	9900 linear variables
52003 constraints; 313156 nonzeros
	46250 nonlinear constraints
	5753 linear constraints
	5051 equality constraints
	46952 inequality constraints
1 nonlinear objective; 3 nonzeros.

Artelys Knitro 14.2.0: threads=4
algorithm=1
ms_enable=1
ms_maxsolves=10
feastol=1e-5
opttol=1e-5
honorbnds=1
bar_initpt=3
bar_murule=4
scale=1
outlev=2
maxtime_real=1200
WARNING:  Option 'threads' is deprecated, please use 'numthreads'.
WARNING: 1 constraint is constant or undefined and will be ignored.

=======================================
           Academic License
       (NOT FOR COMMERCIAL USE)
         Artelys Knitro 14.2.0
=======================================

No start point provided -- Knitro computing one.

Knitro presolve eliminated 0 variables and 1 constraint.

algorithm                1
bar_initpt               3
bar_murule               4
concurrent_evals         0
datacheck                0
feastol                  1e-05
findiff_numthreads       1
hessian_no_f             1
hessopt                  1
honorbnds                1
maxtime_real             1200
ms_enable                1
ms_maxsolves             10
numthreads               4
opttol                   1e-05

Problem Characteristics                                 (   Presolved)
-----------------------
Objective goal:  Minimize
Objective type:  general
Number of variables:                              25953 (       25953)
    bounded below only:                               1 (           1)
    bounded above only:                               0 (           0)
    bounded below and above:                          0 (           0)
    fixed:                                            0 (           0)
    free:                                         25952 (       25952)
Number of constraints:                            52003 (       52002)
    linear equalities:                                1 (           0)
    quadratic equalities:                          4950 (        4950)
    gen. nonlinear equalities:                      100 (         100)
    linear one-sided inequalities:                 5752 (        5752)
    quadratic one-sided inequalities:             41200 (       41200)
    gen. nonlinear one-sided inequalities:            0 (           0)
    linear two-sided inequalities:                    0 (           0)
    quadratic two-sided inequalities:                 0 (           0)
    gen. nonlinear two-sided inequalities:            0 (           0)
Number of nonzeros in Jacobian:                  313156 (      313156)
Number of nonzeros in Hessian:                   141453 (      141453)

Knitro parallel multistart will run with 4 threads.

Return codes description
------------------------
  0:  The final solution satisfies the termination conditions for verifying optimality.
  -100 to -199:  A feasible approximate solution was found.
  -200 to -299:  Knitro terminated at an infeasible point.
  -300 to -301:  The problem was determined to be unbounded.
  -400 to -499:  Knitro terminated because it reached a pre-defined limit.
    -400 to -409:  A feasible point was found.
    -410 to -419:  No feasible point was found.
  -500 to -599:  Knitro terminated with an input error or some non-standard error.
A more detailed description of individual return codes and their corresponding
termination messages is provided at
https://www.artelys.com/app/docs/knitro/3_referenceManual/returnCodes.html

 Solve #  ThreadID  Status     Objective      FeasError    OptError    Real Time 
--------  --------  ------  --------------   ----------   ----------  ----------
      0          0       0         4.50470  5.76816e-05  7.61736e-06      1454.82
      1          2    -410     2.58910e+11      51838.5      22845.2      7899.04
      3          3    -410     7.95243e+11      728038.      62405.6      8960.95
      4          0    -410     1.21375e+11  4.66666e+06      26025.4      10050.8
      6          2    -410     2.91179e+13      276116.  1.80972e+06      8133.64
      5          1    -410     4.04107e+09      301948.      1465.98      9673.24
      9          2    -410     3.24140e+10      89738.0      27239.0      5984.28
      2          1    -410     3.04333e+10      18.9413      21785.3      7634.54
      7          3    -410     1.98057e+08  3.66547e-03      152.500      7145.55
      8          0    -410     4.84326e+08     0.821623      1988.32      6614.47

MULTISTART: Best locally optimal solution is returned.
EXIT: Locally optimal solution found.

Final Statistics
----------------
Final objective value               =   4.50470098863030e+00
Final feasibility error (abs / rel) =   5.77e-05 / 9.92e-06
Final optimality error  (abs / rel) =   7.62e-06 / 1.03e-06
# of iterations                     =      92412 
# of CG iterations                  =          0 
# of function evaluations           =      95886
# of gradient evaluations           =      92590
# of Hessian evaluations            =      92462
Total program time (secs)           =   22018.36328 ( 73191.273 CPU time)

===============================================================================

Knitro 14.2.0: Locally optimal or satisfactory solution.
objective 4.504700989; feasibility error 5.77e-05
92412 iterations; 95886 function evaluations

suffix feaserror OUT;
suffix opterror OUT;
suffix numfcevals OUT;
suffix numiters OUT;
---------------------------- Solver Status Report ----------------------------
solve_result_num = 0
solve_result = solved
solve_message = 'Knitro 14.2.0: Locally optimal or satisfactory solution.\
objective 4.504700989; feasibility error 5.77e-05\
92412 iterations; 95886 function evaluations'


---------------------------- Problem Dimensions ----------------------------
Variables: 51304
Constraints: 52104
---------------------------- Container and geometric considerations  ----------------------------
Container type: cylinder
Structural conservation type: volume & surface
---------------------------- Solution execution data ----------------------------
solve_result_num = 0
solve_result = solved

---------------------------- Solution data ----------------------------
card(figures) = 100

coords [*,*,1]
:         1             2             3             4         :=
1      0.819581     0.0455324    -0.115823       0.823781
2      1.17913      0.169451     -0.0400372      0.856843
3      0.475881    -0.0841959     0.0399134      0.913921
4     -0.308726    -1.18387      -1.14964       -1.17546
5      0.186425     1.17522       1.17785        1.15506
6     -1.10091     -0.359437     -0.893631      -1.18205
7     -0.0791356   -0.438378     -1.17516       -0.748845
8     -0.702045    -0.500793     -0.285063       0.138196
9      0.552735    -0.0225514    -0.126741      -0.186906
10    -0.0716028    0.530582     -0.1733         1.01814
11    -0.937201    -0.212059     -0.071796      -0.120647
12     0.0730812   -0.12052      -0.0520032      1.05563
13     0.858269     0.0195875     1.21327        1.17911
14     0.291448     0.533009      0.0200278     -0.072315
15     0.903091     0.788657      0.102174       0.361435
16    -0.594907    -1.18818      -0.272935      -0.814589
17     1.21326     -0.0951178     1.17911        0.824195
18    -0.350971     0.0167479    -0.98432       -0.698224
19    -1.17548     -0.154904     -1.18307       -1.17696
20    -0.985236    -1.21615      -1.18897       -0.273251
21     1.15006      0.134317      1.17789        0.826788
22    -0.815593    -0.901883     -0.2138        -1.18884
23    -1.21401     -1.17922      -0.814612      -0.489264
24     0.820538     0.824487      1.17815       -0.115182
25    -0.211619    -1.09851      -0.924925       0.144094
26    -0.0668785   -0.502733      0.525698      -0.21778
27     0.914982     0.211911      1.16798        1.02039
28     0.371631    -0.12721       0.35802        0.0556135
29    -0.229996     0.301205     -0.0695584      0.0196213
30    -0.0726125   -0.229981     -0.542579       0.019557
31     0.809519     0.358256      0.371866       0.0566361
32    -0.571274    -0.218694     -0.813863       0.0547982
33     0.0481768    0.359905      1.17671        1.05636
34    -0.134988    -0.054774     -0.1878        -0.804234
35    -0.121077     0.113278     -0.11368        0.831889
36     0.137892    -0.92425      -0.498305      -1.11534
37     0.718712    -0.209302     -0.395498       0.239448
38    -0.0659004    0.0807856     0.362708       1.05289
39     0.715405    -0.317629     -0.103689       0.551811
40     0.168142     0.248599     -0.750241      -0.214891
41     1.15444      0.71447       0.000145226    1.01852
42    -1.21564     -0.749814     -0.810193       0.0631719
43     0.915958     1.06723       0.364806      -0.0602602
44    -0.167806     0.0281585    -0.299151       0.35945
45    -0.182543    -0.983764     -0.704229       0.0168407
46    -0.753865     0.358512     -0.295388      -0.200735
47     0.0302772   -1.10316      -1.2052        -1.21098
48    -1.05143      0.109287     -0.305643       0.110039
49    -0.120685    -0.74789       0.129078      -0.110038
50     1.21557      1.18044      -0.0425761      1.15179
51    -1.17534     -0.858422     -1.14716       -0.384731
52     0.153035    -0.301698      0.0268876      0.360349
53    -1.18299     -0.0519696    -0.82632       -0.805784
54     0.573301     1.16189       1.05871        1.17491
55     0.738497    -0.12597      -0.107521      -0.208273
56     0.031678    -0.134999     -0.0873915     -0.882061
57     0.114748    -0.597823     -0.303625      -1.05626
58    -0.883115     0.0750784    -0.161528      -1.09628
59     0.12629     -0.144168     -0.496725      -0.300485
60     0.360861     0.752377      0.0267282      0.464705
61     0.496981     0.553418      1.16168        1.05727
62    -0.181802     0.963917     -0.00638391     0.110601
63     1.1936      -0.00473283    1.01904        1.15462
64     0.340669     0.717692      0.374306       1.01905
65    -0.856981    -1.183        -0.154997      -1.17687
66     0.132455    -0.124576     -0.47582       -0.940394
67    -0.149287    -0.163116     -0.900604      -0.833827
68    -0.152261    -0.901116     -0.150891      -0.0848913
69    -0.39419     -0.984745     -0.696642      -1.11639
70    -0.858422    -0.444793     -0.774289      -1.17491
71     0.902382    -0.0982726     0.114482       0.11305
72    -1.10508     -0.281583     -0.98502       -1.21611
73     1.21545      0.910384      1.15126       -0.0683118
74    -0.925689    -1.20509       0.0500878     -1.21093
75     0.0472176    1.17674       0.872644       1.05578
76    -0.0812431    0.916215      1.01994        0.206734
77     0.553952    -0.185591      0.0375132      1.05295
78     0.674513     0.313508     -0.159344       0.0846128
79     1.01956     -0.0735682     0.536612       0.915218
80     1.05242     -0.185816     -0.116315       0.0372782
81    -0.107174     0.290904     -0.363808      -0.899859
82     0.924021     1.19358       0.00530259     1.01959
83    -0.109667     0.136015     -0.749608       0.111757
84     1.05717      0.675369     -0.0660432      0.541546
85     0.903858     0.0997813     1.1579         0.789109
86    -0.359073     0.125944     -1.10066       -0.892219
87    -0.146934    -0.152051     -0.0845054      0.719351
88    -0.298353    -0.442179     -0.115911      -0.749607
89    -0.49968      0.137672     -1.11559       -0.702242
90    -0.114295    -0.118325     -0.749111      -0.833408
91     0.361455     1.15414       0.527459       0.75135
92    -0.774072    -0.298415     -0.444493      -0.858751
93     1.16793      0.211055      1.21516        1.02083
94    -0.188113    -0.826198     -0.0505451     -0.805438
95     0.219484     1.01892       0.923642       0.0018246
96     0.551451     0.373074     -0.10061       -0.328516
97     0.155324     0.0255853     0.75225        0.360556
98    -0.323955     0.340512      0.373621       0.70969
99     1.0554       0.0382414     0.386762       0.872886
100   -0.0910108   -0.103908      0.290956      -0.896456

 [*,*,2]
:         1             2             3            4         :=
1      0.89755      1.21543       0.019888      0.894708
2      0.297874     0.163677     -0.246984     -0.863102
3      0.882142     0.0760105     1.21569       0.802613
4     -0.33554     -0.279173      0.397197      0.312565
5      0.308773    -0.313505      0.303506      0.380935
6     -0.51709      0.413335     -0.775454      0.286558
7     -0.0849734   -0.123629      0.313057      0.957883
8      0.229234     1.10388      -0.0174502     0.0168622
9     -1.08348     -0.208752     -1.20969      -1.20183
10     1.21347      1.09445       0.194177      0.665147
11     0.775291     1.19761      -0.124754      1.21029
12    -0.315577    -0.520939      0.177761     -0.600562
13    -0.861461     0.144634     -0.0856702     0.29775
14     0.247751     1.09337       1.21617       1.21403
15    -0.81469     -0.925959      0.0354925    -1.16135
16     0.104484    -0.257547     -0.0985768    -0.901819
17    -0.0858362    0.166963      0.298436      0.894495
18    -0.102695     0.436547      0.714482      0.980502
19     0.312487    -0.187725     -0.282496     -0.306003
20     0.713253     0.0224965    -0.256593     -0.0966529
21     0.381729     0.305636      0.303404      0.89216
22    -0.901698    -0.816122     -0.00770497   -0.256833
23     0.0761583   -0.297476     -0.903304      0.210246
24     0.897787     0.894113      0.301955      0.0191972
25    -1.17683     -0.522005     -0.78832      -0.0526229
26     0.187644    -0.0160932     0.180177     -0.540526
27     0.801372    -0.162326      0.33947       0.661911
28    -1.15801     -1.20962      -1.16241       0.0340436
29     0.168734     0.211328      1.20597       1.21507
30     1.21415      0.169516      1.08863       1.21602
31    -0.907754    -1.16232      -1.1579        0.0331327
32     0.211738    -0.019805     -0.903605      0.0568268
33    -0.395143     0.145028     -0.3074       -0.601183
34    -1.2087      -0.0589593    -1.20172      -0.912233
35    -1.21028     -1.21091      -0.0404261    -0.856686
36     0.0248058    0.790564      1.10933       0.48453
37     0.135466     0.036028      0.913421     -0.157052
38     0.187815    -0.339026      0.153995     -0.598192
39    -0.978453    -1.09349      -0.120006     -0.480987
40     0.0234432   -1.19065      -0.957353     -1.19708
41    -0.382977    -0.984344     -0.0542198    -0.663734
42     0.0163445   -0.95768      -0.907197      0.0885119
43     0.799958    -0.362349      0.621274      0.0910261
44     0.165184     0.122289      1.17844       1.15987
45     1.20256      0.715232      0.991695      0.436816
46     0.954543     1.16226       1.17982       0.103294
47     0.0886152   -0.512186      0.163779      0.113373
48     0.608632     1.21127       1.17678       0.0180325
49    -0.0452698   -0.956902     -0.0337733    -1.11946
50     0.042177     0.29281      -0.161205     -0.390527
51     0.313139     0.861719      0.404382     -0.261891
52     1.20669      1.17831       0.124764      1.16109
53    -0.282859    -0.0764264    -0.892559     -0.911123
54     0.0415878    0.359674     -0.598494     -0.3145
55     0.96609      1.20943      -0.016574      1.19813
56     0.0521999   -1.20858      -0.521186     -0.810337
57     0.0175263   -0.066695      1.1775        0.603046
58    -0.81991      0.0432233    -0.529362      0.266821
59     0.0903372    0.159522     -0.0143307     1.1702
60     1.16113      0.955636      0.277792      0.173717
61     0.659357     0.0524112     0.360726     -0.599873
62     1.20148      0.741662     -0.0198721     0.0798898
63     0.234053    -0.0553886    -0.663578     -0.382548
64    -1.16769     -0.974931      0.00230375   -0.664168
65    -0.863142    -0.282764     -0.188391     -0.3064
66     0.0521651    1.20993       1.11939       0.771326
67    -1.20715     -0.0854489    -0.815311     -0.885571
68    -0.114764    -0.816621     -1.20694      -1.21336
69     0.0412779    0.71389       0.996886      0.482766
70     0.86162     -0.119708      0.937767      0.314444
71    -0.815127    -0.124701     -1.20848      -0.0232605
72     0.471279    -0.0936261     0.713599      0.0247437
73    -0.0447894   -0.80656      -0.391515     -0.12915
74     0.788872     0.164045      0.0874335     0.113905
75    -0.39547     -0.307636     -0.847316     -0.603836
76     0.229689     0.799667      0.662471     -0.167343
77    -1.08289     -1.20198      -0.306394     -0.601612
78     0.258113     1.0722        0.180201      0.151929
79     0.663183     0.233072      1.09153       0.801028
80    -0.601303    -1.20171      -0.52146      -0.306371
81    -0.153825    -0.124694     -1.15579      -0.814441
82     0.708645     0.234215     -0.0501966    -0.663041
83    -1.12009     -0.0103748    -0.957763     -1.21118
84    -0.600913     0.257776      0.188294      0.0676963
85    -0.81381      0.0433907    -0.372364     -0.925603
86     0.413551    -0.0261901    -0.517346     -0.774702
87    -1.20741     -0.114379     -1.21279      -0.980777
88     1.16871     -0.114047     -0.0262977     0.957843
89     1.10885      0.0240359     0.484449      0.229112
90    -1.21095     -0.0410766    -0.957954     -0.885945
91     1.16137      0.384046      0.331272      0.956582
92     0.938147     1.17911      -0.119361      0.861416
93     0.339459    -0.163573      0.0520862     0.661148
94    -1.2017      -0.892671     -0.0754013    -0.911396
95     0.163973    -0.662133      0.709891     -0.043444
96    -0.481043     0.00406691   -0.124562     -1.10057
97     1.20639      0.276545      0.955804      1.16076
98    -1.09436     -1.16773       0.00385824   -0.979241
99    -0.60449     -0.392349     -1.15321      -0.847059
100    0.306441    -0.150831     -0.124419     -0.811827

 [*,*,3]
:        1          2          3          4        :=
1     2.69055    2.55446    2.1864     1.96702
2     2.01853    2.29689    1.70233    2.03147
3     3.27379    2.30641    2.55333    2.69265
4     1.47612    1.9662     2.04081    0.852627
5     1.74327    2.03954    2.01729    0.852204
6     2.57502    2.17464    1.73908    2.04389
7     0.852088   1.65697    0.852078   0.861117
8     3.13446    3.07975    3.72706    2.52443
9     1.30778    1.79239    1.86311    0.852382
10    3.89618    3.36635    3.35945    3.86652
11    2.07521    2.00072    2.36205    2.6967
12    1.70691    0.852106   0.852136   0.852159
13    2.03154    2.33846    2.52928    2.01902
14    2.98619    3.36326    2.52134    3.89605
15    3.01971    1.97783    2.28924    2.60659
16    2.91896    3.89398    3.50742    2.73677
17    2.53019    2.3205     2.01904    2.68689
18    3.68615    3.89612    3.89618    2.90789
19    0.852155   1.09399    0.85222    2.01099
20    3.89616    3.10718    3.89611    3.50984
21    0.854159   1.78267    2.02169    1.87504
22    2.73829    3.89618    3.59661    3.89616
23    2.98095    3.85013    2.73478    2.77037
24    2.69053    1.87467    2.02228    2.19045
25    1.73719    2.56344    1.74693    2.20793
26    0.852469   1.80515    2.09661    1.34975
27    2.68466    3.12892    2.53291    3.86458
28    1.44536    1.86393    2.6133     2.0603
29    3.38631    3.0076     3.88669    2.5248
30    3.89604    3.38572    3.20487    2.52458
31    1.94307    2.61038    1.44518    2.06268
32    2.9378     3.58389    2.73663    2.46274
33    1.74246    1.78019    2.07425    0.854153
34    1.7297     0.997883   0.852195   1.77859
35    3.0578     2.40849    2.93482    2.96543
36    2.52539    2.1184     3.07943    2.54316
37    2.77307    3.45998    3.00162    2.43892
38    0.852317   1.74561    1.78211    0.856291
39    2.98544    3.88958    2.94306    3.4371
40    2.24019    2.44613    2.13646    1.72754
41    3.12502    2.96651    3.19426    3.89489
42    2.97579    2.11955    2.73248    2.46695
43    2.68325    2.43363    3.09558    2.31026
44    0.852339   1.69694    1.52157    0.852565
45    3.89609    3.89611    2.90114    3.89612
46    0.852073   0.852092   1.51803    0.852085
47    2.48091    2.57177    2.11698    3.00201
48    2.11338    2.01393    1.52083    2.13447
49    2.94756    2.1392     2.25262    3.0164
50    3.41587    2.67561    2.90112    2.39329
51    0.852622   1.94966    2.14145    1.60842
52    2.06542    1.52469    1.69744    0.852277
53    0.852091   0.983558   0.85207    1.77958
54    1.85945    0.881313   0.853074   2.04021
55    2.04515    2.65339    2.14672    2.02734
56    2.22498    1.73583    1.2934     1.74606
57    2.13298    1.77041    1.51919    2.11768
58    1.72807    2.15166    1.36874    1.99396
59    2.11417    0.957515   1.80766    1.52248
60    0.852953   2.0431     1.85664    1.24215
61    0.852096   1.89644    0.880835   0.852122
62    3.89583    3.89613    3.28167    3.89623
63    3.53405    3.20176    3.89569    3.12451
64    3.89621    2.98596    3.89527    3.89621
65    1.70129    0.85239    1.09433    2.0115
66    2.55246    2.69439    3.12104    2.0724
67    3.01444    2.98764    3.89486    2.9735
68    2.97622    3.89591    3.01659    3.8017
69    3.575      3.89559    2.87902    2.54415
70    1.9488     1.6505     0.852366   0.853184
71    3.022      2.89605    2.41004    2.30379
72    2.54477    3.4947     3.89593    3.10911
73    3.21122    3.01381    2.39143    2.97731
74    2.12031    2.11658    2.49094    2.99875
75    1.74198    2.07428    2.03329    0.852485
76    3.39806    2.70053    3.86514    3.12473
77    1.30854    0.852149   1.73583    0.852171
78    0.852209   0.852571   0.852187   1.85238
79    3.86553    3.40108    3.37098    2.6914
80    0.852172   0.852157   0.852108   1.73533
81    2.98526    3.89608    3.89561    3.8961
82    3.89614    3.53414    3.20363    3.89617
83    3.01687    2.23755    2.13699    2.41184
84    0.852245   0.852122   0.852154   1.91841
85    3.02588    2.30683    2.36541    1.9804
86    2.17472    2.2894     2.57496    1.73945
87    3.05948    2.97191    3.80162    2.98361
88    1.51511    1.65279    0.853272   0.863387
89    3.07916    2.5252     2.54336    3.13436
90    3.01587    2.95129    2.13834    2.97332
91    0.852122   0.852155   1.41727    2.03853
92    0.852183   1.51441    1.65119    1.95776
93    2.5339     3.129      3.3885     3.86256
94    0.852154   0.85207    0.986088   1.78005
95    3.89621    3.8961     3.89612    3.20173
96    3.43739    3.896      2.94929    3.89512
97    2.05329    1.85732    2.04344    0.85459
98    3.89553    3.89621    3.89617    2.99109
99    0.852519   1.74413    1.45834    2.03073
100   3.89619    2.98278    3.89619    3.89604
;

radius = 1.21644
height = 3.04428
softness = 0.9

---------------------------- Solution coords data ----------------------------
distances [*,1,*]
:     1   2   3   4    :=
1     0   1   0   1
2     0   1   0   1
3     0   1   0   1
4     0   1   0   1
5     0   1   0   1
6     0   1   0   1
7     0   1   0   1
8     0   1   0   1
9     0   1   0   1
10    0   1   0   1
11    0   1   0   1
12    0   1   0   1
13    0   1   0   1
14    0   1   0   1
15    0   1   0   1
16    0   1   0   1
17    0   1   0   1
18    0   1   0   1
19    0   1   0   1
20    0   1   0   1
21    0   1   0   1
22    0   1   0   1
23    0   1   0   1
24    0   1   0   1
25    0   1   0   1
26    0   1   0   1
27    0   1   0   1
28    0   1   0   1
29    0   1   0   1
30    0   1   0   1
31    0   1   0   1
32    0   1   0   1
33    0   1   0   1
34    0   1   0   1
35    0   1   0   1
36    0   1   0   1
37    0   1   0   1
38    0   1   0   1
39    0   1   0   1
40    0   1   0   1
41    0   1   0   1
42    0   1   0   1
43    0   1   0   1
44    0   1   0   1
45    0   1   0   1
46    0   1   0   1
47    0   1   0   1
48    0   1   0   1
49    0   1   0   1
50    0   1   0   1
51    0   1   0   1
52    0   1   0   1
53    0   1   0   1
54    0   1   0   1
55    0   1   0   1
56    0   1   0   1
57    0   1   0   1
58    0   1   0   1
59    0   1   0   1
60    0   1   0   1
61    0   1   0   1
62    0   1   0   1
63    0   1   0   1
64    0   1   0   1
65    0   1   0   1
66    0   1   0   1
67    0   1   0   1
68    0   1   0   1
69    0   1   0   1
70    0   1   0   1
71    0   1   0   1
72    0   1   0   1
73    0   1   0   1
74    0   1   0   1
75    0   1   0   1
76    0   1   0   1
77    0   1   0   1
78    0   1   0   1
79    0   1   0   1
80    0   1   0   1
81    0   1   0   1
82    0   1   0   1
83    0   1   0   1
84    0   1   0   1
85    0   1   0   1
86    0   1   0   1
87    0   1   0   1
88    0   1   0   1
89    0   1   0   1
90    0   1   0   1
91    0   1   0   1
92    0   1   0   1
93    0   1   0   1
94    0   1   0   1
95    0   1   0   1
96    0   1   0   1
97    0   1   0   1
98    0   1   0   1
99    0   1   0   1
100   0   1   0   1

 [*,2,*]
:     1   2   3   4    :=
1     0   0   1   1
2     0   0   1   1
3     0   0   1   1
4     0   0   1   1
5     0   0   1   1
6     0   0   1   1
7     0   0   1   1
8     0   0   1   1
9     0   0   1   1
10    0   0   1   1
11    0   0   1   1
12    0   0   1   1
13    0   0   1   1
14    0   0   1   1
15    0   0   1   1
16    0   0   1   1
17    0   0   1   1
18    0   0   1   1
19    0   0   1   1
20    0   0   1   1
21    0   0   1   1
22    0   0   1   1
23    0   0   1   1
24    0   0   1   1
25    0   0   1   1
26    0   0   1   1
27    0   0   1   1
28    0   0   1   1
29    0   0   1   1
30    0   0   1   1
31    0   0   1   1
32    0   0   1   1
33    0   0   1   1
34    0   0   1   1
35    0   0   1   1
36    0   0   1   1
37    0   0   1   1
38    0   0   1   1
39    0   0   1   1
40    0   0   1   1
41    0   0   1   1
42    0   0   1   1
43    0   0   1   1
44    0   0   1   1
45    0   0   1   1
46    0   0   1   1
47    0   0   1   1
48    0   0   1   1
49    0   0   1   1
50    0   0   1   1
51    0   0   1   1
52    0   0   1   1
53    0   0   1   1
54    0   0   1   1
55    0   0   1   1
56    0   0   1   1
57    0   0   1   1
58    0   0   1   1
59    0   0   1   1
60    0   0   1   1
61    0   0   1   1
62    0   0   1   1
63    0   0   1   1
64    0   0   1   1
65    0   0   1   1
66    0   0   1   1
67    0   0   1   1
68    0   0   1   1
69    0   0   1   1
70    0   0   1   1
71    0   0   1   1
72    0   0   1   1
73    0   0   1   1
74    0   0   1   1
75    0   0   1   1
76    0   0   1   1
77    0   0   1   1
78    0   0   1   1
79    0   0   1   1
80    0   0   1   1
81    0   0   1   1
82    0   0   1   1
83    0   0   1   1
84    0   0   1   1
85    0   0   1   1
86    0   0   1   1
87    0   0   1   1
88    0   0   1   1
89    0   0   1   1
90    0   0   1   1
91    0   0   1   1
92    0   0   1   1
93    0   0   1   1
94    0   0   1   1
95    0   0   1   1
96    0   0   1   1
97    0   0   1   1
98    0   0   1   1
99    0   0   1   1
100   0   0   1   1

 [*,3,*]
:     1   2   3   4    :=
1     1   0   0   1
2     1   0   0   1
3     1   0   0   1
4     1   0   0   1
5     1   0   0   1
6     1   0   0   1
7     1   0   0   1
8     1   0   0   1
9     1   0   0   1
10    1   0   0   1
11    1   0   0   1
12    1   0   0   1
13    1   0   0   1
14    1   0   0   1
15    1   0   0   1
16    1   0   0   1
17    1   0   0   1
18    1   0   0   1
19    1   0   0   1
20    1   0   0   1
21    1   0   0   1
22    1   0   0   1
23    1   0   0   1
24    1   0   0   1
25    1   0   0   1
26    1   0   0   1
27    1   0   0   1
28    1   0   0   1
29    1   0   0   1
30    1   0   0   1
31    1   0   0   1
32    1   0   0   1
33    1   0   0   1
34    1   0   0   1
35    1   0   0   1
36    1   0   0   1
37    1   0   0   1
38    1   0   0   1
39    1   0   0   1
40    1   0   0   1
41    1   0   0   1
42    1   0   0   1
43    1   0   0   1
44    1   0   0   1
45    1   0   0   1
46    1   0   0   1
47    1   0   0   1
48    1   0   0   1
49    1   0   0   1
50    1   0   0   1
51    1   0   0   1
52    1   0   0   1
53    1   0   0   1
54    1   0   0   1
55    1   0   0   1
56    1   0   0   1
57    1   0   0   1
58    1   0   0   1
59    1   0   0   1
60    1   0   0   1
61    1   0   0   1
62    1   0   0   1
63    1   0   0   1
64    1   0   0   1
65    1   0   0   1
66    1   0   0   1
67    1   0   0   1
68    1   0   0   1
69    1   0   0   1
70    1   0   0   1
71    1   0   0   1
72    1   0   0   1
73    1   0   0   1
74    1   0   0   1
75    1   0   0   1
76    1   0   0   1
77    1   0   0   1
78    1   0   0   1
79    1   0   0   1
80    1   0   0   1
81    1   0   0   1
82    1   0   0   1
83    1   0   0   1
84    1   0   0   1
85    1   0   0   1
86    1   0   0   1
87    1   0   0   1
88    1   0   0   1
89    1   0   0   1
90    1   0   0   1
91    1   0   0   1
92    1   0   0   1
93    1   0   0   1
94    1   0   0   1
95    1   0   0   1
96    1   0   0   1
97    1   0   0   1
98    1   0   0   1
99    1   0   0   1
100   1   0   0   1

 [*,4,*]
:     1   2   3   4    :=
1     1   1   1   0
2     1   1   1   0
3     1   1   1   0
4     1   1   1   0
5     1   1   1   0
6     1   1   1   0
7     1   1   1   0
8     1   1   1   0
9     1   1   1   0
10    1   1   1   0
11    1   1   1   0
12    1   1   1   0
13    1   1   1   0
14    1   1   1   0
15    1   1   1   0
16    1   1   1   0
17    1   1   1   0
18    1   1   1   0
19    1   1   1   0
20    1   1   1   0
21    1   1   1   0
22    1   1   1   0
23    1   1   1   0
24    1   1   1   0
25    1   1   1   0
26    1   1   1   0
27    1   1   1   0
28    1   1   1   0
29    1   1   1   0
30    1   1   1   0
31    1   1   1   0
32    1   1   1   0
33    1   1   1   0
34    1   1   1   0
35    1   1   1   0
36    1   1   1   0
37    1   1   1   0
38    1   1   1   0
39    1   1   1   0
40    1   1   1   0
41    1   1   1   0
42    1   1   1   0
43    1   1   1   0
44    1   1   1   0
45    1   1   1   0
46    1   1   1   0
47    1   1   1   0
48    1   1   1   0
49    1   1   1   0
50    1   1   1   0
51    1   1   1   0
52    1   1   1   0
53    1   1   1   0
54    1   1   1   0
55    1   1   1   0
56    1   1   1   0
57    1   1   1   0
58    1   1   1   0
59    1   1   1   0
60    1   1   1   0
61    1   1   1   0
62    1   1   1   0
63    1   1   1   0
64    1   1   1   0
65    1   1   1   0
66    1   1   1   0
67    1   1   1   0
68    1   1   1   0
69    1   1   1   0
70    1   1   1   0
71    1   1   1   0
72    1   1   1   0
73    1   1   1   0
74    1   1   1   0
75    1   1   1   0
76    1   1   1   0
77    1   1   1   0
78    1   1   1   0
79    1   1   1   0
80    1   1   1   0
81    1   1   1   0
82    1   1   1   0
83    1   1   1   0
84    1   1   1   0
85    1   1   1   0
86    1   1   1   0
87    1   1   1   0
88    1   1   1   0
89    1   1   1   0
90    1   1   1   0
91    1   1   1   0
92    1   1   1   0
93    1   1   1   0
94    1   1   1   0
95    1   1   1   0
96    1   1   1   0
97    1   1   1   0
98    1   1   1   0
99    1   1   1   0
100   1   1   1   0
;

---------------------------- Solution stats data ----------------------------
_ampl_time = 0.361558
_total_solve_time = 73192.3
_ampl_elapsed_time = 0.357114
_ampl_user_time = 0.314765

Total time elapsed: $73192.27.
_total_solve_time = 73192.3

---------------------------- Solution miscs data ----------------------------
tetrahedron_volume [*] :=
  1 0.117851    21 0.117851    41 0.117851    61 0.117851    81 0.117851
  2 0.117851    22 0.117851    42 0.117851    62 0.117851    82 0.117851
  3 0.117851    23 0.117851    43 0.117851    63 0.117851    83 0.117851
  4 0.117851    24 0.117851    44 0.117851    64 0.117851    84 0.117851
  5 0.117851    25 0.117851    45 0.117851    65 0.117851    85 0.117851
  6 0.117851    26 0.117851    46 0.117851    66 0.117851    86 0.117851
  7 0.117851    27 0.117851    47 0.117851    67 0.117851    87 0.117851
  8 0.117851    28 0.117851    48 0.117851    68 0.117851    88 0.117851
  9 0.117851    29 0.117851    49 0.117851    69 0.117851    89 0.117851
 10 0.117851    30 0.117851    50 0.117851    70 0.117851    90 0.117851
 11 0.117851    31 0.117851    51 0.117851    71 0.117851    91 0.117851
 12 0.117851    32 0.117851    52 0.117851    72 0.117851    92 0.117851
 13 0.117851    33 0.117851    53 0.117851    73 0.117851    93 0.117851
 14 0.117851    34 0.117851    54 0.117851    74 0.117851    94 0.117851
 15 0.117851    35 0.117851    55 0.117851    75 0.117851    95 0.117851
 16 0.117851    36 0.117851    56 0.117851    76 0.117851    96 0.117851
 17 0.117851    37 0.117851    57 0.117851    77 0.117851    97 0.117851
 18 0.117851    38 0.117851    58 0.117851    78 0.117851    98 0.117851
 19 0.117851    39 0.117851    59 0.117851    79 0.117851    99 0.117851
 20 0.117851    40 0.117851    60 0.117851    80 0.117851   100 0.117851
;

---------------------------- Solution miscs data ----------------------------
tetrahedron_surface_area [*] :=
  1 0    11 0    21 0    31 0    41 0    51 0    61 0    71 0    81 0    91 0
  2 0    12 0    22 0    32 0    42 0    52 0    62 0    72 0    82 0    92 0
  3 0    13 0    23 0    33 0    43 0    53 0    63 0    73 0    83 0    93 0
  4 0    14 0    24 0    34 0    44 0    54 0    64 0    74 0    84 0    94 0
  5 0    15 0    25 0    35 0    45 0    55 0    65 0    75 0    85 0    95 0
  6 0    16 0    26 0    36 0    46 0    56 0    66 0    76 0    86 0    96 0
  7 0    17 0    27 0    37 0    47 0    57 0    67 0    77 0    87 0    97 0
  8 0    18 0    28 0    38 0    48 0    58 0    68 0    78 0    88 0    98 0
  9 0    19 0    29 0    39 0    49 0    59 0    69 0    79 0    89 0    99 0
 10 0    20 0    30 0    40 0    50 0    60 0    70 0    80 0    90 0   100 0
;

