Error at _cmdno 5 executing "solve" command
(file amplin, line 1961, offset 37058):
error processing param distances:
	3440 invalid subscripts discarded:
	distances[86,1,1]
	distances[86,1,2]
	distances[86,1,3]
	and 3437 more.
##### This license is only intended for use by NEOS. #####
##### License is valid until Jan 16, 2026 #####
ariables.
Substitution eliminates 1 variable.
Adjusted problem:
18873 variables:
	11733 nonlinear variables
	7140 linear variables
37828 constraints; 227296 nonzeros
	33575 nonlinear constraints
	4253 linear constraints
	3656 equality constraints
	34172 inequality constraints
1 nonlinear objective; 3 nonzeros.

Artelys Knitro 14.2.0: threads=4
algorithm=1
ms_enable=1
ms_maxsolves=10
feastol=1e-5
opttol=1e-5
honorbnds=1
bar_initpt=3
bar_murule=4
scale=1
outlev=2
maxtime_real=1200
WARNING:  Option 'threads' is deprecated, please use 'numthreads'.
WARNING: 1 constraint is constant or undefined and will be ignored.

=======================================
           Academic License
       (NOT FOR COMMERCIAL USE)
         Artelys Knitro 14.2.0
=======================================

No start point provided -- Knitro computing one.

Knitro presolve eliminated 0 variables and 1 constraint.

algorithm                1
bar_initpt               3
bar_murule               4
concurrent_evals         0
datacheck                0
feastol                  1e-05
findiff_numthreads       1
hessian_no_f             1
hessopt                  1
honorbnds                1
maxtime_real             1200
ms_enable                1
ms_maxsolves             10
numthreads               4
opttol                   1e-05

Problem Characteristics                                 (   Presolved)
-----------------------
Objective goal:  Minimize
Objective type:  general
Number of variables:                              18873 (       18873)
    bounded below only:                               1 (           1)
    bounded above only:                               0 (           0)
    bounded below and above:                          0 (           0)
    fixed:                                            0 (           0)
    free:                                         18872 (       18872)
Number of constraints:                            37828 (       37827)
    linear equalities:                                1 (           0)
    quadratic equalities:                          3570 (        3570)
    gen. nonlinear equalities:                       85 (          85)
    linear one-sided inequalities:                 4252 (        4252)
    quadratic one-sided inequalities:             29920 (       29920)
    gen. nonlinear one-sided inequalities:            0 (           0)
    linear two-sided inequalities:                    0 (           0)
    quadratic two-sided inequalities:                 0 (           0)
    gen. nonlinear two-sided inequalities:            0 (           0)
Number of nonzeros in Jacobian:                  227296 (      227296)
Number of nonzeros in Hessian:                   103023 (      103023)

Knitro parallel multistart will run with 4 threads.

Return codes description
------------------------
  0:  The final solution satisfies the termination conditions for verifying optimality.
  -100 to -199:  A feasible approximate solution was found.
  -200 to -299:  Knitro terminated at an infeasible point.
  -300 to -301:  The problem was determined to be unbounded.
  -400 to -499:  Knitro terminated because it reached a pre-defined limit.
    -400 to -409:  A feasible point was found.
    -410 to -419:  No feasible point was found.
  -500 to -599:  Knitro terminated with an input error or some non-standard error.
A more detailed description of individual return codes and their corresponding
termination messages is provided at
https://www.artelys.com/app/docs/knitro/3_referenceManual/returnCodes.html

 Solve #  ThreadID  Status     Objective      FeasError    OptError    Real Time 
--------  --------  ------  --------------   ----------   ----------  ----------
      0          0       0         4.20172  4.33791e-05  1.66871e-05      941.565
      3          2    -410     2.72755e+12  3.20865e+06      111545.      4162.39
      2          3    -410     1.03090e+13  1.86138e+06      954847.      4462.42
      1          1    -410     2.79966e+11  2.75288e+06      22258.0      4705.22
      4          0    -410     3.69607e+13  1.99038e+06  2.21907e+06      4731.54
      6          3    -410     1.00426e+10  2.03516e+06      9800.08      5189.10
      7          1    -410     2.10389e+12  1.77445e+06      148043.      5364.01
      5          2    -410     4.92842e+11      119.731      52110.4      4980.30
      8          0    -410     4.64687e+11  5.59089e+06      34287.1      5371.89
      9          2    -410     5.20827e+11      526.200      215746.      4028.34

MULTISTART: Best locally optimal solution is returned.
EXIT: Locally optimal solution found.

Final Statistics
----------------
Final objective value               =   4.20171649310341e+00
Final feasibility error (abs / rel) =   4.34e-05 / 8.24e-06
Final optimality error  (abs / rel) =   1.67e-05 / 2.36e-06
# of iterations                     =      93068 
# of CG iterations                  =          0 
# of function evaluations           =      93748
# of gradient evaluations           =      93134
# of Hessian evaluations            =      93094
Total program time (secs)           =   13171.47754 ( 43685.109 CPU time)

===============================================================================

Knitro 14.2.0: Locally optimal or satisfactory solution.
objective 4.201716493; feasibility error 4.34e-05
93068 iterations; 93748 function evaluations

suffix feaserror OUT;
suffix opterror OUT;
suffix numfcevals OUT;
suffix numiters OUT;
---------------------------- Solver Status Report ----------------------------
solve_result_num = 0
solve_result = solved
solve_message = 'Knitro 14.2.0: Locally optimal or satisfactory solution.\
objective 4.201716493; feasibility error 4.34e-05\
93068 iterations; 93748 function evaluations'


---------------------------- Problem Dimensions ----------------------------
Variables: 37234
Constraints: 37914
---------------------------- Container and geometric considerations  ----------------------------
Container type: cylinder
Structural conservation type: volume & surface
---------------------------- Solution execution data ----------------------------
solve_result_num = 0
solve_result = solved

---------------------------- Solution data ----------------------------
card(figures) = 85

coords [*,*,1]
:         1             2             3             4         :=
1     1.18793        0.364607     0.296588      0.852725
2     0.0266367     -0.616873    -0.116755      0.233722
3     0.699562       0.0271618    1.07339       0.383267
4     1.04485        0.383266     1.07339       0.0271612
5    -0.367391      -0.891967    -1.18807      -0.325397
6    -0.0767841     -0.377069    -0.929809     -0.0757619
7    -0.733519       0.255025    -1.10157      -0.367707
8    -0.38442       -0.0549104    0.591742      0.0201711
9     0.407514       0.611172     1.18633       1.05948
10   -1.14688       -0.372412    -0.947378     -0.0184445
11   -0.862035      -0.0691379   -0.529105     -0.436434
12    0.65139        0.251865     1.14982       0.971695
13   -0.286507      -1.14688     -0.0184443    -0.947377
14    0.970146       0.65139      0.272057      0.214825
15   -0.00978644     0.0282506    0.15778      -0.641696
16    0.258994      -0.217314     0.664791      0.555962
17    1.1871         0.617099     0.484532      0.673106
18    0.599585       1.05948      0.203334     -0.0911882
19    0.617508      -0.0540792    0.484602      0.664118
20   -0.417456      -0.531225     0.0015087    -0.117221
21   -0.616873       0.0273939   -0.157082     -0.9888
22    1.04485        1.17677      1.14982       0.433406
23   -0.476029       0.456739     0.825217      0.335914
24   -0.0546625      0.663885     0.49907      -0.0701042
25   -0.448823      -0.526723    -1.14688      -0.917486
26   -0.000678887   -0.364753     0.734167      0.760027
27   -0.143991       0.843947     0.292001      0.204405
28   -0.6912        -0.562686    -0.862149     -0.0205418
29   -1.17665       -0.114138    -0.888925     -1.07765
30   -0.68973       -0.862983    -1.18043      -1.06345
31    1.12783        0.801732     0.40349       1.18274
32    0.283346       0.338539    -0.234939      1.06824
33   -0.214714      -0.152402     0.400929      0.5588
34   -0.0633348      0.485053    -0.701097      0.522412
35    0.371812      -0.168885     0.695702      0.293664
36   -1.06345       -0.600897    -1.16403      -1.11465
37   -0.29546       -0.928616    -0.280369     -0.920638
38   -0.945176      -0.327585    -0.0674623    -0.367387
39    0.645628       0.961965    -0.0541689     1.12783
40   -0.515029      -0.689729    -1.06345      -0.862981
41    0.0121706      0.0265078    0.244596      0.65139
42    0.961965       0.499071    -0.0546553     0.663886
43   -0.985298      -0.113701    -1.07768      -1.17665
44   -0.74546       -0.304978    -0.465792      0.327204
45    1.17654        0.970172     1.14982       0.580266
46   -0.949995      -0.112649    -0.295392     -0.237964
47   -0.375006      -0.934951    -0.921625     -1.18867
48    1.15094        0.693945     0.534719      1.182
49   -0.344559      -0.890559    -0.1151       -0.725549
50    0.0559279      0.123301    -0.85011      -0.24247
51   -0.574185      -0.702848     0.358589      0.639426
52   -0.337263      -0.891967    -0.384421     -0.0955621
53   -1.14688       -1.17942     -0.954931     -0.391499
54   -0.698031       0.371809    -0.168885      0.293664
55   -0.0563575      0.665219    -0.38442       0.760346
56    0.443723       1.18591      1.05352       1.16342
57   -0.0834423     -0.327585     0.293801      0.633873
58    0.548351       1.14982      0.258279      0.970204
59    0.645689      -0.047987     0.44873       1.18201
60   -0.641694      -0.526721    -0.00978665    0.157787
61    0.0286976      0.157775     0.817243     -0.00927017
62    0.154015       1.18862      0.909371      0.297298
63   -0.152403      -0.286797    -0.257559      0.415319
64   -0.272283      -0.0834423   -0.327585      0.662966
65    0.330808      -0.514603    -0.58665      -0.603785
66   -0.0594419     -0.543806    -0.861865     -0.996892
67   -0.0173854      1.15576      0.1155        0.299645
68    0.0121705     -0.616873     0.0273941     0.233721
69   -0.864289      -0.264191    -0.504957     -1.09768
70   -0.0812622      1.11668      0.00836976    0.435954
71   -0.448823      -0.526721    -0.0237525    -1.14688
72    1.04485        1.17906      0.38135       0.0660113
73    0.599587       1.05948     -0.0226056     0.367615
74   -0.600896      -1.06345     -0.572713     -1.11465
75   -0.0184236      0.364132     0.638327     -0.266201
76    0.154017       0.909373     0.787868      1.18865
77   -0.337697      -0.928617     0.382417     -0.27011
78    0.699562       0.0490762    0.549779      1.15083
79    0.411339      -0.650027    -0.526727     -0.441305
80    0.523024      -0.0951992   -0.70021      -0.0639499
81   -0.482427      -0.748954    -0.0153582     0.0273938
82   -0.211849       0.532108    -0.26818       0.0117143
83   -0.0563427     -0.364754     0.760291     -0.384421
84   -0.142312      -0.364754    -0.337333      0.776039
85   -0.300336       0.296287     0.379194     -0.152402

 [*,*,2]
:         1             2            3            4         :=
1    -0.0492452     0.444878      0.451696     0.828525
2    -0.012962      1.0164        0.708469     0.949447
3    -0.961357     -0.384603     -0.511296    -1.12548
4    -0.567348     -1.12548      -0.511296    -0.384602
5    -0.878662     -0.786122      0.0455494    0.258935
6    -0.555496     -0.19966      -0.740978     0.143722
7     0.463599      0.62356       0.447371     1.05431
8    -1.12508      -0.417633     -1.03123     -1.18878
9    -0.136062      0.208527     -0.0787866    0.539536
10    0.31346       0.415232     -0.664086     0.345095
11   -0.818833      0.10291      -1.06473     -1.10595
12    0.994628      0.47714       0.302516     0.685128
13    0.257517      0.31346       0.345095    -0.664085
14    0.68732       0.994628      0.503294     1.16938
15    0.20275       0.62382       1.17843      0.523159
16    0.504641      0.0286142     0.264719    -0.799846
17    0.0661993    -1.01626      -0.0409673    0.271483
18    0.195632      0.539537      0.824256     0.234983
19   -1.01601      -0.419792     -0.0425658    0.229498
20   -1.11325      -1.06367      -1.18895     -0.0297886
21    1.0164       -0.0366404     0.738817     0.660202
22   -0.567348     -0.169742      0.302515    -0.111118
23    1.00254       1.09772       0.596383     1.14051
24   -0.411381     -0.986331     -1.07913     -1.18688
25    0.374739      1.06591       0.313461     0.756182
26   -0.380051     -0.557001      0.158635    -0.446626
27    0.117888      0.822311      0.508553     1.17124
28    0.47972      -0.272016     -0.816317     0.134986
29   -0.170586      0.0610779    -0.721718     0.502254
30    0.480612     -0.817834      0.142061    -0.53167
31   -0.376301     -0.877963     -0.397884     0.121278
32    0.498893      0.425709      0.041067    -0.0250766
33    0.0253991    -0.327113      0.566826    -0.802507
34   -0.399941     -0.393694     -0.960238    -1.06803
35   -1.12931      -1.17689      -0.964153    -0.424388
36   -0.531671      0.506096      0.242125     0.413691
37   -0.344491     -0.742472     -1.15542     -0.752342
38   -0.661015      0.200232      0.185438    -0.878663
39   -0.998378     -0.698725     -0.411524    -0.376302
40   -0.185396      0.480612     -0.531671    -0.81783
41    1.18888       0.0347459     0.997452     0.994628
42   -0.698725     -1.07913      -0.411386    -0.986331
43    0.665418      0.0611735     0.5022      -0.170585
44    0.102138      1.09962       0.495224     0.42267
45   -0.171318      0.687213      0.302517    -0.122452
46   -0.714914      0.0621419    -0.348127    -1.16489
47   -0.173614     -0.73448      -0.751133     0.0255134
48   -0.298198     -0.965419     -0.0956319   -0.128304
49   -0.140716     -0.73068       0.0598679    0.174591
50    0.692274      1.18254       0.831207     1.16396
51    0.992523      0.494752      1.0877       0.727942
52    0.237044     -0.786122     -1.12508     -0.680674
53    0.313461      0.15021      -0.708307     0.472348
54   -0.962468     -1.12931      -1.17689     -0.424388
55   -0.42074      -0.985433     -1.12508     -0.446568
56   -0.0923409    -0.084925      0.551085    -0.245046
57   -0.00246998    0.20023       0.592947     0.109289
58   -0.146266      0.302516      0.479631     0.687239
59   -0.998338     -0.417117     -0.118086    -0.12822
60    0.523157      1.06591       0.202752     1.17843
61    0.625735      1.17843       0.710312     0.243929
62    0.937293      0.0279478     0.76592      0.385736
63   -0.327112     -1.12379       0.124884    -0.337222
64   -0.527644     -0.0024698     0.20023      0.106536
65    0.635121     -0.31628       0.487374     0.514351
66    0.0437791    -1.05729      -0.819013    -0.647919
67    0.220876      0.278963      1.18332      0.371433
68    1.18888       1.0164       -0.0366402    0.949447
69    0.816455      1.15922       0.440176     0.456816
70    0.620609     -0.00771184   -0.283525    -0.226027
71    0.37474       1.06591       0.240433     0.313461
72   -0.567348     -0.152978      0.188853    -0.385577
73    0.195631      0.539536      0.255392    -0.177407
74    0.506093     -0.531673      0.43796      0.413694
75    0.254989     -0.179481      0.191909    -0.540006
76    0.937292      0.76592       0.890426     0.0265698
77   -1.13998      -0.742471     -0.374669    -0.328558
78   -0.961357     -0.403399     -0.183419    -0.298629
79    1.11552       0.524248      1.0659       1.10401
80   -1.06773      -1.18513      -0.960694    -0.399271
81   -0.0270856     0.49573       0.475302    -0.0366403
82    0.683359     -0.4012       -0.328694    -0.400159
83   -0.420709     -0.557002     -0.4466      -1.12508
84   -0.4587       -0.557001      0.234978     0.185903
85   -1.13894      -0.470743     -1.12686     -0.327113

 [*,*,3]
:         1            2             3             4         :=
1    -0.180042     -1.16897     -0.00712539   -0.0689717
2    -1.42718      -1.47038     -0.261431     -0.556253
3    -0.123219     -1.02793     -0.43178      -1.45477
4    -1.47038      -1.45477     -0.431781     -1.02793
5     0.724742      1.50199      1.33491       1.50199
6    -0.0721287    -1.10582     -0.0963262     0.194684
7    -0.550611      0.32227      0.491423      0.0330866
8     1.50199       0.386987     1.41006       0.556521
9    -0.0556596     1.1703       1.08019      -0.0904329
10    1.50199       0.369342     0.856708      0.720188
11    0.883304      0.277226    -0.292908      0.828358
12   -1.47038      -1.32289     -1.47038      -0.16592
13    1.50199       1.50199      0.720189      0.856709
14   -0.173593     -1.47038     -1.33035      -0.174667
15    1.48118       0.334824     1.38263       0.470801
16   -1.29752      -0.681463    -0.808407     -1.46613
17    1.48977       1.27371      0.308707      1.42522
18    1.16265      -0.0904371    0.00169514    0.0358348
19    1.2762        0.394962     0.309382      1.37609
20    1.05383      -0.318974     0.601828      0.256353
21   -1.47038      -1.47038     -0.345821     -1.44221
22   -1.47038      -0.257477    -1.47038      -1.41678
23    0.190232      1.20061     -0.0142088    -0.171823
24    0.386908     -0.0920783    1.27329       0.419769
25    0.707823      1.50199      1.50199       0.216928
26    0.467657      1.50199      1.50198       1.50199
27   -0.727849     -0.0738115   -1.29729      -0.183463
28    0.451912     -0.137804     0.872844      0.337382
29   -1.47038      -1.47038     -1.238        -0.632789
30    0.446665      0.875645     0.614914     -0.411018
31    0.495909      1.50199      0.429335      1.44089
32   -1.26551      -0.018756    -0.705067     -0.260819
33   -0.684044     -1.47038     -1.47038      -1.46906
34    0.392315     -0.204112    -0.618932      0.00668859
35   -1.47033      -0.298299    -0.140733     -0.288391
36   -0.41102       0.36942      0.725256     -0.641538
37   -0.707738     -0.0920331   -1.23626      -1.47038
38    0.858859      1.46188      0.339485      0.724741
39   -0.152871      1.14929      0.387269      0.495909
40   -0.298638      0.446665    -0.411017      0.875651
41   -1.47038      -1.47038     -0.50828      -1.47038
42    1.14929       1.27329      0.386907     -0.0920789
43   -1.47038      -1.47038     -0.632851     -1.47038
44   -0.737489      0.105719    -1.12263      -0.0811932
45   -0.253861     -0.15898     -1.47037      -1.18836
46   -1.47038      -1.47038     -0.710108     -1.47038
47   -0.189044     -0.0849225   -1.30094      -1.1084
48   -0.621589     -0.11708      0.0417928     0.745953
49   -0.126605     -1.24635     -1.47038      -0.402769
50   -0.0693212    -1.23598     -1.09878       0.0928732
51    0.08391       0.444865     1.09429       0.2353
52    1.50198       1.50199      1.50199       0.502297
53    1.50199       0.61226      0.852531      0.418254
54   -0.61733      -1.47033     -0.298299     -0.288391
55    0.391884      1.34101      1.50199       1.50199
56   -0.0673293     1.08917     -0.117951     -0.189668
57    0.249708      1.46187      0.34129       1.40512
58   -1.17256      -1.47038     -1.31025      -0.158995
59   -0.152829      0.38209     -0.0620835     0.746039
60    0.470805      1.50199      1.48118       1.38264
61    0.338422      1.38244      0.266214      1.26589
62    1.29636       1.28238      0.156158      0.883272
63   -1.47038      -1.10224     -0.51919      -0.214358
64    0.614015      0.24971      1.46188       1.4034
65    0.367054     -0.162203    -0.420629      0.502866
66    0.167287     -0.24596      0.882624     -0.05504
67    1.50199       1.50199      1.50199       0.871411
68   -1.47038      -1.47038     -1.47038      -0.556253
69   -1.13438       0.0582591   -1.06869       0.175651
70    0.0440614    -0.220788    -0.992523     -0.064145
71    0.707825      1.50199      1.50199       1.50199
72   -1.47038      -0.162604    -0.767617     -0.941713
73    1.16266      -0.0904318    0.0160924    -0.0535353
74    0.369421     -0.41102     -1.00701      -0.641536
75    0.0237975    -0.064758     1.23404       0.640666
76    1.29636       0.156156     1.50199       1.28548
77   -1.14827      -0.09203     -0.256229     -0.73239
78   -0.123218     -0.998445     0.0268508    -0.621462
79    1.12827       0.477195     1.50198       0.126748
80    0.00739448    0.437019    -0.618898      0.392685
81   -0.203062     -1.44886     -0.569341     -1.47038
82   -0.131546     -0.108152    -0.730981      0.330326
83    0.391835      1.50199      1.50199       1.50199
84    0.701289      1.50199      1.50199       1.50199
85   -1.11939      -0.364742    -1.47038      -1.47038
;

radius = 1.18895
height = 2.97237
softness = 0.9

---------------------------- Solution coords data ----------------------------
distances [*,1,*]
:    1   2   3   4    :=
1    0   1   0   1
2    0   1   0   1
3    0   1   0   1
4    0   1   0   1
5    0   1   0   1
6    0   1   0   1
7    0   1   0   1
8    0   1   0   1
9    0   1   0   1
10   0   1   0   1
11   0   1   0   1
12   0   1   0   1
13   0   1   0   1
14   0   1   0   1
15   0   1   0   1
16   0   1   0   1
17   0   1   0   1
18   0   1   0   1
19   0   1   0   1
20   0   1   0   1
21   0   1   0   1
22   0   1   0   1
23   0   1   0   1
24   0   1   0   1
25   0   1   0   1
26   0   1   0   1
27   0   1   0   1
28   0   1   0   1
29   0   1   0   1
30   0   1   0   1
31   0   1   0   1
32   0   1   0   1
33   0   1   0   1
34   0   1   0   1
35   0   1   0   1
36   0   1   0   1
37   0   1   0   1
38   0   1   0   1
39   0   1   0   1
40   0   1   0   1
41   0   1   0   1
42   0   1   0   1
43   0   1   0   1
44   0   1   0   1
45   0   1   0   1
46   0   1   0   1
47   0   1   0   1
48   0   1   0   1
49   0   1   0   1
50   0   1   0   1
51   0   1   0   1
52   0   1   0   1
53   0   1   0   1
54   0   1   0   1
55   0   1   0   1
56   0   1   0   1
57   0   1   0   1
58   0   1   0   1
59   0   1   0   1
60   0   1   0   1
61   0   1   0   1
62   0   1   0   1
63   0   1   0   1
64   0   1   0   1
65   0   1   0   1
66   0   1   0   1
67   0   1   0   1
68   0   1   0   1
69   0   1   0   1
70   0   1   0   1
71   0   1   0   1
72   0   1   0   1
73   0   1   0   1
74   0   1   0   1
75   0   1   0   1
76   0   1   0   1
77   0   1   0   1
78   0   1   0   1
79   0   1   0   1
80   0   1   0   1
81   0   1   0   1
82   0   1   0   1
83   0   1   0   1
84   0   1   0   1
85   0   1   0   1

 [*,2,*]
:    1   2   3   4    :=
1    0   0   1   1
2    0   0   1   1
3    0   0   1   1
4    0   0   1   1
5    0   0   1   1
6    0   0   1   1
7    0   0   1   1
8    0   0   1   1
9    0   0   1   1
10   0   0   1   1
11   0   0   1   1
12   0   0   1   1
13   0   0   1   1
14   0   0   1   1
15   0   0   1   1
16   0   0   1   1
17   0   0   1   1
18   0   0   1   1
19   0   0   1   1
20   0   0   1   1
21   0   0   1   1
22   0   0   1   1
23   0   0   1   1
24   0   0   1   1
25   0   0   1   1
26   0   0   1   1
27   0   0   1   1
28   0   0   1   1
29   0   0   1   1
30   0   0   1   1
31   0   0   1   1
32   0   0   1   1
33   0   0   1   1
34   0   0   1   1
35   0   0   1   1
36   0   0   1   1
37   0   0   1   1
38   0   0   1   1
39   0   0   1   1
40   0   0   1   1
41   0   0   1   1
42   0   0   1   1
43   0   0   1   1
44   0   0   1   1
45   0   0   1   1
46   0   0   1   1
47   0   0   1   1
48   0   0   1   1
49   0   0   1   1
50   0   0   1   1
51   0   0   1   1
52   0   0   1   1
53   0   0   1   1
54   0   0   1   1
55   0   0   1   1
56   0   0   1   1
57   0   0   1   1
58   0   0   1   1
59   0   0   1   1
60   0   0   1   1
61   0   0   1   1
62   0   0   1   1
63   0   0   1   1
64   0   0   1   1
65   0   0   1   1
66   0   0   1   1
67   0   0   1   1
68   0   0   1   1
69   0   0   1   1
70   0   0   1   1
71   0   0   1   1
72   0   0   1   1
73   0   0   1   1
74   0   0   1   1
75   0   0   1   1
76   0   0   1   1
77   0   0   1   1
78   0   0   1   1
79   0   0   1   1
80   0   0   1   1
81   0   0   1   1
82   0   0   1   1
83   0   0   1   1
84   0   0   1   1
85   0   0   1   1

 [*,3,*]
:    1   2   3   4    :=
1    1   0   0   1
2    1   0   0   1
3    1   0   0   1
4    1   0   0   1
5    1   0   0   1
6    1   0   0   1
7    1   0   0   1
8    1   0   0   1
9    1   0   0   1
10   1   0   0   1
11   1   0   0   1
12   1   0   0   1
13   1   0   0   1
14   1   0   0   1
15   1   0   0   1
16   1   0   0   1
17   1   0   0   1
18   1   0   0   1
19   1   0   0   1
20   1   0   0   1
21   1   0   0   1
22   1   0   0   1
23   1   0   0   1
24   1   0   0   1
25   1   0   0   1
26   1   0   0   1
27   1   0   0   1
28   1   0   0   1
29   1   0   0   1
30   1   0   0   1
31   1   0   0   1
32   1   0   0   1
33   1   0   0   1
34   1   0   0   1
35   1   0   0   1
36   1   0   0   1
37   1   0   0   1
38   1   0   0   1
39   1   0   0   1
40   1   0   0   1
41   1   0   0   1
42   1   0   0   1
43   1   0   0   1
44   1   0   0   1
45   1   0   0   1
46   1   0   0   1
47   1   0   0   1
48   1   0   0   1
49   1   0   0   1
50   1   0   0   1
51   1   0   0   1
52   1   0   0   1
53   1   0   0   1
54   1   0   0   1
55   1   0   0   1
56   1   0   0   1
57   1   0   0   1
58   1   0   0   1
59   1   0   0   1
60   1   0   0   1
61   1   0   0   1
62   1   0   0   1
63   1   0   0   1
64   1   0   0   1
65   1   0   0   1
66   1   0   0   1
67   1   0   0   1
68   1   0   0   1
69   1   0   0   1
70   1   0   0   1
71   1   0   0   1
72   1   0   0   1
73   1   0   0   1
74   1   0   0   1
75   1   0   0   1
76   1   0   0   1
77   1   0   0   1
78   1   0   0   1
79   1   0   0   1
80   1   0   0   1
81   1   0   0   1
82   1   0   0   1
83   1   0   0   1
84   1   0   0   1
85   1   0   0   1

 [*,4,*]
:    1   2   3   4    :=
1    1   1   1   0
2    1   1   1   0
3    1   1   1   0
4    1   1   1   0
5    1   1   1   0
6    1   1   1   0
7    1   1   1   0
8    1   1   1   0
9    1   1   1   0
10   1   1   1   0
11   1   1   1   0
12   1   1   1   0
13   1   1   1   0
14   1   1   1   0
15   1   1   1   0
16   1   1   1   0
17   1   1   1   0
18   1   1   1   0
19   1   1   1   0
20   1   1   1   0
21   1   1   1   0
22   1   1   1   0
23   1   1   1   0
24   1   1   1   0
25   1   1   1   0
26   1   1   1   0
27   1   1   1   0
28   1   1   1   0
29   1   1   1   0
30   1   1   1   0
31   1   1   1   0
32   1   1   1   0
33   1   1   1   0
34   1   1   1   0
35   1   1   1   0
36   1   1   1   0
37   1   1   1   0
38   1   1   1   0
39   1   1   1   0
40   1   1   1   0
41   1   1   1   0
42   1   1   1   0
43   1   1   1   0
44   1   1   1   0
45   1   1   1   0
46   1   1   1   0
47   1   1   1   0
48   1   1   1   0
49   1   1   1   0
50   1   1   1   0
51   1   1   1   0
52   1   1   1   0
53   1   1   1   0
54   1   1   1   0
55   1   1   1   0
56   1   1   1   0
57   1   1   1   0
58   1   1   1   0
59   1   1   1   0
60   1   1   1   0
61   1   1   1   0
62   1   1   1   0
63   1   1   1   0
64   1   1   1   0
65   1   1   1   0
66   1   1   1   0
67   1   1   1   0
68   1   1   1   0
69   1   1   1   0
70   1   1   1   0
71   1   1   1   0
72   1   1   1   0
73   1   1   1   0
74   1   1   1   0
75   1   1   1   0
76   1   1   1   0
77   1   1   1   0
78   1   1   1   0
79   1   1   1   0
80   1   1   1   0
81   1   1   1   0
82   1   1   1   0
83   1   1   1   0
84   1   1   1   0
85   1   1   1   0
;

---------------------------- Solution stats data ----------------------------
_ampl_time = 0.181229
_total_solve_time = 43685.7
_ampl_elapsed_time = 0.177814
_ampl_user_time = 0.142644

Total time elapsed: $43685.66.
_total_solve_time = 43685.7

---------------------------- Solution miscs data ----------------------------
tetrahedron_volume [*] :=
 1 0.117851   18 0.117851   35 0.117851   52 0.117851   69 0.117851
 2 0.117851   19 0.117851   36 0.117851   53 0.117851   70 0.117851
 3 0.117851   20 0.117851   37 0.117851   54 0.117851   71 0.117851
 4 0.117851   21 0.117851   38 0.117851   55 0.117851   72 0.117851
 5 0.117851   22 0.117851   39 0.117851   56 0.117851   73 0.117851
 6 0.117851   23 0.117851   40 0.117851   57 0.117851   74 0.117851
 7 0.117851   24 0.117851   41 0.117851   58 0.117851   75 0.117851
 8 0.117851   25 0.117851   42 0.117851   59 0.117851   76 0.117851
 9 0.117851   26 0.117851   43 0.117851   60 0.117851   77 0.117851
10 0.117851   27 0.117851   44 0.117851   61 0.117851   78 0.117851
11 0.117851   28 0.117851   45 0.117851   62 0.117851   79 0.117851
12 0.117851   29 0.117851   46 0.117851   63 0.117851   80 0.117851
13 0.117851   30 0.117851   47 0.117851   64 0.117851   81 0.117851
14 0.117851   31 0.117851   48 0.117851   65 0.117851   82 0.117851
15 0.117851   32 0.117851   49 0.117851   66 0.117851   83 0.117851
16 0.117851   33 0.117851   50 0.117851   67 0.117851   84 0.117851
17 0.117851   34 0.117851   51 0.117851   68 0.117851   85 0.117851
;

---------------------------- Solution miscs data ----------------------------
tetrahedron_surface_area [*] :=
 1 0    9 0   17 0   25 0   33 0   41 0   49 0   57 0   65 0   73 0   81 0
 2 0   10 0   18 0   26 0   34 0   42 0   50 0   58 0   66 0   74 0   82 0
 3 0   11 0   19 0   27 0   35 0   43 0   51 0   59 0   67 0   75 0   83 0
 4 0   12 0   20 0   28 0   36 0   44 0   52 0   60 0   68 0   76 0   84 0
 5 0   13 0   21 0   29 0   37 0   45 0   53 0   61 0   69 0   77 0   85 0
 6 0   14 0   22 0   30 0   38 0   46 0   54 0   62 0   70 0   78 0
 7 0   15 0   23 0   31 0   39 0   47 0   55 0   63 0   71 0   79 0
 8 0   16 0   24 0   32 0   40 0   48 0   56 0   64 0   72 0   80 0
;

