Error at _cmdno 5 executing "solve" command
(file amplin, line 1961, offset 37058):
error processing param distances:
	3680 invalid subscripts discarded:
	distances[71,1,1]
	distances[71,1,2]
	distances[71,1,3]
	and 3677 more.
##### This license is only intended for use by NEOS. #####
##### License is valid until Jan 16, 2026 #####
ariables.
Substitution eliminates 1 variable.
Adjusted problem:
12918 variables:
	8088 nonlinear variables
	4830 linear variables
25903 constraints; 155161 nonzeros
	22925 nonlinear constraints
	2978 linear constraints
	2486 equality constraints
	23417 inequality constraints
1 nonlinear objective; 3 nonzeros.

Artelys Knitro 14.2.0: threads=4
algorithm=1
ms_enable=1
ms_maxsolves=10
feastol=1e-5
opttol=1e-5
honorbnds=1
bar_initpt=3
bar_murule=4
scale=1
outlev=2
maxtime_real=1200
WARNING:  Option 'threads' is deprecated, please use 'numthreads'.
WARNING: 1 constraint is constant or undefined and will be ignored.

=======================================
           Academic License
       (NOT FOR COMMERCIAL USE)
         Artelys Knitro 14.2.0
=======================================

No start point provided -- Knitro computing one.

Knitro presolve eliminated 0 variables and 1 constraint.

algorithm                1
bar_initpt               3
bar_murule               4
concurrent_evals         0
datacheck                0
feastol                  1e-05
findiff_numthreads       1
hessian_no_f             1
hessopt                  1
honorbnds                1
maxtime_real             1200
ms_enable                1
ms_maxsolves             10
numthreads               4
opttol                   1e-05

Problem Characteristics                                 (   Presolved)
-----------------------
Objective goal:  Minimize
Objective type:  general
Number of variables:                              12918 (       12918)
    bounded below only:                               1 (           1)
    bounded above only:                               0 (           0)
    bounded below and above:                          0 (           0)
    fixed:                                            0 (           0)
    free:                                         12917 (       12917)
Number of constraints:                            25903 (       25902)
    linear equalities:                                1 (           0)
    quadratic equalities:                          2415 (        2415)
    gen. nonlinear equalities:                       70 (          70)
    linear one-sided inequalities:                 2977 (        2977)
    quadratic one-sided inequalities:             20440 (       20440)
    gen. nonlinear one-sided inequalities:            0 (           0)
    linear two-sided inequalities:                    0 (           0)
    quadratic two-sided inequalities:                 0 (           0)
    gen. nonlinear two-sided inequalities:            0 (           0)
Number of nonzeros in Jacobian:                  155161 (      155161)
Number of nonzeros in Hessian:                    70668 (       70668)

Knitro parallel multistart will run with 4 threads.

Return codes description
------------------------
  0:  The final solution satisfies the termination conditions for verifying optimality.
  -100 to -199:  A feasible approximate solution was found.
  -200 to -299:  Knitro terminated at an infeasible point.
  -300 to -301:  The problem was determined to be unbounded.
  -400 to -499:  Knitro terminated because it reached a pre-defined limit.
    -400 to -409:  A feasible point was found.
    -410 to -419:  No feasible point was found.
  -500 to -599:  Knitro terminated with an input error or some non-standard error.
A more detailed description of individual return codes and their corresponding
termination messages is provided at
https://www.artelys.com/app/docs/knitro/3_referenceManual/returnCodes.html

 Solve #  ThreadID  Status     Objective      FeasError    OptError    Real Time 
--------  --------  ------  --------------   ----------   ----------  ----------
      0          0       0         3.32536  5.28312e-05  4.97927e-05      707.217
      6          2    -410     1.28099e+09  1.44499e+07      1398.78      11731.2
      2          3    -410     5.94824e+11  1.20441e+06      52355.5      6666.62
      1          2    -410     2.29611e+10  3.25382e+06      6545.71      7074.88
      3          1    -410     1.42806e+12  2.47993e+06      212594.      7184.95
      4          0    -410     1.80669e+13  1.60359e+06  1.50991e+06      9386.24
      9          3    -410     6.80000e+10      577051.      15399.1      5160.07
      5          3    -410     1.33122e+09      4.85447      1041.41      10522.5
      7          1    -410     1.67491e+13      206.003      518465.      10853.0
      8          0    -410     3.97219e+12      62.8983      661743.      9628.72

MULTISTART: Best locally optimal solution is returned.
EXIT: Locally optimal solution found.

Final Statistics
----------------
Final objective value               =   3.32535921704485e+00
Final feasibility error (abs / rel) =   5.28e-05 / 9.58e-06
Final optimality error  (abs / rel) =   4.98e-05 / 8.23e-06
# of iterations                     =      92164 
# of CG iterations                  =          0 
# of function evaluations           =      93385
# of gradient evaluations           =      92258
# of Hessian evaluations            =      92196
Total program time (secs)           =   22349.57812 ( 63245.449 CPU time)

===============================================================================

Knitro 14.2.0: Locally optimal or satisfactory solution.
objective 3.325359217; feasibility error 5.28e-05
92164 iterations; 93385 function evaluations

suffix feaserror OUT;
suffix opterror OUT;
suffix numfcevals OUT;
suffix numiters OUT;
---------------------------- Solver Status Report ----------------------------
solve_result_num = 0
solve_result = solved
solve_message = 'Knitro 14.2.0: Locally optimal or satisfactory solution.\
objective 3.325359217; feasibility error 5.28e-05\
92164 iterations; 93385 function evaluations'


---------------------------- Problem Dimensions ----------------------------
Variables: 25414
Constraints: 25974
---------------------------- Container and geometric considerations  ----------------------------
Container type: cylinder
Structural conservation type: volume & surface
---------------------------- Solution execution data ----------------------------
solve_result_num = 0
solve_result = solved

---------------------------- Solution data ----------------------------
card(figures) = 70

coords [*,*,1]
:        1             2             3             4         :=
1    -0.984188    -0.264831     -0.299652     -0.755355
2     0.713902     0.201308      0.221263     -0.149342
3     0.249639     1.09632       1.0869        0.709761
4     0.714857     0.167297      0.680379      1.09571
5     0.0116271    0.466827      0.70893       0.402881
6    -0.0605808    0.699001      0.249639     -0.00135979
7    -1.01609     -0.84478      -0.5584       -0.0896304
8    -0.984188    -0.299652     -1.00154      -1.08226
9     0.934492     0.469514      1.09157       0.588934
10    0.914819     0.2581        1.09571       0.785956
11   -0.440321     0.551949      0.216154     -0.174727
12    0.46368      0.536846      0.738713     -0.0488094
13   -0.986324    -0.987304     -1.07718       0.113106
14   -0.751896     0.00385968   -0.236413     -0.282453
15    0.795648     0.216154      0.551977     -0.174727
16    0.189896     0.680379      1.09571       1.08774
17   -0.237014    -0.722265      0.00385967   -0.986324
18   -1.01721     -0.696394      0.0287929    -0.420642
19    0.40284      0.00385969    0.466827      0.00719294
20   -0.840441    -0.950959      0.321928     -0.683071
21    0.208577    -0.147844     -0.715231     -0.368973
22    1.08878      0.697801     -0.00297873    0.481933
23   -1.02112      0.110046     -0.169969     -0.27146
24   -0.591786    -0.308315     -1.01092      -0.168103
25    0.249639     1.0869        0.712645      1.09812
26   -0.192638    -0.306408     -1.00154      -0.168103
27    0.161857     0.813138      0.918459      0.176727
28   -1.09797     -0.321277     -0.756418     -0.984188
29   -0.0502218   -0.771117     -0.178733      0.463429
30   -0.84044     -0.675209     -0.23452       0.300448
31    0.102056     1.09571       1.09157       0.953646
32   -1.09781     -0.359372     -0.13647      -0.758109
33   -0.0135946   -0.477859      0.195372      0.604112
34   -0.108203    -0.468889     -0.184474      0.0839874
35   -1.00154     -0.306315     -0.362074     -0.0135946
36   -1.05517     -0.758109     -1.04119      -0.331479
37   -0.33822     -1.02183      -1.09296      -0.836886
38   -0.264831    -0.300661     -0.708916      0.12498
39    0.68038      0.0997055     1.02058       0.249639
40    0.713902     0.653335      0.221263      0.201308
41   -0.401274     0.113106     -0.986324     -0.987304
42   -0.181174     0.62337       0.23492      -0.0262858
43   -1.03682     -1.00555      -0.308075     -1.09036
44    0.321928    -0.683071     -0.0631116    -0.950958
45   -0.14536     -0.258649      0.392143      0.407095
46   -0.210604    -0.148808      0.201408      0.600197
47   -0.131626    -0.769962      0.463431      0.114115
48    0.0351615   -0.192638     -0.168102      0.697917
49   -0.184831    -0.77116       0.34613      -1.02112
50    0.31099     -0.231431     -0.00453352    0.70992
51   -0.258069     0.403073      0.00716837    0.00385969
52   -0.758109    -0.360201     -0.19618      -0.979361
53   -0.237014     0.00719291    0.00385967   -0.986324
54    0.918459     1.09157       0.102056      1.09571
55    0.307199    -0.275921      0.00385975   -0.236413
56    0.464284     0.739134     -0.0932378    -0.0973702
57    0.249639     0.712645      1.0869        0.604112
58    1.09571      0.403496      0.114883      0.715274
59    0.155722     0.604112     -0.264831     -0.300661
60    0.680379     0.0995694     0.177629      1.02058
61    0.466236     0.0116271     0.588934      0.914754
62    0.40141     -0.696394     -0.420642      0.0287929
63   -0.174727     0.503346     -0.711249     -0.440321
64   -0.181482    -0.303922     -0.148808      0.635694
65    1.08879     -0.00299752    0.249639      0.481933
66    1.07833      0.46368       0.536846      0.738713
67    0.778441     1.08101       1.09571       0.231767
68    0.244084     0.77986      -0.17879       0.463432
69   -1.0023      -1.07718      -0.420642      0.113107
70   -1.02112      0.110046     -0.169969      0.34613

 [*,*,2]
:        1            2             3             4         :=
1     0.490769     1.0674       0.205743      0.799324
2     0.836555    -0.0537609    1.07728       1.08958
3     0.200304     0.086916     0.16773      -0.840071
4     0.835739    -0.130852     0.86404      -0.0943225
5     1.0997      -0.217689     0.838491      0.393718
6    -0.428653    -0.849041     0.200304     -0.414851
7    -0.420758    -0.70415     -0.947454      0.0426247
8     0.490769     0.205743    -0.454318     -0.195447
9     0.577134    -0.19918      0.134008      0.928783
10   -0.610398    -0.122981    -0.0943227    -0.769255
11   -1.00777     -0.341238    -1.07831      -1.0858
12   -0.997237    -0.0693297   -0.814729     -0.482796
13    0.486463    -0.451589    -0.221707     -0.374498
14    0.802579     1.09976      1.07405       0.204004
15   -0.759226    -1.07831     -0.341177     -1.0858
16   -0.087033     0.86404     -0.0943225    -0.162193
17   -0.0844135    0.829345     1.09976       0.486463
18   -0.41804     -0.838464    -0.060215     -1.01614
19    0.394109     1.09976     -0.217689     -0.291557
20    0.709324     0.278798     0.295371      0.861913
21    0.623753    -0.0955522    0.739626      0.10663
22    0.0879209   -0.850031    -0.413745     -0.323328
23   -0.408402    -0.101227     0.0041714     0.33881
24   -0.926968    -0.479405    -0.433045     -1.08684
25    0.200304     0.16773      0.837626      0.0601393
26   -0.355306    -0.487666    -0.454318     -1.08684
27   -1.08779     -0.740464    -0.604908     -0.264311
28   -0.0627662    0.214747     0.798318      0.490769
29   -0.305946    -0.784129    -1.08514      -0.355208
30    0.709324     0.868086     1.07447       0.303021
31   -0.271452    -0.0943225    0.134008      0.547759
32   -0.0656042    0.265837    -0.200458      0.796713
33   -0.333391     0.0361811    0.694566      0.918983
34    0.0828816   -0.994798    -1.08418      -1.09655
35   -0.454318    -0.487671     0.206212     -0.333391
36    0.310004     0.796713     0.0781247     0.0932919
37    0.0984207   -0.406616     0.122187     -0.713514
38    1.0674       0.18076      0.738834      0.634238
39    0.864039    -0.164125     0.00700543    0.200304
40    0.836555     0.884666     1.07728      -0.0537609
41    0.0490084   -0.374498     0.486463     -0.451589
42    0.17669      0.872853     0.0163057    -0.327324
43    0.366735    -0.445362     0.179622      0.143549
44    0.295371     0.861913     0.0834598     0.278798
45   -0.0162864    0.356653     0.342171     -0.535146
46    0.0288742    1.08965     -0.0545292     0.802584
47    0.145988    -0.785263    -0.355206     -0.171665
48   -0.43749     -0.355306    -1.08684      -0.849937
49    0.0183023   -0.784087    -0.486527     -0.408402
50    0.296717     1.07514      1.09975       0.839937
51    0.376719     0.393669    -0.281296      1.09976
52    0.796713     0.0559579   -0.104677     -0.500333
53   -0.0844136   -0.291557     1.09976       0.486463
54   -0.604908     0.134008    -0.271452     -0.0943226
55    0.311469     0.327439     1.09976       1.07405
56   -0.996956    -0.814348    -0.47666      -1.09544
57    0.200304     0.837626     0.16773       0.918983
58   -0.0943227   -0.449084    -0.132915      0.83472
59    0.66699      0.918983     1.0674        0.18076
60    0.86404     -0.164151    -0.110818      0.00700544
61   -0.215979     1.0997       0.928783      0.610496
62   -0.488651    -0.838464    -1.01614      -0.060215
63   -1.0858      -0.383991    -0.838812     -1.00777
64    0.528776     1.05694      1.08965       0.897426
65    0.0879253   -0.413756     0.200304     -0.323328
66   -0.216073    -0.997237    -0.0693297    -0.814729
67   -0.776859    -0.202222    -0.0943225    -0.0876241
68   -0.122206    -0.775435    -1.08513      -0.355212
69   -0.452639    -0.221707    -1.01614      -0.374498
70   -0.408402    -0.101227     0.0041714    -0.486527

 [*,*,3]
:        1            2             3            4         :=
1     0.86542      0.86542      0.86542      -0.31356
2    -1.04128     -0.57707     -0.0142665    -0.589292
3     0.86542      0.0394337    0.86542       0.86542
4    -1.06377     -0.703698    -0.262081     -0.830864
5    -1.82727     -1.88399     -1.03877      -0.779392
6     0.86542      0.828065     0.86542      -0.299309
7    -0.974121     0.199526    -0.531132     -0.037667
8     0.86542      0.86542      0.86542      -0.219281
9    -0.816254    -1.8798      -1.88399      -1.88399
10   -1.83929     -0.707409    -0.830864     -0.478174
11   -1.81577     -1.2136      -1.78764      -0.447061
12    0.796812    -0.244166    -0.56004      -0.2594
13   -1.88399     -1.05871     -1.88399      -1.88399
14   -1.25378     -1.88399     -0.508634     -1.42121
15   -0.571959    -1.78764     -1.21355      -0.447061
16   -0.684247    -0.262081    -0.830864     -0.0478555
17   -1.37148     -1.28281     -1.88399      -1.88399
18   -1.01267     -0.703967    -1.60864      -1.88399
19   -0.778688    -1.88399     -1.88399      -1.88399
20   -1.42841     -1.34855     -0.77454      -0.108301
21    0.0362386    0.769654    -0.194995     -0.475378
22    0.0467949    0.824422    -0.301882      0.864684
23   -1.02062     -1.59115     -0.227152     -1.18032
24   -0.455539    -0.341069     0.781542      0.86542
25    0.86542      0.86542     -0.287596     -0.234778
26    0.86542     -0.324662     0.86542       0.86542
27   -1.88399     -0.735835    -1.88399      -1.88399
28   -0.0310934    0.86542     -0.309332      0.86542
29   -0.122233    -0.731505    -0.447562     -1.22336
30   -1.42841     -0.0509122   -0.506479     -0.786623
31   -1.62536     -0.830865    -1.88399      -0.896565
32   -0.0282656    0.762574     0.167638     -0.310373
33    0.86542      0.86542     -0.00785359    0.86542
34    0.026265    -0.574979     0.78925      -0.0787017
35    0.86542     -0.324821     0.673699      0.86542
36   -1.44887     -0.310373    -0.0752865    -0.75217
37   -0.777238    -1.02604     -0.295728      0.243592
38    0.86542      0.86542     -0.193415      0.0153138
39   -0.262081     0.172665    -0.0831755     0.86542
40   -1.04128      0.352999    -0.0142665    -0.57707
41   -1.21711     -1.88399     -1.88399      -1.05871
42   -0.0518548    0.539583    -0.492615      0.835425
43   -1.80291     -1.07298     -1.2872       -0.425481
44   -0.77454     -0.108301    -0.389359     -1.34855
45   -0.292364    -1.35341     -0.84692      -1.46521
46   -0.249022    -0.588421    -0.577273      0.450503
47   -0.076884    -0.73801     -1.22336       0.116153
48   -0.240582     0.86542      0.86542       0.86542
49   -0.196441    -0.735488    -1.2936       -1.02061
50   -0.741064    -0.539065    -1.83905      -1.03961
51   -1.32953     -0.778043    -1.88399      -1.88399
52   -0.310373    -0.726575     0.121724      0.157301
53   -1.37148     -1.88399     -1.88399      -1.88399
54   -1.88399     -1.88399     -1.62536      -0.830864
55   -0.77197     -1.29174     -1.88399      -0.508634
56    0.794333    -0.562543    -0.189628     -0.473453
57    0.86542     -0.287596     0.86542       0.86542
58   -0.830864    -1.40094     -0.696519     -1.06352
59   -0.0460839    0.86542      0.86542       0.86542
60   -0.262081     0.172702    -0.694805     -0.0831755
61   -1.88392     -1.82727     -1.88399      -0.881208
62   -1.47683     -0.703967    -1.88399      -1.60864
63   -0.447061    -1.19551     -0.67792      -1.81577
64   -0.408967     0.798976    -0.588421      0.550704
65    0.0467862   -0.301867     0.86542       0.864684
66    0.399543     0.796812    -0.244166     -0.56004
67   -0.473671     0.414465    -0.830864     -0.688101
68   -0.196154    -0.555265    -0.447436     -1.22337
69   -1.04747     -1.88399     -1.88399      -1.88399
70   -1.02061     -1.59115     -0.227152     -1.2936
;

radius = 1.09976
height = 2.74941
softness = 0.95

---------------------------- Solution coords data ----------------------------
distances [*,1,*]
:    1   2   3   4    :=
1    0   1   0   1
2    0   1   0   1
3    0   1   0   1
4    0   1   0   1
5    0   1   0   1
6    0   1   0   1
7    0   1   0   1
8    0   1   0   1
9    0   1   0   1
10   0   1   0   1
11   0   1   0   1
12   0   1   0   1
13   0   1   0   1
14   0   1   0   1
15   0   1   0   1
16   0   1   0   1
17   0   1   0   1
18   0   1   0   1
19   0   1   0   1
20   0   1   0   1
21   0   1   0   1
22   0   1   0   1
23   0   1   0   1
24   0   1   0   1
25   0   1   0   1
26   0   1   0   1
27   0   1   0   1
28   0   1   0   1
29   0   1   0   1
30   0   1   0   1
31   0   1   0   1
32   0   1   0   1
33   0   1   0   1
34   0   1   0   1
35   0   1   0   1
36   0   1   0   1
37   0   1   0   1
38   0   1   0   1
39   0   1   0   1
40   0   1   0   1
41   0   1   0   1
42   0   1   0   1
43   0   1   0   1
44   0   1   0   1
45   0   1   0   1
46   0   1   0   1
47   0   1   0   1
48   0   1   0   1
49   0   1   0   1
50   0   1   0   1
51   0   1   0   1
52   0   1   0   1
53   0   1   0   1
54   0   1   0   1
55   0   1   0   1
56   0   1   0   1
57   0   1   0   1
58   0   1   0   1
59   0   1   0   1
60   0   1   0   1
61   0   1   0   1
62   0   1   0   1
63   0   1   0   1
64   0   1   0   1
65   0   1   0   1
66   0   1   0   1
67   0   1   0   1
68   0   1   0   1
69   0   1   0   1
70   0   1   0   1

 [*,2,*]
:    1   2   3   4    :=
1    0   0   1   1
2    0   0   1   1
3    0   0   1   1
4    0   0   1   1
5    0   0   1   1
6    0   0   1   1
7    0   0   1   1
8    0   0   1   1
9    0   0   1   1
10   0   0   1   1
11   0   0   1   1
12   0   0   1   1
13   0   0   1   1
14   0   0   1   1
15   0   0   1   1
16   0   0   1   1
17   0   0   1   1
18   0   0   1   1
19   0   0   1   1
20   0   0   1   1
21   0   0   1   1
22   0   0   1   1
23   0   0   1   1
24   0   0   1   1
25   0   0   1   1
26   0   0   1   1
27   0   0   1   1
28   0   0   1   1
29   0   0   1   1
30   0   0   1   1
31   0   0   1   1
32   0   0   1   1
33   0   0   1   1
34   0   0   1   1
35   0   0   1   1
36   0   0   1   1
37   0   0   1   1
38   0   0   1   1
39   0   0   1   1
40   0   0   1   1
41   0   0   1   1
42   0   0   1   1
43   0   0   1   1
44   0   0   1   1
45   0   0   1   1
46   0   0   1   1
47   0   0   1   1
48   0   0   1   1
49   0   0   1   1
50   0   0   1   1
51   0   0   1   1
52   0   0   1   1
53   0   0   1   1
54   0   0   1   1
55   0   0   1   1
56   0   0   1   1
57   0   0   1   1
58   0   0   1   1
59   0   0   1   1
60   0   0   1   1
61   0   0   1   1
62   0   0   1   1
63   0   0   1   1
64   0   0   1   1
65   0   0   1   1
66   0   0   1   1
67   0   0   1   1
68   0   0   1   1
69   0   0   1   1
70   0   0   1   1

 [*,3,*]
:    1   2   3   4    :=
1    1   0   0   1
2    1   0   0   1
3    1   0   0   1
4    1   0   0   1
5    1   0   0   1
6    1   0   0   1
7    1   0   0   1
8    1   0   0   1
9    1   0   0   1
10   1   0   0   1
11   1   0   0   1
12   1   0   0   1
13   1   0   0   1
14   1   0   0   1
15   1   0   0   1
16   1   0   0   1
17   1   0   0   1
18   1   0   0   1
19   1   0   0   1
20   1   0   0   1
21   1   0   0   1
22   1   0   0   1
23   1   0   0   1
24   1   0   0   1
25   1   0   0   1
26   1   0   0   1
27   1   0   0   1
28   1   0   0   1
29   1   0   0   1
30   1   0   0   1
31   1   0   0   1
32   1   0   0   1
33   1   0   0   1
34   1   0   0   1
35   1   0   0   1
36   1   0   0   1
37   1   0   0   1
38   1   0   0   1
39   1   0   0   1
40   1   0   0   1
41   1   0   0   1
42   1   0   0   1
43   1   0   0   1
44   1   0   0   1
45   1   0   0   1
46   1   0   0   1
47   1   0   0   1
48   1   0   0   1
49   1   0   0   1
50   1   0   0   1
51   1   0   0   1
52   1   0   0   1
53   1   0   0   1
54   1   0   0   1
55   1   0   0   1
56   1   0   0   1
57   1   0   0   1
58   1   0   0   1
59   1   0   0   1
60   1   0   0   1
61   1   0   0   1
62   1   0   0   1
63   1   0   0   1
64   1   0   0   1
65   1   0   0   1
66   1   0   0   1
67   1   0   0   1
68   1   0   0   1
69   1   0   0   1
70   1   0   0   1

 [*,4,*]
:    1   2   3   4    :=
1    1   1   1   0
2    1   1   1   0
3    1   1   1   0
4    1   1   1   0
5    1   1   1   0
6    1   1   1   0
7    1   1   1   0
8    1   1   1   0
9    1   1   1   0
10   1   1   1   0
11   1   1   1   0
12   1   1   1   0
13   1   1   1   0
14   1   1   1   0
15   1   1   1   0
16   1   1   1   0
17   1   1   1   0
18   1   1   1   0
19   1   1   1   0
20   1   1   1   0
21   1   1   1   0
22   1   1   1   0
23   1   1   1   0
24   1   1   1   0
25   1   1   1   0
26   1   1   1   0
27   1   1   1   0
28   1   1   1   0
29   1   1   1   0
30   1   1   1   0
31   1   1   1   0
32   1   1   1   0
33   1   1   1   0
34   1   1   1   0
35   1   1   1   0
36   1   1   1   0
37   1   1   1   0
38   1   1   1   0
39   1   1   1   0
40   1   1   1   0
41   1   1   1   0
42   1   1   1   0
43   1   1   1   0
44   1   1   1   0
45   1   1   1   0
46   1   1   1   0
47   1   1   1   0
48   1   1   1   0
49   1   1   1   0
50   1   1   1   0
51   1   1   1   0
52   1   1   1   0
53   1   1   1   0
54   1   1   1   0
55   1   1   1   0
56   1   1   1   0
57   1   1   1   0
58   1   1   1   0
59   1   1   1   0
60   1   1   1   0
61   1   1   1   0
62   1   1   1   0
63   1   1   1   0
64   1   1   1   0
65   1   1   1   0
66   1   1   1   0
67   1   1   1   0
68   1   1   1   0
69   1   1   1   0
70   1   1   1   0
;

---------------------------- Solution stats data ----------------------------
_ampl_time = 0.150471
_total_solve_time = 63245.8
_ampl_elapsed_time = 0.146231
_ampl_user_time = 0.119801

Total time elapsed: $63245.83.
_total_solve_time = 63245.8

---------------------------- Solution miscs data ----------------------------
tetrahedron_volume [*] :=
 1 0.117851   15 0.117851   29 0.117851   43 0.117851   57 0.117851
 2 0.117851   16 0.117851   30 0.117851   44 0.117851   58 0.117851
 3 0.117851   17 0.117851   31 0.117851   45 0.117851   59 0.117851
 4 0.117851   18 0.117851   32 0.117851   46 0.117851   60 0.117851
 5 0.117851   19 0.117851   33 0.117851   47 0.117851   61 0.117851
 6 0.117851   20 0.117851   34 0.117851   48 0.117851   62 0.117851
 7 0.117851   21 0.117851   35 0.117851   49 0.117851   63 0.117851
 8 0.117851   22 0.117851   36 0.117851   50 0.117851   64 0.117851
 9 0.117851   23 0.117851   37 0.117851   51 0.117851   65 0.117851
10 0.117851   24 0.117851   38 0.117851   52 0.117851   66 0.117851
11 0.117851   25 0.117851   39 0.117851   53 0.117851   67 0.117851
12 0.117851   26 0.117851   40 0.117851   54 0.117851   68 0.117851
13 0.117851   27 0.117851   41 0.117851   55 0.117851   69 0.117851
14 0.117851   28 0.117851   42 0.117851   56 0.117851   70 0.117851
;

---------------------------- Solution miscs data ----------------------------
tetrahedron_surface_area [*] :=
 1 0    8 0   15 0   22 0   29 0   36 0   43 0   50 0   57 0   64 0
 2 0    9 0   16 0   23 0   30 0   37 0   44 0   51 0   58 0   65 0
 3 0   10 0   17 0   24 0   31 0   38 0   45 0   52 0   59 0   66 0
 4 0   11 0   18 0   25 0   32 0   39 0   46 0   53 0   60 0   67 0
 5 0   12 0   19 0   26 0   33 0   40 0   47 0   54 0   61 0   68 0
 6 0   13 0   20 0   27 0   34 0   41 0   48 0   55 0   62 0   69 0
 7 0   14 0   21 0   28 0   35 0   42 0   49 0   56 0   63 0   70 0
;

