Error at _cmdno 5 executing "solve" command
(file amplin, line 1961, offset 37059):
error processing param distances:
	3200 invalid subscripts discarded:
	distances[101,1,1]
	distances[101,1,2]
	distances[101,1,3]
	and 3197 more.
##### This license is only intended for use by NEOS. #####
##### License is valid until Jan 16, 2026 #####
iables.
Substitution eliminates 1 variable.
Adjusted problem:
25953 variables:
	16053 nonlinear variables
	9900 linear variables
52003 constraints; 313156 nonzeros
	46250 nonlinear constraints
	5753 linear constraints
	5051 equality constraints
	46952 inequality constraints
1 nonlinear objective; 3 nonzeros.

Artelys Knitro 14.2.0: threads=4
algorithm=1
ms_enable=1
ms_maxsolves=10
feastol=1e-5
opttol=1e-5
honorbnds=1
bar_initpt=3
bar_murule=4
scale=1
outlev=2
maxtime_real=1200
WARNING:  Option 'threads' is deprecated, please use 'numthreads'.
WARNING: 1 constraint is constant or undefined and will be ignored.

=======================================
           Academic License
       (NOT FOR COMMERCIAL USE)
         Artelys Knitro 14.2.0
=======================================

No start point provided -- Knitro computing one.

Knitro presolve eliminated 0 variables and 1 constraint.

algorithm                1
bar_initpt               3
bar_murule               4
concurrent_evals         0
datacheck                0
feastol                  1e-05
findiff_numthreads       1
hessian_no_f             1
hessopt                  1
honorbnds                1
maxtime_real             1200
ms_enable                1
ms_maxsolves             10
numthreads               4
opttol                   1e-05

Problem Characteristics                                 (   Presolved)
-----------------------
Objective goal:  Minimize
Objective type:  general
Number of variables:                              25953 (       25953)
    bounded below only:                               1 (           1)
    bounded above only:                               0 (           0)
    bounded below and above:                          0 (           0)
    fixed:                                            0 (           0)
    free:                                         25952 (       25952)
Number of constraints:                            52003 (       52002)
    linear equalities:                                1 (           0)
    quadratic equalities:                          4950 (        4950)
    gen. nonlinear equalities:                      100 (         100)
    linear one-sided inequalities:                 5752 (        5752)
    quadratic one-sided inequalities:             41200 (       41200)
    gen. nonlinear one-sided inequalities:            0 (           0)
    linear two-sided inequalities:                    0 (           0)
    quadratic two-sided inequalities:                 0 (           0)
    gen. nonlinear two-sided inequalities:            0 (           0)
Number of nonzeros in Jacobian:                  313156 (      313156)
Number of nonzeros in Hessian:                   141453 (      141453)

Knitro parallel multistart will run with 4 threads.

Return codes description
------------------------
  0:  The final solution satisfies the termination conditions for verifying optimality.
  -100 to -199:  A feasible approximate solution was found.
  -200 to -299:  Knitro terminated at an infeasible point.
  -300 to -301:  The problem was determined to be unbounded.
  -400 to -499:  Knitro terminated because it reached a pre-defined limit.
    -400 to -409:  A feasible point was found.
    -410 to -419:  No feasible point was found.
  -500 to -599:  Knitro terminated with an input error or some non-standard error.
A more detailed description of individual return codes and their corresponding
termination messages is provided at
https://www.artelys.com/app/docs/knitro/3_referenceManual/returnCodes.html

 Solve #  ThreadID  Status     Objective      FeasError    OptError    Real Time 
--------  --------  ------  --------------   ----------   ----------  ----------
      0          0       0         4.67609  1.95886e-05  2.38640e-06      1004.42
      1          1    -410     1.09422e+09  4.31232e+07      543.211      6750.49
      4          0    -410     1.53695e+09  2.60523e+07      1383.02      6735.33
      5          3    -410     7.95997e+12  1.81317e+06      232260.      5916.59
      6          2    -410     2.06224e+12      467797.      343033.      6022.99
      7          1    -410     5.03937e+11  4.03537e+06      142474.      5792.13
      3          2    -410     3.28998e+09      9.45021      1728.88      5753.16
      8          0    -410     1.00764e+13  3.07707e+06  1.89982e+06      5691.05
      9          3    -410     2.87241e+12      93453.3      499261.      4965.85
      2          3    -410     6.68670e+11      31.8484      171277.      5725.49

MULTISTART: Best locally optimal solution is returned.
EXIT: Locally optimal solution found.

Final Statistics
----------------
Final objective value               =   4.67608933970160e+00
Final feasibility error (abs / rel) =   1.96e-05 / 3.37e-06
Final optimality error  (abs / rel) =   2.39e-06 / 2.97e-07
# of iterations                     =      92310 
# of CG iterations                  =          0 
# of function evaluations           =      93059
# of gradient evaluations           =      92432
# of Hessian evaluations            =      92341
Total program time (secs)           =   16608.70312 ( 54068.254 CPU time)

===============================================================================

Knitro 14.2.0: Locally optimal or satisfactory solution.
objective 4.67608934; feasibility error 1.96e-05
92310 iterations; 93059 function evaluations

suffix feaserror OUT;
suffix opterror OUT;
suffix numfcevals OUT;
suffix numiters OUT;
---------------------------- Solver Status Report ----------------------------
solve_result_num = 0
solve_result = solved
solve_message = 'Knitro 14.2.0: Locally optimal or satisfactory solution.\
objective 4.67608934; feasibility error 1.96e-05\
92310 iterations; 93059 function evaluations'


---------------------------- Problem Dimensions ----------------------------
Variables: 51304
Constraints: 52104
---------------------------- Container and geometric considerations  ----------------------------
Container type: cylinder
Structural conservation type: volume & surface
---------------------------- Solution execution data ----------------------------
solve_result_num = 0
solve_result = solved

---------------------------- Solution data ----------------------------
card(figures) = 100

coords [*,*,1]
:          1             2             3             4          :=
1      0.646525      0.329416      0.0408345     0.801457
2      1.16296       0.220348      0.966809      1.12289
3      0.0527911     0.121565     -0.0355635     0.507172
4     -0.0122736    -0.503995     -0.960352     -0.785042
5      0.957032      0.0430282     1.04084       1.15276
6     -1.01173       0.0213631    -0.938079     -1.16102
7     -0.395974      0.0142273    -0.829793     -0.878132
8     -0.978067     -0.59802      -0.0175519    -0.983525
9      0.311472      0.399005     -0.214797      0.0342539
10    -0.0320557     0.786917     -0.0589111    -0.0246535
11    -0.0456172    -0.499515     -0.0352818     0.060438
12     0.310543     -0.45491      -0.868951      0.0241233
13     1.15548      -0.0650813     1.14627       0.982059
14     0.405046     -0.0346529    -0.112903     -0.632297
15     0.162886      0.870982     -0.0898045    -0.0488667
16    -0.0388786    -1.15354      -1.02456       0.081323
17     0.0505109    -0.00452842    0.64796       0.910168
18    -1.06446      -0.632297     -0.602611     -0.193396
19    -0.489432     -0.785464     -0.109279     -0.01242
20    -1.13174      -1.16043       0.0732889    -0.986629
21     0.801718      0.969432      1.02635       0.220393
22    -1.16049      -1.13169      -1.0756        0.0601925
23    -0.917777     -1.16211      -0.0493546    -0.923622
24     0.675943      0.956924      1.04063       0.0422807
25    -0.516946     -0.686985     -0.936541      0.000405592
26     0.145103      1.05529       0.986684      0.0829724
27     0.023772     -0.09908       0.882359      0.522819
28     0.583408      0.975312      0.179837     -0.0833644
29    -0.0311389     0.0658998    -0.150696      0.788613
30    -0.0198638    -0.632512     -0.602578     -0.193766
31     0.157749      0.171604      0.974526     -0.220033
32    -0.7791       -0.963128     -1.13506       0.0460679
33     0.106572     -0.213498      0.969577      0.311703
34     0.107355      0.034553      0.399021     -0.37057
35    -0.762341     -0.85386       0.0595459    -0.0311007
36     0.107966     -0.152164     -0.551845     -0.0287813
37    -0.978188     -1.15745      -0.983588     -0.0185582
38    -0.214853     -0.264631      0.0337654     0.398696
39     0.416025     -0.848471     -0.0744794     0.0825577
40     0.375357      0.877316      0.00430246   -0.0490184
41     1.0791        0.887348      0.0043725     1.14665
42    -1.06824       0.0150387    -0.81839      -0.295542
43     0.0279635     1.01858       0.0826267     0.1617
44     0.0433408    -0.015718     -0.190819      0.660002
45    -0.0228287    -0.878577     -0.0737838    -0.0563661
46    -0.0222904     0.945464      0.763852     -0.072219
47    -0.155749     -0.686852     -0.516953      0.000704914
48    -0.481087      0.0115019    -0.913212     -0.161453
49    -0.409274     -0.522132     -0.0962544     0.742298
50     1.04263       0.0735733     0.0572139     1.08824
51    -0.806776     -1.16078      -0.96038       0.0168617
52     0.764011     -0.022476     -0.056993     -0.0725645
53     0.429208      0.284147      0.984597     -0.0217538
54     0.0373011     1.15281       1.09689       1.03976
55     0.498863      1.01504       0.117867      0.0489249
56     0.0101331    -0.155615      0.231223     -0.49768
57    -0.916867     -0.0391878    -0.059903     -0.0275632
58     0.39802       0.0347239    -0.369125     -0.817925
59    -0.762553     -0.854112      0.0609363    -1.15451
60    -0.213577      0.224534      0.220844      0.969296
61     1.16289       0.166136      1.0167        1.12331
62    -0.570134      0.147238     -0.216881      0.138729
63     0.863563      0.0458493     1.04239       1.16271
64     1.16295       1.16158       0.105203      1.02856
65    -0.824631     -1.10934      -0.878168      0.0110488
66    -0.570331      0.100852     -0.975879     -0.184383
67    -0.675881     -0.0360507    -1.0342       -0.936419
68    -0.206797     -0.496134     -0.049416      0.217675
69    -0.0262771    -0.03946      -0.914971     -0.551874
70    -1.14129      -1.16207      -0.00628189   -1.06139
71     1.16118       0.249439      0.0376585     1.03424
72    -0.967456     -1.16181      -1.15094      -0.0477276
73     1.15554       1.14627       0.832077     -0.0563149
74    -0.0586558    -0.0286417    -0.920909     -0.532247
75     0.0669492     1.123         0.806436      0.966189
76    -0.190263      0.0514406     0.660357      1.03174
77     0.79553       0.404312      0.877029      0.0741227
78     0.310962     -0.24285      -0.91927       0.0175451
79     0.150171      0.0799766    -0.196383      0.323343
80     0.0439522     0.82637       0.311555      0.403764
81    -1.13173      -0.52075      -1.07562       0.0600391
82     0.221265      0.969803      0.801775      0.224572
83    -0.264754      0.0333764    -0.829534     -0.215061
84     1.00459       0.98611       0.0159419     0.590253
85     0.986252      0.122316      1.16196       1.00468
86    -1.06817      -0.295382     -1.16275      -0.818419
87     0.986205      0.0908539     1.16294       1.16163
88    -1.16206      -0.821336      0.0747901    -1.15062
89    -0.922029     -0.161105     -0.481693     -0.913126
90     0.429035     -0.0375216     0.283693     -0.245074
91     0.0365684     0.80156       1.06926       0.646417
92    -1.16205      -1.13504       0.0478685    -0.963538
93     0.883008     -0.0116558     0.96842       0.546626
94     0.00696803    0.394042     -0.786353     -0.126781
95    -0.627422     -0.190989      0.0432703    -0.0419349
96    -0.633005     -0.0337129    -0.191007     -0.91207
97     0.150263      0.645314      0.323314      0.0802425
98     0.0661564     0.878626      1.09266       0.801203
99     0.311984      0.966804      0.115145      0.826361
100   -0.633292     -0.0341682    -1.1624       -0.912355

 [*,*,2]
:          1             2             3             4         :=
1      0.966687      1.11534      -0.0218442      0.842709
2     -0.00721733   -0.103139     -0.646043      -0.302735
3      1.06694      -0.229458      0.229532       0.385213
4      0.00535863   -1.0478       -0.655888      -0.857926
5      0.660641     -0.0113349     0.518694       0.15384
6     -0.572728     -0.102306     -0.687312      -0.0670341
7     -1.09347      -0.0659728    -0.8148        -0.762382
8      0.628995      0.997434     -0.0398602      0.620608
9     -1.12047      -1.09237      -1.14296       -0.0504258
10     0.951556      0.854127      1.16146       -0.113805
11    -0.0759274     1.04946       0.229602       1.16056
12    -1.12063      -1.07031      -0.726651      -0.0321926
13     0.131158     -0.0894784     0.1961        -0.622925
14     1.09017       1.16247       0.260641       0.976077
15    -1.1515       -0.770637      0.0364246     -1.16194
16    -0.0250981    -0.0450523     0.520889       0.105688
17     1.16185      -0.0635954     0.965729       0.625891
18     0.468466      0.975097      0.994681       0.0699564
19    -1.05497      -0.857517     -1.15783        0.0116652
20     0.267628     -0.0750353    -0.0115979      0.615571
21     0.612562     -0.637687      0.546947      -0.101673
22    -0.0755784     0.267675     -0.442167      -0.0239655
23     0.714263     -0.04476      -0.0520878      0.706673
24     0.946319      0.660653      0.518987      -0.0113768
25    -1.04178      -0.938351     -0.68951       -0.0781811
26    -0.218401      0.488574     -0.615292       0.0697495
27     1.16274       0.328689      0.757597       1.03863
28    -1.00605      -0.545353     -1.14772        0.0786446
29    -0.00633463    0.00904031    0.96439        0.852956
30     1.16281       0.975857      0.994701       0.0712747
31     0.13001      -1.15007      -0.538002      -0.0654844
32     0.675769      0.651832      0.253274      -0.0348385
33    -0.0834645    -0.0941009    -0.641726      -1.12033
34    -0.0148709    -0.0506248    -1.09221       -0.416973
35     0.680036     -0.620422     -0.0204241      0.165181
36     0.105527      0.963902      0.342162      -0.0560124
37     0.628985      0.112921      0.620484      -0.0394587
38    -1.14295      -1.13238      -0.0524323     -1.0925
39    -0.592424     -0.274988      0.133927       0.070029
40    -1.09439      -0.763442      0.016214      -1.16195
41    -0.433445     -0.751751     -0.0469337      0.194167
42    -0.33871      -0.0682299    -0.82477        0.157988
43     0.449266      0.507551      0.0701262     -0.28778
44     1.16214       0.299292     -0.0307234      0.957053
45     1.16273       0.761953      0.203348       1.16148
46     1.16278       0.677231      0.876813       0.22084
47    -1.15251      -0.93838      -1.04177       -0.0779958
48     1.0588        0.135417      0.720057       0.048792
49    -1.08848      -0.357153     -0.00354234    -0.675087
50     0.514918      0.102823      0.0030152     -0.410028
51    -0.83759      -0.0713674    -0.655871       0.0367319
52     0.876815      1.16277       1.16141        0.221985
53    -1.0808       -1.12773      -0.614298      -0.0999885
54    -0.0089382     0.153505     -0.385441       0.519909
55     0.371741      0.567494     -0.150616       1.14581
56    -0.0155301    -1.15213      -1.13976       -1.0511
57     0.715306      1.16228       1.16142       -0.0609301
58    -1.09246      -0.033223     -0.418277      -0.826677
59     0.679981     -0.620567     -0.0219175      0.140181
60    -0.0939381     0.351618     -0.103104      -0.641337
61    -0.00666256   -0.110942      0.564629      -0.301111
62     1.0136        1.15361       1.14257        0.161803
63     0.778942      0.35439       0.515675      -0.0240016
64    -0.00440341   -0.0557426    -0.252836       0.542285
65    -0.820042     -0.34907      -0.762282      -0.0690939
66     1.01352       0.12586       0.494469       1.06989
67    -0.946191     -0.115926     -0.531885      -0.689553
68     0.0469657    -1.05184      -1.16188       -1.07192
69    -0.0583623     1.13942       0.717845       0.342292
70     0.22351       0.0457667    -0.0672111     -0.472848
71    -0.0554219    -0.22633       0.352916       0.514049
72     0.645256     -0.0450662    -0.166638      -0.0522681
73     0.131214      0.196346      0.812452      -0.0883926
74     1.16148      -0.0597802     0.710094       1.03401
75    -0.099855     -0.302224     -0.83786       -0.645954
76    -0.0302184     0.370225      0.957036       0.419862
77    -0.848109     -1.09044      -0.763502       0.0272073
78    -1.12045      -0.0372404    -0.689528      -0.0372356
79     1.15323       0.0141833     1.14627        1.11708
80    -0.0606543    -0.818318     -1.1201        -1.09059
81     0.267817     -0.378305     -0.442268      -0.0241063
82    -0.103124     -0.641462      0.611864       0.351697
83    -1.13239      -0.0531076    -0.815082      -1.14291
84    -0.585903     -0.616482     -0.227498      -1.00207
85    -0.616242     -0.161609     -0.0486838     -0.585794
86    -0.338541      0.158378      0.0235969     -0.826234
87    -0.616375     -0.256354     -0.00447497    -0.0558457
88    -0.0455493    -0.823355      0.000121599   -0.168877
89     0.708761      0.0490513     1.0585         0.720045
90    -1.08051      -0.0675949    -1.12785       -1.13686
91    -0.0353517     0.842495      0.457388       0.966761
92     0.0464052     0.253294     -0.0356454      0.651242
93     0.75684       0.366956      0.417324       1.02652
94     0.00619068   -1.09181      -0.833771      -1.15604
95     0.968495     -0.030952      1.1621         0.261411
96     0.974316      0.175949     -0.0312003     -0.298355
97     1.15322       0.967501      1.11704        0.0136433
98     0.0432038    -0.761853     -0.398294      -0.842955
99    -1.12032      -0.64604      -0.128984      -0.818288
100    0.974313      0.175593      0.0367356     -0.29907

 [*,*,3]
:         1            2            3             4         :=
1      0.848349    -0.250374     0.306032    -0.304427
2     -1.53266     -0.754806    -1.67562     -0.430996
3     -0.707493    -0.588055    -1.66734     -1.48631
4      0.107975     0.544434     0.545633    -0.48981
5     -1.18858     -0.546048     0.104491    -0.804944
6      1.46682      0.825491     0.558934     0.277764
7     -1.1476      -1.03045     -0.498906    -1.6771
8      1.40591      0.616035     0.831596     0.257169
9     -1.67776     -0.474565    -1.38032     -1.04387
10    -0.0596825   -0.30415     -0.77091     -0.53496
11    -0.548578    -1.02531     -1.64239     -0.734742
12    -1.67795     -1.20809     -1.67795     -1.03014
13     0.689707     0.290335    -0.0979278    0.448955
14     1.59604      0.919728     0.86342      1.77855
15     0.686105     0.553468     0.215618    -0.0690181
16    -0.3789       0.29654      0.268878     0.685288
17    -0.717569    -0.53396     -0.391459    -1.15651
18     1.65393      1.77842      0.624206     0.949001
19     0.593502    -0.491842     0.018014     0.096971
20     1.10599      0.298294     0.697404     0.269823
21    -1.67789     -1.67778     -1.13677     -0.755018
22     0.297278     1.10659      1.15007      0.666438
23    -0.622627     0.300978    -0.375213     0.224133
24    -0.454502    -1.18844      0.102171    -0.546888
25     0.542901     1.73401      0.541491     1.03592
26     1.13695      1.61187      1.77901      1.77902
27     1.0087       0.879583     0.708596     1.77901
28     1.18172      0.467999     0.685099     0.902537
29    -0.48534      0.284686    -0.0244882   -0.304454
30     0.897524     1.77795      0.62537      0.947872
31     0.823103     0.687205     0.468813     0.252978
32    -1.67785     -0.521884    -1.42588     -0.960945
33    -0.914749    -1.67795     -1.67792     -1.67785
34     0.200606    -1.04342     -0.473097    -0.784527
35    -1.67792     -1.67792     -0.96947     -1.67794
36     0.750492    -0.0235065    0.438401    -0.535758
37     1.40599      1.44602      0.258281     0.830268
38    -1.3802      -0.377058    -1.04373     -0.474819
39     1.77818      1.77903      0.812938     1.77904
40    -0.45714      0.55878      0.116225    -0.0691976
41    -0.381982     0.546622     0.246791    -0.0968893
42    -1.36676     -1.02064     -0.362767    -0.441557
43     0.677586     1.52326      1.77902      0.979826
44     1.77904      0.876268     1.77905      1.77662
45    -1.67793     -1.67784     -1.67791     -0.794675
46    -1.67796     -1.67797     -0.922379    -1.67773
47     1.61864      1.73369      0.543353     1.03595
48    -1.15671     -1.67795     -1.28012     -0.453019
49     1.69217      1.77905      1.04041      1.77897
50     0.106744    -0.46211      0.250381    -0.381068
51    -0.375644     0.279695     0.545465     0.126675
52    -0.922084    -1.67793     -0.772877    -1.67679
53     1.77904      0.806832     1.77878      1.12871
54    -0.536155    -0.805577    -0.365412     0.108188
55    -1.46674     -1.21105     -0.595306    -0.714776
56     1.00153      1.61839      0.903927     0.603635
57     0.0119558   -0.146811    -0.795435    -0.541497
58    -0.47435      0.092286    -0.783839    -0.493027
59    -1.67797     -1.67795     -0.968094    -1.34294
60    -1.67795     -1.67795     -0.755808    -1.67772
61    -1.53435     -0.700449    -1.11923     -0.436779
62     0.639217     0.982571    -0.165252     0.616381
63     0.623591     0.716789     1.54174      0.686696
64     1.779        0.632185     1.11655      1.5802
65    -0.376085    -1.38003     -1.67717     -1.02256
66     0.639446     0.733882     0.236924    -0.118942
67     1.77901      1.05352      1.77877      0.542563
68     0.392233     0.60408     -0.0700714    0.909595
69    -0.540983    -0.153925     0.0122527    0.438292
70    -1.28829     -0.480057    -1.02077     -1.67044
71     0.632587     1.04033      0.709994     1.53497
72    -0.521896     0.30093     -0.499626    -0.376274
73     0.690303    -0.0987494    0.614886     0.300552
74    -0.79656     -0.541208     0.0163605   -1.04065
75    -0.905613    -0.429033    -0.656461    -1.67569
76     1.77904      0.920506     1.77904      1.77866
77    -0.742439    -0.4098       0.556044    -0.0996404
78    -1.67795     -1.67797     -1.66484     -1.03497
79     0.991187     0.380559    -0.0999834   -0.27067
80    -0.966015    -0.770709    -1.67723     -0.409477
81     1.10683      1.77898      1.15021      0.66674
82    -0.75618     -1.67787     -1.67794     -1.67795
83    -0.376476    -1.04424     -0.499174    -1.38009
84     0.474808     1.77811      1.08768      1.17259
85     1.77745      0.91344      0.616979     0.474546
86    -1.36656     -0.441493    -0.529484    -0.360817
87     1.77817      1.10761      1.779        0.631652
88     0.299413    -0.361876    -0.102096    -0.513835
89     0.0196216   -0.452678    -1.15656     -1.27971
90     1.77903      1.1038       0.804411     1.7789
91     0.281219    -0.305301     0.173808     0.849988
92    -0.482496    -1.42565     -0.959952    -0.523167
93     0.706324     0.865077     1.72339      1.72339
94     0.111445    -0.474448    -0.492547     0.00469194
95     1.76944      1.77904      1.77902      0.843634
96     1.77897      0.940369     1.77904      1.77899
97     0.991393     0.844304    -0.269628     0.380856
98    -0.0464654    0.579316    -0.47455     -0.658109
99    -1.67755     -1.67792     -0.947865    -0.770889
100    1.77899      0.940626     1.41222      1.77903
;

radius = 1.16302
height = 3.45707
softness = 0.7

---------------------------- Solution coords data ----------------------------
distances [*,1,*]
:     1   2   3   4    :=
1     0   1   0   1
2     0   1   0   1
3     0   1   0   1
4     0   1   0   1
5     0   1   0   1
6     0   1   0   1
7     0   1   0   1
8     0   1   0   1
9     0   1   0   1
10    0   1   0   1
11    0   1   0   1
12    0   1   0   1
13    0   1   0   1
14    0   1   0   1
15    0   1   0   1
16    0   1   0   1
17    0   1   0   1
18    0   1   0   1
19    0   1   0   1
20    0   1   0   1
21    0   1   0   1
22    0   1   0   1
23    0   1   0   1
24    0   1   0   1
25    0   1   0   1
26    0   1   0   1
27    0   1   0   1
28    0   1   0   1
29    0   1   0   1
30    0   1   0   1
31    0   1   0   1
32    0   1   0   1
33    0   1   0   1
34    0   1   0   1
35    0   1   0   1
36    0   1   0   1
37    0   1   0   1
38    0   1   0   1
39    0   1   0   1
40    0   1   0   1
41    0   1   0   1
42    0   1   0   1
43    0   1   0   1
44    0   1   0   1
45    0   1   0   1
46    0   1   0   1
47    0   1   0   1
48    0   1   0   1
49    0   1   0   1
50    0   1   0   1
51    0   1   0   1
52    0   1   0   1
53    0   1   0   1
54    0   1   0   1
55    0   1   0   1
56    0   1   0   1
57    0   1   0   1
58    0   1   0   1
59    0   1   0   1
60    0   1   0   1
61    0   1   0   1
62    0   1   0   1
63    0   1   0   1
64    0   1   0   1
65    0   1   0   1
66    0   1   0   1
67    0   1   0   1
68    0   1   0   1
69    0   1   0   1
70    0   1   0   1
71    0   1   0   1
72    0   1   0   1
73    0   1   0   1
74    0   1   0   1
75    0   1   0   1
76    0   1   0   1
77    0   1   0   1
78    0   1   0   1
79    0   1   0   1
80    0   1   0   1
81    0   1   0   1
82    0   1   0   1
83    0   1   0   1
84    0   1   0   1
85    0   1   0   1
86    0   1   0   1
87    0   1   0   1
88    0   1   0   1
89    0   1   0   1
90    0   1   0   1
91    0   1   0   1
92    0   1   0   1
93    0   1   0   1
94    0   1   0   1
95    0   1   0   1
96    0   1   0   1
97    0   1   0   1
98    0   1   0   1
99    0   1   0   1
100   0   1   0   1

 [*,2,*]
:     1   2   3   4    :=
1     0   0   1   1
2     0   0   1   1
3     0   0   1   1
4     0   0   1   1
5     0   0   1   1
6     0   0   1   1
7     0   0   1   1
8     0   0   1   1
9     0   0   1   1
10    0   0   1   1
11    0   0   1   1
12    0   0   1   1
13    0   0   1   1
14    0   0   1   1
15    0   0   1   1
16    0   0   1   1
17    0   0   1   1
18    0   0   1   1
19    0   0   1   1
20    0   0   1   1
21    0   0   1   1
22    0   0   1   1
23    0   0   1   1
24    0   0   1   1
25    0   0   1   1
26    0   0   1   1
27    0   0   1   1
28    0   0   1   1
29    0   0   1   1
30    0   0   1   1
31    0   0   1   1
32    0   0   1   1
33    0   0   1   1
34    0   0   1   1
35    0   0   1   1
36    0   0   1   1
37    0   0   1   1
38    0   0   1   1
39    0   0   1   1
40    0   0   1   1
41    0   0   1   1
42    0   0   1   1
43    0   0   1   1
44    0   0   1   1
45    0   0   1   1
46    0   0   1   1
47    0   0   1   1
48    0   0   1   1
49    0   0   1   1
50    0   0   1   1
51    0   0   1   1
52    0   0   1   1
53    0   0   1   1
54    0   0   1   1
55    0   0   1   1
56    0   0   1   1
57    0   0   1   1
58    0   0   1   1
59    0   0   1   1
60    0   0   1   1
61    0   0   1   1
62    0   0   1   1
63    0   0   1   1
64    0   0   1   1
65    0   0   1   1
66    0   0   1   1
67    0   0   1   1
68    0   0   1   1
69    0   0   1   1
70    0   0   1   1
71    0   0   1   1
72    0   0   1   1
73    0   0   1   1
74    0   0   1   1
75    0   0   1   1
76    0   0   1   1
77    0   0   1   1
78    0   0   1   1
79    0   0   1   1
80    0   0   1   1
81    0   0   1   1
82    0   0   1   1
83    0   0   1   1
84    0   0   1   1
85    0   0   1   1
86    0   0   1   1
87    0   0   1   1
88    0   0   1   1
89    0   0   1   1
90    0   0   1   1
91    0   0   1   1
92    0   0   1   1
93    0   0   1   1
94    0   0   1   1
95    0   0   1   1
96    0   0   1   1
97    0   0   1   1
98    0   0   1   1
99    0   0   1   1
100   0   0   1   1

 [*,3,*]
:     1   2   3   4    :=
1     1   0   0   1
2     1   0   0   1
3     1   0   0   1
4     1   0   0   1
5     1   0   0   1
6     1   0   0   1
7     1   0   0   1
8     1   0   0   1
9     1   0   0   1
10    1   0   0   1
11    1   0   0   1
12    1   0   0   1
13    1   0   0   1
14    1   0   0   1
15    1   0   0   1
16    1   0   0   1
17    1   0   0   1
18    1   0   0   1
19    1   0   0   1
20    1   0   0   1
21    1   0   0   1
22    1   0   0   1
23    1   0   0   1
24    1   0   0   1
25    1   0   0   1
26    1   0   0   1
27    1   0   0   1
28    1   0   0   1
29    1   0   0   1
30    1   0   0   1
31    1   0   0   1
32    1   0   0   1
33    1   0   0   1
34    1   0   0   1
35    1   0   0   1
36    1   0   0   1
37    1   0   0   1
38    1   0   0   1
39    1   0   0   1
40    1   0   0   1
41    1   0   0   1
42    1   0   0   1
43    1   0   0   1
44    1   0   0   1
45    1   0   0   1
46    1   0   0   1
47    1   0   0   1
48    1   0   0   1
49    1   0   0   1
50    1   0   0   1
51    1   0   0   1
52    1   0   0   1
53    1   0   0   1
54    1   0   0   1
55    1   0   0   1
56    1   0   0   1
57    1   0   0   1
58    1   0   0   1
59    1   0   0   1
60    1   0   0   1
61    1   0   0   1
62    1   0   0   1
63    1   0   0   1
64    1   0   0   1
65    1   0   0   1
66    1   0   0   1
67    1   0   0   1
68    1   0   0   1
69    1   0   0   1
70    1   0   0   1
71    1   0   0   1
72    1   0   0   1
73    1   0   0   1
74    1   0   0   1
75    1   0   0   1
76    1   0   0   1
77    1   0   0   1
78    1   0   0   1
79    1   0   0   1
80    1   0   0   1
81    1   0   0   1
82    1   0   0   1
83    1   0   0   1
84    1   0   0   1
85    1   0   0   1
86    1   0   0   1
87    1   0   0   1
88    1   0   0   1
89    1   0   0   1
90    1   0   0   1
91    1   0   0   1
92    1   0   0   1
93    1   0   0   1
94    1   0   0   1
95    1   0   0   1
96    1   0   0   1
97    1   0   0   1
98    1   0   0   1
99    1   0   0   1
100   1   0   0   1

 [*,4,*]
:     1   2   3   4    :=
1     1   1   1   0
2     1   1   1   0
3     1   1   1   0
4     1   1   1   0
5     1   1   1   0
6     1   1   1   0
7     1   1   1   0
8     1   1   1   0
9     1   1   1   0
10    1   1   1   0
11    1   1   1   0
12    1   1   1   0
13    1   1   1   0
14    1   1   1   0
15    1   1   1   0
16    1   1   1   0
17    1   1   1   0
18    1   1   1   0
19    1   1   1   0
20    1   1   1   0
21    1   1   1   0
22    1   1   1   0
23    1   1   1   0
24    1   1   1   0
25    1   1   1   0
26    1   1   1   0
27    1   1   1   0
28    1   1   1   0
29    1   1   1   0
30    1   1   1   0
31    1   1   1   0
32    1   1   1   0
33    1   1   1   0
34    1   1   1   0
35    1   1   1   0
36    1   1   1   0
37    1   1   1   0
38    1   1   1   0
39    1   1   1   0
40    1   1   1   0
41    1   1   1   0
42    1   1   1   0
43    1   1   1   0
44    1   1   1   0
45    1   1   1   0
46    1   1   1   0
47    1   1   1   0
48    1   1   1   0
49    1   1   1   0
50    1   1   1   0
51    1   1   1   0
52    1   1   1   0
53    1   1   1   0
54    1   1   1   0
55    1   1   1   0
56    1   1   1   0
57    1   1   1   0
58    1   1   1   0
59    1   1   1   0
60    1   1   1   0
61    1   1   1   0
62    1   1   1   0
63    1   1   1   0
64    1   1   1   0
65    1   1   1   0
66    1   1   1   0
67    1   1   1   0
68    1   1   1   0
69    1   1   1   0
70    1   1   1   0
71    1   1   1   0
72    1   1   1   0
73    1   1   1   0
74    1   1   1   0
75    1   1   1   0
76    1   1   1   0
77    1   1   1   0
78    1   1   1   0
79    1   1   1   0
80    1   1   1   0
81    1   1   1   0
82    1   1   1   0
83    1   1   1   0
84    1   1   1   0
85    1   1   1   0
86    1   1   1   0
87    1   1   1   0
88    1   1   1   0
89    1   1   1   0
90    1   1   1   0
91    1   1   1   0
92    1   1   1   0
93    1   1   1   0
94    1   1   1   0
95    1   1   1   0
96    1   1   1   0
97    1   1   1   0
98    1   1   1   0
99    1   1   1   0
100   1   1   1   0
;

---------------------------- Solution stats data ----------------------------
_ampl_time = 0.262603
_total_solve_time = 54069
_ampl_elapsed_time = 0.258704
_ampl_user_time = 0.213919

Total time elapsed: $54069.03.
_total_solve_time = 54069

---------------------------- Solution miscs data ----------------------------
tetrahedron_volume [*] :=
  1 0.117851    21 0.117851    41 0.117851    61 0.117851    81 0.117851
  2 0.117851    22 0.117851    42 0.117851    62 0.117851    82 0.117851
  3 0.117851    23 0.117851    43 0.117851    63 0.117851    83 0.117851
  4 0.117851    24 0.117851    44 0.117851    64 0.117851    84 0.117851
  5 0.117851    25 0.117851    45 0.117851    65 0.117851    85 0.117851
  6 0.117851    26 0.117851    46 0.117851    66 0.117851    86 0.117851
  7 0.117851    27 0.117851    47 0.117851    67 0.117851    87 0.117851
  8 0.117851    28 0.117851    48 0.117851    68 0.117851    88 0.117851
  9 0.117851    29 0.117851    49 0.117851    69 0.117851    89 0.117851
 10 0.117851    30 0.117851    50 0.117851    70 0.117851    90 0.117851
 11 0.117851    31 0.117851    51 0.117851    71 0.117851    91 0.117851
 12 0.117851    32 0.117851    52 0.117851    72 0.117851    92 0.117851
 13 0.117851    33 0.117851    53 0.117851    73 0.117851    93 0.117851
 14 0.117851    34 0.117851    54 0.117851    74 0.117851    94 0.117851
 15 0.117851    35 0.117851    55 0.117851    75 0.117851    95 0.117851
 16 0.117851    36 0.117851    56 0.117851    76 0.117851    96 0.117851
 17 0.117851    37 0.117851    57 0.117851    77 0.117851    97 0.117851
 18 0.117851    38 0.117851    58 0.117851    78 0.117851    98 0.117851
 19 0.117851    39 0.117851    59 0.117851    79 0.117851    99 0.117851
 20 0.117851    40 0.117851    60 0.117851    80 0.117851   100 0.117851
;

---------------------------- Solution miscs data ----------------------------
tetrahedron_surface_area [*] :=
  1 0    11 0    21 0    31 0    41 0    51 0    61 0    71 0    81 0    91 0
  2 0    12 0    22 0    32 0    42 0    52 0    62 0    72 0    82 0    92 0
  3 0    13 0    23 0    33 0    43 0    53 0    63 0    73 0    83 0    93 0
  4 0    14 0    24 0    34 0    44 0    54 0    64 0    74 0    84 0    94 0
  5 0    15 0    25 0    35 0    45 0    55 0    65 0    75 0    85 0    95 0
  6 0    16 0    26 0    36 0    46 0    56 0    66 0    76 0    86 0    96 0
  7 0    17 0    27 0    37 0    47 0    57 0    67 0    77 0    87 0    97 0
  8 0    18 0    28 0    38 0    48 0    58 0    68 0    78 0    88 0    98 0
  9 0    19 0    29 0    39 0    49 0    59 0    69 0    79 0    89 0    99 0
 10 0    20 0    30 0    40 0    50 0    60 0    70 0    80 0    90 0   100 0
;

