Error at _cmdno 5 executing "solve" command
(file amplin, line 1937, offset 36187):
error processing param distances:
	4000 invalid subscripts discarded:
	distances[51,1,1]
	distances[51,1,2]
	distances[51,1,3]
	and 3997 more.
##### This license is only intended for use by NEOS. #####
##### License is valid until Jan 16, 2026 #####
riables.
Adjusted problem:
6726 variables:
	4276 nonlinear variables
	2450 linear variables
13100 constraints; 79725 nonzeros
	11875 nonlinear constraints
	1225 linear constraints
	1275 equality constraints
	11825 inequality constraints
1 linear objective; 1 nonzero.

Artelys Knitro 14.2.0: threads=4
algorithm=1
ms_enable=1
ms_maxsolves=10
feastol=1e-5
opttol=1e-5
honorbnds=1
bar_initpt=3
bar_murule=4
scale=1
outlev=2
maxtime_real=3600
WARNING:  Option 'threads' is deprecated, please use 'numthreads'.

=======================================
           Academic License
       (NOT FOR COMMERCIAL USE)
         Artelys Knitro 14.2.0
=======================================

No start point provided -- Knitro computing one.

Knitro presolve eliminated 0 variables and 0 constraints.

algorithm                1
bar_initpt               3
bar_murule               4
concurrent_evals         0
datacheck                0
feastol                  1e-05
findiff_numthreads       1
hessian_no_f             1
hessopt                  1
honorbnds                1
maxtime_real             3600
ms_enable                1
ms_maxsolves             10
numthreads               4
opttol                   1e-05

Problem Characteristics                                 (   Presolved)
-----------------------
Objective goal:  Minimize
Objective type:  linear
Number of variables:                               6726 (        6726)
    bounded below only:                             601 (         601)
    bounded above only:                               0 (           0)
    bounded below and above:                          0 (           0)
    fixed:                                            0 (           0)
    free:                                          6125 (        6125)
Number of constraints:                            13100 (       13100)
    linear equalities:                                0 (           0)
    quadratic equalities:                          1225 (        1225)
    gen. nonlinear equalities:                       50 (          50)
    linear one-sided inequalities:                 1225 (        1225)
    quadratic one-sided inequalities:             10600 (       10600)
    gen. nonlinear one-sided inequalities:            0 (           0)
    linear two-sided inequalities:                    0 (           0)
    quadratic two-sided inequalities:                 0 (           0)
    gen. nonlinear two-sided inequalities:            0 (           0)
Number of nonzeros in Jacobian:                   79725 (       79725)
Number of nonzeros in Hessian:                    36976 (       36976)

Knitro parallel multistart will run with 4 threads.

Return codes description
------------------------
  0:  The final solution satisfies the termination conditions for verifying optimality.
  -100 to -199:  A feasible approximate solution was found.
  -200 to -299:  Knitro terminated at an infeasible point.
  -300 to -301:  The problem was determined to be unbounded.
  -400 to -499:  Knitro terminated because it reached a pre-defined limit.
    -400 to -409:  A feasible point was found.
    -410 to -419:  No feasible point was found.
  -500 to -599:  Knitro terminated with an input error or some non-standard error.
A more detailed description of individual return codes and their corresponding
termination messages is provided at
https://www.artelys.com/app/docs/knitro/3_referenceManual/returnCodes.html

 Solve #  ThreadID  Status     Objective      FeasError    OptError    Real Time 
--------  --------  ------  --------------   ----------   ----------  ----------
      0          0       0         1.22867  3.63892e-04  8.53030e-06      68.4222
      1          1    -410         364.886      52.1220     0.116613      1209.68
      7          2    -410         2710.45      9.19943      53.6839      1239.77
      5          3    -410         272.755     0.310431     0.224443      1113.89
      3          3    -410         339.845  1.11850e-02  3.79095e-02      1085.70
      6          1    -410         3949.42      1.81174     0.243737      1225.51
      9          3    -400         1179.00  4.79083e-04     0.129637      1209.66
      4          0    -410         642.319  1.41233e-02  9.93043e-03      1270.21
      2          2    -410         5794.58      28.5172     0.999675      1325.78
      8          0    -410         1978.88     0.354149      1.03329      1205.02

MULTISTART: Best locally optimal solution is returned.
EXIT: Locally optimal solution found.

Final Statistics
----------------
Final objective value               =   1.22867391368055e+00
Final feasibility error (abs / rel) =   3.64e-04 / 3.39e-07
Final optimality error  (abs / rel) =   8.53e-06 / 8.53e-06
# of iterations                     =      90819 
# of CG iterations                  =          0 
# of function evaluations           =     109070
# of gradient evaluations           =      91109
# of Hessian evaluations            =      90888
Total program time (secs)           =    3409.79321 ( 10903.619 CPU time)

===============================================================================

Knitro 14.2.0: Locally optimal or satisfactory solution.
objective 1.228673914; feasibility error 0.000364
90819 iterations; 109070 function evaluations

suffix feaserror OUT;
suffix opterror OUT;
suffix numfcevals OUT;
suffix numiters OUT;
---------------------------- Container and geometric considerations  ----------------------------
Container type: sphere
Structural conservation type: surface
---------------------------- Solution execution data ----------------------------
solve_result_num = 0
solve_result = solved

---------------------------- Solution data ----------------------------
card(figures) = 50

coords [*,*,1]
:       1         2         3         4       :=
1    19.9769   19.7073   19.0186   19.3775
2    19.9467   20.5925   20.3222   20.7294
3    18.9573   20.0141   18.7862   19.5232
4    20.0419   20.3039   19.5787   19.9571
5    20.5304   20.2631   20.0141   19.7671
6    19.7671   19.4866   20.2631   20.0141
7    20.8826   19.9411   19.9744   20.373
8    19.4052   19.5941   19.9661   20.2904
9    19.9645   20.2356   19.7316   20.7294
10   19.9441   20.9776   21.1236   20.8631
11   20.0141   19.5232   20.2631   19.4866
12   19.9632   20.1428   20.863    21.1234
13   19.5452   20.1362   19.1198   19.9543
14   21.1234   20.5918   19.9442   21.1066
15   20.5304   19.4764   20.0325   19.6005
16   19.7169   19.9443   20.5918   20.5426
17   19.8174   18.7862   19.3597   20.0318
18   19.7541   18.9538   19.4876   20.0141
19   19.9639   19.7316   19.716    20.6811
20   19.5809   19.9535   20.0419   19.3435
21   18.9024   20.028    19.4764   19.5989
22   20.1289   19.9584   19.1198   19.7743
23   21.1221   20.5925   19.9463   21.0709
24   21.0709   21.1222   19.9448   21.1327
25   20.1775   19.9952   20.5304   21.1232
26   20.0081   18.9476   18.8251   18.9026
27   20.2938   20.1428   20.8631   19.9616
28   20.5918   20.5376   21.1235   19.9442
29   20.5801   21.1224   20.5925   19.9542
30   21.1224   19.9416   21.0011   21.1637
31   19.9411   19.9744   20.373    19.582
32   19.0186   19.9266   18.7862   19.3595
33   19.9613   19.5784   20.294    20.1428
34   20.4878   21.0011   19.9416   21.1637
35   19.2039   19.9534   18.8213   18.8985
36   19.5232   18.9557   20.0141   19.4872
37   20.7906   19.9458   20.3054   19.9961
38   19.9552   19.5452   19.0523   18.8985
39   19.9584   19.7743   19.1198   19.2037
40   19.9952   21.1232   19.8754   20.5304
41   20.5706   19.9613   20.1362   19.5551
42   20.1203   19.9629   20.3991   19.6418
43   19.5247   19.8173   19.3597   18.7862
44   19.3435   20.0419   19.582    19.9535
45   20.7906   19.9744   19.9411   20.8826
46   20.1213   20.399    19.9609   20.58
47   19.9617   18.8714   19.7073   19.4368
48   20.3053   20.8631   20.9739   19.945
49   20.7294   19.9471   21.1057   20.5925
50   20.0149   18.9026   19.4764   18.9476

 [*,*,2]
:       1         2         3         4       :=
1    19.9826   19.7309   19.9207   19.0963
2    19.9289   21.0743   20.7747   20.1682
3    19.8388   20.1832   19.8151   19.0369
4    18.7778   19.1091   19.0963   19.8958
5    20.9357   20.0761   20.1833   20.6286
6    20.6286   19.7002   20.0761   20.1833
7    19.2013   19.9278   18.8021   19.286
8    20.7179   19.9924   19.9536   20.8973
9    19.9343   20.8508   20.2304   20.1683
10   19.9258   19.2612   20.239    19.6295
11   20.1833   19.0369   20.0761   19.7002
12   19.8838   19.8814   19.6295   20.2375
13   20.9936   21.2206   20.8535   19.9885
14   19.7163   20.0904   19.9276   20.4384
15   20.9357   20.4131   20.176    21.0137
16   19.4501   19.9276   20.0904   19.2788
17   19.6045   19.8151   19.1156   20.1885
18   20.6003   19.8482   19.7064   20.1833
19   19.935    20.2304   19.4495   20.1778
20   19.0925   19.9432   18.7778   18.9836
21   20.5021   20.178    20.4131   21.0106
22   21.2214   19.9843   20.8535   21.042
23   20.2435   21.0743   19.9281   20.5312
24   20.5312   20.2434   19.9275   19.7513
25   19.8929   19.8659   20.9357   20.2374
26   20.1813   19.8367   19.8439   20.5021
27   19.1088   19.8813   19.6295   19.8836
28   20.0904   19.2633   19.7163   19.9276
29   20.9049   20.2408   21.0743   19.9422
30   20.2432   19.9274   19.296    19.7924
31   19.9286   18.8021   19.2859   19.5094
32   19.9207   19.9794   19.8151   19.1156
33   19.8836   19.0968   19.1068   19.8813
34   19.2453   19.296    19.9274   19.7924
35   20.3746   19.9874   19.8546   20.4956
36   19.0369   19.8451   20.1833   19.7065
37   19.1391   19.9235   19.1154   18.7985
38   19.9865   20.9936   20.4434   20.4956
39   19.9843   21.042    20.8535   20.3747
40   19.8659   20.2374   19.9281   20.9357
41   20.9182   20.0358   21.2206   21.0021
42   21.2226   19.9758   20.8809   20.8233
43   19.0364   19.6045   19.1155   19.8151
44   18.9836   18.7778   19.5095   19.9432
45   19.1391   18.8021   19.9278   19.2013
46   21.2226   20.8811   19.9655   20.9045
47   19.9684   20.003    19.7309   20.5113
48   19.1154   19.6295   19.2537   19.9253
49   20.1681   19.9289   20.4373   21.0743
50   20.1836   20.5021   20.4131   19.8367

 [*,*,3]
:       1         2         3         4       :=
1    19.9033   18.8375   19.265    19.4473
2    19.8824   19.9329   19.1024   19.0257
3    20.6296   19.9837   20.0457   20.5956
4    19.8808   20.7897   20.718    19.9131
5    20.594    21.1978   19.9837   21.0297
6    21.0297   21.0753   21.1978   19.9837
7    19.6956   19.8821   19.7277   19.0723
8    19.1998   18.8403   19.8373   19.2125
9    19.8629   19.1454   18.8233   19.0257
10   19.8825   20.0895   20.4359   20.7921
11   19.9837   20.5956   21.1978   21.0753
12   19.9332   21.2146   20.7922   20.4371
13   20.5618   20.0347   19.9192   19.8235
14   19.5913   18.9271   19.8819   19.6953
15   20.5939   21.0319   19.9487   20.5679
16   18.9384   19.8817   18.9271   19.1663
17   20.299    20.0457   19.4366   19.9828
18   21.0435   20.6262   21.0775   19.9836
19   19.8603   18.8233   18.9389   18.993
20   20.7144   19.9144   19.8808   19.7866
21   20.23     19.9575   21.0319   20.5722
22   20.0344   19.823    19.9192   19.3894
23   20.4372   19.9329   19.8823   19.716
24   19.7161   20.4371   19.8822   19.5941
25   21.2111   20.5281   20.594    20.4379
26   19.987    20.6126   19.6761   20.2309
27   20.7932   21.2146   20.7921   19.9285
28   18.9271   19.1767   19.5913   19.8819
29   20.5952   20.4381   19.9329   19.883
30   20.4367   19.882    20.1089   19.6648
31   19.8823   19.7277   19.0723   18.9539
32   19.265    19.8699   20.0457   19.4367
33   19.9266   20.7183   20.7909   21.2146
34   19.1621   20.1089   19.882    19.6648
35   19.1424   19.8227   19.6849   20.2254
36   20.5956   20.6285   19.9837   21.0773
37   20.3787   19.8849   20.7962   19.7431
38   19.822    20.5618   19.3558   20.2254
39   19.823    19.3894   19.9192   19.1425
40   20.5281   20.4379   19.8485   20.594
41   20.5839   19.8316   20.0347   20.5545
42   20.0184   19.8321   19.2421   19.1613
43   20.5961   20.299    19.4366   20.0457
44   19.7866   19.8808   18.9539   19.9144
45   20.3787   19.7277   19.8821   19.6956
46   20.016    19.2424   19.8321   20.5959
47   19.8434   19.5143   18.8375   19.0351
48   20.7962   20.7921   20.0646   19.8828
49   19.0256   19.8819   19.6903   19.9329
50   19.9829   20.2309   21.0319   20.6126
;

radius = 1.22867
softness = 1

---------------------------- Solution coords data ----------------------------
distances [*,1,*]
:    1   2   3   4    :=
1    0   1   0   1
2    0   1   0   1
3    0   1   0   1
4    0   1   0   1
5    0   1   0   1
6    0   1   0   1
7    0   1   0   1
8    0   1   0   1
9    0   1   0   1
10   0   1   0   1
11   0   1   0   1
12   0   1   0   1
13   0   1   0   1
14   0   1   0   1
15   0   1   0   1
16   0   1   0   1
17   0   1   0   1
18   0   1   0   1
19   0   1   0   1
20   0   1   0   1
21   0   1   0   1
22   0   1   0   1
23   0   1   0   1
24   0   1   0   1
25   0   1   0   1
26   0   1   0   1
27   0   1   0   1
28   0   1   0   1
29   0   1   0   1
30   0   1   0   1
31   0   1   0   1
32   0   1   0   1
33   0   1   0   1
34   0   1   0   1
35   0   1   0   1
36   0   1   0   1
37   0   1   0   1
38   0   1   0   1
39   0   1   0   1
40   0   1   0   1
41   0   1   0   1
42   0   1   0   1
43   0   1   0   1
44   0   1   0   1
45   0   1   0   1
46   0   1   0   1
47   0   1   0   1
48   0   1   0   1
49   0   1   0   1
50   0   1   0   1

 [*,2,*]
:    1   2   3   4    :=
1    0   0   1   1
2    0   0   1   1
3    0   0   1   1
4    0   0   1   1
5    0   0   1   1
6    0   0   1   1
7    0   0   1   1
8    0   0   1   1
9    0   0   1   1
10   0   0   1   1
11   0   0   1   1
12   0   0   1   1
13   0   0   1   1
14   0   0   1   1
15   0   0   1   1
16   0   0   1   1
17   0   0   1   1
18   0   0   1   1
19   0   0   1   1
20   0   0   1   1
21   0   0   1   1
22   0   0   1   1
23   0   0   1   1
24   0   0   1   1
25   0   0   1   1
26   0   0   1   1
27   0   0   1   1
28   0   0   1   1
29   0   0   1   1
30   0   0   1   1
31   0   0   1   1
32   0   0   1   1
33   0   0   1   1
34   0   0   1   1
35   0   0   1   1
36   0   0   1   1
37   0   0   1   1
38   0   0   1   1
39   0   0   1   1
40   0   0   1   1
41   0   0   1   1
42   0   0   1   1
43   0   0   1   1
44   0   0   1   1
45   0   0   1   1
46   0   0   1   1
47   0   0   1   1
48   0   0   1   1
49   0   0   1   1
50   0   0   1   1

 [*,3,*]
:    1   2   3   4    :=
1    1   0   0   1
2    1   0   0   1
3    1   0   0   1
4    1   0   0   1
5    1   0   0   1
6    1   0   0   1
7    1   0   0   1
8    1   0   0   1
9    1   0   0   1
10   1   0   0   1
11   1   0   0   1
12   1   0   0   1
13   1   0   0   1
14   1   0   0   1
15   1   0   0   1
16   1   0   0   1
17   1   0   0   1
18   1   0   0   1
19   1   0   0   1
20   1   0   0   1
21   1   0   0   1
22   1   0   0   1
23   1   0   0   1
24   1   0   0   1
25   1   0   0   1
26   1   0   0   1
27   1   0   0   1
28   1   0   0   1
29   1   0   0   1
30   1   0   0   1
31   1   0   0   1
32   1   0   0   1
33   1   0   0   1
34   1   0   0   1
35   1   0   0   1
36   1   0   0   1
37   1   0   0   1
38   1   0   0   1
39   1   0   0   1
40   1   0   0   1
41   1   0   0   1
42   1   0   0   1
43   1   0   0   1
44   1   0   0   1
45   1   0   0   1
46   1   0   0   1
47   1   0   0   1
48   1   0   0   1
49   1   0   0   1
50   1   0   0   1

 [*,4,*]
:    1   2   3   4    :=
1    1   1   1   0
2    1   1   1   0
3    1   1   1   0
4    1   1   1   0
5    1   1   1   0
6    1   1   1   0
7    1   1   1   0
8    1   1   1   0
9    1   1   1   0
10   1   1   1   0
11   1   1   1   0
12   1   1   1   0
13   1   1   1   0
14   1   1   1   0
15   1   1   1   0
16   1   1   1   0
17   1   1   1   0
18   1   1   1   0
19   1   1   1   0
20   1   1   1   0
21   1   1   1   0
22   1   1   1   0
23   1   1   1   0
24   1   1   1   0
25   1   1   1   0
26   1   1   1   0
27   1   1   1   0
28   1   1   1   0
29   1   1   1   0
30   1   1   1   0
31   1   1   1   0
32   1   1   1   0
33   1   1   1   0
34   1   1   1   0
35   1   1   1   0
36   1   1   1   0
37   1   1   1   0
38   1   1   1   0
39   1   1   1   0
40   1   1   1   0
41   1   1   1   0
42   1   1   1   0
43   1   1   1   0
44   1   1   1   0
45   1   1   1   0
46   1   1   1   0
47   1   1   1   0
48   1   1   1   0
49   1   1   1   0
50   1   1   1   0
;

---------------------------- Solution stats data ----------------------------
_ampl_time = 0.041659
_total_solve_time = 10903.8
_ampl_elapsed_time = 0.038761
_ampl_user_time = 0.02974

Total time elapsed: $10903.79.
_total_solve_time = 10903.8

---------------------------- Solution miscs data ----------------------------
tetrahedron_volume [*] :=
 1 0.117851   11 0.117851   21 0.117851   31 0.117851   41 0.117851
 2 0.117851   12 0.117851   22 0.117851   32 0.117851   42 0.117851
 3 0.117851   13 0.117851   23 0.117851   33 0.117851   43 0.117851
 4 0.117851   14 0.117851   24 0.117851   34 0.117851   44 0.117851
 5 0.117851   15 0.117851   25 0.117851   35 0.117851   45 0.117851
 6 0.117851   16 0.117851   26 0.117851   36 0.117851   46 0.117851
 7 0.117851   17 0.117851   27 0.117851   37 0.117851   47 0.117851
 8 0.117851   18 0.117851   28 0.117851   38 0.117851   48 0.117851
 9 0.117851   19 0.117851   29 0.117851   39 0.117851   49 0.117851
10 0.117851   20 0.117851   30 0.117851   40 0.117851   50 0.117851
;

---------------------------- Solution miscs data ----------------------------
tetrahedron_surface_area [*] :=
 1 0    6 0   11 0   16 0   21 0   26 0   31 0   36 0   41 0   46 0
 2 0    7 0   12 0   17 0   22 0   27 0   32 0   37 0   42 0   47 0
 3 0    8 0   13 0   18 0   23 0   28 0   33 0   38 0   43 0   48 0
 4 0    9 0   14 0   19 0   24 0   29 0   34 0   39 0   44 0   49 0
 5 0   10 0   15 0   20 0   25 0   30 0   35 0   40 0   45 0   50 0
;

