Error at _cmdno 5 executing "solve" command
(file amplin, line 1945, offset 37257):
error processing param distances:
	4000 invalid subscripts discarded:
	distances[51,1,1]
	distances[51,1,2]
	distances[51,1,3]
	and 3997 more.
##### This license is only intended for use by NEOS. #####
##### License is valid until Jan 16, 2026 #####
riables.
Adjusted problem:
6726 variables:
	4276 nonlinear variables
	2450 linear variables
13100 constraints; 79725 nonzeros
	11875 nonlinear constraints
	1225 linear constraints
	1275 equality constraints
	11825 inequality constraints
1 linear objective; 1 nonzero.

Artelys Knitro 14.2.0: threads=4
algorithm=1
ms_enable=1
ms_maxsolves=10
feastol=1e-5
opttol=1e-5
honorbnds=1
bar_initpt=3
bar_murule=4
scale=1
outlev=2
maxtime_real=3600
WARNING:  Option 'threads' is deprecated, please use 'numthreads'.

=======================================
           Academic License
       (NOT FOR COMMERCIAL USE)
         Artelys Knitro 14.2.0
=======================================

No start point provided -- Knitro computing one.

Knitro presolve eliminated 0 variables and 0 constraints.

algorithm                1
bar_initpt               3
bar_murule               4
concurrent_evals         0
datacheck                0
feastol                  1e-05
findiff_numthreads       1
hessian_no_f             1
hessopt                  1
honorbnds                1
maxtime_real             3600
ms_enable                1
ms_maxsolves             10
numthreads               4
opttol                   1e-05

Problem Characteristics                                 (   Presolved)
-----------------------
Objective goal:  Minimize
Objective type:  linear
Number of variables:                               6726 (        6726)
    bounded below only:                             601 (         601)
    bounded above only:                               0 (           0)
    bounded below and above:                          0 (           0)
    fixed:                                            0 (           0)
    free:                                          6125 (        6125)
Number of constraints:                            13100 (       13100)
    linear equalities:                                0 (           0)
    quadratic equalities:                          1225 (        1225)
    gen. nonlinear equalities:                       50 (          50)
    linear one-sided inequalities:                 1225 (        1225)
    quadratic one-sided inequalities:             10600 (       10600)
    gen. nonlinear one-sided inequalities:            0 (           0)
    linear two-sided inequalities:                    0 (           0)
    quadratic two-sided inequalities:                 0 (           0)
    gen. nonlinear two-sided inequalities:            0 (           0)
Number of nonzeros in Jacobian:                   79725 (       79725)
Number of nonzeros in Hessian:                    36976 (       36976)

Knitro parallel multistart will run with 4 threads.

Return codes description
------------------------
  0:  The final solution satisfies the termination conditions for verifying optimality.
  -100 to -199:  A feasible approximate solution was found.
  -200 to -299:  Knitro terminated at an infeasible point.
  -300 to -301:  The problem was determined to be unbounded.
  -400 to -499:  Knitro terminated because it reached a pre-defined limit.
    -400 to -409:  A feasible point was found.
    -410 to -419:  No feasible point was found.
  -500 to -599:  Knitro terminated with an input error or some non-standard error.
A more detailed description of individual return codes and their corresponding
termination messages is provided at
https://www.artelys.com/app/docs/knitro/3_referenceManual/returnCodes.html

 Solve #  ThreadID  Status     Objective      FeasError    OptError    Real Time 
--------  --------  ------  --------------   ----------   ----------  ----------
      3          3    -202         1504.29      35262.2      26.7638      274.384
      0          0       0         1.26556  1.59181e-04  8.90719e-06      233.943
      5          3    -202         12021.0      12.3034      1.00000      504.498
      4          0    -410         2768.76      6344.39      1.00000      2171.97
      6          3    -410         433.458  6.20903e-02  9.24642e-02      2292.87
      9          0    -410         6447.64     0.920407      1421.29      2484.83
      8          2    -410         16447.5      6.52392     0.999973      2387.26
      7          1    -410         36281.3     0.834512     0.999998      2518.48
      1          1    -410         1807.71     0.417895     0.347412      2283.71
      2          2    -410         4477.83     0.272991      16.3759      2290.37

MULTISTART: Best locally optimal solution is returned.
EXIT: Locally optimal solution found.

Final Statistics
----------------
Final objective value               =   1.26555821153971e+00
Final feasibility error (abs / rel) =   1.59e-04 / 1.48e-07
Final optimality error  (abs / rel) =   8.91e-06 / 8.91e-06
# of iterations                     =      75535 
# of CG iterations                  =          0 
# of function evaluations           =     108865
# of gradient evaluations           =      75944
# of Hessian evaluations            =      75590
Total program time (secs)           =    4892.69189 ( 16131.214 CPU time)

===============================================================================

Knitro 14.2.0: Locally optimal or satisfactory solution.
objective 1.265558212; feasibility error 0.000159
75535 iterations; 108865 function evaluations

suffix feaserror OUT;
suffix opterror OUT;
suffix numfcevals OUT;
suffix numiters OUT;
---------------------------- Container and geometric considerations  ----------------------------
Container type: sphere
Structural conservation type: surface
---------------------------- Solution execution data ----------------------------
solve_result_num = 0
solve_result = solved

---------------------------- Solution data ----------------------------
card(figures) = 50

coords [*,*,1]
:       1         2         3         4       :=
1    19.6756   19.0358   18.9826   20.0955
2    20.2945   19.5528   19.3749   20.2945
3    19.0416   19.7198   20.1399   19.4807
4    19.6765   20.7869   20.4525   19.9208
5    19.3294   19.6927   19.6854   20.2828
6    20.3593   20.0154   20.9102   19.8789
7    20.342    19.6595   19.5799   20.2842
8    19.7317   20.3197   20.1147   20.2568
9    20.2605   19.6293   20.3243   20.1415
10   20.0251   19.5461   20.5377   20.2435
11   19.4666   20.6612   20.2063   20.0757
12   20.5101   19.8857   20.4525   20.7719
13   19.2109   19.9349   19.9159   20.2312
14   20.8678   20.2502   20.3192   21.1591
15   19.474    18.7492   19.4048   19.3998
16   20.0614   20.852    21.2289   20.9112
17   19.9226   18.747    19.6071   19.3287
18   20.2543   19.4744   19.3655   19.5913
19   20.2509   20.3196   20.152    20.8683
20   19.6767   19.385    20.537    19.9609
21   19.7461   19.2317   19.3856   20.1355
22   19.5073   19.9689   19.1479   20.2609
23   20.0394   20.8744   20.3243   21.1793
24   20.9057   21.1039   20.3234   20.143
25   20.1172   20.4399   19.8262   20.9829
26   19.7461   19.2317   18.7514   19.3047
27   19.9526   20.0232   19.1011   19.8879
28   21.1114   20.3204   21.2501   20.8714
29   20.2616   20.7292   21.2045   21.197
30   20.5232   20.2094   20.2364   21.1612
31   20.3797   20.0618   19.9537   20.9815
32   19.7535   20.382    20.1355   19.2803
33   20.5855   20.4232   19.924    19.4269
34   20.4202   20.085    20.3204   21.0885
35   18.7449   19.6665   19.3853   19.0542
36   20.259    19.3655   19.5965   19.4744
37   21.1612   20.6291   19.9849   20.2894
38   19.9159   19.2109   19.935    19.0542
39   19.4201   19.6326   19.0542   20.1255
40   19.0122   20.1805   19.9654   19.9628
41   19.0542   19.6725   18.7526   19.1371
42   19.9043   19.9159   19.4815   19.0542
43   20.4525   21.2041   20.5101   20.7719
44   19.0414   19.5308   18.7465   19.9198
45   21.076    19.9903   19.8977   20.1583
46   19.6508   20.3202   20.1147   19.7317
47   20.6976   20.1978   20.0296   20.9442
48   20.5232   21.0112   21.1612   20.2095
49   20.143    20.3234   20.9057   20.2563
50   19.6744   19.1366   19.2744   18.7508

 [*,*,2]
:       1         2         3         4       :=
1    19.1741   20.1486   19.4049   19.8562
2    19.8032   20.273    19.4317   19.4512
3    19.3565   19.8916   19.2323   18.8608
4    19.9271   20.2357   19.2269   20.2407
5    20.2141   19.9125   20.3936   20.9086
6    19.2579   18.7349   19.1858   19.7246
7    19.7077   19.6317   18.8627   19.4494
8    20.3248   19.7861   20.9564   20.7907
9    20.7914   20.1647   19.786    19.619
10   19.1464   18.8465   18.858    19.6112
11   20.1266   20.2566   19.8469   20.7118
12   19.5974   19.7383   19.2269   20.3061
13   20.9654   20.7727   20.4234   21.2424
14   20.8686   20.8131   19.7967   20.1695
15   19.0575   19.8624   19.5193   20.1633
16   20.266    20.8868   20.2984   20.3799
17   20.0643   19.8241   18.9933   20.0246
18   19.7181   19.0204   20.2159   19.5979
19   20.8038   19.7855   20.3371   20.8574
20   19.0665   20.0892   19.756    19.7875
21   20.5263   20.0664   20.9546   20.7412
22   21.1043   20.1573   20.9035   21.2362
23   20.2553   20.8619   19.7907   20.0833
24   20.5218   19.6527   19.7815   19.7474
25   20.7231   21.1219   20.2008   20.4682
26   20.5263   20.0664   19.8615   20.7557
27   18.9363   18.7475   19.1214   19.6681
28   19.7142   19.7989   19.9012   20.8695
29   19.6774   20.3306   20.3529   19.6118
30   18.8486   19.5471   19.1103   19.7489
31   21.2061   20.453    20.2235   20.4909
32   20.5303   21.2065   20.7412   20.9525
33   18.8829   19.6065   19.7298   18.9879
34   19.7288   19.0602   19.658    19.6557
35   19.8385   20.6018   19.5644   20.1872
36   19.7306   20.2159   20.0613   19.0204
37   20.318    20.2912   20.2814   19.692
38   20.4234   20.9654   20.7726   20.1871
39   19.6372   20.7327   20.1871   19.8659
40   19.9593   20.0847   20.1192   20.6912
41   20.1872   20.6059   19.8289   20.8511
42   20.71     20.4234   19.5893   20.1871
43   19.2269   19.7059   19.5974   20.3061
44   19.3568   18.925    19.8281   20.064
45   19.7665   19.6425   19.6716   20.3361
46   19.901    19.7829   20.9563   20.325
47   20.8997   21.2456   20.4004   20.6036
48   18.8486   19.5154   19.749    19.5469
49   19.7474   19.7815   20.5218   20.7747
50   20.6073   20.8505   20.7289   19.8371

 [*,*,3]
:       1         2         3         4       :=
1    19.0977   19.1939   19.5392   19.6266
2    19.6721   18.848    19.0578   18.8983
3    19.4814   19.7831   19.0037   19.8152
4    20.6139   20.9627   20.894    21.2399
5    20.0247   20.5966   21.1609   20.2655
6    20.9601   19.9694   20.3319   20.6416
7    20.0712   19.7912   19.6773   18.8965
8    18.8066   19.7067   19.7576   19.0458
9    19.0491   18.8012   19.7087   18.8015
10   19.066    19.745    20.0918   20.0717
11   21.1242   21.0481   20.2161   21.0437
12   20.0174   20.6894   20.894    20.9551
13   19.7832   18.9998   19.832    20.0682
14   19.7074   19.063    19.7013   19.5211
15   20.6608   20.1346   20.0847   21.1022
16   20.2357   19.7011   19.9497   20.7918
17   19.8695   19.9718   19.8303   20.3859
18   21.1524   20.6049   20.5104   20.1544
19   19.0688   19.7079   20.1745   19.7141
20   19.7902   20.3551   20.246    20.7119
21   20.0166   21.0035   20.5595   21.0168
22   20.3735   19.7901   19.7566   20.0736
23   20.2468   19.7102   19.7058   20.0835
24   19.2865   19.4877   19.7057   18.7682
25   21.032    20.1187   20.5932   20.6453
26   20.0166   21.0035   20.153    20.7397
27   20.6841   19.8201   19.853    20.5824
28   19.4664   19.7014   20.1705   19.7065
29   20.0831   20.9801   20.1619   20.1348
30   20.0457   19.9229   19.1315   19.5639
31   20.0528   19.8539   20.6033   20.6304
32   20.0355   20.0057   21.0168   20.4202
33   20.1046   20.1135   20.6479   19.8401
34   18.8375   19.1567   20.0354   19.454
35   19.9816   20.1156   19.5726   19.1802
36   21.1555   20.5104   21.1979   20.6049
37   20.1478   21.0588   20.4026   20.0711
38   19.832    19.7832   18.9998   19.1802
39   19.6323   20.0845   19.1802   19.6264
40   19.9578   19.6943   20.6601   20.0614
41   19.1802   20.1248   20.1275   19.6357
42   18.9568   19.832    19.08     19.1802
43   20.894    20.2553   20.0174   20.9551
44   19.4813   19.8334   19.9721   19.8697
45   19.9228   19.4171   20.1523   20.387
46   19.4101   19.7065   19.7578   18.8067
47   19.4473   19.8948   19.8316   20.5881
48   20.0457   20.5868   19.5639   19.9229
49   18.7682   19.7057   19.2865   19.0326
50   20.125    19.6357   20.7375   20.1207
;

radius = 1.26556
softness = 0.45

---------------------------- Solution coords data ----------------------------
distances [*,1,*]
:    1   2   3   4    :=
1    0   1   0   1
2    0   1   0   1
3    0   1   0   1
4    0   1   0   1
5    0   1   0   1
6    0   1   0   1
7    0   1   0   1
8    0   1   0   1
9    0   1   0   1
10   0   1   0   1
11   0   1   0   1
12   0   1   0   1
13   0   1   0   1
14   0   1   0   1
15   0   1   0   1
16   0   1   0   1
17   0   1   0   1
18   0   1   0   1
19   0   1   0   1
20   0   1   0   1
21   0   1   0   1
22   0   1   0   1
23   0   1   0   1
24   0   1   0   1
25   0   1   0   1
26   0   1   0   1
27   0   1   0   1
28   0   1   0   1
29   0   1   0   1
30   0   1   0   1
31   0   1   0   1
32   0   1   0   1
33   0   1   0   1
34   0   1   0   1
35   0   1   0   1
36   0   1   0   1
37   0   1   0   1
38   0   1   0   1
39   0   1   0   1
40   0   1   0   1
41   0   1   0   1
42   0   1   0   1
43   0   1   0   1
44   0   1   0   1
45   0   1   0   1
46   0   1   0   1
47   0   1   0   1
48   0   1   0   1
49   0   1   0   1
50   0   1   0   1

 [*,2,*]
:    1   2   3   4    :=
1    0   0   1   1
2    0   0   1   1
3    0   0   1   1
4    0   0   1   1
5    0   0   1   1
6    0   0   1   1
7    0   0   1   1
8    0   0   1   1
9    0   0   1   1
10   0   0   1   1
11   0   0   1   1
12   0   0   1   1
13   0   0   1   1
14   0   0   1   1
15   0   0   1   1
16   0   0   1   1
17   0   0   1   1
18   0   0   1   1
19   0   0   1   1
20   0   0   1   1
21   0   0   1   1
22   0   0   1   1
23   0   0   1   1
24   0   0   1   1
25   0   0   1   1
26   0   0   1   1
27   0   0   1   1
28   0   0   1   1
29   0   0   1   1
30   0   0   1   1
31   0   0   1   1
32   0   0   1   1
33   0   0   1   1
34   0   0   1   1
35   0   0   1   1
36   0   0   1   1
37   0   0   1   1
38   0   0   1   1
39   0   0   1   1
40   0   0   1   1
41   0   0   1   1
42   0   0   1   1
43   0   0   1   1
44   0   0   1   1
45   0   0   1   1
46   0   0   1   1
47   0   0   1   1
48   0   0   1   1
49   0   0   1   1
50   0   0   1   1

 [*,3,*]
:    1   2   3   4    :=
1    1   0   0   1
2    1   0   0   1
3    1   0   0   1
4    1   0   0   1
5    1   0   0   1
6    1   0   0   1
7    1   0   0   1
8    1   0   0   1
9    1   0   0   1
10   1   0   0   1
11   1   0   0   1
12   1   0   0   1
13   1   0   0   1
14   1   0   0   1
15   1   0   0   1
16   1   0   0   1
17   1   0   0   1
18   1   0   0   1
19   1   0   0   1
20   1   0   0   1
21   1   0   0   1
22   1   0   0   1
23   1   0   0   1
24   1   0   0   1
25   1   0   0   1
26   1   0   0   1
27   1   0   0   1
28   1   0   0   1
29   1   0   0   1
30   1   0   0   1
31   1   0   0   1
32   1   0   0   1
33   1   0   0   1
34   1   0   0   1
35   1   0   0   1
36   1   0   0   1
37   1   0   0   1
38   1   0   0   1
39   1   0   0   1
40   1   0   0   1
41   1   0   0   1
42   1   0   0   1
43   1   0   0   1
44   1   0   0   1
45   1   0   0   1
46   1   0   0   1
47   1   0   0   1
48   1   0   0   1
49   1   0   0   1
50   1   0   0   1

 [*,4,*]
:    1   2   3   4    :=
1    1   1   1   0
2    1   1   1   0
3    1   1   1   0
4    1   1   1   0
5    1   1   1   0
6    1   1   1   0
7    1   1   1   0
8    1   1   1   0
9    1   1   1   0
10   1   1   1   0
11   1   1   1   0
12   1   1   1   0
13   1   1   1   0
14   1   1   1   0
15   1   1   1   0
16   1   1   1   0
17   1   1   1   0
18   1   1   1   0
19   1   1   1   0
20   1   1   1   0
21   1   1   1   0
22   1   1   1   0
23   1   1   1   0
24   1   1   1   0
25   1   1   1   0
26   1   1   1   0
27   1   1   1   0
28   1   1   1   0
29   1   1   1   0
30   1   1   1   0
31   1   1   1   0
32   1   1   1   0
33   1   1   1   0
34   1   1   1   0
35   1   1   1   0
36   1   1   1   0
37   1   1   1   0
38   1   1   1   0
39   1   1   1   0
40   1   1   1   0
41   1   1   1   0
42   1   1   1   0
43   1   1   1   0
44   1   1   1   0
45   1   1   1   0
46   1   1   1   0
47   1   1   1   0
48   1   1   1   0
49   1   1   1   0
50   1   1   1   0
;

---------------------------- Solution stats data ----------------------------
_ampl_time = 0.101846
_total_solve_time = 16131.5
_ampl_elapsed_time = 0.096142
_ampl_user_time = 0.084871

Total time elapsed: $16131.49.
_total_solve_time = 16131.5

---------------------------- Solution miscs data ----------------------------
tetrahedron_volume [*] :=
 1 0    6 0   11 0   16 0   21 0   26 0   31 0   36 0   41 0   46 0
 2 0    7 0   12 0   17 0   22 0   27 0   32 0   37 0   42 0   47 0
 3 0    8 0   13 0   18 0   23 0   28 0   33 0   38 0   43 0   48 0
 4 0    9 0   14 0   19 0   24 0   29 0   34 0   39 0   44 0   49 0
 5 0   10 0   15 0   20 0   25 0   30 0   35 0   40 0   45 0   50 0
;

---------------------------- Solution miscs data ----------------------------
tetrahedron_surface_area [*] :=
 1 1.73205   10 1.73205   19 1.73205   28 1.73205   37 1.73205   46 1.73205
 2 1.73205   11 1.73205   20 1.73205   29 1.73205   38 1.73205   47 1.73205
 3 1.73205   12 1.73205   21 1.73205   30 1.73205   39 1.73205   48 1.73205
 4 1.73205   13 1.73205   22 1.73205   31 1.73205   40 1.73205   49 1.73205
 5 1.73205   14 1.73205   23 1.73205   32 1.73205   41 1.73205   50 1.73205
 6 1.73205   15 1.73205   24 1.73205   33 1.73205   42 1.73205
 7 1.73205   16 1.73205   25 1.73205   34 1.73205   43 1.73205
 8 1.73205   17 1.73205   26 1.73205   35 1.73205   44 1.73205
 9 1.73205   18 1.73205   27 1.73205   36 1.73205   45 1.73205
;

