Error at _cmdno 5 executing "solve" command
(file amplin, line 1977, offset 37909):
error processing param distances:
	3600 invalid subscripts discarded:
	distances[76,1,1]
	distances[76,1,2]
	distances[76,1,3]
	and 3597 more.
##### This license is only intended for use by NEOS. #####
##### License is valid until Jan 16, 2026 #####
ariables.
Adjusted problem:
14776 variables:
	9225 nonlinear variables
	5551 linear variables
30525 constraints; 179175 nonzeros
	25950 nonlinear constraints
	4575 linear constraints
	2850 equality constraints
	27675 inequality constraints
1 linear objective; 1 nonzero.

Artelys Knitro 14.2.0: threads=4
algorithm=1
ms_enable=1
ms_maxsolves=10
feastol=1e-5
opttol=1e-5
honorbnds=1
bar_initpt=3
bar_murule=4
scale=1
outlev=2
maxtime_real=1200
WARNING:  Option 'threads' is deprecated, please use 'numthreads'.

=======================================
           Academic License
       (NOT FOR COMMERCIAL USE)
         Artelys Knitro 14.2.0
=======================================

No start point provided -- Knitro computing one.

Knitro presolve eliminated 0 variables and 0 constraints.

algorithm                1
bar_initpt               3
bar_murule               4
concurrent_evals         0
datacheck                0
feastol                  1e-05
findiff_numthreads       1
hessian_no_f             1
hessopt                  1
honorbnds                1
maxtime_real             1200
ms_enable                1
ms_maxsolves             10
numthreads               4
opttol                   1e-05

Problem Characteristics                                 (   Presolved)
-----------------------
Objective goal:  Minimize
Objective type:  linear
Number of variables:                              14776 (       14776)
    bounded below only:                             901 (         901)
    bounded above only:                               0 (           0)
    bounded below and above:                          0 (           0)
    fixed:                                            0 (           0)
    free:                                         13875 (       13875)
Number of constraints:                            30525 (       30525)
    linear equalities:                                0 (           0)
    quadratic equalities:                          2775 (        2775)
    gen. nonlinear equalities:                       75 (          75)
    linear one-sided inequalities:                 4575 (        4575)
    quadratic one-sided inequalities:             23100 (       23100)
    gen. nonlinear one-sided inequalities:            0 (           0)
    linear two-sided inequalities:                    0 (           0)
    quadratic two-sided inequalities:                 0 (           0)
    gen. nonlinear two-sided inequalities:            0 (           0)
Number of nonzeros in Jacobian:                  179175 (      179175)
Number of nonzeros in Hessian:                    80775 (       80775)

Knitro parallel multistart will run with 4 threads.

Return codes description
------------------------
  0:  The final solution satisfies the termination conditions for verifying optimality.
  -100 to -199:  A feasible approximate solution was found.
  -200 to -299:  Knitro terminated at an infeasible point.
  -300 to -301:  The problem was determined to be unbounded.
  -400 to -499:  Knitro terminated because it reached a pre-defined limit.
    -400 to -409:  A feasible point was found.
    -410 to -419:  No feasible point was found.
  -500 to -599:  Knitro terminated with an input error or some non-standard error.
A more detailed description of individual return codes and their corresponding
termination messages is provided at
https://www.artelys.com/app/docs/knitro/3_referenceManual/returnCodes.html

 Solve #  ThreadID  Status     Objective      FeasError    OptError    Real Time 
--------  --------  ------  --------------   ----------   ----------  ----------
      1          3    -202         3746.70      67493.1      1.58779      2228.65
      0          0       0         2.26631  4.22775e-05  4.77375e-06      2425.43
      3          2    -410         4709.25      36832.1      1.00000      6361.99
      2          1    -410         4454.44      42117.8     0.999999      6386.33
      8          3    -410         1887.34  8.66243e-02     0.793622      2926.83
      6          2    -410         443.791  5.70415e-02     0.201170      3303.42
      4          3    -410         1085.05  1.21892e-02     0.540469      5493.62
      5          0    -410         11861.1     0.987355     0.999959      5365.69
      7          1    -410         834.816      1.92619      7.76108      3769.52
      9          0    -410         2959.49  2.88323e-02      2.42247      2835.07

MULTISTART: Best locally optimal solution is returned.
EXIT: Locally optimal solution found.

Final Statistics
----------------
Final objective value               =   2.26631317434407e+00
Final feasibility error (abs / rel) =   4.23e-05 / 2.34e-06
Final optimality error  (abs / rel) =   4.77e-06 / 4.77e-06
# of iterations                     =      87186 
# of CG iterations                  =          0 
# of function evaluations           =     104777
# of gradient evaluations           =      87346
# of Hessian evaluations            =      87244
Total program time (secs)           =   10651.41113 ( 36698.668 CPU time)

===============================================================================

Knitro 14.2.0: Locally optimal or satisfactory solution.
objective 2.266313174; feasibility error 4.23e-05
87186 iterations; 104777 function evaluations

suffix feaserror OUT;
suffix opterror OUT;
suffix numfcevals OUT;
suffix numiters OUT;
---------------------------- Container and geometric considerations  ----------------------------
Container type: cube
Structural conservation type: volume & surface
---------------------------- Solution execution data ----------------------------
solve_result_num = 0
solve_result = solved

---------------------------- Solution data ----------------------------
card(figures) = 75

coords [*,*,1]
:       1         2         3         4       :=
1    19.8449   19.7864   19.371    20.4465
2    18.8668   19.7436   18.8766   19.4047
3    19.6851   19.7361   20.1691   20.5166
4    18.8671   18.8668   18.8861   19.8359
5    21.1332   20.4136   21.1332   20.5346
6    19.9417   19.6953   20.3425   19.9905
7    18.88     19.8743   19.4809   19.8337
8    21.1332   21.1332   21.1332   20.4899
9    21.1332   21.1332   21.1332   20.4306
10   19.7008   19.1102   19.6973   18.8668
11   19.9199   19.2261   18.8668   18.8737
12   18.8668   18.8668   18.8668   19.5876
13   18.8668   18.8668   19.2419   19.7815
14   20.7528   21.1332   21.1332   20.251
15   19.6066   19.3688   20.3076   19.7856
16   21.1332   21.1332   20.3467   21.1332
17   19.6066   18.8668   19.6431   19.1281
18   18.8668   18.8668   18.8668   19.4523
19   21.0566   20.9396   20.6162   20.0335
20   19.3444   19.6125   20.0685   18.9639
21   19.4516   20.4319   19.8753   20.2076
22   18.8895   19.8128   19.5991   18.8686
23   21.0986   21.1332   20.4526   20.2068
24   20.117    19.9839   21.0359   20.6825
25   21.1332   20.7164   21.1332   20.0436
26   19.879    19.2226   19.9893   19.697
27   19.2065   19.9734   18.8668   19.5097
28   20.397    21.1332   21.1332   21.1332
29   20.8064   20.4392   20.2779   21.1331
30   19.9715   20.5086   20.5452   21.1332
31   20.0798   20.1651   21.12     20.8117
32   19.8137   19.743    19.5739   18.8668
33   21.1332   20.5346   21.1332   21.1332
34   19.8453   18.8689   18.8668   19.6172
35   18.8668   19.803    18.8668   18.8668
36   19.7919   19.2878   19.6066   18.8668
37   19.9023   20.6375   19.8622   20.815
38   19.9712   19.864    19.433    20.2414
39   21.0934   20.1902   20.3882   21.1322
40   19.4478   20.2381   19.9101   19.7346
41   18.8668   19.4322   18.8668   18.8668
42   18.8668   18.8668   19.6416   18.9707
43   20.0246   21.1332   20.1496   20.6745
44   21.1332   20.5483   19.9904   20.9949
45   19.7587   19.9281   19.8798   20.745
46   20.8303   20.2617   20.3681   19.8622
47   20.3083   20.9373   20.1445   19.7802
48   20.327    21.1332   21.1332   21.1332
49   20.4118   20.0132   21.0622   21.1087
50   18.9939   19.6343   18.8668   18.8668
51   19.6912   20.3695   19.931    19.5776
52   19.7244   19.638    19.0578   18.996
53   20.227    20.3618   19.6126   19.3899
54   21.1332   20.1208   21.0837   20.9575
55   19.7436   19.366    19.9712   18.8766
56   18.9999   19.1126   18.8668   19.8866
57   21.1332   21.1332   20.5752   21.1332
58   19.0237   19.6835   19.6109   18.8668
59   19.6063   20.1411   20.0327   19.6519
60   20.1694   19.9712   20.7974   19.9893
61   18.8668   19.634    19.0916   18.8668
62   19.8898   19.7166   20.6972   20.3671
63   19.2372   20.0327   19.6453   19.6196
64   20.0658   19.6253   19.232    18.9535
65   19.8592   21.0128   20.8128   20.456
66   20.2693   19.7283   20.6859   20.251
67   20.8333   20.9625   20.1215   19.9679
68   20.2759   21.0474   21.0684   21.1332
69   19.0257   19.1126   19.8344   19.8078
70   19.9712   20.7404   20.251    21.1331
71   19.4869   20.0182   19.7119   20.5929
72   20.2452   19.4864   20.5944   20.0181
73   21.0135   20.3361   20.7129   20.0547
74   20.0872   20.2097   20.8941   20.0705
75   20.0463   20.3498   20.1643   21.0974

 [*,*,2]
:       1         2         3         4       :=
1    21.0754   20.5764   20.1911   20.5387
2    20.9944   21.1332   21.1332   20.3202
3    19.8914   20.2086   20.8844   20.005
4    20.0996   19.4362   19.8684   20.0059
5    19.055    19.1744   19.9256   19.5467
6    19.939    18.8668   19.3477   19.1455
7    19.9532   20.3725   19.649    20.0306
8    21.0112   20.0297   21.1332   20.5135
9    20.0511   21.1331   20.6035   20.2168
10   19.6041   18.8668   18.8668   18.8668
11   21.1332   20.413    21.1332   21.1174
12   19.1741   20.0287   18.8668   19.3917
13   21.1332   20.8768   20.1422   21.1169
14   21.1332   20.1879   21.1332   20.377
15   21.1332   20.2844   20.9197   21.1068
16   20.0513   20.6038   20.1663   19.557
17   19.5296   19.4211   19.8349   18.8668
18   19.0344   19.9809   18.8668   19.4221
19   20.8872   19.9156   20.2224   20.6293
20   19.4884   18.8668   19.5449   19.7907
21   19.2831   19.01     19.8983   19.3951
22   20.9038   20.4552   20.1945   19.8497
23   20.038    21.1332   20.1952   20.7817
24   18.8668   19.12     18.8668   19.7267
25   19.6277   19.6043   20.4345   20.0311
26   19.7515   19.0028   19.1043   18.8668
27   20.4224   21.1332   21.1318   20.5303
28   19.1952   18.8668   19.8854   18.8668
29   20.9843   20.2038   21.1332   21.1331
30   18.8668   19.0675   19.5747   18.8668
31   20.0634   19.7617   19.6951   20.2242
32   20.0178   19.2342   20.3835   19.9972
33   20.0326   19.5467   19.055    19.9256
34   20.0151   19.4209   20.0836   19.3437
35   19.8486   20.4489   20.9162   20.4747
36   21.1332   20.3163   21.1332   21.1332
37   20.6473   20.2096   19.9225   19.9398
38   21.1332   21.1332   20.4402   20.1826
39   21.027    20.3035   20.4032   20.1165
40   20.1972   20.9616   20.348    21.0841
41   20.081    20.4186   19.8511   20.9617
42   20.0119   19.4364   19.8385   18.9051
43   20.024    20.2566   20.131    20.9206
44   18.8668   18.8668   19.0771   19.6611
45   19.6199   20.6167   20.3002   20.1817
46   19.7447   19.312    19.1097   19.9225
47   21.1332   21.1332   20.554    21.1332
48   19.2046   18.8668   19.9097   19.003
49   20.4353   21.1332   21.1167   21.1332
50   19.7253   19.1138   19.9861   18.8668
51   19.559    20.5012   19.9795   20.3572
52   19.9891   20.7901   20.1245   19.9008
53   19.3626   18.9095   18.8668   19.3033
54   19.557    19.2169   18.8668   19.9857
55   21.1332   20.354    21.1332   21.1332
56   19.7966   19.7068   20.4747   20.4466
57   19.9599   20.9543   19.961    20.0297
58   19.6605   18.9918   18.8668   18.8668
59   19.5966   20.0509   19.0046   19.8598
60   20.4299   21.1332   21.1332   21.1332
61   21.1332   20.4137   20.5479   20.0287
62   18.8668   18.8668   18.8668   19.4417
63   19.0129   19.0046   19.8745   19.5781
64   18.9651   19.7702   18.8668   18.8668
65   19.9212   19.9982   19.9392   19.2252
66   20.0595   20.2108   20.8474   20.9693
67   19.744    20.0286   19.2269   19.9665
68   19.117    19.8827   18.8668   18.8668
69   19.8297   19.7068   19.3836   20.4188
70   21.1332   21.1332   20.377    21.1332
71   19.6814   19.927    20.7948   20.0373
72   18.9254   19.6812   20.0312   19.9269
73   19.672    18.9759   19.5725   20.027
74   19.1273   20.0649   19.6998   19.794
75   21.1332   20.3814   20.4274   21.0494

 [*,*,3]
:       1         2         3         4       :=
1    21.1332   20.1778   20.8642   21.1332
2    19.661    19.6403   18.8668   18.8824
3    19.81     20.7357   20.1701   19.8995
4    21.0449   20.5867   19.9064   20.4104
5    19.6198   18.9591   18.9223   19.8433
6    20.7594   21.1332   21.1332   20.0445
7    19.8731   20.3039   20.3293   19.2902
8    19.4258   20.0475   20.4113   20.0017
9    20.0546   20.4113   21.0767   20.541
10   20.8002   20.1237   21.1264   21.1332
11   20.7929   20.2586   20.3067   21.1128
12   20.346    21.1332   21.1332   21.1332
13   20.3067   19.5423   19.9468   19.617
14   19.5777   19.0193   18.8668   18.8668
15   20.6483   20.0572   20.3121   19.5686
16   20.0551   21.0772   20.469    20.692
17   20.8752   20.5735   19.8144   20.0495
18   18.9862   19.6601   19.9842   19.9119
19   19.4932   18.8668   19.6313   19.0067
20   18.8924   19.7539   19.7993   19.5357
21   19.1101   18.9122   19.4135   19.9852
22   19.5348   19.2622   19.9945   19.5654
23   20.0393   20.4113   20.4954   19.9998
24   19.5269   20.2807   20.238    20.0088
25   21.1332   20.4353   21.1332   21.1332
26   20.8532   20.2544   20.0267   21.1258
27   20.2748   20.7757   21.1301   21.1332
28   20.2963   21.1332   20.8722   20.3132
29   21.1332   20.4817   20.1092   20.4113
30   19.5295   18.8668   19.9115   19.5084
31   20.8594   19.8372   20.4958   19.9715
32   20.431    21.1146   21.1332   21.1041
33   20.0792   19.8433   19.6198   18.9223
34   20.4112   20.5749   21.0341   21.1131
35   19.5659   19.2653   19.5414   18.8668
36   19.6036   20.2583   20.6483   20.3067
37   18.8668   19.6529   19.5316   18.8668
38   18.8668   19.694    18.8668   19.4779
39   19.4319   19.3376   20.1128   19.9916
40   20.2353   20.1941   19.2636   19.5416
41   20.9611   20.0039   19.9124   20.254
42   19.651    20.5864   19.8195   19.9889
43   21.1331   20.9495   20.3438   21.0155
44   21.1332   20.4123   21.1332   21.1332
45   19.7244   20.0661   19.206    19.9724
46   19.4275   20.0384   18.8992   19.5317
47   20.1563   21.1332   20.6927   21.1332
48   18.8668   18.8668   18.935    19.6615
49   19.9512   20.0156   19.5163   20.4027
50   19.6191   18.8668   18.8668   18.8668
51   21.1332   21.0863   20.1452   21.1332
52   20.3481   20.378    21.1332   19.9947
53   19.9173   18.8668   19.7539   19.1137
54   20.692    20.2343   20.2782   19.9914
55   19.6403   18.8668   18.8668   18.8668
56   19.6766   18.8668   18.8668   19.3008
57   18.8877   19.4618   19.4697   20.0475
58   19.5506   18.8668   19.7626   18.8702
59   20.7916   20.3808   19.8873   19.6608
60   19.2076   18.8668   19.6552   20.0259
61   21.1332   21.1332   20.3135   21.1332
62   21.0937   19.9448   20.2582   20.7171
63   20.2599   19.8873   19.657    20.7634
64   19.8868   19.716    20.3318   19.5752
65   19.5305   19.6456   18.8668   18.9805
66   20.1657   20.744    20.9112   20.0686
67   19.4271   20.1703   20.1688   19.5728
68   19.6627   20.0732   19.5096   20.3132
69   19.7283   18.8668   19.0233   19.4667
70   18.8668   19.6008   18.8668   18.8668
71   18.8668   19.4213   18.8669   18.8668
72   18.8773   18.8668   18.8668   19.4209
73   21.1332   20.7257   20.3051   21.1332
74   20.3189   20.9873   20.2997   19.866
75   19.9998   19.9906   19.2074   19.5116
;

side = 2.26631
softness = 0.35

---------------------------- Solution coords data ----------------------------
distances [*,1,*]
:    1   2   3   4    :=
1    0   1   0   1
2    0   1   0   1
3    0   1   0   1
4    0   1   0   1
5    0   1   0   1
6    0   1   0   1
7    0   1   0   1
8    0   1   0   1
9    0   1   0   1
10   0   1   0   1
11   0   1   0   1
12   0   1   0   1
13   0   1   0   1
14   0   1   0   1
15   0   1   0   1
16   0   1   0   1
17   0   1   0   1
18   0   1   0   1
19   0   1   0   1
20   0   1   0   1
21   0   1   0   1
22   0   1   0   1
23   0   1   0   1
24   0   1   0   1
25   0   1   0   1
26   0   1   0   1
27   0   1   0   1
28   0   1   0   1
29   0   1   0   1
30   0   1   0   1
31   0   1   0   1
32   0   1   0   1
33   0   1   0   1
34   0   1   0   1
35   0   1   0   1
36   0   1   0   1
37   0   1   0   1
38   0   1   0   1
39   0   1   0   1
40   0   1   0   1
41   0   1   0   1
42   0   1   0   1
43   0   1   0   1
44   0   1   0   1
45   0   1   0   1
46   0   1   0   1
47   0   1   0   1
48   0   1   0   1
49   0   1   0   1
50   0   1   0   1
51   0   1   0   1
52   0   1   0   1
53   0   1   0   1
54   0   1   0   1
55   0   1   0   1
56   0   1   0   1
57   0   1   0   1
58   0   1   0   1
59   0   1   0   1
60   0   1   0   1
61   0   1   0   1
62   0   1   0   1
63   0   1   0   1
64   0   1   0   1
65   0   1   0   1
66   0   1   0   1
67   0   1   0   1
68   0   1   0   1
69   0   1   0   1
70   0   1   0   1
71   0   1   0   1
72   0   1   0   1
73   0   1   0   1
74   0   1   0   1
75   0   1   0   1

 [*,2,*]
:    1   2   3   4    :=
1    0   0   1   1
2    0   0   1   1
3    0   0   1   1
4    0   0   1   1
5    0   0   1   1
6    0   0   1   1
7    0   0   1   1
8    0   0   1   1
9    0   0   1   1
10   0   0   1   1
11   0   0   1   1
12   0   0   1   1
13   0   0   1   1
14   0   0   1   1
15   0   0   1   1
16   0   0   1   1
17   0   0   1   1
18   0   0   1   1
19   0   0   1   1
20   0   0   1   1
21   0   0   1   1
22   0   0   1   1
23   0   0   1   1
24   0   0   1   1
25   0   0   1   1
26   0   0   1   1
27   0   0   1   1
28   0   0   1   1
29   0   0   1   1
30   0   0   1   1
31   0   0   1   1
32   0   0   1   1
33   0   0   1   1
34   0   0   1   1
35   0   0   1   1
36   0   0   1   1
37   0   0   1   1
38   0   0   1   1
39   0   0   1   1
40   0   0   1   1
41   0   0   1   1
42   0   0   1   1
43   0   0   1   1
44   0   0   1   1
45   0   0   1   1
46   0   0   1   1
47   0   0   1   1
48   0   0   1   1
49   0   0   1   1
50   0   0   1   1
51   0   0   1   1
52   0   0   1   1
53   0   0   1   1
54   0   0   1   1
55   0   0   1   1
56   0   0   1   1
57   0   0   1   1
58   0   0   1   1
59   0   0   1   1
60   0   0   1   1
61   0   0   1   1
62   0   0   1   1
63   0   0   1   1
64   0   0   1   1
65   0   0   1   1
66   0   0   1   1
67   0   0   1   1
68   0   0   1   1
69   0   0   1   1
70   0   0   1   1
71   0   0   1   1
72   0   0   1   1
73   0   0   1   1
74   0   0   1   1
75   0   0   1   1

 [*,3,*]
:    1   2   3   4    :=
1    1   0   0   1
2    1   0   0   1
3    1   0   0   1
4    1   0   0   1
5    1   0   0   1
6    1   0   0   1
7    1   0   0   1
8    1   0   0   1
9    1   0   0   1
10   1   0   0   1
11   1   0   0   1
12   1   0   0   1
13   1   0   0   1
14   1   0   0   1
15   1   0   0   1
16   1   0   0   1
17   1   0   0   1
18   1   0   0   1
19   1   0   0   1
20   1   0   0   1
21   1   0   0   1
22   1   0   0   1
23   1   0   0   1
24   1   0   0   1
25   1   0   0   1
26   1   0   0   1
27   1   0   0   1
28   1   0   0   1
29   1   0   0   1
30   1   0   0   1
31   1   0   0   1
32   1   0   0   1
33   1   0   0   1
34   1   0   0   1
35   1   0   0   1
36   1   0   0   1
37   1   0   0   1
38   1   0   0   1
39   1   0   0   1
40   1   0   0   1
41   1   0   0   1
42   1   0   0   1
43   1   0   0   1
44   1   0   0   1
45   1   0   0   1
46   1   0   0   1
47   1   0   0   1
48   1   0   0   1
49   1   0   0   1
50   1   0   0   1
51   1   0   0   1
52   1   0   0   1
53   1   0   0   1
54   1   0   0   1
55   1   0   0   1
56   1   0   0   1
57   1   0   0   1
58   1   0   0   1
59   1   0   0   1
60   1   0   0   1
61   1   0   0   1
62   1   0   0   1
63   1   0   0   1
64   1   0   0   1
65   1   0   0   1
66   1   0   0   1
67   1   0   0   1
68   1   0   0   1
69   1   0   0   1
70   1   0   0   1
71   1   0   0   1
72   1   0   0   1
73   1   0   0   1
74   1   0   0   1
75   1   0   0   1

 [*,4,*]
:    1   2   3   4    :=
1    1   1   1   0
2    1   1   1   0
3    1   1   1   0
4    1   1   1   0
5    1   1   1   0
6    1   1   1   0
7    1   1   1   0
8    1   1   1   0
9    1   1   1   0
10   1   1   1   0
11   1   1   1   0
12   1   1   1   0
13   1   1   1   0
14   1   1   1   0
15   1   1   1   0
16   1   1   1   0
17   1   1   1   0
18   1   1   1   0
19   1   1   1   0
20   1   1   1   0
21   1   1   1   0
22   1   1   1   0
23   1   1   1   0
24   1   1   1   0
25   1   1   1   0
26   1   1   1   0
27   1   1   1   0
28   1   1   1   0
29   1   1   1   0
30   1   1   1   0
31   1   1   1   0
32   1   1   1   0
33   1   1   1   0
34   1   1   1   0
35   1   1   1   0
36   1   1   1   0
37   1   1   1   0
38   1   1   1   0
39   1   1   1   0
40   1   1   1   0
41   1   1   1   0
42   1   1   1   0
43   1   1   1   0
44   1   1   1   0
45   1   1   1   0
46   1   1   1   0
47   1   1   1   0
48   1   1   1   0
49   1   1   1   0
50   1   1   1   0
51   1   1   1   0
52   1   1   1   0
53   1   1   1   0
54   1   1   1   0
55   1   1   1   0
56   1   1   1   0
57   1   1   1   0
58   1   1   1   0
59   1   1   1   0
60   1   1   1   0
61   1   1   1   0
62   1   1   1   0
63   1   1   1   0
64   1   1   1   0
65   1   1   1   0
66   1   1   1   0
67   1   1   1   0
68   1   1   1   0
69   1   1   1   0
70   1   1   1   0
71   1   1   1   0
72   1   1   1   0
73   1   1   1   0
74   1   1   1   0
75   1   1   1   0
;

---------------------------- Solution stats data ----------------------------
_ampl_time = 0.263458
_total_solve_time = 36699.2
_ampl_elapsed_time = 0.258262
_ampl_user_time = 0.220913

Total time elapsed: $36699.21.
_total_solve_time = 36699.2

---------------------------- Solution miscs data ----------------------------
tetrahedron_volume [*] :=
 1 0    8 0   15 0   22 0   29 0   36 0   43 0   50 0   57 0   64 0   71 0
 2 0    9 0   16 0   23 0   30 0   37 0   44 0   51 0   58 0   65 0   72 0
 3 0   10 0   17 0   24 0   31 0   38 0   45 0   52 0   59 0   66 0   73 0
 4 0   11 0   18 0   25 0   32 0   39 0   46 0   53 0   60 0   67 0   74 0
 5 0   12 0   19 0   26 0   33 0   40 0   47 0   54 0   61 0   68 0   75 0
 6 0   13 0   20 0   27 0   34 0   41 0   48 0   55 0   62 0   69 0
 7 0   14 0   21 0   28 0   35 0   42 0   49 0   56 0   63 0   70 0
;

---------------------------- Solution miscs data ----------------------------
tetrahedron_surface_area [*] :=
 1 1.73205   14 1.73205   27 1.73205   40 1.73205   53 1.73205   66 1.73205
 2 1.73205   15 1.73205   28 1.73205   41 1.73205   54 1.73205   67 1.73205
 3 1.73205   16 1.73205   29 1.73205   42 1.73205   55 1.73205   68 1.73205
 4 1.73205   17 1.73205   30 1.73205   43 1.73205   56 1.73205   69 1.73205
 5 1.73205   18 1.73205   31 1.73205   44 1.73205   57 1.73205   70 1.73205
 6 1.73205   19 1.73205   32 1.73205   45 1.73205   58 1.73205   71 1.73205
 7 1.73205   20 1.73205   33 1.73205   46 1.73205   59 1.73205   72 1.73205
 8 1.73205   21 1.73205   34 1.73205   47 1.73205   60 1.73205   73 1.73205
 9 1.73205   22 1.73205   35 1.73205   48 1.73205   61 1.73205   74 1.73205
10 1.73205   23 1.73205   36 1.73205   49 1.73205   62 1.73205   75 1.73205
11 1.73205   24 1.73205   37 1.73205   50 1.73205   63 1.73205
12 1.73205   25 1.73205   38 1.73205   51 1.73205   64 1.73205
13 1.73205   26 1.73205   39 1.73205   52 1.73205   65 1.73205
;

