Error at _cmdno 5 executing "solve" command
(file amplin, line 1977, offset 37900):
error processing param distances:
	4000 invalid subscripts discarded:
	distances[51,1,1]
	distances[51,1,2]
	distances[51,1,3]
	and 3997 more.
##### This license is only intended for use by NEOS. #####
##### License is valid until Jan 16, 2026 #####
riables.
Adjusted problem:
6726 variables:
	4275 nonlinear variables
	2451 linear variables
14100 constraints; 81325 nonzeros
	11675 nonlinear constraints
	2425 linear constraints
	1275 equality constraints
	12825 inequality constraints
1 linear objective; 1 nonzero.

Artelys Knitro 14.2.0: threads=4
algorithm=1
ms_enable=1
ms_maxsolves=10
feastol=1e-5
opttol=1e-5
honorbnds=1
bar_initpt=3
bar_murule=4
scale=1
outlev=2
maxtime_real=1200
WARNING:  Option 'threads' is deprecated, please use 'numthreads'.

=======================================
           Academic License
       (NOT FOR COMMERCIAL USE)
         Artelys Knitro 14.2.0
=======================================

No start point provided -- Knitro computing one.

Knitro presolve eliminated 0 variables and 0 constraints.

algorithm                1
bar_initpt               3
bar_murule               4
concurrent_evals         0
datacheck                0
feastol                  1e-05
findiff_numthreads       1
hessian_no_f             1
hessopt                  1
honorbnds                1
maxtime_real             1200
ms_enable                1
ms_maxsolves             10
numthreads               4
opttol                   1e-05

Problem Characteristics                                 (   Presolved)
-----------------------
Objective goal:  Minimize
Objective type:  linear
Number of variables:                               6726 (        6726)
    bounded below only:                             601 (         601)
    bounded above only:                               0 (           0)
    bounded below and above:                          0 (           0)
    fixed:                                            0 (           0)
    free:                                          6125 (        6125)
Number of constraints:                            14100 (       14100)
    linear equalities:                                0 (           0)
    quadratic equalities:                          1225 (        1225)
    gen. nonlinear equalities:                       50 (          50)
    linear one-sided inequalities:                 2425 (        2425)
    quadratic one-sided inequalities:             10400 (       10400)
    gen. nonlinear one-sided inequalities:            0 (           0)
    linear two-sided inequalities:                    0 (           0)
    quadratic two-sided inequalities:                 0 (           0)
    gen. nonlinear two-sided inequalities:            0 (           0)
Number of nonzeros in Jacobian:                   81325 (       81325)
Number of nonzeros in Hessian:                    36975 (       36975)

Knitro parallel multistart will run with 4 threads.

Return codes description
------------------------
  0:  The final solution satisfies the termination conditions for verifying optimality.
  -100 to -199:  A feasible approximate solution was found.
  -200 to -299:  Knitro terminated at an infeasible point.
  -300 to -301:  The problem was determined to be unbounded.
  -400 to -499:  Knitro terminated because it reached a pre-defined limit.
    -400 to -409:  A feasible point was found.
    -410 to -419:  No feasible point was found.
  -500 to -599:  Knitro terminated with an input error or some non-standard error.
A more detailed description of individual return codes and their corresponding
termination messages is provided at
https://www.artelys.com/app/docs/knitro/3_referenceManual/returnCodes.html

 Solve #  ThreadID  Status     Objective      FeasError    OptError    Real Time 
--------  --------  ------  --------------   ----------   ----------  ----------
      0          0       0         1.56092  6.84874e-05  4.66932e-09      555.466
      5          1    -202         13733.0      16.6736      1.00000      800.433
      1          1    -202         4003.28      53940.2      1.01738      939.844
      3          3    -410         310.986  2.25110e-02     0.131063      3035.74
      2          2    -410         198.449  4.58334e-03  2.39584e-03      2991.12
      6          1    -410         274.464     0.319681     0.681103      3203.24
      7          2    -410         626.516  3.55003e-03  4.33370e-03      3328.93
      4          0    -410         459.601  2.91384e-02  7.69380e-02      3291.28
      9          0    -410         3208.34  6.20871e-03     0.836935      3437.29
      8          3    -410         40418.3     0.495788      19.9690      4103.57

MULTISTART: Best locally optimal solution is returned.
EXIT: Locally optimal solution found.

Final Statistics
----------------
Final objective value               =   1.56091994901203e+00
Final feasibility error (abs / rel) =   6.85e-05 / 3.75e-06
Final optimality error  (abs / rel) =   4.67e-09 / 4.67e-09
# of iterations                     =      76938 
# of CG iterations                  =          0 
# of function evaluations           =     100137
# of gradient evaluations           =      77236
# of Hessian evaluations            =      76995
Total program time (secs)           =    7284.43262 ( 23124.312 CPU time)

===============================================================================

Knitro 14.2.0: Locally optimal or satisfactory solution.
objective 1.560919949; feasibility error 6.85e-05
76938 iterations; 100137 function evaluations

suffix feaserror OUT;
suffix opterror OUT;
suffix numfcevals OUT;
suffix numiters OUT;
---------------------------- Container and geometric considerations  ----------------------------
Container type: cube
Structural conservation type: surface
---------------------------- Solution execution data ----------------------------
solve_result_num = 0
solve_result = solved

---------------------------- Solution data ----------------------------
card(figures) = 50

coords [*,*,1]
:       1         2         3         4       :=
1    20.0048   19.2195   19.2472   19.2195
2    20.6734   19.4105   20.0908   19.7613
3    19.2195   19.2226   19.6851   20.3148
4    19.9178   19.2195   19.2195   19.2195
5    19.2195   19.7597   19.3959   20.2231
6    19.6327   20.7805   20.7805   20.7305
7    20.7775   20.7805   20.3919   19.7142
8    20.7805   19.677    20.314    20.7805
9    19.7039   20.6189   20.2404   19.3976
10   20.6568   19.5372   19.3912   19.9153
11   20.7804   19.5681   20.178    20.6723
12   19.394    20.4755   19.5937   20.2621
13   19.2195   20.4336   19.3183   19.4803
14   20.7805   19.6053   20.0696   20.655
15   19.2195   19.2277   20.2025   19.8537
16   19.8644   20.7805   19.9611   20.7805
17   19.2195   19.3815   19.2195   20.3348
18   20.7805   19.8599   19.5632   20.6696
19   20.1205   19.4617   19.6128   20.7632
20   19.696    20.1266   20.5914   19.3899
21   20.5049   20.7805   20.2031   19.5312
22   19.9721   20.2242   19.4363   19.4111
23   20.7805   20.7336   20.4508   19.5403
24   20.5134   19.3713   19.9809   20.6694
25   20.7805   19.9445   19.8644   20.7805
26   20.6738   20.7805   19.7841   20.2493
27   19.4417   19.9174   19.2195   20.5232
28   19.2195   19.2195   19.299    19.8608
29   20.7805   20.2332   20.7805   19.6628
30   20.7805   20.7805   19.7091   20.1372
31   19.5994   19.2195   20.2165   19.2195
32   20.7749   20.5066   19.887    19.5375
33   20.2798   20.0902   19.7468   19.2195
34   19.4111   19.2195   19.4363   20.2242
35   20.2342   19.9865   20.3315   19.4034
36   19.2633   19.8034   20.2102   19.2195
37   19.2195   19.5535   19.3731   20.1682
38   19.6358   20.7805   20.7805   20.1458
39   20.629    20.5209   19.6283   20.1854
40   19.3382   20.1658   19.2195   19.2195
41   19.2195   20.1669   19.7571   19.3734
42   19.5201   19.9141   20.5547   20.6394
43   20.7805   20.7805   20.7805   19.9342
44   19.3891   20.5087   19.2432   19.9109
45   20.7805   19.6703   20.7805   20.346
46   20.209    20.7805   20.7805   19.6856
47   19.6318   20.209    19.5659   20.6514
48   20.0085   20.6293   20.052    19.3839
49   19.66     20.7805   20.7805   20.7805
50   20.0954   19.7655   20.3262   19.2311

 [*,*,2]
:       1         2         3         4       :=
1    20.3984   20.7805   19.6546   20.7805
2    20.4563   20.7805   20.7805   19.5247
3    19.504    20.3965   19.2195   19.7922
4    19.8548   19.2195   19.2195   20.2632
5    20.7805   20.7805   19.5382   20.326
6    19.2195   19.2195   19.2195   19.8904
7    19.2202   19.9043   20.451    19.4671
8    20.3934   20.1138   20.5377   19.429
9    20.3262   19.4042   20.5158   19.8302
10   19.2195   19.8775   19.2195   20.2545
11   19.2202   19.6497   20.2877   20.112
12   19.2195   19.2195   20.1786   19.8019
13   20.1466   19.7052   19.4655   20.5947
14   19.254    19.8061   20.1937   20.3923
15   20.7805   19.6643   19.9392   20.5144
16   20.7805   20.7805   20.1574   19.8544
17   20.3353   20.6869   19.5577   19.7974
18   19.2195   19.2195   19.6752   20.1342
19   20.1805   19.2674   19.8123   19.2195
20   19.3801   20.4362   19.3385   19.8344
21   20.4183   19.2195   19.2195   19.5916
22   19.3893   19.8529   19.2195   20.522
23   20.2872   19.49     20.6301   20.0153
24   19.8055   19.2265   20.2454   19.2195
25   20.7805   20.2643   20.7805   20.7805
26   20.4501   19.2195   19.7531   19.2334
27   19.2195   19.8544   19.2195   19.2195
28   20.433    19.2195   19.2195   20.0919
29   20.3481   19.4229   19.429    20.0938
30   19.2195   19.5997   19.25     20.2687
31   19.5941   20.7805   20.7273   20.2065
32   19.2195   20.4197   20.1467   19.5884
33   20.7805   20.1755   19.672    20.7805
34   20.522    19.8208   19.2195   19.8529
35   19.9402   19.4151   20.5841   20.5266
36   20.7805   19.6048   20.698    20.3585
37   20.7805   20.7805   19.5738   20.2885
38   19.2916   19.768    19.2195   20.2721
39   20.1279   19.4729   19.7321   20.7284
40   19.4834   20.1914   20.0994   20.7805
41   20.7805   20.2834   20.7805   19.5659
42   19.8882   20.2727   20.4545   19.2298
43   19.6088   20.7805   20.7805   20.2579
44   19.3594   19.2195   19.2195   20.1698
45   19.5312   19.7877   20.236    20.7604
46   20.7805   20.2335   20.7805   20.0745
47   20.0021   20.7805   20.7805   20.7805
48   19.2195   19.2376   20.3805   19.425
49   20.0319   19.3687   20.58     20.2335
50   20.6771   19.6309   20.0423   20.6045

 [*,*,3]
:       1         2         3         4       :=
1    20.7184   20.0215   19.9616   20.6186
2    19.2195   19.2195   19.3396   19.2195
3    20.1226   20.392    20.0742   20.7686
4    20.7805   20.7805   19.9096   20.6912
5    20.0215   20.2466   20.0903   20.7189
6    20.1619   19.9266   20.7805   20.3731
7    20.7785   20.6754   20.5876   20.0655
8    19.9928   19.3571   19.7448   19.2418
9    19.4866   19.3738   19.9405   19.2195
10   19.7118   19.5948   19.3981   19.9933
11   19.9271   20.0123   20.3716   20.5291
12   20.0012   20.7295   20.7805   20.7805
13   20.6039   20.7805   20.1491   20.7805
14   19.3154   19.4345   19.8737   19.9388
15   20.6186   19.9593   20.7805   20.7244
16   20.4672   20.7805   19.9802   20.4095
17   20.372    20.7805   20.1491   20.7805
18   19.9266   20.0946   20.0292   20.5441
19   19.8771   19.2195   19.4416   19.2829
20   19.2195   19.8513   19.3231   19.2195
21   20.1572   19.9266   19.7426   19.8954
22   20.2921   20.7411   19.9177   19.9722
23   19.5586   19.2643   19.8301   19.262
24   20.0394   19.794    20.3327   19.916
25   20.7805   20.0637   20.4672   19.66
26   20.7805   20.7805   20.1303   20.5818
27   20.0334   20.7805   20.7805   20.7616
28   19.3858   19.2195   19.8561   19.946
29   19.9575   19.2195   19.2418   19.3361
30   19.5051   19.8993   19.2438   19.9358
31   19.9356   19.6677   20.1227   19.4633
32   19.7246   20.1576   19.9525   19.894
33   20.7805   20.7805   20.3477   20.0215
34   19.9722   19.9107   19.9177   20.7411
35   20.7805   20.3175   20.7805   19.9644
36   19.6885   19.5267   20.1093   19.3326
37   19.2195   19.68     19.2202   19.9665
38   19.2484   19.6518   19.5051   19.9401
39   20.7805   20.7805   20.0443   20.6744
40   19.7928   20.5097   19.6174   19.8531
41   19.2195   19.9649   19.4983   19.2195
42   19.5933   20.0036   20.149    19.71
43   20.2085   20.7805   20.2327   20.0129
44   19.8705   19.6751   19.3614   19.9541
45   20.6044   20.0785   20.5949   20.6238
46   20.0926   19.2195   19.2476   19.3014
47   19.2202   20.0926   19.247    19.4385
48   19.3638   19.7096   19.9557   19.372
49   19.2871   19.2195   19.6667   19.2195
50   20.5719   19.9962   20.1897   19.7598
;

side = 1.56092
softness = 0.7

---------------------------- Solution coords data ----------------------------
distances [*,1,*]
:    1   2   3   4    :=
1    0   1   0   1
2    0   1   0   1
3    0   1   0   1
4    0   1   0   1
5    0   1   0   1
6    0   1   0   1
7    0   1   0   1
8    0   1   0   1
9    0   1   0   1
10   0   1   0   1
11   0   1   0   1
12   0   1   0   1
13   0   1   0   1
14   0   1   0   1
15   0   1   0   1
16   0   1   0   1
17   0   1   0   1
18   0   1   0   1
19   0   1   0   1
20   0   1   0   1
21   0   1   0   1
22   0   1   0   1
23   0   1   0   1
24   0   1   0   1
25   0   1   0   1
26   0   1   0   1
27   0   1   0   1
28   0   1   0   1
29   0   1   0   1
30   0   1   0   1
31   0   1   0   1
32   0   1   0   1
33   0   1   0   1
34   0   1   0   1
35   0   1   0   1
36   0   1   0   1
37   0   1   0   1
38   0   1   0   1
39   0   1   0   1
40   0   1   0   1
41   0   1   0   1
42   0   1   0   1
43   0   1   0   1
44   0   1   0   1
45   0   1   0   1
46   0   1   0   1
47   0   1   0   1
48   0   1   0   1
49   0   1   0   1
50   0   1   0   1

 [*,2,*]
:    1   2   3   4    :=
1    0   0   1   1
2    0   0   1   1
3    0   0   1   1
4    0   0   1   1
5    0   0   1   1
6    0   0   1   1
7    0   0   1   1
8    0   0   1   1
9    0   0   1   1
10   0   0   1   1
11   0   0   1   1
12   0   0   1   1
13   0   0   1   1
14   0   0   1   1
15   0   0   1   1
16   0   0   1   1
17   0   0   1   1
18   0   0   1   1
19   0   0   1   1
20   0   0   1   1
21   0   0   1   1
22   0   0   1   1
23   0   0   1   1
24   0   0   1   1
25   0   0   1   1
26   0   0   1   1
27   0   0   1   1
28   0   0   1   1
29   0   0   1   1
30   0   0   1   1
31   0   0   1   1
32   0   0   1   1
33   0   0   1   1
34   0   0   1   1
35   0   0   1   1
36   0   0   1   1
37   0   0   1   1
38   0   0   1   1
39   0   0   1   1
40   0   0   1   1
41   0   0   1   1
42   0   0   1   1
43   0   0   1   1
44   0   0   1   1
45   0   0   1   1
46   0   0   1   1
47   0   0   1   1
48   0   0   1   1
49   0   0   1   1
50   0   0   1   1

 [*,3,*]
:    1   2   3   4    :=
1    1   0   0   1
2    1   0   0   1
3    1   0   0   1
4    1   0   0   1
5    1   0   0   1
6    1   0   0   1
7    1   0   0   1
8    1   0   0   1
9    1   0   0   1
10   1   0   0   1
11   1   0   0   1
12   1   0   0   1
13   1   0   0   1
14   1   0   0   1
15   1   0   0   1
16   1   0   0   1
17   1   0   0   1
18   1   0   0   1
19   1   0   0   1
20   1   0   0   1
21   1   0   0   1
22   1   0   0   1
23   1   0   0   1
24   1   0   0   1
25   1   0   0   1
26   1   0   0   1
27   1   0   0   1
28   1   0   0   1
29   1   0   0   1
30   1   0   0   1
31   1   0   0   1
32   1   0   0   1
33   1   0   0   1
34   1   0   0   1
35   1   0   0   1
36   1   0   0   1
37   1   0   0   1
38   1   0   0   1
39   1   0   0   1
40   1   0   0   1
41   1   0   0   1
42   1   0   0   1
43   1   0   0   1
44   1   0   0   1
45   1   0   0   1
46   1   0   0   1
47   1   0   0   1
48   1   0   0   1
49   1   0   0   1
50   1   0   0   1

 [*,4,*]
:    1   2   3   4    :=
1    1   1   1   0
2    1   1   1   0
3    1   1   1   0
4    1   1   1   0
5    1   1   1   0
6    1   1   1   0
7    1   1   1   0
8    1   1   1   0
9    1   1   1   0
10   1   1   1   0
11   1   1   1   0
12   1   1   1   0
13   1   1   1   0
14   1   1   1   0
15   1   1   1   0
16   1   1   1   0
17   1   1   1   0
18   1   1   1   0
19   1   1   1   0
20   1   1   1   0
21   1   1   1   0
22   1   1   1   0
23   1   1   1   0
24   1   1   1   0
25   1   1   1   0
26   1   1   1   0
27   1   1   1   0
28   1   1   1   0
29   1   1   1   0
30   1   1   1   0
31   1   1   1   0
32   1   1   1   0
33   1   1   1   0
34   1   1   1   0
35   1   1   1   0
36   1   1   1   0
37   1   1   1   0
38   1   1   1   0
39   1   1   1   0
40   1   1   1   0
41   1   1   1   0
42   1   1   1   0
43   1   1   1   0
44   1   1   1   0
45   1   1   1   0
46   1   1   1   0
47   1   1   1   0
48   1   1   1   0
49   1   1   1   0
50   1   1   1   0
;

---------------------------- Solution stats data ----------------------------
_ampl_time = 0.153538
_total_solve_time = 23124.7
_ampl_elapsed_time = 0.146759
_ampl_user_time = 0.132787

Total time elapsed: $23124.66.
_total_solve_time = 23124.7

---------------------------- Solution miscs data ----------------------------
tetrahedron_volume [*] :=
 1 0    6 0   11 0   16 0   21 0   26 0   31 0   36 0   41 0   46 0
 2 0    7 0   12 0   17 0   22 0   27 0   32 0   37 0   42 0   47 0
 3 0    8 0   13 0   18 0   23 0   28 0   33 0   38 0   43 0   48 0
 4 0    9 0   14 0   19 0   24 0   29 0   34 0   39 0   44 0   49 0
 5 0   10 0   15 0   20 0   25 0   30 0   35 0   40 0   45 0   50 0
;

---------------------------- Solution miscs data ----------------------------
tetrahedron_surface_area [*] :=
 1 1.73205   10 1.73205   19 1.73205   28 1.73205   37 1.73205   46 1.73205
 2 1.73205   11 1.73205   20 1.73205   29 1.73205   38 1.73205   47 1.73205
 3 1.73205   12 1.73205   21 1.73205   30 1.73205   39 1.73205   48 1.73205
 4 1.73205   13 1.73205   22 1.73205   31 1.73205   40 1.73205   49 1.73205
 5 1.73205   14 1.73205   23 1.73205   32 1.73205   41 1.73205   50 1.73205
 6 1.73205   15 1.73205   24 1.73205   33 1.73205   42 1.73205
 7 1.73205   16 1.73205   25 1.73205   34 1.73205   43 1.73205
 8 1.73205   17 1.73205   26 1.73205   35 1.73205   44 1.73205
 9 1.73205   18 1.73205   27 1.73205   36 1.73205   45 1.73205
;

