Error at _cmdno 5 executing "solve" command
(file amplin, line 1971, offset 37608):
error processing param distances:
	3200 invalid subscripts discarded:
	distances[101,1,1]
	distances[101,1,2]
	distances[101,1,3]
	and 3197 more.
##### This license is only intended for use by NEOS. #####
##### License is valid until Jan 16, 2026 #####
iables.
Adjusted problem:
25951 variables:
	16050 nonlinear variables
	9901 linear variables
53200 constraints; 315150 nonzeros
	45850 nonlinear constraints
	7350 linear constraints
	5050 equality constraints
	48150 inequality constraints
1 linear objective; 1 nonzero.

Artelys Knitro 14.2.0: algorithm=1
ms_enable=1
ms_maxsolves=50
ms_terminate=1
ms_savetol=0.01
feastol=1e-5
opttol=1e-5
bar_initpt=3
bar_murule=6
bar_penaltyrule=2
linsolver=0
scale=3
honorbnds=1
outlev=3
maxtime_real=28800
numthreads=4
presolve=1
bar_refinement=1
debug=0

=======================================
           Academic License
       (NOT FOR COMMERCIAL USE)
         Artelys Knitro 14.2.0
=======================================

No start point provided -- Knitro computing one.

Knitro presolve eliminated 0 variables and 0 constraints.

algorithm                1
bar_initpt               3
bar_murule               6
bar_penaltyrule          2
bar_refinement           1
concurrent_evals         0
datacheck                0
feastol                  1e-05
findiff_numthreads       1
hessian_no_f             1
hessopt                  1
honorbnds                1
maxtime_real             28800
ms_enable                1
ms_maxsolves             50
ms_savetol               0.01
ms_terminate             1
numthreads               4
opttol                   1e-05
outlev                   3
scale                    3

Problem Characteristics                                 (   Presolved)
-----------------------
Objective goal:  Minimize
Objective type:  linear
Number of variables:                              25951 (       25951)
    bounded below only:                            1201 (        1201)
    bounded above only:                               0 (           0)
    bounded below and above:                          0 (           0)
    fixed:                                            0 (           0)
    free:                                         24750 (       24750)
Number of constraints:                            53200 (       53200)
    linear equalities:                                0 (           0)
    quadratic equalities:                          4950 (        4950)
    gen. nonlinear equalities:                      100 (         100)
    linear one-sided inequalities:                 7350 (        7350)
    quadratic one-sided inequalities:             40800 (       40800)
    gen. nonlinear one-sided inequalities:            0 (           0)
    linear two-sided inequalities:                    0 (           0)
    quadratic two-sided inequalities:                 0 (           0)
    gen. nonlinear two-sided inequalities:            0 (           0)
Number of nonzeros in Jacobian:                  315150 (      315150)
Number of nonzeros in Hessian:                   141450 (      141450)

Knitro parallel multistart will run with 4 threads.

Return codes description
------------------------
  0:  The final solution satisfies the termination conditions for verifying optimality.
  -100 to -199:  A feasible approximate solution was found.
  -200 to -299:  Knitro terminated at an infeasible point.
  -300 to -301:  The problem was determined to be unbounded.
  -400 to -499:  Knitro terminated because it reached a pre-defined limit.
    -400 to -409:  A feasible point was found.
    -410 to -419:  No feasible point was found.
  -500 to -599:  Knitro terminated with an input error or some non-standard error.
A more detailed description of individual return codes and their corresponding
termination messages is provided at
https://www.artelys.com/app/docs/knitro/3_referenceManual/returnCodes.html

 Solve #  ThreadID  Status     Objective      FeasError    OptError    Real Time 
--------  --------  ------  --------------   ----------   ----------  ----------
      0          0       0         2.50726  7.76075e-05  3.74660e-06      427.074
     15          2    -410         7137.32      7568.41      23.4504      4444.17
     14          3    -410         9167.32      185877.     0.999998      4463.43
     13          1    -410         17665.6      27.6192      8.37144      4489.96
      2          1    -410         11683.0      6771.54      27.1771      4331.95
      1          3    -410         4971.82      383496.     0.999992      4670.55
      5          1    -410         14346.4      185755.      1.00000      4458.10
      6          2    -410         2807.68      171.459      1.00000      4433.05
      7          3    -410         12676.5      5889.70     0.999906      4275.25

MULTISTART: Best locally optimal solution is returned.
EXIT: Locally optimal solution found.

Final Statistics
----------------
Final objective value               =   2.50726359717853e+00
Final feasibility error (abs / rel) =   7.76e-05 / 4.27e-06
Final optimality error  (abs / rel) =   3.75e-06 / 3.75e-06
# of iterations                     =      81337 
# of CG iterations                  =          0 
# of function evaluations           =      81705
# of gradient evaluations           =      81486
# of Hessian evaluations            =      81363
Total program time (secs)           =   17812.49414 ( 66207.891 CPU time)

===============================================================================

Knitro 14.2.0: Locally optimal or satisfactory solution.
objective 2.507263597; feasibility error 7.76e-05
81337 iterations; 81705 function evaluations

suffix feaserror OUT;
suffix opterror OUT;
suffix numfcevals OUT;
suffix numiters OUT;
---------------------------- Container and geometric considerations  ----------------------------
Container type: cube
Structural conservation type: volume
---------------------------- Solution execution data ----------------------------
solve_result_num = 0
solve_result = solved

---------------------------- Solution data ----------------------------
card(figures) = 100

coords [*,*,1]
:        1         2         3         4       :=
1     19.855    19.1691   19.6128   19.9749
2     21.2534   20.0742   20.906    20.8676
3     21.2524   20.5395   20.696    21.2529
4     19.5141   19.8391   19.5012   18.9153
5     20.8482   19.8701   20.0289   20.3487
6     18.747    19.0413   19.8613   19.6322
7     21.1377   20.5806   20.6225   19.9866
8     18.7497   18.8761   19.5089   19.5732
9     20.0723   19.2314   19.925    20.0935
10    19.4443   19.1634   18.7468   18.7641
11    19.5596   18.7502   18.7504   19.5476
12    19.0192   19.8785   20.1942   19.9795
13    19.9213   20.0773   20.859    20.0733
14    21.2535   20.5222   21.2533   21.253
15    19.7629   19.5123   19.5748   18.7469
16    20.4447   20.919    21.2478   21.2531
17    20.8715   20.0305   20.3265   19.7336
18    19.5281   19.7493   18.9929   19.93
19    20.9827   20.6657   21.2525   20.1598
20    19.594    20.0133   19.5719   20.6152
21    18.7472   19.6453   18.7467   18.7467
22    18.7469   19.5661   18.7467   18.7787
23    21.098    20.5074   20.2523   19.9975
24    21.2531   20.5327   20.7362   21.2534
25    21.2532   20.5815   21.2519   21.2535
26    21.2531   21.2532   21.2526   20.4471
27    18.7466   18.7466   18.7466   19.5505
28    20.2298   19.7699   20.3589   19.3937
29    20.3928   21.253    20.5354   20.2794
30    19.8651   19.8868   19.0165   20.1943
31    19.7475   20.3196   20.9296   20.6174
32    19.989    19.5343   19.8686   20.3469
33    19.7422   19.8591   19.241    19.9788
34    20.3627   19.8454   20.5574   19.7438
35    20.3887   19.7503   20.2642   19.5226
36    20.6242   20.3887   19.5731   20.0079
37    20.3858   20.2393   19.5352   20.1398
38    20.3912   21.0477   20.4707   21.2533
39    21.0422   21.253    20.499    21.2533
40    19.2859   20.4183   19.4588   19.675
41    18.7468   18.754    18.8998   19.5648
42    18.8016   19.5126   19.8631   19.9475
43    20.0288   20.5353   21.2012   20.5872
44    18.8122   18.7466   18.7466   19.5052
45    20.0293   20.3769   19.464    20.4843
46    18.7467   19.5069   19.57     18.7473
47    21.2531   21.0057   20.2047   21.2533
48    20.1659   21.2516   20.6991   20.5342
49    19.9644   20.1209   20.3633   21.0023
50    20.3869   20.4099   19.7578   20.9139
51    20.1413   21.2069   20.3666   20.5087
52    19.9782   19.3437   19.8859   19.0538
53    19.4192   18.7468   18.7467   18.7469
54    18.7477   19.4928   18.8332   19.5856
55    18.7469   19.5641   18.7466   18.7466
56    18.7466   19.2417   19.5018   19.6814
57    18.7468   18.7474   19.0203   19.8579
58    19.8279   20.5095   19.753    19.9252
59    18.7468   19.5974   18.9698   18.7467
60    19.0194   19.8669   18.7471   19.3733
61    18.8408   19.0784   19.8117   19.7559
62    18.7481   18.9458   19.5989   19.7473
63    19.8451   20.5821   20.1872   19.5945
64    18.8042   18.7469   19.2991   19.6382
65    20.51     21.2477   21.2534   20.4105
66    20.0434   19.826    20.5517   20.6283
67    20.2471   20.3758   19.4968   20.2281
68    20.2282   20.462    20.4025   19.478
69    19.1232   19.6397   19.9893   18.8823
70    18.7467   19.7185   19.4155   18.7917
71    20.1355   21.2529   20.6136   20.5658
72    19.5489   19.4468   18.7483   19.8589
73    20.8224   20.0044   20.8005   20.36
74    19.6723   19.9962   20.5646   20.1705
75    18.7466   19.5599   18.7468   18.7466
76    21.2532   21.2528   20.5136   20.9099
77    21.2532   21.2532   21.2532   20.2953
78    19.757    19.6396   20.3878   19.3961
79    20.5627   20.0285   20.4935   21.202
80    21.2532   21.2534   20.4368   21.2532
81    19.8393   19.5018   20.3839   19.5146
82    20.2294   20.2433   21.2526   21.0204
83    19.5767   20.0071   18.8803   19.544
84    19.3983   19.5221   19.9422   18.905
85    18.7466   19.5017   19.547    18.9112
86    20.6762   20.2995   21.2533   21.2532
87    18.8878   19.6216   19.9839   19.201
88    21.2533   20.5139   20.6223   20.3618
89    19.6699   18.7466   18.7466   18.7474
90    21.2535   21.2527   20.5721   21.2532
91    21.0652   21.2534   21.2534   20.252
92    20.1643   19.2841   19.9922   19.7379
93    19.5985   19.9065   19.0442   19.8652
94    18.7467   19.6786   18.7466   18.7466
95    21.2513   21.2533   20.6641   21.2534
96    21.1793   20.2171   21.0121   20.3347
97    20.6246   20.0444   19.8703   19.7524
98    21.0549   20.5307   20.2473   20.374
99    21.2529   21.2533   21.2533   20.3696
100   20.2348   20.9183   20.4279   21.2403

 [*,*,2]
:        1         2         3         4       :=
1     21.2235   20.5968   21.2534   20.3916
2     21.2534   21.2533   21.2534   20.5391
3     20.5072   20.5376   21.2522   21.2531
4     19.5697   20.0448   20.3814   19.7827
5     18.7663   18.7485   19.2991   19.8303
6     18.7466   18.7977   18.7466   19.4994
7     18.8522   18.7465   19.6148   18.7469
8     21.2264   20.0509   20.6798   21.0068
9     21.2533   21.2525   21.2519   20.4501
10    19.3783   19.3181   18.7476   19.8862
11    20.4727   20.1023   21.2395   20.4792
12    18.7467   19.5488   18.7466   18.7467
13    21.2533   20.5362   21.2532   21.2533
14    20.6342   20.6661   20.245    21.2533
15    21.2534   20.5018   21.2533   21.2531
16    19.8751   20.2679   20.6046   19.6833
17    21.1724   20.3406   20.5035   21.2529
18    19.547    18.7467   18.7467   18.7469
19    19.6296   18.7465   18.7468   19.1991
20    19.4908   20.178    19.6422   19.6794
21    19.0864   19.7721   19.9237   20.1117
22    20.0565   20.4181   20.5207   21.2041
23    18.7466   19.4645   18.7465   18.7466
24    18.7468   19.6424   19.1078   19.6671
25    18.7466   18.7468   19.6369   18.7483
26    21.2485   20.0661   20.48     20.4476
27    19.8633   18.7474   19.6284   19.2941
28    19.3736   18.8189   19.6533   19.9386
29    20.2632   19.6588   19.6446   19.2989
30    18.7468   19.5466   18.747    18.7465
31    21.253    20.5123   21.2509   21.2534
32    19.3821   19.6329   18.747    19.8283
33    20.0366   21.1775   20.4994   20.3465
34    19.5607   19.012    18.7466   18.7467
35    21.2531   21.253    20.2217   20.5653
36    19.6804   20.303    19.6431   20.1739
37    20.0024   19.7873   19.9175   20.8752
38    21.2534   21.2532   20.5178   21.2531
39    21.2534   21.2437   20.5432   20.5384
40    20.3339   20.2027   19.5891   20.5385
41    20.029    20.7145   19.8491   20.4044
42    19.7988   20.346    20.3205   19.511
43    18.752    19.3819   18.7902   19.5722
44    18.9839   18.7469   19.899    19.4795
45    18.7467   19.163    19.5306   19.8277
46    21.2513   20.4765   21.2533   20.5257
47    18.7473   19.6319   19.1805   19.6534
48    20.2032   20.5055   21.2462   20.5377
49    20.0333   21.2046   20.5502   20.4159
50    21.2534   20.3534   21.2534   21.2527
51    20.3607   20.325    21.1534   20.6892
52    18.7485   19.7018   19.4871   18.7479
53    19.4226   20.0505   18.9366   19.8757
54    19.8945   19.4773   18.9742   19.6717
55    21.2527   21.2533   21.2535   20.5213
56    20.0956   20.3189   19.4547   20.5403
57    21.2534   21.2532   20.4442   21.253
58    21.2042   20.3207   20.0527   20.2897
59    18.7478   19.4705   18.7469   19.6234
60    20.4472   21.2534   21.2535   21.0989
61    19.8361   20.6282   19.9247   20.4019
62    18.7474   19.076    19.5693   18.7465
63    20.1883   20.0231   20.9475   19.9267
64    18.7467   18.7472   19.4429   18.7466
65    20.6888   20.2858   21.2531   21.1195
66    20.3121   21.21     20.3301   21.2529
67    20.1501   19.7399   20.0211   19.3754
68    19.1288   19.5442   20.2615   19.8023
69    19.8057   18.7468   19.2008   18.7842
70    20.0571   20.2753   19.426    19.8494
71    20.1834   20.5533   21.2234   20.2139
72    20.48     20.582    21.2506   21.2499
73    18.7778   19.3199   19.6515   19.8569
74    19.7524   18.7472   19.5146   19.0216
75    20.1002   20.4715   21.2398   20.1613
76    19.9943   18.8115   19.4897   19.4981
77    19.9758   19.6645   20.5445   20.1974
78    18.8575   19.6613   19.6473   19.9385
79    18.7485   18.749    19.6953   18.7893
80    21.2461   20.5524   20.538    20.1085
81    20.0522   20.3982   20.3001   19.6022
82    19.1925   20.1141   19.654    19.6417
83    21.011    20.3602   20.0547   20.5925
84    19.2033   19.5675   20.0591   19.7836
85    19.8643   20.3816   19.2972   19.793
86    19.4239   20.1945   19.9747   19.6699
87    20.794    21.2533   20.3497   20.5919
88    20.063    19.4922   20.2774   20.4866
89    20.4336   19.9538   20.8526   20.783
90    19.6816   19.6674   19.3699   18.7468
91    19.625    20.589    19.6546   20.1051
92    20.9437   21.2522   20.3842   20.2772
93    19.6201   19.5566   18.8375   18.7483
94    19.9519   20.4511   19.8652   20.8503
95    19.7719   18.7475   18.7469   18.7468
96    19.6674   19.8872   20.4535   20.1388
97    21.2531   20.3141   21.2174   21.2532
98    19.6978   18.9236   19.8985   19.9106
99    20.0565   20.4891   19.3997   19.935
100   20.5447   20.2681   19.8624   20.6078

 [*,*,3]
:        1         2         3         4       :=
1     20.371    20.3648   21.2421   21.2034
2     18.7466   18.7466   19.5861   18.7466
3     20.5354   21.2496   20.4575   21.2529
4     21.2215   20.2278   21.2486   20.4165
5     21.247    21.2534   20.5804   21.2534
6     21.2531   20.4008   21.2518   21.1185
7     21.2532   20.4154   20.5101   21.0015
8     18.7702   18.7467   19.4944   18.7465
9     18.7468   18.8559   19.8131   18.9605
10    20.9736   19.8284   20.2564   20.5435
11    20.3346   19.6696   19.9588   19.5596
12    20.429    20.3808   20.5303   19.7616
13    19.8488   19.0508   19.5407   18.7474
14    18.7471   19.0019   19.8206   19.5243
15    20.3275   19.5574   19.3323   19.9545
16    19.0777   19.9089   18.8267   19.5255
17    21.2532   21.2535   20.5563   21.2529
18    19.0849   18.7941   19.5242   19.7877
19    19.4804   19.3552   18.7468   18.7479
20    20.1491   20.2945   21.2503   20.7147
21    19.7511   20.1002   20.5863   19.8339
22    19.6572   19.5381   19.0134   19.9399
23    19.9096   20.5928   20.7348   19.8188
24    19.9248   19.7131   20.6587   20.5149
25    21.2129   20.4159   20.8105   20.0299
26    21.2531   21.2532   20.5113   21.2532
27    21.2534   21.2534   20.4652   21.2534
28    18.7467   19.0318   19.6283   19.0695
29    20.5528   20.5339   19.7151   20.4603
30    21.2531   20.3829   20.4298   20.5309
31    21.246    20.5638   21.2534   20.4446
32    20.3528   21.2533   21.2533   21.2534
33    20.1372   20.4128   20.5083   21.2448
34    18.8873   19.7986   19.2457   18.7466
35    19.6974   20.2549   20.0613   19.5499
36    20.7138   21.2528   21.2512   20.3046
37    19.1322   20.0786   19.6875   19.6312
38    19.7056   20.6882   19.9642   19.5318
39    20.7276   19.5671   19.9536   20.5165
40    20.3236   20.0164   19.776    19.529
41    19.6939   18.747    18.7467   19.5502
42    18.7467   19.5168   18.7465   18.8005
43    19.8245   20.509    19.9609   19.7242
44    19.5668   18.7466   18.8201   18.7467
45    19.8101   19.1578   19.8142   19.961
46    19.9525   19.5661   19.3339   19.0189
47    18.7467   19.4909   18.7468   18.7466
48    20.5545   20.5335   20.4558   21.2526
49    18.7465   18.7466   19.3584   18.7466
50    19.7008   19.9103   20.2494   20.4902
51    19.941    19.8053   19.7258   18.9855
52    19.7616   19.8207   20.3322   20.4039
53    19.6833   19.8275   19.5603   18.8416
54    18.8259   18.7564   19.564    19.6248
55    19.9411   19.3364   18.7594   19.0127
56    19.8138   20.4115   19.648    19.5123
57    20.7442   19.9573   20.3299   20.3644
58    20.2427   20.0053   20.183    20.9856
59    21.2516   21.1213   20.4384   20.4678
60    20.3321   20.3636   20.7448   21.2534
61    20.563    20.5792   19.9749   21.0542
62    18.7466   19.6001   18.747    18.795
63    18.8291   19.0035   19.6237   19.6464
64    20.5417   19.3614   19.9533   19.9953
65    18.9845   19.8091   19.5287   19.7498
66    20.7732   20.2423   19.9297   20.4328
67    18.771    19.8607   19.4098   18.7469
68    20.5534   19.9249   20.5119   19.9358
69    19.9306   19.9955   19.4712   19.4664
70    19.8171   19.4926   19.6767   18.8938
71    20.5554   20.5273   20.4526   19.8385
72    19.5519   20.4336   19.9558   20.3605
73    21.2217   20.5618   20.5349   21.2531
74    19.928    19.8101   19.9253   20.7127
75    19.668    20.3354   19.9611   20.4467
76    21.253    21.253    21.2533   20.4447
77    19.6832   20.5406   20.4881   20.3343
78    19.0341   19.8925   19.6469   19.0725
79    19.2413   19.8229   19.6852   19.9597
80    19.5396   20.4967   19.9087   19.8606
81    20.233    21.2528   21.2529   21.2244
82    18.7468   18.7467   18.7466   19.5016
83    18.7465   18.7466   18.7467   19.5643
84    20.257    21.2273   20.2384   20.4031
85    21.2535   21.2531   21.2535   20.414
86    19.5153   20.3296   19.6826   20.5178
87    21.2534   21.2533   21.253    20.4008
88    21.2527   21.2531   20.393    21.2533
89    20.9948   20.4844   21.2534   20.3418
90    19.3842   20.5027   19.5824   19.9227
91    19.4983   18.8392   18.7465   18.786
92    19.711    19.111    18.7475   19.6025
93    21.0997   20.3907   20.4073   21.2526
94    20.4832   21.0132   21.2535   21.2527
95    19.3288   19.9196   19.3584   18.7486
96    19.4621   20.1133   20.1954   19.282
97    20.436    20.7739   20.2558   21.2344
98    19.5355   19.2066   18.7566   19.8383
99    21.2533   20.4928   20.5582   20.5725
100   19.4413   19.9082   19.0504   18.8222
;

side = 2.50726
softness = 0.4

---------------------------- Solution coords data ----------------------------
distances [*,1,*]
:     1   2   3   4    :=
1     0   1   0   1
2     0   1   0   1
3     0   1   0   1
4     0   1   0   1
5     0   1   0   1
6     0   1   0   1
7     0   1   0   1
8     0   1   0   1
9     0   1   0   1
10    0   1   0   1
11    0   1   0   1
12    0   1   0   1
13    0   1   0   1
14    0   1   0   1
15    0   1   0   1
16    0   1   0   1
17    0   1   0   1
18    0   1   0   1
19    0   1   0   1
20    0   1   0   1
21    0   1   0   1
22    0   1   0   1
23    0   1   0   1
24    0   1   0   1
25    0   1   0   1
26    0   1   0   1
27    0   1   0   1
28    0   1   0   1
29    0   1   0   1
30    0   1   0   1
31    0   1   0   1
32    0   1   0   1
33    0   1   0   1
34    0   1   0   1
35    0   1   0   1
36    0   1   0   1
37    0   1   0   1
38    0   1   0   1
39    0   1   0   1
40    0   1   0   1
41    0   1   0   1
42    0   1   0   1
43    0   1   0   1
44    0   1   0   1
45    0   1   0   1
46    0   1   0   1
47    0   1   0   1
48    0   1   0   1
49    0   1   0   1
50    0   1   0   1
51    0   1   0   1
52    0   1   0   1
53    0   1   0   1
54    0   1   0   1
55    0   1   0   1
56    0   1   0   1
57    0   1   0   1
58    0   1   0   1
59    0   1   0   1
60    0   1   0   1
61    0   1   0   1
62    0   1   0   1
63    0   1   0   1
64    0   1   0   1
65    0   1   0   1
66    0   1   0   1
67    0   1   0   1
68    0   1   0   1
69    0   1   0   1
70    0   1   0   1
71    0   1   0   1
72    0   1   0   1
73    0   1   0   1
74    0   1   0   1
75    0   1   0   1
76    0   1   0   1
77    0   1   0   1
78    0   1   0   1
79    0   1   0   1
80    0   1   0   1
81    0   1   0   1
82    0   1   0   1
83    0   1   0   1
84    0   1   0   1
85    0   1   0   1
86    0   1   0   1
87    0   1   0   1
88    0   1   0   1
89    0   1   0   1
90    0   1   0   1
91    0   1   0   1
92    0   1   0   1
93    0   1   0   1
94    0   1   0   1
95    0   1   0   1
96    0   1   0   1
97    0   1   0   1
98    0   1   0   1
99    0   1   0   1
100   0   1   0   1

 [*,2,*]
:     1   2   3   4    :=
1     0   0   1   1
2     0   0   1   1
3     0   0   1   1
4     0   0   1   1
5     0   0   1   1
6     0   0   1   1
7     0   0   1   1
8     0   0   1   1
9     0   0   1   1
10    0   0   1   1
11    0   0   1   1
12    0   0   1   1
13    0   0   1   1
14    0   0   1   1
15    0   0   1   1
16    0   0   1   1
17    0   0   1   1
18    0   0   1   1
19    0   0   1   1
20    0   0   1   1
21    0   0   1   1
22    0   0   1   1
23    0   0   1   1
24    0   0   1   1
25    0   0   1   1
26    0   0   1   1
27    0   0   1   1
28    0   0   1   1
29    0   0   1   1
30    0   0   1   1
31    0   0   1   1
32    0   0   1   1
33    0   0   1   1
34    0   0   1   1
35    0   0   1   1
36    0   0   1   1
37    0   0   1   1
38    0   0   1   1
39    0   0   1   1
40    0   0   1   1
41    0   0   1   1
42    0   0   1   1
43    0   0   1   1
44    0   0   1   1
45    0   0   1   1
46    0   0   1   1
47    0   0   1   1
48    0   0   1   1
49    0   0   1   1
50    0   0   1   1
51    0   0   1   1
52    0   0   1   1
53    0   0   1   1
54    0   0   1   1
55    0   0   1   1
56    0   0   1   1
57    0   0   1   1
58    0   0   1   1
59    0   0   1   1
60    0   0   1   1
61    0   0   1   1
62    0   0   1   1
63    0   0   1   1
64    0   0   1   1
65    0   0   1   1
66    0   0   1   1
67    0   0   1   1
68    0   0   1   1
69    0   0   1   1
70    0   0   1   1
71    0   0   1   1
72    0   0   1   1
73    0   0   1   1
74    0   0   1   1
75    0   0   1   1
76    0   0   1   1
77    0   0   1   1
78    0   0   1   1
79    0   0   1   1
80    0   0   1   1
81    0   0   1   1
82    0   0   1   1
83    0   0   1   1
84    0   0   1   1
85    0   0   1   1
86    0   0   1   1
87    0   0   1   1
88    0   0   1   1
89    0   0   1   1
90    0   0   1   1
91    0   0   1   1
92    0   0   1   1
93    0   0   1   1
94    0   0   1   1
95    0   0   1   1
96    0   0   1   1
97    0   0   1   1
98    0   0   1   1
99    0   0   1   1
100   0   0   1   1

 [*,3,*]
:     1   2   3   4    :=
1     1   0   0   1
2     1   0   0   1
3     1   0   0   1
4     1   0   0   1
5     1   0   0   1
6     1   0   0   1
7     1   0   0   1
8     1   0   0   1
9     1   0   0   1
10    1   0   0   1
11    1   0   0   1
12    1   0   0   1
13    1   0   0   1
14    1   0   0   1
15    1   0   0   1
16    1   0   0   1
17    1   0   0   1
18    1   0   0   1
19    1   0   0   1
20    1   0   0   1
21    1   0   0   1
22    1   0   0   1
23    1   0   0   1
24    1   0   0   1
25    1   0   0   1
26    1   0   0   1
27    1   0   0   1
28    1   0   0   1
29    1   0   0   1
30    1   0   0   1
31    1   0   0   1
32    1   0   0   1
33    1   0   0   1
34    1   0   0   1
35    1   0   0   1
36    1   0   0   1
37    1   0   0   1
38    1   0   0   1
39    1   0   0   1
40    1   0   0   1
41    1   0   0   1
42    1   0   0   1
43    1   0   0   1
44    1   0   0   1
45    1   0   0   1
46    1   0   0   1
47    1   0   0   1
48    1   0   0   1
49    1   0   0   1
50    1   0   0   1
51    1   0   0   1
52    1   0   0   1
53    1   0   0   1
54    1   0   0   1
55    1   0   0   1
56    1   0   0   1
57    1   0   0   1
58    1   0   0   1
59    1   0   0   1
60    1   0   0   1
61    1   0   0   1
62    1   0   0   1
63    1   0   0   1
64    1   0   0   1
65    1   0   0   1
66    1   0   0   1
67    1   0   0   1
68    1   0   0   1
69    1   0   0   1
70    1   0   0   1
71    1   0   0   1
72    1   0   0   1
73    1   0   0   1
74    1   0   0   1
75    1   0   0   1
76    1   0   0   1
77    1   0   0   1
78    1   0   0   1
79    1   0   0   1
80    1   0   0   1
81    1   0   0   1
82    1   0   0   1
83    1   0   0   1
84    1   0   0   1
85    1   0   0   1
86    1   0   0   1
87    1   0   0   1
88    1   0   0   1
89    1   0   0   1
90    1   0   0   1
91    1   0   0   1
92    1   0   0   1
93    1   0   0   1
94    1   0   0   1
95    1   0   0   1
96    1   0   0   1
97    1   0   0   1
98    1   0   0   1
99    1   0   0   1
100   1   0   0   1

 [*,4,*]
:     1   2   3   4    :=
1     1   1   1   0
2     1   1   1   0
3     1   1   1   0
4     1   1   1   0
5     1   1   1   0
6     1   1   1   0
7     1   1   1   0
8     1   1   1   0
9     1   1   1   0
10    1   1   1   0
11    1   1   1   0
12    1   1   1   0
13    1   1   1   0
14    1   1   1   0
15    1   1   1   0
16    1   1   1   0
17    1   1   1   0
18    1   1   1   0
19    1   1   1   0
20    1   1   1   0
21    1   1   1   0
22    1   1   1   0
23    1   1   1   0
24    1   1   1   0
25    1   1   1   0
26    1   1   1   0
27    1   1   1   0
28    1   1   1   0
29    1   1   1   0
30    1   1   1   0
31    1   1   1   0
32    1   1   1   0
33    1   1   1   0
34    1   1   1   0
35    1   1   1   0
36    1   1   1   0
37    1   1   1   0
38    1   1   1   0
39    1   1   1   0
40    1   1   1   0
41    1   1   1   0
42    1   1   1   0
43    1   1   1   0
44    1   1   1   0
45    1   1   1   0
46    1   1   1   0
47    1   1   1   0
48    1   1   1   0
49    1   1   1   0
50    1   1   1   0
51    1   1   1   0
52    1   1   1   0
53    1   1   1   0
54    1   1   1   0
55    1   1   1   0
56    1   1   1   0
57    1   1   1   0
58    1   1   1   0
59    1   1   1   0
60    1   1   1   0
61    1   1   1   0
62    1   1   1   0
63    1   1   1   0
64    1   1   1   0
65    1   1   1   0
66    1   1   1   0
67    1   1   1   0
68    1   1   1   0
69    1   1   1   0
70    1   1   1   0
71    1   1   1   0
72    1   1   1   0
73    1   1   1   0
74    1   1   1   0
75    1   1   1   0
76    1   1   1   0
77    1   1   1   0
78    1   1   1   0
79    1   1   1   0
80    1   1   1   0
81    1   1   1   0
82    1   1   1   0
83    1   1   1   0
84    1   1   1   0
85    1   1   1   0
86    1   1   1   0
87    1   1   1   0
88    1   1   1   0
89    1   1   1   0
90    1   1   1   0
91    1   1   1   0
92    1   1   1   0
93    1   1   1   0
94    1   1   1   0
95    1   1   1   0
96    1   1   1   0
97    1   1   1   0
98    1   1   1   0
99    1   1   1   0
100   1   1   1   0
;

---------------------------- Solution stats data ----------------------------
_ampl_time = 0.193897
_total_solve_time = 66208.6
_ampl_elapsed_time = 0.190207
_ampl_user_time = 0.148173

Total time elapsed: $66208.60.
_total_solve_time = 66208.6

---------------------------- Solution miscs data ----------------------------
tetrahedron_volume [*] :=
  1 0.117851    21 0.117851    41 0.117851    61 0.117851    81 0.117851
  2 0.117851    22 0.117851    42 0.117851    62 0.117851    82 0.117851
  3 0.117851    23 0.117851    43 0.117851    63 0.117851    83 0.117851
  4 0.117851    24 0.117851    44 0.117851    64 0.117851    84 0.117851
  5 0.117851    25 0.117851    45 0.117851    65 0.117851    85 0.117851
  6 0.117851    26 0.117851    46 0.117851    66 0.117851    86 0.117851
  7 0.117851    27 0.117851    47 0.117851    67 0.117851    87 0.117851
  8 0.117851    28 0.117851    48 0.117851    68 0.117851    88 0.117851
  9 0.117851    29 0.117851    49 0.117851    69 0.117851    89 0.117851
 10 0.117851    30 0.117851    50 0.117851    70 0.117851    90 0.117851
 11 0.117851    31 0.117851    51 0.117851    71 0.117851    91 0.117851
 12 0.117851    32 0.117851    52 0.117851    72 0.117851    92 0.117851
 13 0.117851    33 0.117851    53 0.117851    73 0.117851    93 0.117851
 14 0.117851    34 0.117851    54 0.117851    74 0.117851    94 0.117851
 15 0.117851    35 0.117851    55 0.117851    75 0.117851    95 0.117851
 16 0.117851    36 0.117851    56 0.117851    76 0.117851    96 0.117851
 17 0.117851    37 0.117851    57 0.117851    77 0.117851    97 0.117851
 18 0.117851    38 0.117851    58 0.117851    78 0.117851    98 0.117851
 19 0.117851    39 0.117851    59 0.117851    79 0.117851    99 0.117851
 20 0.117851    40 0.117851    60 0.117851    80 0.117851   100 0.117851
;

---------------------------- Solution miscs data ----------------------------
tetrahedron_surface_area [*] :=
  1 0    11 0    21 0    31 0    41 0    51 0    61 0    71 0    81 0    91 0
  2 0    12 0    22 0    32 0    42 0    52 0    62 0    72 0    82 0    92 0
  3 0    13 0    23 0    33 0    43 0    53 0    63 0    73 0    83 0    93 0
  4 0    14 0    24 0    34 0    44 0    54 0    64 0    74 0    84 0    94 0
  5 0    15 0    25 0    35 0    45 0    55 0    65 0    75 0    85 0    95 0
  6 0    16 0    26 0    36 0    46 0    56 0    66 0    76 0    86 0    96 0
  7 0    17 0    27 0    37 0    47 0    57 0    67 0    77 0    87 0    97 0
  8 0    18 0    28 0    38 0    48 0    58 0    68 0    78 0    88 0    98 0
  9 0    19 0    29 0    39 0    49 0    59 0    69 0    79 0    89 0    99 0
 10 0    20 0    30 0    40 0    50 0    60 0    70 0    80 0    90 0   100 0
;

