Error at _cmdno 5 executing "solve" command
(file amplin, line 1977, offset 37909):
error processing param distances:
	4080 invalid subscripts discarded:
	distances[46,1,1]
	distances[46,1,2]
	distances[46,1,3]
	and 4077 more.
##### This license is only intended for use by NEOS. #####
##### License is valid until Jan 16, 2026 #####
riables.
Adjusted problem:
5491 variables:
	3510 nonlinear variables
	1981 linear variables
11565 constraints; 66330 nonzeros
	9495 nonlinear constraints
	2070 linear constraints
	1035 equality constraints
	10530 inequality constraints
1 linear objective; 1 nonzero.

Artelys Knitro 14.2.0: threads=4
algorithm=1
ms_enable=1
ms_maxsolves=10
feastol=1e-5
opttol=1e-5
honorbnds=1
bar_initpt=3
bar_murule=4
scale=1
outlev=2
maxtime_real=1200
WARNING:  Option 'threads' is deprecated, please use 'numthreads'.

=======================================
           Academic License
       (NOT FOR COMMERCIAL USE)
         Artelys Knitro 14.2.0
=======================================

No start point provided -- Knitro computing one.

Knitro presolve eliminated 0 variables and 0 constraints.

algorithm                1
bar_initpt               3
bar_murule               4
concurrent_evals         0
datacheck                0
feastol                  1e-05
findiff_numthreads       1
hessian_no_f             1
hessopt                  1
honorbnds                1
maxtime_real             1200
ms_enable                1
ms_maxsolves             10
numthreads               4
opttol                   1e-05

Problem Characteristics                                 (   Presolved)
-----------------------
Objective goal:  Minimize
Objective type:  linear
Number of variables:                               5491 (        5491)
    bounded below only:                             541 (         541)
    bounded above only:                               0 (           0)
    bounded below and above:                          0 (           0)
    fixed:                                            0 (           0)
    free:                                          4950 (        4950)
Number of constraints:                            11565 (       11565)
    linear equalities:                                0 (           0)
    quadratic equalities:                           990 (         990)
    gen. nonlinear equalities:                       45 (          45)
    linear one-sided inequalities:                 2070 (        2070)
    quadratic one-sided inequalities:              8460 (        8460)
    gen. nonlinear one-sided inequalities:            0 (           0)
    linear two-sided inequalities:                    0 (           0)
    quadratic two-sided inequalities:                 0 (           0)
    gen. nonlinear two-sided inequalities:            0 (           0)
Number of nonzeros in Jacobian:                   66330 (       66330)
Number of nonzeros in Hessian:                    30240 (       30240)

Knitro parallel multistart will run with 4 threads.

Return codes description
------------------------
  0:  The final solution satisfies the termination conditions for verifying optimality.
  -100 to -199:  A feasible approximate solution was found.
  -200 to -299:  Knitro terminated at an infeasible point.
  -300 to -301:  The problem was determined to be unbounded.
  -400 to -499:  Knitro terminated because it reached a pre-defined limit.
    -400 to -409:  A feasible point was found.
    -410 to -419:  No feasible point was found.
  -500 to -599:  Knitro terminated with an input error or some non-standard error.
A more detailed description of individual return codes and their corresponding
termination messages is provided at
https://www.artelys.com/app/docs/knitro/3_referenceManual/returnCodes.html

 Solve #  ThreadID  Status     Objective      FeasError    OptError    Real Time 
--------  --------  ------  --------------   ----------   ----------  ----------
      0          0       0         1.08711  1.05310e-04  8.84625e-06      339.278
      5          1    -410         301.802  2.23090e-02     0.423087      2498.00
      2          1    -410         179.201  2.70317e-03  4.06580e-02      2043.21
      4          0    -410         500.611  8.90933e-04  1.83306e-02      2447.87
      9          1    -410         988.471  5.28549e-03     0.103883      2024.04
      8          0    -410         560.673  3.07812e-02     0.232755      2478.67
      6          3    -410         3346.74  4.32683e-02      9.82214      2682.07
      3          3    -410         2110.65     0.889359      2.27387      2554.23
      7          2    -410         4303.93      3.34927     0.118760      2846.16
      1          2    -410         7957.52      2.08587     0.132411      2670.87

MULTISTART: Best locally optimal solution is returned.
EXIT: Locally optimal solution found.

Final Statistics
----------------
Final objective value               =   1.08711478065395e+00
Final feasibility error (abs / rel) =   1.05e-04 / 5.72e-06
Final optimality error  (abs / rel) =   8.85e-06 / 8.85e-06
# of iterations                     =      92143 
# of CG iterations                  =          0 
# of function evaluations           =     130651
# of gradient evaluations           =      92447
# of Hessian evaluations            =      92226
Total program time (secs)           =    6566.22021 ( 18836.031 CPU time)

===============================================================================

Knitro 14.2.0: Locally optimal or satisfactory solution.
objective 1.087114781; feasibility error 0.000105
92143 iterations; 130651 function evaluations

suffix feaserror OUT;
suffix opterror OUT;
suffix numfcevals OUT;
suffix numiters OUT;
---------------------------- Container and geometric considerations  ----------------------------
Container type: cube
Structural conservation type: volume & surface
---------------------------- Solution execution data ----------------------------
solve_result_num = 0
solve_result = solved

---------------------------- Solution data ----------------------------
card(figures) = 45

coords [*,*,1]
:       1         2         3         4       :=
1    19.603    19.7664   19.8773   19.4564
2    19.4565   20.5436   20.3958   20.17
3    20.5436   20.5436   20.5436   19.6849
4    19.8872   19.7343   19.4564   19.4564
5    20.5434   20.5433   19.4746   19.8865
6    20.1139   20.5436   19.4564   20.5436
7    19.4596   20.5109   20.5436   19.8873
8    20.3959   19.4564   20.1701   20.5436
9    19.6342   19.8873   20.5436   19.4596
10   19.8818   19.4564   20.5436   19.4564
11   20.4749   19.4564   20.5436   19.603
12   20.1139   19.4564   20.5436   20.5436
13   20.17     20.3958   19.4564   20.5436
14   19.8873   19.4596   20.5436   19.6342
15   20.5435   19.8101   19.4642   20.1697
16   20.5436   20.5436   19.4677   19.8873
17   19.8872   20.5432   19.4695   19.5893
18   20.5436   20.4749   19.4564   19.603
19   20.5108   19.4595   19.8872   20.5436
20   19.6086   20.5432   19.8916   19.4688
21   20.5426   20.1652   19.462    19.8328
22   20.5436   20.4749   19.603    19.4564
23   19.8873   20.5436   19.4596   19.6342
24   19.5964   19.4696   20.5432   19.8897
25   20.5425   20.3698   20.5427   19.4698
26   19.8872   19.4596   19.4723   19.7625
27   20.1608   19.4564   19.4564   20.5436
28   19.4907   19.7776   20.5157   19.8984
29   20.1653   19.462    19.8328   20.5426
30   19.4565   20.3954   20.1692   20.5435
31   20.1652   19.8328   19.462    20.5426
32   20.5426   20.1652   19.8328   19.462
33   19.4564   19.8872   19.4564   19.4564
34   19.4699   19.5925   20.5433   19.8885
35   19.462    20.1652   19.8328   20.5426
36   19.4564   19.4564   20.5436   20.5436
37   20.1139   20.5436   19.4564   20.5436
38   20.5436   20.3956   19.4565   20.1697
39   20.3958   20.5436   19.4565   20.1699
40   19.4566   20.5435   20.1683   20.3948
41   19.4564   20.5436   20.5436   20.1701
42   19.8873   20.5109   20.5436   19.4595
43   19.4564   20.5436   20.1698   19.6346
44   20.5436   19.4636   19.6849   20.5436
45   19.4564   20.5436   20.3959   20.17

 [*,*,2]
:       1         2         3         4       :=
1    20.3958   19.4564   20.4536   19.4564
2    19.8132   19.4564   20.335    20.5189
3    19.4564   20.3861   19.4564   20.0866
4    20.5433   19.4564   19.4564   20.0183
5    19.8652   20.415    19.8335   20.5402
6    19.4564   19.6763   20.5436   20.5436
7    19.5778   19.6787   19.4564   20.5436
8    20.3349   19.8132   20.5189   19.4564
9    19.4564   20.5436   19.4564   19.5778
10   20.4548   19.4564   19.4564   19.8082
11   19.4564   19.5064   20.2078   20.3958
12   19.4564   20.5436   19.6763   20.5436
13   20.5189   20.3349   19.8132   19.4564
14   20.5436   19.5778   19.4564   19.4564
15   19.4566   20.3857   19.8108   20.5185
16   19.8633   20.3126   19.8137   20.5436
17   20.5312   19.4566   19.5743   19.4566
18   20.2078   19.4564   19.5064   20.3958
19   19.6788   19.5778   20.5435   19.4564
20   19.4568   19.4574   20.5303   19.5726
21   19.4565   20.3405   19.4565   20.4375
22   20.2078   19.4564   20.3958   19.5064
23   20.5436   19.4564   19.5778   19.4564
24   19.4567   19.5759   19.4572   20.5308
25   20.5422   19.458    20.5425   20.5419
26   20.5433   20.0221   19.4564   19.4564
27   19.4564   20.5436   20.5436   20.5436
28   19.4583   19.4591   19.4584   20.3948
29   20.3405   19.4565   20.4375   19.4565
30   19.8133   20.3354   20.5188   19.4565
31   20.3405   20.4375   19.4565   19.4565
32   19.4565   20.3405   20.4375   19.4565
33   20.5436   20.5433   20.0183   19.4564
34   19.5758   19.4567   19.4569   20.5308
35   19.4565   20.3404   20.4375   19.4565
36   20.5436   20.4251   20.5436   20.2078
37   19.4564   20.5436   20.5436   19.6763
38   19.4565   20.3352   19.8132   20.5189
39   20.335    19.4564   19.8132   20.5189
40   19.8133   19.4565   20.5187   20.336
41   19.8132   19.8634   19.4564   20.5189
42   20.5436   19.6788   19.4564   19.5778
43   19.7108   20.4603   19.4564   20.5436
44   19.4564   19.4564   20.0866   19.4564
45   19.8132   19.4564   20.3349   20.5189

 [*,*,3]
:       1         2         3         4       :=
1    19.7617   20.5436   20.5436   19.6387
2    19.5538   19.694    20.4678   20.5435
3    19.694    20.5436   20.4374   20.101
4    20.5436   20.5436   19.7541   19.4564
5    19.7422   20.2795   19.5657   20.5368
6    19.4564   19.693    19.4564   19.9136
7    19.6084   20.5436   20.4374   20.5436
8    20.4677   19.5538   20.5436   19.694
9    19.6809   20.5436   20.4374   19.6084
10   20.4392   19.5379   19.694    19.5485
11   19.6007   19.4564   19.8499   19.7617
12   19.4564   19.4564   19.693    19.9136
13   20.5436   20.4678   19.5538   19.694
14   20.5436   19.6084   20.4374   19.6809
15   19.6942   20.3314   19.555    20.5436
16   19.7406   20.3197   19.5557   20.5436
17   20.5434   20.5433   19.6371   19.6812
18   19.8499   19.6007   19.4564   19.7617
19   20.5436   19.6084   20.5435   20.4374
20   19.681    20.5325   20.5432   19.6292
21   19.6939   20.3837   19.5388   20.4176
22   19.8499   19.6007   19.7617   19.4564
23   20.5436   20.4374   19.6084   19.6809
24   19.6816   19.6341   20.5389   20.5433
25   19.4572   19.4575   19.907    19.4568
26   20.5436   19.4643   19.7457   20.5436
27   19.4762   19.4564   19.7963   19.9869
28   19.7124   20.5404   20.542    20.5419
29   20.3837   19.5388   20.4176   19.6939
30   19.5539   20.4681   20.5434   19.6941
31   20.3837   20.4176   19.5388   19.6939
32   19.6939   20.3837   20.4176   19.5388
33   20.5436   20.5436   19.4564   20.5436
34   19.6364   19.6812   20.5421   20.5433
35   19.5388   20.3836   20.4176   19.6939
36   20.5436   19.7479   20.5436   19.8499
37   19.4564   19.9136   19.4564   19.693
38   19.694    20.4679   19.5538   20.5435
39   20.4678   19.694    19.5538   20.5435
40   19.5539   19.6941   20.5432   20.4685
41   19.5538   19.7406   19.694    20.5436
42   20.5435   20.5436   20.4374   19.6084
43   19.4564   19.9529   19.4778   19.8275
44   20.4374   19.539    20.101    19.694
45   19.5538   19.694    20.4678   20.5436
;

side = 1.08711
softness = 0.99

---------------------------- Solution coords data ----------------------------
distances [*,1,*]
:    1   2   3   4    :=
1    0   1   0   1
2    0   1   0   1
3    0   1   0   1
4    0   1   0   1
5    0   1   0   1
6    0   1   0   1
7    0   1   0   1
8    0   1   0   1
9    0   1   0   1
10   0   1   0   1
11   0   1   0   1
12   0   1   0   1
13   0   1   0   1
14   0   1   0   1
15   0   1   0   1
16   0   1   0   1
17   0   1   0   1
18   0   1   0   1
19   0   1   0   1
20   0   1   0   1
21   0   1   0   1
22   0   1   0   1
23   0   1   0   1
24   0   1   0   1
25   0   1   0   1
26   0   1   0   1
27   0   1   0   1
28   0   1   0   1
29   0   1   0   1
30   0   1   0   1
31   0   1   0   1
32   0   1   0   1
33   0   1   0   1
34   0   1   0   1
35   0   1   0   1
36   0   1   0   1
37   0   1   0   1
38   0   1   0   1
39   0   1   0   1
40   0   1   0   1
41   0   1   0   1
42   0   1   0   1
43   0   1   0   1
44   0   1   0   1
45   0   1   0   1

 [*,2,*]
:    1   2   3   4    :=
1    0   0   1   1
2    0   0   1   1
3    0   0   1   1
4    0   0   1   1
5    0   0   1   1
6    0   0   1   1
7    0   0   1   1
8    0   0   1   1
9    0   0   1   1
10   0   0   1   1
11   0   0   1   1
12   0   0   1   1
13   0   0   1   1
14   0   0   1   1
15   0   0   1   1
16   0   0   1   1
17   0   0   1   1
18   0   0   1   1
19   0   0   1   1
20   0   0   1   1
21   0   0   1   1
22   0   0   1   1
23   0   0   1   1
24   0   0   1   1
25   0   0   1   1
26   0   0   1   1
27   0   0   1   1
28   0   0   1   1
29   0   0   1   1
30   0   0   1   1
31   0   0   1   1
32   0   0   1   1
33   0   0   1   1
34   0   0   1   1
35   0   0   1   1
36   0   0   1   1
37   0   0   1   1
38   0   0   1   1
39   0   0   1   1
40   0   0   1   1
41   0   0   1   1
42   0   0   1   1
43   0   0   1   1
44   0   0   1   1
45   0   0   1   1

 [*,3,*]
:    1   2   3   4    :=
1    1   0   0   1
2    1   0   0   1
3    1   0   0   1
4    1   0   0   1
5    1   0   0   1
6    1   0   0   1
7    1   0   0   1
8    1   0   0   1
9    1   0   0   1
10   1   0   0   1
11   1   0   0   1
12   1   0   0   1
13   1   0   0   1
14   1   0   0   1
15   1   0   0   1
16   1   0   0   1
17   1   0   0   1
18   1   0   0   1
19   1   0   0   1
20   1   0   0   1
21   1   0   0   1
22   1   0   0   1
23   1   0   0   1
24   1   0   0   1
25   1   0   0   1
26   1   0   0   1
27   1   0   0   1
28   1   0   0   1
29   1   0   0   1
30   1   0   0   1
31   1   0   0   1
32   1   0   0   1
33   1   0   0   1
34   1   0   0   1
35   1   0   0   1
36   1   0   0   1
37   1   0   0   1
38   1   0   0   1
39   1   0   0   1
40   1   0   0   1
41   1   0   0   1
42   1   0   0   1
43   1   0   0   1
44   1   0   0   1
45   1   0   0   1

 [*,4,*]
:    1   2   3   4    :=
1    1   1   1   0
2    1   1   1   0
3    1   1   1   0
4    1   1   1   0
5    1   1   1   0
6    1   1   1   0
7    1   1   1   0
8    1   1   1   0
9    1   1   1   0
10   1   1   1   0
11   1   1   1   0
12   1   1   1   0
13   1   1   1   0
14   1   1   1   0
15   1   1   1   0
16   1   1   1   0
17   1   1   1   0
18   1   1   1   0
19   1   1   1   0
20   1   1   1   0
21   1   1   1   0
22   1   1   1   0
23   1   1   1   0
24   1   1   1   0
25   1   1   1   0
26   1   1   1   0
27   1   1   1   0
28   1   1   1   0
29   1   1   1   0
30   1   1   1   0
31   1   1   1   0
32   1   1   1   0
33   1   1   1   0
34   1   1   1   0
35   1   1   1   0
36   1   1   1   0
37   1   1   1   0
38   1   1   1   0
39   1   1   1   0
40   1   1   1   0
41   1   1   1   0
42   1   1   1   0
43   1   1   1   0
44   1   1   1   0
45   1   1   1   0
;

---------------------------- Solution stats data ----------------------------
_ampl_time = 0.099687
_total_solve_time = 18836.3
_ampl_elapsed_time = 0.095184
_ampl_user_time = 0.076998

Total time elapsed: $18836.28.
_total_solve_time = 18836.3

---------------------------- Solution miscs data ----------------------------
tetrahedron_volume [*] :=
 1 0    6 0   11 0   16 0   21 0   26 0   31 0   36 0   41 0
 2 0    7 0   12 0   17 0   22 0   27 0   32 0   37 0   42 0
 3 0    8 0   13 0   18 0   23 0   28 0   33 0   38 0   43 0
 4 0    9 0   14 0   19 0   24 0   29 0   34 0   39 0   44 0
 5 0   10 0   15 0   20 0   25 0   30 0   35 0   40 0   45 0
;

---------------------------- Solution miscs data ----------------------------
tetrahedron_surface_area [*] :=
 1 1.73205    9 1.73205   17 1.73205   25 1.73205   33 1.73205   41 1.73205
 2 1.73205   10 1.73205   18 1.73205   26 1.73205   34 1.73205   42 1.73205
 3 1.73205   11 1.73205   19 1.73205   27 1.73205   35 1.73205   43 1.73205
 4 1.73205   12 1.73205   20 1.73205   28 1.73205   36 1.73205   44 1.73205
 5 1.73205   13 1.73205   21 1.73205   29 1.73205   37 1.73205   45 1.73205
 6 1.73205   14 1.73205   22 1.73205   30 1.73205   38 1.73205
 7 1.73205   15 1.73205   23 1.73205   31 1.73205   39 1.73205
 8 1.73205   16 1.73205   24 1.73205   32 1.73205   40 1.73205
;

