Error at _cmdno 5 executing "solve" command
(file amplin, line 1961, offset 37059):
error processing param distances:
	3200 invalid subscripts discarded:
	distances[101,1,1]
	distances[101,1,2]
	distances[101,1,3]
	and 3197 more.
##### This license is only intended for use by NEOS. #####
##### License is valid until Jan 16, 2026 #####
iables.
Substitution eliminates 1 variable.
Adjusted problem:
25953 variables:
	16053 nonlinear variables
	9900 linear variables
52003 constraints; 313156 nonzeros
	46250 nonlinear constraints
	5753 linear constraints
	5051 equality constraints
	46952 inequality constraints
1 nonlinear objective; 3 nonzeros.

Artelys Knitro 14.2.0: threads=4
algorithm=1
ms_enable=1
ms_maxsolves=10
feastol=1e-5
opttol=1e-5
honorbnds=1
bar_initpt=3
bar_murule=4
scale=1
outlev=2
maxtime_real=1200
WARNING:  Option 'threads' is deprecated, please use 'numthreads'.
WARNING: 1 constraint is constant or undefined and will be ignored.

=======================================
           Academic License
       (NOT FOR COMMERCIAL USE)
         Artelys Knitro 14.2.0
=======================================

No start point provided -- Knitro computing one.

Knitro presolve eliminated 0 variables and 1 constraint.

algorithm                1
bar_initpt               3
bar_murule               4
concurrent_evals         0
datacheck                0
feastol                  1e-05
findiff_numthreads       1
hessian_no_f             1
hessopt                  1
honorbnds                1
maxtime_real             1200
ms_enable                1
ms_maxsolves             10
numthreads               4
opttol                   1e-05

Problem Characteristics                                 (   Presolved)
-----------------------
Objective goal:  Minimize
Objective type:  general
Number of variables:                              25953 (       25953)
    bounded below only:                               1 (           1)
    bounded above only:                               0 (           0)
    bounded below and above:                          0 (           0)
    fixed:                                            0 (           0)
    free:                                         25952 (       25952)
Number of constraints:                            52003 (       52002)
    linear equalities:                                1 (           0)
    quadratic equalities:                          4950 (        4950)
    gen. nonlinear equalities:                      100 (         100)
    linear one-sided inequalities:                 5752 (        5752)
    quadratic one-sided inequalities:             41200 (       41200)
    gen. nonlinear one-sided inequalities:            0 (           0)
    linear two-sided inequalities:                    0 (           0)
    quadratic two-sided inequalities:                 0 (           0)
    gen. nonlinear two-sided inequalities:            0 (           0)
Number of nonzeros in Jacobian:                  313156 (      313156)
Number of nonzeros in Hessian:                   141453 (      141453)

Knitro parallel multistart will run with 4 threads.

Return codes description
------------------------
  0:  The final solution satisfies the termination conditions for verifying optimality.
  -100 to -199:  A feasible approximate solution was found.
  -200 to -299:  Knitro terminated at an infeasible point.
  -300 to -301:  The problem was determined to be unbounded.
  -400 to -499:  Knitro terminated because it reached a pre-defined limit.
    -400 to -409:  A feasible point was found.
    -410 to -419:  No feasible point was found.
  -500 to -599:  Knitro terminated with an input error or some non-standard error.
A more detailed description of individual return codes and their corresponding
termination messages is provided at
https://www.artelys.com/app/docs/knitro/3_referenceManual/returnCodes.html

 Solve #  ThreadID  Status     Objective      FeasError    OptError    Real Time 
--------  --------  ------  --------------   ----------   ----------  ----------
      0          0       0         5.41166  6.41643e-06  3.80565e-06      1654.61
      1          1    -410     1.37456e+11  3.92376e+06      14408.6      6404.04
      7          1    -410     1.28584e+11  3.72302e+06      59759.5      5810.94
      2          2    -410     2.37757e+12      69033.3      388200.      5758.65
      9          3    -410     3.08833e+10  2.81627e+06      24405.2      4701.45
      6          3    -410     1.80440e+08      15838.4      672.826      5678.60
      5          2    -410     3.48524e+12      51764.6      148468.      5920.21
      8          0    -410     7.19302e+13      376226.  6.93360e+06      5943.52
      4          0    -410     1.38602e+11      2.63300      27812.2      5863.44
      3          3    -410     4.95035e+09      1.02792      1495.12      5982.54

MULTISTART: Best locally optimal solution is returned.
EXIT: Locally optimal solution found.

Final Statistics
----------------
Final objective value               =   5.41166387242573e+00
Final feasibility error (abs / rel) =   6.42e-06 / 1.10e-06
Final optimality error  (abs / rel) =   3.81e-06 / 4.55e-07
# of iterations                     =      92969 
# of CG iterations                  =          0 
# of function evaluations           =      94736
# of gradient evaluations           =      93147
# of Hessian evaluations            =      93008
Total program time (secs)           =   16364.15820 ( 53431.406 CPU time)

===============================================================================

Knitro 14.2.0: Locally optimal or satisfactory solution.
objective 5.411663872; feasibility error 6.42e-06
92969 iterations; 94736 function evaluations

suffix feaserror OUT;
suffix opterror OUT;
suffix numfcevals OUT;
suffix numiters OUT;
---------------------------- Solver Status Report ----------------------------
solve_result_num = 0
solve_result = solved
solve_message = 'Knitro 14.2.0: Locally optimal or satisfactory solution.\
objective 5.411663872; feasibility error 6.42e-06\
92969 iterations; 94736 function evaluations'


---------------------------- Problem Dimensions ----------------------------
Variables: 51304
Constraints: 52104
---------------------------- Container and geometric considerations  ----------------------------
Container type: cylinder
Structural conservation type: volume & surface
---------------------------- Solution execution data ----------------------------
solve_result_num = 0
solve_result = solved

---------------------------- Solution data ----------------------------
card(figures) = 100

coords [*,*,1]
:          1            2            3             4         :=
1      1.19087       0.871651     0.483923     1.28153
2      0.637073      1.2601       0.44845      1.10857
3      1.02127       0.181386     0.0960892    0.297342
4     -0.441867     -0.870161    -1.29127     -1.2158
5      0.861806      0.504974     1.06851      1.2891
6     -1.14243      -0.431968    -0.421962    -1.15085
7     -0.435925     -0.338469    -0.568865     0.376061
8     -1.17735      -1.03993     -0.378523    -1.29274
9      0.445355      0.339512     0.438832     1.02958
10    -0.631448      0.128899     0.0628937    0.263583
11    -0.463178      0.112121     0.328453     0.226265
12    -0.477689     -0.728386    -0.335185     0.301906
13     1.21342       0.452073     1.15509      1.28961
14     0.574645      0.794679     0.0140365    0.0120026
15     0.893591      0.623068     0.514226    -0.168513
16    -1.29332      -0.363611    -0.57208     -0.690873
17     1.06831       0.504799     0.861681     0.399734
18    -1.05145      -0.430338    -0.338771    -0.411346
19    -0.94381      -1.24165     -0.759973    -0.288143
20    -1.07257      -1.22688     -0.438603    -1.27573
21     0.244407      0.131903     1.09108      0.398181
22    -0.914438     -0.724255    -0.194913    -0.188267
23    -1.28575      -1.15374     -0.395233    -1.11301
24     1.28835       1.18101      0.432506     1.26025
25    -0.45904      -1.15087     -0.693232    -0.409372
26    -1.17964      -0.623983    -0.0851921   -0.421735
27     0.031294     -0.165358     0.444352     0.485988
28     1.11068       0.259919     0.461092     0.508714
29    -0.368053     -0.0193449   -0.989598    -0.738384
30     0.276573     -0.660058     0.0735734   -0.303189
31     1.10384       0.470613     1.0491       0.171325
32    -1.0614       -0.446241    -1.17057     -0.400772
33    -0.165596     -0.547847     0.0307148    0.458318
34     0.331844      0.167668     0.149009     1.04414
35     0.402164      0.407772     0.175905     1.18577
36    -0.658631     -0.541898    -1.29106     -1.21479
37     0.105378     -0.909229    -0.261109    -0.704128
38    -0.557404     -0.452772     0.278166     0.109269
39     0.113493     -0.333468    -0.426065     0.324756
40     0.552697      0.271413    -0.332162     0.272192
41     1.28051       0.989429     0.474488     1.18636
42    -0.322114     -0.436088    -0.34425      0.603229
43    -0.505552      0.281349     0.432625    -0.322201
44     0.527021     -0.405931    -0.337026     0.260071
45    -0.604206     -1.02415      0.0651848   -0.517554
46    -0.367856     -0.738745    -0.0376373    0.147053
47     0.202222     -0.194376    -0.188907    -0.920762
48     0.0905414    -0.282175    -0.89112     -0.640856
49     0.335186     -0.26665      0.257655    -0.506127
50     1.18642       1.15418      0.361322     1.16487
51    -0.393704     -1.10104     -0.462072    -0.145977
52     0.50857      -0.606088     0.0108353    0.0141624
53     0.389532     -0.410654     0.495381     0.366824
54     0.205605      1.29052      1.04888      1.10364
55     0.153768      0.244269     0.0348782   -0.738544
56    -0.152343     -0.460293     0.441329    -0.432805
57    -0.359061     -0.992542    -1.26132     -0.7389
58     0.0833008    -0.573794    -0.784343    -0.511613
59    -0.3828       -1.15751     -0.522926    -1.141
60     0.417202      0.414303     0.334364     1.24136
61     0.258136      0.0565765    1.08193      1.03428
62     0.129486      0.828518     0.072123     0.281131
63     0.934255     -0.0318747    0.368513     0.444823
64     1.05668       1.18144      0.43239      1.28825
65     0.00649208   -0.759781    -0.0933841   -0.80672
66    -0.396306      0.551252    -0.451396    -0.359777
67    -0.427545     -0.424899    -1.22741     -1.03077
68     0.278831     -0.448359     0.0928655    0.516654
69     0.174786     -0.281088    -0.714955    -0.838393
70    -0.308267     -0.0199585   -0.642794    -1.1549
71     0.280178      0.364317     0.41234     -0.427503
72    -0.38138      -1.1784      -1.2927      -1.16022
73     0.440655      0.863862     0.45407      0.0699853
74    -0.488871     -0.400499    -1.17057     -0.445832
75     1.19404       1.25646      1.01167      0.346376
76    -0.487213      0.0450757    0.581093     0.432923
77     1.0109        0.167418     0.224476    -0.00813648
78    -0.133583     -0.609295    -1.26869     -0.396463
79     1.12081       0.157322     0.174686     0.839601
80     0.0387645     0.275776    -0.722711     0.248271
81    -0.731968      0.237152     0.385956    -0.0823202
82     1.02262       0.660695     0.291823     0.291376
83     0.366689     -0.345325     0.389423    -0.410785
84     0.511765     -0.268127     0.256776     0.324291
85     0.433291      0.170025     1.18513      1.00507
86    -0.432414     -0.254146    -1.14586     -0.43449
87     0.460061      1.27462      1.02642      0.371676
88    -1.27582      -1.2209      -0.417478    -1.154
89    -0.668124     -0.387113    -1.11234     -1.15634
90    -0.449988      0.0522644    0.417335     0.432533
91     0.33397       0.766956     1.2572       1.2417
92    -1.2161       -1.23165     -0.44227     -1.29136
93     0.764479      0.349565     0.491147     1.27364
94     0.0491085     0.167152    -0.759737    -0.00703585
95    -0.351334      0.403348    -0.479541    -0.378304
96    -0.695436      0.386503    -0.0420029   -0.0962179
97     0.869931      0.476438     1.2807       0.313682
98     0.509752      1.05658      0.505574     1.19177
99     0.955587      0.476776     0.137517     1.19443
100   -0.680768     -1.2934      -0.398199    -1.20729

 [*,*,2]
:          1            2            3             4         :=
1      0.504991      0.955723    -0.116268     0.175784
2      0.0331831     0.29157     -0.0553662   -0.666411
3      0.791749      0.262764     1.17677      0.322329
4     -0.357179     -0.957093    -0.0712514   -0.441656
5      0.964451      0.162992     0.729087     0.107338
6     -0.566803     -0.144063    -1.22275     -0.590585
7     -1.21788      -0.624566    -0.352564    -0.58059
8      0.535803      0.769045     0.128771    -0.0454266
9     -1.21439      -0.233787    -1.21669     -0.783074
10     1.12857       1.28706      1.29188      0.464683
11     0.214072      1.00448      0.311387     0.0237097
12    -0.00657975   -0.800004    -0.20244     -0.531679
13    -0.448135     -0.209609     0.578926     0.100725
14     1.15883       1.0206       1.29344      0.47751
15    -0.791749      0.0318721   -0.147312    -0.399105
16     0.0217309    -0.108727     0.419524    -0.70817
17     0.729307      0.163013     0.964531     1.23018
18     0.75345       1.21984      1.24806      0.239095
19    -0.884496     -0.362482    -1.0467      -0.184199
20     0.722658     -0.406809     0.105765     0.213789
21     1.27025       0.330527     0.694841     1.07461
22    -0.593857      0.32285     -0.390478     0.276665
23    -0.141054      0.58486      0.0709829    0.658917
24     0.115339     -0.527586    -0.0622232    0.291512
25    -1.20933      -0.590554    -0.81368     -0.129289
26     0.28253      -0.458417     0.3543      -0.126165
27     0.529329     -0.574914    -0.19184     -0.292779
28    -0.663055     -0.182347    -1.20857     -1.007
29     0.340424      1.29281      0.833037     1.06152
30     0.407955      0.985527     1.24414      0.17053
31    -0.674324     -1.20489     -0.756629    -0.423302
32     0.739298      1.21402      0.550185     0.201733
33    -0.575247     -0.314124     0.528935    -0.200272
34    -1.25026      -0.430798    -1.2256      -0.763529
35     0.26         -0.166701    -0.741782    -0.516778
36    -0.411007      0.714164     0.0802339    0.32973
37     0.620499      0.224254     0.162914     1.00648
38    -0.367616     -1.20344     -0.396092    -1.18053
39     0.443247     -0.0947417   -0.145692    -0.556773
40    -0.597007     -0.115449    -0.644057    -1.22123
41     0.18317      -0.802813     0.0512845   -0.515535
42     0.206193     -0.405441    -0.616093    -0.391792
43     0.645359     -0.173958     0.676146    -0.178203
44     0.742038      1.22819      0.68146      1.26713
45     1.14377       0.790161     0.989826     0.0385409
46     0.34188       1.0618       1.22175      0.345489
47    -0.78936      -0.338499     0.274467    -0.593505
48     0.41598      -0.0328295   -0.100215     0.927995
49     0.0158749    -0.637544     0.297668     0.176621
50    -0.51529       0.584056     0.271099     0.161005
51    -1.11726      -0.678761    -1.20822     -0.459568
52     1.18933       1.1427       0.362386     1.29345
53    -1.23339      -1.22656     -1.19495     -0.395304
54    -0.406285     -0.0827705   -0.756945    -0.674637
55     0.374576      1.27028      1.2317       1.06196
56    -0.518065     -1.20885     -1.21593     -1.21899
57     0.332773      0.829511     0.285096     1.06168
58    -1.18656      -0.347334    -1.02862     -1.18804
59     0.0854341    -0.568877     0.0105943    0.533746
60     0.674684     -0.146893    -0.0138421    0.182456
61    -0.0970697     0.691268     0.691132     0.114514
62     1.28701       0.993382     1.2461       0.362887
63     0.210526      0.73857     -0.0843743   -0.192691
64    -0.746089     -0.526628    -0.0622801    0.116384
65    -1.1718       -1.04686     -0.281801    -0.74215
66     1.23134       0.716742     0.454166     0.755302
67    -1.22083      -0.0809844   -0.408379    -0.659331
68    -0.395253     -1.21322     -1.29009     -1.18589
69     0.646405      1.26264      1.07803      0.268031
70     0.202774     -0.66175     -0.140217    -0.555339
71    -0.137954     -0.208804     0.784272     0.0654728
72     0.0869834     0.533418    -0.0456632   -0.57155
73    -0.00226422    0.584477     1.13742      0.725474
74     0.178355      0.201629     0.550255     1.21406
75    -0.110338      0.307425    -0.806038    -0.0133918
76     0.626881      0.781694     0.760564    -0.0427332
77    -0.806678     -1.28249     -0.51846     -0.296086
78    -0.0761248     0.959949     0.0300209    0.409992
79     0.645605      0.362698     1.28165      0.984023
80    -0.400853     -1.26291     -0.797637    -0.546403
81     0.333326      0.933715     0.110219     0.186372
82     0.792013     -0.285235     0.319226     0.33654
83    -0.395499     -0.648701    -1.23346     -1.22656
84    -0.531926     -0.640257     0.295287    -0.00615309
85    -1.21864      -0.413755    -0.517793    -0.814092
86    -0.150372     -0.735098    -0.541257    -1.21823
87    -0.442105      0.126637    -0.787188    -0.0771782
88     0.213409     -0.42715      0.110609    -0.584347
89     1.10764       0.0667592    0.66005      0.579756
90    -1.18909      -0.175176    -0.982453    -1.21901
91    -0.00798531    1.04159      0.304393     0.175764
92    -0.440827      0.395192    -0.356696    -0.0710669
93     1.04347       0.288819     1.03256      0.225969
94    -0.33587      -1.28269     -1.04691     -1.29297
95    -0.211015      0.643361     0.392534     0.694145
96     0.325482      0.110002    -0.60878      0.188645
97     0.94582      -0.124237     0.181779     0.733636
98    -1.18882      -0.74621     -0.142609    -0.502866
99    -0.870932     -0.170638    -0.47355     -0.110671
100   -0.778234      0.0184583   -0.0985547   -0.464433

 [*,*,3]
:         1            2             3            4         :=
1      1.30991      0.66593      0.666762      0.22227
2     -0.998648    -0.503049     0.121929     -0.38845
3      0.947425     1.08132      0.405165      0.202446
4     -1.24858     -0.661349    -0.543869     -1.61775
5     -1.4956      -0.767437    -0.430702     -1.3392
6      0.796199     0.0111626    0.204286     -0.108569
7     -0.0902335    0.494888    -0.587455     -0.321546
8      0.192134    -0.915288    -0.242713     -0.484609
9      0.193257     0.764857     1.33333       0.609028
10     0.838492     1.48383      0.345669      1.07735
11     0.256411     0.53142      0.00288897    1.10119
12    -0.322184    -0.940222    -1.3744       -0.532654
13    -0.35123     -1.10246     -0.673731     -1.34714
14     0.605762    -0.504224    -0.375765      0.095967
15    -0.195357    -0.935586     0.185065     -0.328129
16    -0.572803     0.0732834   -0.720497     -0.839079
17    -0.43094     -0.76718     -1.49511      -0.48802
18    -0.746867     0.0873813   -0.955924     -0.430064
19    -0.812315    -1.74799     -1.74789      -1.4044
20     1.48586      1.48562      0.841012      0.734073
21    -1.74802     -1.74792     -1.74797      -0.92614
22     0.835211     1.48578      1.48582       0.72198
23     0.323487     1.19251      0.794519      0.144758
24     0.585335    -0.349998     0.13444      -0.502966
25     0.19111     -0.108746    -0.85217       0.0143484
26    -1.43122     -0.766497    -1.12003      -1.74802
27    -1.24388     -1.04163     -1.73143      -0.598574
28    -0.372595    -0.641327    -0.901175      0.105625
29    -1.04385     -0.999861    -0.777221     -1.74349
30     1.12799      0.830257     0.380636      0.453252
31    -0.37995     -0.894838    -1.51563      -0.869444
32    -0.763572     0.0699083    0.128912     -0.438562
33    -1.04153     -1.74798     -1.24371      -1.74788
34    -0.764384    -0.865176    -1.68238      -1.50977
35     1.45067      0.730519     1.4859        1.48585
36    -0.80843     -0.689841    -0.565769     -1.47314
37     1.14957      1.48538      0.549436      0.812056
38    -0.595134    -0.100977    -0.43824      -1.03624
39    -1.14701     -0.272404    -1.39671      -0.643698
40     0.0140034    1.00448      0.465037      0.726905
41     0.590005     0.661633     1.2141        1.48586
42     0.30686     -0.450741     0.460487      0.0174616
43    -0.709884    -0.805116    -0.228076     -0.21407
44    -0.246202    -0.184606    -0.987439     -1.10911
45     0.818726     0.0701744    0.340753      0.575828
46    -1.04435     -1.74786     -0.998514     -1.70414
47     0.843362     1.42616      0.72346       0.8266
48    -1.10253     -0.372522    -1.0871       -0.81006
49     1.14596      0.431638     0.0439958     0.393508
50     1.48589      1.48589      1.48518       0.683918
51     0.355734     0.67097      1.45274       1.25348
52     0.482312     0.247705     0.16149      -0.375239
53     0.682955    -0.128842    -0.299495     -0.0894499
54    -0.868528    -1.00329     -1.52242      -0.386597
55    -1.67003     -1.74801     -0.927686     -1.74793
56     0.618102     1.39292      0.842505      0.253182
57    -1.04792     -0.778018    -1.74301      -1.74799
58    -0.98952     -0.584848    -1.11369      -0.0182154
59    -0.187488     0.318943     0.73704       0.171514
60     0.0392748    0.700552    -0.428911      0.232804
61    -1.74803     -1.24956     -1.74802      -1.14299
62     1.48588      0.748122     0.34912       1.03913
63    -1.12502     -1.2627      -0.583639     -1.71571
64     0.643046    -0.348152     0.134686      0.587231
65    -1.00036     -1.7478      -1.70469      -0.943764
66    -0.170008    -0.266958     0.207806     -0.887981
67     1.48591      1.48571      1.48592       0.712177
68    -0.438083    -0.11909     -1.11953      -0.301779
69     1.12505      1.48592      0.747357      1.48588
70     0.73203      0.82902      0.0290494     0.823119
71    -0.772584     0.124676    -0.115395      0.0978466
72    -0.189098     0.189818    -0.484533      0.320229
73    -0.638104    -1.51924     -0.610314     -1.29501
74     0.522193    -0.43835      0.129352      0.0704996
75    -0.991581    -1.748       -1.74797      -1.74782
76    -0.711856    -1.33869     -0.3368       -0.653319
77    -1.74786     -1.74796     -0.975646     -1.74802
78    -1.74802     -1.74798     -1.74739      -1.11975
79     1.48589      1.16452      1.48583       0.734361
80    -1.50006     -1.06185     -0.939762     -0.553675
81     1.48588      1.4859       1.4859        0.689064
82     0.970854     0.96701      0.248444      1.38826
83    -0.0891832    0.47511      0.683444     -0.128572
84     0.14928      0.432494     0.0464352     1.14339
85     1.48558      1.00979      1.4856        0.648319
86     0.0131752    0.875322     0.795155      0.216176
87     1.14449      0.585188     0.634335      0.102796
88     0.734185     1.43904      0.834842      0.311823
89     0.711893     0.779358     0.129899      1.26634
90     1.37051      1.23243      0.660029      1.48585
91    -0.43065     -0.334781    -0.593049      0.234284
92    -1.61919     -1.58255     -1.24957      -0.544458
93    -0.336985    -0.398509     0.453944      0.261954
94    -1.54498     -1.74802     -1.74799      -0.927988
95    -0.213452    -0.227524     0.427796     -0.665985
96     1.48588      1.4859       1.48586       0.673137
97     0.664601     0.669479     0.223817      0.017405
98     0.144122     0.642833     0.194006     -0.459022
99    -1.59149     -1.74794     -0.904056     -0.991068
100   -0.816029    -0.575873     0.0546196     0.144992
;

radius = 1.29359
height = 3.234
softness = 0.3

---------------------------- Solution coords data ----------------------------
distances [*,1,*]
:     1   2   3   4    :=
1     0   1   0   1
2     0   1   0   1
3     0   1   0   1
4     0   1   0   1
5     0   1   0   1
6     0   1   0   1
7     0   1   0   1
8     0   1   0   1
9     0   1   0   1
10    0   1   0   1
11    0   1   0   1
12    0   1   0   1
13    0   1   0   1
14    0   1   0   1
15    0   1   0   1
16    0   1   0   1
17    0   1   0   1
18    0   1   0   1
19    0   1   0   1
20    0   1   0   1
21    0   1   0   1
22    0   1   0   1
23    0   1   0   1
24    0   1   0   1
25    0   1   0   1
26    0   1   0   1
27    0   1   0   1
28    0   1   0   1
29    0   1   0   1
30    0   1   0   1
31    0   1   0   1
32    0   1   0   1
33    0   1   0   1
34    0   1   0   1
35    0   1   0   1
36    0   1   0   1
37    0   1   0   1
38    0   1   0   1
39    0   1   0   1
40    0   1   0   1
41    0   1   0   1
42    0   1   0   1
43    0   1   0   1
44    0   1   0   1
45    0   1   0   1
46    0   1   0   1
47    0   1   0   1
48    0   1   0   1
49    0   1   0   1
50    0   1   0   1
51    0   1   0   1
52    0   1   0   1
53    0   1   0   1
54    0   1   0   1
55    0   1   0   1
56    0   1   0   1
57    0   1   0   1
58    0   1   0   1
59    0   1   0   1
60    0   1   0   1
61    0   1   0   1
62    0   1   0   1
63    0   1   0   1
64    0   1   0   1
65    0   1   0   1
66    0   1   0   1
67    0   1   0   1
68    0   1   0   1
69    0   1   0   1
70    0   1   0   1
71    0   1   0   1
72    0   1   0   1
73    0   1   0   1
74    0   1   0   1
75    0   1   0   1
76    0   1   0   1
77    0   1   0   1
78    0   1   0   1
79    0   1   0   1
80    0   1   0   1
81    0   1   0   1
82    0   1   0   1
83    0   1   0   1
84    0   1   0   1
85    0   1   0   1
86    0   1   0   1
87    0   1   0   1
88    0   1   0   1
89    0   1   0   1
90    0   1   0   1
91    0   1   0   1
92    0   1   0   1
93    0   1   0   1
94    0   1   0   1
95    0   1   0   1
96    0   1   0   1
97    0   1   0   1
98    0   1   0   1
99    0   1   0   1
100   0   1   0   1

 [*,2,*]
:     1   2   3   4    :=
1     0   0   1   1
2     0   0   1   1
3     0   0   1   1
4     0   0   1   1
5     0   0   1   1
6     0   0   1   1
7     0   0   1   1
8     0   0   1   1
9     0   0   1   1
10    0   0   1   1
11    0   0   1   1
12    0   0   1   1
13    0   0   1   1
14    0   0   1   1
15    0   0   1   1
16    0   0   1   1
17    0   0   1   1
18    0   0   1   1
19    0   0   1   1
20    0   0   1   1
21    0   0   1   1
22    0   0   1   1
23    0   0   1   1
24    0   0   1   1
25    0   0   1   1
26    0   0   1   1
27    0   0   1   1
28    0   0   1   1
29    0   0   1   1
30    0   0   1   1
31    0   0   1   1
32    0   0   1   1
33    0   0   1   1
34    0   0   1   1
35    0   0   1   1
36    0   0   1   1
37    0   0   1   1
38    0   0   1   1
39    0   0   1   1
40    0   0   1   1
41    0   0   1   1
42    0   0   1   1
43    0   0   1   1
44    0   0   1   1
45    0   0   1   1
46    0   0   1   1
47    0   0   1   1
48    0   0   1   1
49    0   0   1   1
50    0   0   1   1
51    0   0   1   1
52    0   0   1   1
53    0   0   1   1
54    0   0   1   1
55    0   0   1   1
56    0   0   1   1
57    0   0   1   1
58    0   0   1   1
59    0   0   1   1
60    0   0   1   1
61    0   0   1   1
62    0   0   1   1
63    0   0   1   1
64    0   0   1   1
65    0   0   1   1
66    0   0   1   1
67    0   0   1   1
68    0   0   1   1
69    0   0   1   1
70    0   0   1   1
71    0   0   1   1
72    0   0   1   1
73    0   0   1   1
74    0   0   1   1
75    0   0   1   1
76    0   0   1   1
77    0   0   1   1
78    0   0   1   1
79    0   0   1   1
80    0   0   1   1
81    0   0   1   1
82    0   0   1   1
83    0   0   1   1
84    0   0   1   1
85    0   0   1   1
86    0   0   1   1
87    0   0   1   1
88    0   0   1   1
89    0   0   1   1
90    0   0   1   1
91    0   0   1   1
92    0   0   1   1
93    0   0   1   1
94    0   0   1   1
95    0   0   1   1
96    0   0   1   1
97    0   0   1   1
98    0   0   1   1
99    0   0   1   1
100   0   0   1   1

 [*,3,*]
:     1   2   3   4    :=
1     1   0   0   1
2     1   0   0   1
3     1   0   0   1
4     1   0   0   1
5     1   0   0   1
6     1   0   0   1
7     1   0   0   1
8     1   0   0   1
9     1   0   0   1
10    1   0   0   1
11    1   0   0   1
12    1   0   0   1
13    1   0   0   1
14    1   0   0   1
15    1   0   0   1
16    1   0   0   1
17    1   0   0   1
18    1   0   0   1
19    1   0   0   1
20    1   0   0   1
21    1   0   0   1
22    1   0   0   1
23    1   0   0   1
24    1   0   0   1
25    1   0   0   1
26    1   0   0   1
27    1   0   0   1
28    1   0   0   1
29    1   0   0   1
30    1   0   0   1
31    1   0   0   1
32    1   0   0   1
33    1   0   0   1
34    1   0   0   1
35    1   0   0   1
36    1   0   0   1
37    1   0   0   1
38    1   0   0   1
39    1   0   0   1
40    1   0   0   1
41    1   0   0   1
42    1   0   0   1
43    1   0   0   1
44    1   0   0   1
45    1   0   0   1
46    1   0   0   1
47    1   0   0   1
48    1   0   0   1
49    1   0   0   1
50    1   0   0   1
51    1   0   0   1
52    1   0   0   1
53    1   0   0   1
54    1   0   0   1
55    1   0   0   1
56    1   0   0   1
57    1   0   0   1
58    1   0   0   1
59    1   0   0   1
60    1   0   0   1
61    1   0   0   1
62    1   0   0   1
63    1   0   0   1
64    1   0   0   1
65    1   0   0   1
66    1   0   0   1
67    1   0   0   1
68    1   0   0   1
69    1   0   0   1
70    1   0   0   1
71    1   0   0   1
72    1   0   0   1
73    1   0   0   1
74    1   0   0   1
75    1   0   0   1
76    1   0   0   1
77    1   0   0   1
78    1   0   0   1
79    1   0   0   1
80    1   0   0   1
81    1   0   0   1
82    1   0   0   1
83    1   0   0   1
84    1   0   0   1
85    1   0   0   1
86    1   0   0   1
87    1   0   0   1
88    1   0   0   1
89    1   0   0   1
90    1   0   0   1
91    1   0   0   1
92    1   0   0   1
93    1   0   0   1
94    1   0   0   1
95    1   0   0   1
96    1   0   0   1
97    1   0   0   1
98    1   0   0   1
99    1   0   0   1
100   1   0   0   1

 [*,4,*]
:     1   2   3   4    :=
1     1   1   1   0
2     1   1   1   0
3     1   1   1   0
4     1   1   1   0
5     1   1   1   0
6     1   1   1   0
7     1   1   1   0
8     1   1   1   0
9     1   1   1   0
10    1   1   1   0
11    1   1   1   0
12    1   1   1   0
13    1   1   1   0
14    1   1   1   0
15    1   1   1   0
16    1   1   1   0
17    1   1   1   0
18    1   1   1   0
19    1   1   1   0
20    1   1   1   0
21    1   1   1   0
22    1   1   1   0
23    1   1   1   0
24    1   1   1   0
25    1   1   1   0
26    1   1   1   0
27    1   1   1   0
28    1   1   1   0
29    1   1   1   0
30    1   1   1   0
31    1   1   1   0
32    1   1   1   0
33    1   1   1   0
34    1   1   1   0
35    1   1   1   0
36    1   1   1   0
37    1   1   1   0
38    1   1   1   0
39    1   1   1   0
40    1   1   1   0
41    1   1   1   0
42    1   1   1   0
43    1   1   1   0
44    1   1   1   0
45    1   1   1   0
46    1   1   1   0
47    1   1   1   0
48    1   1   1   0
49    1   1   1   0
50    1   1   1   0
51    1   1   1   0
52    1   1   1   0
53    1   1   1   0
54    1   1   1   0
55    1   1   1   0
56    1   1   1   0
57    1   1   1   0
58    1   1   1   0
59    1   1   1   0
60    1   1   1   0
61    1   1   1   0
62    1   1   1   0
63    1   1   1   0
64    1   1   1   0
65    1   1   1   0
66    1   1   1   0
67    1   1   1   0
68    1   1   1   0
69    1   1   1   0
70    1   1   1   0
71    1   1   1   0
72    1   1   1   0
73    1   1   1   0
74    1   1   1   0
75    1   1   1   0
76    1   1   1   0
77    1   1   1   0
78    1   1   1   0
79    1   1   1   0
80    1   1   1   0
81    1   1   1   0
82    1   1   1   0
83    1   1   1   0
84    1   1   1   0
85    1   1   1   0
86    1   1   1   0
87    1   1   1   0
88    1   1   1   0
89    1   1   1   0
90    1   1   1   0
91    1   1   1   0
92    1   1   1   0
93    1   1   1   0
94    1   1   1   0
95    1   1   1   0
96    1   1   1   0
97    1   1   1   0
98    1   1   1   0
99    1   1   1   0
100   1   1   1   0
;

---------------------------- Solution stats data ----------------------------
_ampl_time = 0.527782
_total_solve_time = 53432.6
_ampl_elapsed_time = 0.523402
_ampl_user_time = 0.4542

Total time elapsed: $53432.55.
_total_solve_time = 53432.6

---------------------------- Solution miscs data ----------------------------
tetrahedron_volume [*] :=
  1 0.117851    21 0.117851    41 0.117851    61 0.117851    81 0.117851
  2 0.117851    22 0.117851    42 0.117851    62 0.117851    82 0.117851
  3 0.117851    23 0.117851    43 0.117851    63 0.117851    83 0.117851
  4 0.117851    24 0.117851    44 0.117851    64 0.117851    84 0.117851
  5 0.117851    25 0.117851    45 0.117851    65 0.117851    85 0.117851
  6 0.117851    26 0.117851    46 0.117851    66 0.117851    86 0.117851
  7 0.117851    27 0.117851    47 0.117851    67 0.117851    87 0.117851
  8 0.117851    28 0.117851    48 0.117851    68 0.117851    88 0.117851
  9 0.117851    29 0.117851    49 0.117851    69 0.117851    89 0.117851
 10 0.117851    30 0.117851    50 0.117851    70 0.117851    90 0.117851
 11 0.117851    31 0.117851    51 0.117851    71 0.117851    91 0.117851
 12 0.117851    32 0.117851    52 0.117851    72 0.117851    92 0.117851
 13 0.117851    33 0.117851    53 0.117851    73 0.117851    93 0.117851
 14 0.117851    34 0.117851    54 0.117851    74 0.117851    94 0.117851
 15 0.117851    35 0.117851    55 0.117851    75 0.117851    95 0.117851
 16 0.117851    36 0.117851    56 0.117851    76 0.117851    96 0.117851
 17 0.117851    37 0.117851    57 0.117851    77 0.117851    97 0.117851
 18 0.117851    38 0.117851    58 0.117851    78 0.117851    98 0.117851
 19 0.117851    39 0.117851    59 0.117851    79 0.117851    99 0.117851
 20 0.117851    40 0.117851    60 0.117851    80 0.117851   100 0.117851
;

---------------------------- Solution miscs data ----------------------------
tetrahedron_surface_area [*] :=
  1 0    11 0    21 0    31 0    41 0    51 0    61 0    71 0    81 0    91 0
  2 0    12 0    22 0    32 0    42 0    52 0    62 0    72 0    82 0    92 0
  3 0    13 0    23 0    33 0    43 0    53 0    63 0    73 0    83 0    93 0
  4 0    14 0    24 0    34 0    44 0    54 0    64 0    74 0    84 0    94 0
  5 0    15 0    25 0    35 0    45 0    55 0    65 0    75 0    85 0    95 0
  6 0    16 0    26 0    36 0    46 0    56 0    66 0    76 0    86 0    96 0
  7 0    17 0    27 0    37 0    47 0    57 0    67 0    77 0    87 0    97 0
  8 0    18 0    28 0    38 0    48 0    58 0    68 0    78 0    88 0    98 0
  9 0    19 0    29 0    39 0    49 0    59 0    69 0    79 0    89 0    99 0
 10 0    20 0    30 0    40 0    50 0    60 0    70 0    80 0    90 0   100 0
;

