Error at _cmdno 5 executing "solve" command
(file amplin, line 1977, offset 37900):
error processing param distances:
	3600 invalid subscripts discarded:
	distances[76,1,1]
	distances[76,1,2]
	distances[76,1,3]
	and 3597 more.
##### This license is only intended for use by NEOS. #####
##### License is valid until Jan 16, 2026 #####
ariables.
Adjusted problem:
14776 variables:
	9225 nonlinear variables
	5551 linear variables
30525 constraints; 179175 nonzeros
	25950 nonlinear constraints
	4575 linear constraints
	2850 equality constraints
	27675 inequality constraints
1 linear objective; 1 nonzero.

Artelys Knitro 14.2.0: threads=4
algorithm=1
ms_enable=1
ms_maxsolves=10
feastol=1e-5
opttol=1e-5
honorbnds=1
bar_initpt=3
bar_murule=4
scale=1
outlev=2
maxtime_real=1200
WARNING:  Option 'threads' is deprecated, please use 'numthreads'.

=======================================
           Academic License
       (NOT FOR COMMERCIAL USE)
         Artelys Knitro 14.2.0
=======================================

No start point provided -- Knitro computing one.

Knitro presolve eliminated 0 variables and 0 constraints.

algorithm                1
bar_initpt               3
bar_murule               4
concurrent_evals         0
datacheck                0
feastol                  1e-05
findiff_numthreads       1
hessian_no_f             1
hessopt                  1
honorbnds                1
maxtime_real             1200
ms_enable                1
ms_maxsolves             10
numthreads               4
opttol                   1e-05

Problem Characteristics                                 (   Presolved)
-----------------------
Objective goal:  Minimize
Objective type:  linear
Number of variables:                              14776 (       14776)
    bounded below only:                             901 (         901)
    bounded above only:                               0 (           0)
    bounded below and above:                          0 (           0)
    fixed:                                            0 (           0)
    free:                                         13875 (       13875)
Number of constraints:                            30525 (       30525)
    linear equalities:                                0 (           0)
    quadratic equalities:                          2775 (        2775)
    gen. nonlinear equalities:                       75 (          75)
    linear one-sided inequalities:                 4575 (        4575)
    quadratic one-sided inequalities:             23100 (       23100)
    gen. nonlinear one-sided inequalities:            0 (           0)
    linear two-sided inequalities:                    0 (           0)
    quadratic two-sided inequalities:                 0 (           0)
    gen. nonlinear two-sided inequalities:            0 (           0)
Number of nonzeros in Jacobian:                  179175 (      179175)
Number of nonzeros in Hessian:                    80775 (       80775)

Knitro parallel multistart will run with 4 threads.

Return codes description
------------------------
  0:  The final solution satisfies the termination conditions for verifying optimality.
  -100 to -199:  A feasible approximate solution was found.
  -200 to -299:  Knitro terminated at an infeasible point.
  -300 to -301:  The problem was determined to be unbounded.
  -400 to -499:  Knitro terminated because it reached a pre-defined limit.
    -400 to -409:  A feasible point was found.
    -410 to -419:  No feasible point was found.
  -500 to -599:  Knitro terminated with an input error or some non-standard error.
A more detailed description of individual return codes and their corresponding
termination messages is provided at
https://www.artelys.com/app/docs/knitro/3_referenceManual/returnCodes.html

 Solve #  ThreadID  Status     Objective      FeasError    OptError    Real Time 
--------  --------  ------  --------------   ----------   ----------  ----------
      3          2    -202         3401.51      54263.5      87.6349      155.479
      0          0       0         1.17451  8.42408e-05  6.37631e-06      607.975
      8          1    -202         3765.79      63246.0      150.625      742.319
      7          3    -410         399.269  7.59390e-03  7.51398e-02      2636.67
      9          0    -410         590.786  1.60194e-02  1.44467e-02      2511.35
      4          2    -410         903.410  7.64720e-03     0.290709      2792.42
      1          1    -410         901.357      24.9663     0.997291      3109.69
      2          3    -410         6563.19      2.08099     0.249983      3004.26
      5          0    -410         4318.49      5.24371     0.999815      2690.08
      6          2    -410         2672.01  5.37075e-03     0.210406      2769.87

MULTISTART: Best locally optimal solution is returned.
EXIT: Locally optimal solution found.

Final Statistics
----------------
Final objective value               =   1.17450948955003e+00
Final feasibility error (abs / rel) =   8.42e-05 / 4.65e-06
Final optimality error  (abs / rel) =   6.38e-06 / 6.38e-06
# of iterations                     =      75838 
# of CG iterations                  =          0 
# of function evaluations           =      89189
# of gradient evaluations           =      76061
# of Hessian evaluations            =      75890
Total program time (secs)           =    5811.06885 ( 20913.170 CPU time)

===============================================================================

Knitro 14.2.0: Locally optimal or satisfactory solution.
objective 1.17450949; feasibility error 8.42e-05
75838 iterations; 89189 function evaluations

suffix feaserror OUT;
suffix opterror OUT;
suffix numfcevals OUT;
suffix numiters OUT;
---------------------------- Container and geometric considerations  ----------------------------
Container type: cube
Structural conservation type: surface
---------------------------- Solution execution data ----------------------------
solve_result_num = 0
solve_result = solved

---------------------------- Solution data ----------------------------
card(figures) = 75

coords [*,*,1]
:       1         2         3         4       :=
1    20.5727   19.6209   20.4166   20.1009
2    20.4545   20.1516   20.5551   20.0023
3    20.4554   20.5872   19.9142   20.0485
4    20.3266   19.4127   19.7757   20.1406
5    20.4006   20.5851   19.8406   20.0164
6    19.5765   19.9974   20.4174   20.5872
7    19.9973   20.5872   20.4175   19.5769
8    20.5873   20.4309   20.5873   20.1943
9    19.4127   20.1943   20.4309   19.5384
10   19.9141   19.4127   19.4865   20.0177
11   19.7176   19.4128   19.7099   20.1074
12   19.4127   19.4127   19.6846   19.6111
13   20.3981   19.4127   19.807    20.5872
14   20.1486   20.0028   20.4649   20.559
15   20.5369   19.4127   19.8994   19.4127
16   20.0358   20.5869   20.4558   19.9328
17   20.3027   19.4131   19.7332   20.1246
18   20.5872   20.0273   19.9141   20.4383
19   20.4558   19.9399   20.5872   20.025
20   19.4128   20.2243   19.7705   19.4171
21   19.9137   20.0191   19.4865   19.4128
22   20.572    20.2765   19.7421   20.5743
23   20.4309   20.1943   19.5173   19.4127
24   19.9143   20.0484   20.4554   20.5872
25   20.5526   19.8294   20.5771   20.0151
26   19.9975   20.5872   19.5764   20.4174
27   19.5563   20.4084   20.0031   20.5864
28   19.4128   19.5108   19.9531   19.9797
29   20.587    20.0732   20.5872   20.028
30   19.9745   19.9494   19.4127   19.5029
31   20.5868   20.0454   19.9164   20.4555
32   19.4127   19.5144   20.5872   20.2358
33   20.5873   20.5873   19.9963   20.5873
34   19.9142   20.0486   20.4554   20.5872
35   19.4127   20.5873   19.4127   20.1687
36   20.3034   20.1273   19.7357   19.4132
37   20.0734   20.0258   19.524    19.4127
38   20.5873   20.5873   20.1943   20.4309
39   20.5873   20.5873   20.1943   20.4309
40   19.5091   19.9536   19.4128   19.9781
41   19.4127   19.7727   19.4127   19.4127
42   19.7705   20.2242   19.4171   19.4128
43   20.5865   20.4555   19.9169   20.0443
44   20.018    19.4864   19.4128   19.9139
45   19.501    19.4127   19.9868   19.9451
46   20.1438   20.4937   20.5639   20.0056
47   19.4127   20.4309   19.55     20.1943
48   20.048    20.5871   19.9145   20.4554
49   20.0034   20.5599   20.4737   20.1463
50   20.4127   19.4128   20.1939   19.8642
51   20.4554   20.5869   19.9154   20.0464
52   19.7334   19.4131   20.3027   20.1247
53   19.9893   19.9399   19.5004   19.4127
54   19.9156   20.4555   20.5869   20.0464
55   19.4127   20.5872   20.1687   19.4127
56   19.8046   20.5443   20.0491   20.574
57   20.5258   20.5496   19.9714   19.7305
58   20.0735   19.5424   20.033    19.4127
59   19.4127   19.6823   19.6112   19.4127
60   20.1687   20.5873   19.4127   19.4127
61   20.5448   20.5747   20.0253   19.7961
62   19.4865   20.0177   19.4127   19.9141
63   19.9543   19.4128   19.9633   19.4959
64   20.1286   19.7549   20.3179   19.4129
65   20.5873   20.5873   19.9963   20.1687
66   19.5093   19.9485   19.988    19.4127
67   20.1938   20.4307   19.452    19.4733
68   20.1943   19.4127   20.4309   19.5467
69   20.0038   20.1943   19.4127   20.4309
70   20.3826   19.7463   20.5734   20.5635
71   20.0277   20.587    19.9406   20.4563
72   20.1943   20.4309   20.5873   20.5873
73   20.5873   20.3476   19.7914   19.5592
74   20.4555   20.0465   20.5869   19.9155
75   20.1943   19.4127   20.4309   19.5515

 [*,*,2]
:       1         2         3         4       :=
1    20.5866   20.5448   19.9385   19.4597
2    19.4247   20.4486   20.4787   19.4276
3    19.5629   20.5873   20.5872   19.4127
4    19.5879   19.4127   20.5873   19.4127
5    19.4128   20.5685   19.6172   20.5058
6    20.5468   19.4127   19.5329   20.5873
7    19.4127   20.5873   19.5343   20.5485
8    20.5873   19.4127   19.9057   20.5873
9    19.7158   20.5873   19.4127   19.4127
10   20.5872   19.4127   20.4368   19.4127
11   20.5872   19.4127   19.7822   19.4127
12   20.4219   19.4127   19.4449   20.5872
13   19.4127   20.2368   20.5873   20.5873
14   20.4253   19.4283   19.4265   20.4681
15   19.4127   19.4127   20.5873   19.4127
16   19.4127   20.5872   19.5621   20.5872
17   19.6121   19.4128   20.5856   19.4128
18   20.5872   19.4128   20.5839   19.5484
19   19.5621   20.5872   20.5873   19.4127
20   19.4127   19.474    20.5872   19.9581
21   20.5868   19.4136   20.4359   19.4128
22   20.587    20.5869   19.9819   19.4129
23   19.4128   20.5872   19.4127   19.705
24   20.5872   19.4127   19.5629   20.5872
25   20.5861   19.916    19.417    20.4945
26   19.4127   20.5873   20.5462   19.5324
27   20.5196   19.5169   19.4128   20.5872
28   19.4128   20.4968   20.5871   19.4128
29   20.5873   20.5801   19.4473   19.4127
30   19.4128   20.5872   19.4127   20.4994
31   20.5872   19.4128   20.5866   19.5628
32   20.4282   20.5873   20.5873   19.4127
33   19.4127   20.4146   19.4127   19.4127
34   20.5872   19.4127   19.5629   20.5873
35   20.5873   20.5873   20.5873   20.5873
36   19.6108   19.4128   20.5854   19.4129
37   20.5872   19.5238   20.5872   19.6524
38   20.5873   19.9057   20.5873   19.4127
39   19.9057   20.5873   20.5872   19.4127
40   20.4979   20.5871   19.4128   19.4128
41   19.5937   20.2814   20.5871   19.4127
42   20.5872   19.4739   19.9584   19.4127
43   20.5872   19.5628   20.5863   19.4128
44   19.4128   20.4364   19.4127   20.5872
45   20.4838   19.4127   19.4128   20.5872
46   20.3753   19.4343   20.4608   19.4346
47   19.7222   19.4127   19.4127   20.5873
48   19.4128   20.5872   20.5871   19.5628
49   19.4294   20.467    19.4282   20.407
50   19.6139   19.7198   20.5862   20.5843
51   19.5629   20.5872   20.5866   19.4128
52   20.5856   19.4128   19.6121   19.4128
53   19.4127   20.5872   20.4806   19.4127
54   20.5867   19.5628   20.5872   19.4128
55   20.5873   20.5873   20.5873   20.5873
56   19.9513   20.5818   20.5384   19.4238
57   20.5584   19.4767   20.5293   20.0081
58   20.5872   20.5872   19.5239   19.6519
59   20.3899   19.4128   20.5873   19.4127
60   20.5873   20.5873   20.5873   20.5873
61   20.5838   19.4246   20.5112   19.9613
62   20.4368   19.4128   19.4127   20.5872
63   20.5871   19.4128   19.4128   20.5094
64   19.4128   20.5869   19.6035   19.4132
65   19.4127   20.4146   19.4127   20.5873
66   20.4861   20.5872   19.4128   19.4127
67   20.5871   19.4128   19.7283   19.4128
68   20.5873   19.7203   19.4127   19.4127
69   19.4127   20.5873   19.723    19.4127
70   20.5076   19.9966   19.4175   20.5864
71   19.4127   20.5872   20.5872   19.5611
72   20.5872   19.4127   20.5873   19.9057
73   20.5873   19.551    20.5524   20.5872
74   19.5628   19.4128   20.5872   20.5867
75   20.5873   19.723    19.4127   19.4127

 [*,*,3]
:       1         2         3         4       :=
1    20.572    19.5757   20.524    20.2771
2    20.1733   19.4182   20.083    19.4191
3    20.5873   20.5872   19.8784   20.1791
4    20.4936   19.4779   19.7204   20.3073
5    20.5489   20.5871   19.9232   19.9889
6    20.1461   20.3727   20.5522   20.5872
7    20.3727   20.5872   20.5522   20.1462
8    20.5873   20.137    20.5873   19.4554
9    19.4127   19.4554   20.137    19.6209
10   19.8781   19.4779   19.4127   20.1671
11   19.6836   19.4779   20.411    20.2908
12   19.4188   19.4779   20.3524   20.0486
13   20.5482   20.086    20.3261   20.5873
14   19.4189   19.4199   20.1902   20.0921
15   20.5873   20.271    20.5873   20.5873
16   20.1598   20.5867   20.5873   19.8885
17   20.4937   19.4783   19.702    20.311
18   20.5872   20.1738   19.8787   20.5712
19   20.5873   19.8966   20.587    20.1542
20   19.4779   20.4198   19.7454   19.4128
21   19.8775   20.1686   19.4128   19.478
22   20.5453   20.2122   19.6303   20.57
23   20.1369   19.4553   19.5969   19.4127
24   19.8784   20.179    20.5873   20.5871
25   20.5274   19.733    20.5763   19.929
26   20.3728   20.5872   20.1461   20.5522
27   20.1383   20.5489   20.3752   20.5869
28   19.4779   19.4128   19.9017   20.1234
29   20.5867   19.9933   20.5873   20.1505
30   20.1176   19.9076   19.4779   19.4127
31   20.5867   20.1756   19.8806   20.5872
32   20.1975   20.483    20.5873   20.4939
33   20.3974   20.1523   19.4127   19.4127
34   19.8783   20.1791   20.5873   20.5872
35   19.4127   20.1342   20.4231   19.4127
36   20.4947   20.3141   19.705    19.4784
37   19.9923   20.132    19.4127   19.4397
38   20.5873   20.5873   19.4554   20.137
39   20.5873   20.5873   19.4554   20.137
40   19.4128   19.9023   19.4779   20.1217
41   19.4673   20.5873   20.4229   20.5873
42   19.7455   20.4196   19.4128   19.4779
43   20.5864   20.5872   19.8812   20.1745
44   20.1675   19.4127   19.4779   19.8779
45   19.4127   19.4779   20.1316   19.8948
46   19.4231   20.2362   20.1021   19.423
47   19.4127   20.137    19.6342   19.4554
48   20.1786   20.587    19.8786   20.5872
49   19.4206   20.0939   20.2044   19.4195
50   20.3577   19.4154   19.4585   19.547
51   20.5872   20.5868   19.8797   20.1769
52   19.7021   19.4783   20.4937   20.311
53   20.1344   19.8966   19.4127   19.4779
54   19.8798   20.5872   20.5867   20.1768
55   20.4231   20.1342   19.4127   19.4127
56   19.702    20.5157   19.9635   20.5714
57   20.4946   20.5422   19.876    19.6172
58   19.9924   19.4127   20.1399   19.4397
59   19.4127   20.3468   20.0487   19.4779
60   19.4127   20.1342   20.4231   19.4127
61   20.5173   20.573    19.9386   19.6936
62   19.4127   20.1672   19.4779   19.878
63   19.9133   19.4779   20.1049   19.4128
64   20.3145   19.6969   20.4815   19.478
65   19.4127   20.1523   19.4127   19.4127
66   19.4127   19.8944   20.1329   19.4779
67   19.4549   20.1366   19.4127   19.4128
68   19.4554   19.4127   20.137    19.6304
69   20.1513   19.4554   19.4127   20.137
70   20.0449   19.6301   20.5674   20.528
71   20.151    20.5867   19.8969   20.5873
72   19.4554   20.137    20.5873   20.5873
73   20.5873   20.521    19.7542   20.137
74   20.5872   20.1769   20.5868   19.8797
75   19.4554   19.4127   20.137    19.6359
;

side = 1.17451
softness = 0.9

---------------------------- Solution coords data ----------------------------
distances [*,1,*]
:    1   2   3   4    :=
1    0   1   0   1
2    0   1   0   1
3    0   1   0   1
4    0   1   0   1
5    0   1   0   1
6    0   1   0   1
7    0   1   0   1
8    0   1   0   1
9    0   1   0   1
10   0   1   0   1
11   0   1   0   1
12   0   1   0   1
13   0   1   0   1
14   0   1   0   1
15   0   1   0   1
16   0   1   0   1
17   0   1   0   1
18   0   1   0   1
19   0   1   0   1
20   0   1   0   1
21   0   1   0   1
22   0   1   0   1
23   0   1   0   1
24   0   1   0   1
25   0   1   0   1
26   0   1   0   1
27   0   1   0   1
28   0   1   0   1
29   0   1   0   1
30   0   1   0   1
31   0   1   0   1
32   0   1   0   1
33   0   1   0   1
34   0   1   0   1
35   0   1   0   1
36   0   1   0   1
37   0   1   0   1
38   0   1   0   1
39   0   1   0   1
40   0   1   0   1
41   0   1   0   1
42   0   1   0   1
43   0   1   0   1
44   0   1   0   1
45   0   1   0   1
46   0   1   0   1
47   0   1   0   1
48   0   1   0   1
49   0   1   0   1
50   0   1   0   1
51   0   1   0   1
52   0   1   0   1
53   0   1   0   1
54   0   1   0   1
55   0   1   0   1
56   0   1   0   1
57   0   1   0   1
58   0   1   0   1
59   0   1   0   1
60   0   1   0   1
61   0   1   0   1
62   0   1   0   1
63   0   1   0   1
64   0   1   0   1
65   0   1   0   1
66   0   1   0   1
67   0   1   0   1
68   0   1   0   1
69   0   1   0   1
70   0   1   0   1
71   0   1   0   1
72   0   1   0   1
73   0   1   0   1
74   0   1   0   1
75   0   1   0   1

 [*,2,*]
:    1   2   3   4    :=
1    0   0   1   1
2    0   0   1   1
3    0   0   1   1
4    0   0   1   1
5    0   0   1   1
6    0   0   1   1
7    0   0   1   1
8    0   0   1   1
9    0   0   1   1
10   0   0   1   1
11   0   0   1   1
12   0   0   1   1
13   0   0   1   1
14   0   0   1   1
15   0   0   1   1
16   0   0   1   1
17   0   0   1   1
18   0   0   1   1
19   0   0   1   1
20   0   0   1   1
21   0   0   1   1
22   0   0   1   1
23   0   0   1   1
24   0   0   1   1
25   0   0   1   1
26   0   0   1   1
27   0   0   1   1
28   0   0   1   1
29   0   0   1   1
30   0   0   1   1
31   0   0   1   1
32   0   0   1   1
33   0   0   1   1
34   0   0   1   1
35   0   0   1   1
36   0   0   1   1
37   0   0   1   1
38   0   0   1   1
39   0   0   1   1
40   0   0   1   1
41   0   0   1   1
42   0   0   1   1
43   0   0   1   1
44   0   0   1   1
45   0   0   1   1
46   0   0   1   1
47   0   0   1   1
48   0   0   1   1
49   0   0   1   1
50   0   0   1   1
51   0   0   1   1
52   0   0   1   1
53   0   0   1   1
54   0   0   1   1
55   0   0   1   1
56   0   0   1   1
57   0   0   1   1
58   0   0   1   1
59   0   0   1   1
60   0   0   1   1
61   0   0   1   1
62   0   0   1   1
63   0   0   1   1
64   0   0   1   1
65   0   0   1   1
66   0   0   1   1
67   0   0   1   1
68   0   0   1   1
69   0   0   1   1
70   0   0   1   1
71   0   0   1   1
72   0   0   1   1
73   0   0   1   1
74   0   0   1   1
75   0   0   1   1

 [*,3,*]
:    1   2   3   4    :=
1    1   0   0   1
2    1   0   0   1
3    1   0   0   1
4    1   0   0   1
5    1   0   0   1
6    1   0   0   1
7    1   0   0   1
8    1   0   0   1
9    1   0   0   1
10   1   0   0   1
11   1   0   0   1
12   1   0   0   1
13   1   0   0   1
14   1   0   0   1
15   1   0   0   1
16   1   0   0   1
17   1   0   0   1
18   1   0   0   1
19   1   0   0   1
20   1   0   0   1
21   1   0   0   1
22   1   0   0   1
23   1   0   0   1
24   1   0   0   1
25   1   0   0   1
26   1   0   0   1
27   1   0   0   1
28   1   0   0   1
29   1   0   0   1
30   1   0   0   1
31   1   0   0   1
32   1   0   0   1
33   1   0   0   1
34   1   0   0   1
35   1   0   0   1
36   1   0   0   1
37   1   0   0   1
38   1   0   0   1
39   1   0   0   1
40   1   0   0   1
41   1   0   0   1
42   1   0   0   1
43   1   0   0   1
44   1   0   0   1
45   1   0   0   1
46   1   0   0   1
47   1   0   0   1
48   1   0   0   1
49   1   0   0   1
50   1   0   0   1
51   1   0   0   1
52   1   0   0   1
53   1   0   0   1
54   1   0   0   1
55   1   0   0   1
56   1   0   0   1
57   1   0   0   1
58   1   0   0   1
59   1   0   0   1
60   1   0   0   1
61   1   0   0   1
62   1   0   0   1
63   1   0   0   1
64   1   0   0   1
65   1   0   0   1
66   1   0   0   1
67   1   0   0   1
68   1   0   0   1
69   1   0   0   1
70   1   0   0   1
71   1   0   0   1
72   1   0   0   1
73   1   0   0   1
74   1   0   0   1
75   1   0   0   1

 [*,4,*]
:    1   2   3   4    :=
1    1   1   1   0
2    1   1   1   0
3    1   1   1   0
4    1   1   1   0
5    1   1   1   0
6    1   1   1   0
7    1   1   1   0
8    1   1   1   0
9    1   1   1   0
10   1   1   1   0
11   1   1   1   0
12   1   1   1   0
13   1   1   1   0
14   1   1   1   0
15   1   1   1   0
16   1   1   1   0
17   1   1   1   0
18   1   1   1   0
19   1   1   1   0
20   1   1   1   0
21   1   1   1   0
22   1   1   1   0
23   1   1   1   0
24   1   1   1   0
25   1   1   1   0
26   1   1   1   0
27   1   1   1   0
28   1   1   1   0
29   1   1   1   0
30   1   1   1   0
31   1   1   1   0
32   1   1   1   0
33   1   1   1   0
34   1   1   1   0
35   1   1   1   0
36   1   1   1   0
37   1   1   1   0
38   1   1   1   0
39   1   1   1   0
40   1   1   1   0
41   1   1   1   0
42   1   1   1   0
43   1   1   1   0
44   1   1   1   0
45   1   1   1   0
46   1   1   1   0
47   1   1   1   0
48   1   1   1   0
49   1   1   1   0
50   1   1   1   0
51   1   1   1   0
52   1   1   1   0
53   1   1   1   0
54   1   1   1   0
55   1   1   1   0
56   1   1   1   0
57   1   1   1   0
58   1   1   1   0
59   1   1   1   0
60   1   1   1   0
61   1   1   1   0
62   1   1   1   0
63   1   1   1   0
64   1   1   1   0
65   1   1   1   0
66   1   1   1   0
67   1   1   1   0
68   1   1   1   0
69   1   1   1   0
70   1   1   1   0
71   1   1   1   0
72   1   1   1   0
73   1   1   1   0
74   1   1   1   0
75   1   1   1   0
;

---------------------------- Solution stats data ----------------------------
_ampl_time = 0.124474
_total_solve_time = 20913.6
_ampl_elapsed_time = 0.12123
_ampl_user_time = 0.102564

Total time elapsed: $20913.61.
_total_solve_time = 20913.6

---------------------------- Solution miscs data ----------------------------
tetrahedron_volume [*] :=
 1 0    8 0   15 0   22 0   29 0   36 0   43 0   50 0   57 0   64 0   71 0
 2 0    9 0   16 0   23 0   30 0   37 0   44 0   51 0   58 0   65 0   72 0
 3 0   10 0   17 0   24 0   31 0   38 0   45 0   52 0   59 0   66 0   73 0
 4 0   11 0   18 0   25 0   32 0   39 0   46 0   53 0   60 0   67 0   74 0
 5 0   12 0   19 0   26 0   33 0   40 0   47 0   54 0   61 0   68 0   75 0
 6 0   13 0   20 0   27 0   34 0   41 0   48 0   55 0   62 0   69 0
 7 0   14 0   21 0   28 0   35 0   42 0   49 0   56 0   63 0   70 0
;

---------------------------- Solution miscs data ----------------------------
tetrahedron_surface_area [*] :=
 1 1.73205   14 1.73205   27 1.73205   40 1.73205   53 1.73205   66 1.73205
 2 1.73205   15 1.73205   28 1.73205   41 1.73205   54 1.73205   67 1.73205
 3 1.73205   16 1.73205   29 1.73205   42 1.73205   55 1.73205   68 1.73205
 4 1.73205   17 1.73205   30 1.73205   43 1.73205   56 1.73205   69 1.73205
 5 1.73205   18 1.73205   31 1.73205   44 1.73205   57 1.73205   70 1.73205
 6 1.73205   19 1.73205   32 1.73205   45 1.73205   58 1.73205   71 1.73205
 7 1.73205   20 1.73205   33 1.73205   46 1.73205   59 1.73205   72 1.73205
 8 1.73205   21 1.73205   34 1.73205   47 1.73205   60 1.73205   73 1.73205
 9 1.73205   22 1.73205   35 1.73205   48 1.73205   61 1.73205   74 1.73205
10 1.73205   23 1.73205   36 1.73205   49 1.73205   62 1.73205   75 1.73205
11 1.73205   24 1.73205   37 1.73205   50 1.73205   63 1.73205
12 1.73205   25 1.73205   38 1.73205   51 1.73205   64 1.73205
13 1.73205   26 1.73205   39 1.73205   52 1.73205   65 1.73205
;

