Error at _cmdno 5 executing "solve" command
(file amplin, line 2001, offset 39164):
error processing param distances:
	4000 invalid subscripts discarded:
	distances[51,1,1]
	distances[51,1,2]
	distances[51,1,3]
	and 3997 more.
##### This license is only intended for use by NEOS. #####
##### License is valid until Jan 16, 2026 #####
ariables.
Substitution eliminates 1 variable.
Adjusted problem:
6728 variables:
	4278 nonlinear variables
	2450 linear variables
13553 constraints; 80931 nonzeros
	11925 nonlinear constraints
	1628 linear constraints
	1326 equality constraints
	12227 inequality constraints
1 nonlinear objective; 3 nonzeros.

Artelys Knitro 14.2.0: threads=4
algorithm=1
ms_enable=1
ms_maxsolves=10
feastol=1e-5
opttol=1e-5
honorbnds=1
bar_initpt=3
bar_murule=4
scale=1
outlev=2
maxtime_real=3600
WARNING:  Option 'threads' is deprecated, please use 'numthreads'.
WARNING: 1 constraint is constant or undefined and will be ignored.

=======================================
           Academic License
       (NOT FOR COMMERCIAL USE)
         Artelys Knitro 14.2.0
=======================================

No start point provided -- Knitro computing one.

Knitro presolve eliminated 0 variables and 1 constraint.

algorithm                1
bar_initpt               3
bar_murule               4
concurrent_evals         0
datacheck                0
feastol                  1e-05
findiff_numthreads       1
hessian_no_f             1
hessopt                  1
honorbnds                1
maxtime_real             3600
ms_enable                1
ms_maxsolves             10
numthreads               4
opttol                   1e-05

Problem Characteristics                                 (   Presolved)
-----------------------
Objective goal:  Minimize
Objective type:  general
Number of variables:                               6728 (        6728)
    bounded below only:                               1 (           1)
    bounded above only:                               0 (           0)
    bounded below and above:                          0 (           0)
    fixed:                                            0 (           0)
    free:                                          6727 (        6727)
Number of constraints:                            13553 (       13552)
    linear equalities:                                1 (           0)
    quadratic equalities:                          1225 (        1225)
    gen. nonlinear equalities:                      100 (         100)
    linear one-sided inequalities:                 1627 (        1627)
    quadratic one-sided inequalities:             10600 (       10600)
    gen. nonlinear one-sided inequalities:            0 (           0)
    linear two-sided inequalities:                    0 (           0)
    quadratic two-sided inequalities:                 0 (           0)
    gen. nonlinear two-sided inequalities:            0 (           0)
Number of nonzeros in Jacobian:                   80931 (       80931)
Number of nonzeros in Hessian:                    36978 (       36978)

Knitro parallel multistart will run with 4 threads.

Return codes description
------------------------
  0:  The final solution satisfies the termination conditions for verifying optimality.
  -100 to -199:  A feasible approximate solution was found.
  -200 to -299:  Knitro terminated at an infeasible point.
  -300 to -301:  The problem was determined to be unbounded.
  -400 to -499:  Knitro terminated because it reached a pre-defined limit.
    -400 to -409:  A feasible point was found.
    -410 to -419:  No feasible point was found.
  -500 to -599:  Knitro terminated with an input error or some non-standard error.
A more detailed description of individual return codes and their corresponding
termination messages is provided at
https://www.artelys.com/app/docs/knitro/3_referenceManual/returnCodes.html

 Solve #  ThreadID  Status     Objective      FeasError    OptError    Real Time 
--------  --------  ------  --------------   ----------   ----------  ----------
      3          1    -410     1.44612e+10      857324.      2810.14      2678.08
      2          3    -410     1.04752e+11      271.465      35274.3      3156.56
      8          0    -410     1.17494e+11  1.23641e+06      51922.3      2174.90
      5          3    -410     2.26410e+13      370.137  1.60115e+06      3540.69
      6          2    -410     6.39183e+13      568.607      875826.      3431.92
      9          3    -410     4.10087e+13      438.554  2.28262e+06      2015.54
      7          1    -410     2.65294e+13      20.7658  3.55031e+07      2590.24
      1          2    -410     5.07016e+12      135.074      435542.      3320.77
      4          1    -410     5.38148e+10      109.807      18758.9      3244.38
      0          0    -400         3.96661  1.00232e-12     0.105643      5998.29

MULTISTART: Best locally optimal solution is returned.
EXIT: Locally optimal solution found.

Final Statistics
----------------
Final objective value               =   3.96661152617782e+00
Final feasibility error (abs / rel) =   1.00e-12 / 2.26e-13
Final optimality error  (abs / rel) =   1.06e-01 / 1.54e-02
# of iterations                     =     100000 
# of CG iterations                  =          0 
# of function evaluations           =     109359
# of gradient evaluations           =     100318
# of Hessian evaluations            =     100040
Total program time (secs)           =    8713.43652 ( 31859.264 CPU time)

===============================================================================

Knitro 14.2.0: Locally optimal or satisfactory solution.
objective 3.966611526; feasibility error 1e-12
100000 iterations; 109359 function evaluations

suffix feaserror OUT;
suffix opterror OUT;
suffix numfcevals OUT;
suffix numiters OUT;
---------------------------- Container and geometric considerations  ----------------------------
Container type: cylinder
Structural conservation type: volume & surface
---------------------------- Solution execution data ----------------------------
solve_result_num = 0
solve_result = solved

---------------------------- Solution data ----------------------------
card(figures) = 50

coords [*,*,1]
:        1            2            3            4         :=
1    -0.731814    -0.249485    -1.12261     -0.305612
2    -0.891448    -1.12366     -1.13755     -0.266222
3    -1.11703     -1.13755     -0.261889    -0.864934
4     0.589826     0.0827306    0.0190983   -0.406482
5    -0.693708    -0.959959    -1.15633     -0.213548
6    -0.0127638    0.0239743   -0.417961    -0.847125
7    -0.891447    -0.211189    -1.12315     -0.482108
8    -0.261021    -0.524393    -0.248611    -1.12054
9    -0.890256    -0.480427    -0.113368     0.0190155
10   -0.527536     0.431601    -0.258851    -0.235907
11   -0.0146539    0.0238463   -0.385251     0.603061
12    0.233512    -0.37826      0.609387     0.218118
13   -1.0046      -1.08433     -0.276296    -1.15977
14   -0.644605    -0.28447     -1.15951     -1.08463
15   -0.215345    -0.64872     -0.328869    -1.12702
16   -0.813829    -0.94083     -0.302723    -0.0837735
17    0.202144     0.414807     1.15266      0.645203
18   -0.4121       0.0789221   -0.0601576    0.573066
19   -0.260782    -0.8018      -0.0761437    0.15651
20    0.319137     0.858508     1.06464      0.226401
21   -0.0857073   -0.657739    -0.948215    -0.172602
22   -0.633638    -1.13783     -0.140453    -0.578394
23   -1.15744     -1.00191     -0.540007    -0.273956
24    0.828377     0.215204    -0.083198     0.0190159
25   -1.03798     -0.0395227   -0.521381    -0.575318
26   -1.12524     -0.368926    -0.507299    -0.183198
27   -1.02691     -0.531328    -0.74965     -0.0606658
28    0.202205     0.916907     1.15343      0.645096
29   -0.739904     0.199899    -0.446948    -0.105349
30    1.06473      0.226383     1.11379      0.858514
31   -0.110506     0.166005     0.833674     0.492213
32    0.33592     -0.373424    -0.274934     0.418235
33    0.277635     0.416976     1.05008      1.04493
34   -0.11574      0.167909     0.557449     0.804912
35    0.321416    -0.264916     0.420988    -0.388899
36    0.223025     0.0592366   -0.639303    -0.446707
37    0.520727    -0.449262     0.0041363   -0.171081
38   -0.239687    -0.57816      0.405383    -0.167022
39    0.244416     0.839568     1.06332      1.15045
40    0.136758     0.646812     0.818556    -0.0415743
41    0.310164    -0.0920686    0.152589     0.869966
42   -0.372645     0.0458463    0.27338      0.598907
43   -0.0864044    0.0544876    0.60112     -0.371474
44    0.132087     0.22507     -0.485939     0.475131
45    1.15737      0.273849     1.04853      1.04508
46    0.263292     1.01287      0.518914     1.127
47    1.11286      0.120019     0.538428     0.654416
48    1.02753      0.172956     1.04995      0.756007
49    0.450315     0.122376     1.0919       0.420094
50    1.14787      0.851215     0.172529     0.730421

 [*,*,2]
:         1            2             3             4         :=
1    -0.605468      0.0779063   -0.292074     -0.868716
2     0.742213      0.285304    -0.227028      0.0675933
3     0.285514     -0.227029    -0.00364869   -0.682132
4    -0.998832     -0.937961    -0.19959      -1.0847
5    -0.927289     -0.647809    -0.0524162    -0.176145
6    -0.288193     -0.36218     -1.07949      -0.18004
7     0.742214      0.175809     0.28755       1.05505
8     0.00872428    0.714821    -0.190671     -0.0733698
9     0.743642      1.05582      0.250517      1.15983
10    0.724826      0.442899    -0.165741     -0.00394994
11   -0.283396     -0.360874    -1.09414      -0.944012
12    0.478725     -0.308725    -0.431818     -0.213198
13   -0.576027      0.412063     0.0310996     0.0222191
14   -0.459138      0.393468     0.0331098     0.411255
15    0.0882835    -0.566372     0.314878      0.274555
16    0.826584      0.352444     1.11978       0.249697
17    0.39196      -0.535704     0.121426     -0.251868
18   -1.07384      -1.15729     -0.256401     -0.905809
19    1.08495       0.838258     0.229358      1.10416
20   -1.10993      -0.780079    -0.460548     -0.162621
21   -1.1557       -0.923303    -0.668167     -0.202917
22    0.709209      0.21397      0.152794      1.00549
23    0.0222417    -0.576759    -0.760067      0.0311226
24    0.811973      0.179263     0.629676      1.15983
25   -0.00649981   -0.0597179    0.499908     -0.497491
26    0.281767      0.119373     1.02946       0.280996
27   -0.162586     -1.03114     -0.582877     -0.187769
28    0.392016      0.710521     0.123147     -0.251825
29   -0.893365     -1.14263     -0.898161     -0.195439
30   -0.460339     -0.162614     0.174496     -0.780073
31    0.356879      1.14804      0.438865      1.05037
32    0.451625     -0.053068    -0.164867     -0.537723
33    0.0315832    -0.0516311    0.492842     -0.50367
34   -1.15419      -0.228526    -1.01685      -0.835271
35    1.11456       0.30995      0.513074      1.09285
36   -0.931211     -0.291928    -0.963878     -0.196199
37    0.512696      0.526322    -0.342431      0.310646
38    0.609132      1.00498      0.900073      0.0934014
39    0.130036      0.796686     0.463449     -0.145204
40    0.0859333     0.945491     0.236708      0.746611
41   -0.626029     -1.04021     -0.0706012    -0.76728
42    0.268973     -0.294879     0.676609      0.0378724
43   -0.665706     -0.291565     0.0448431     0.270111
44    0.260038      1.13794      1.01407       1.05821
45    0.0778358     0.0350753    0.491842     -0.503362
46    0.104836      0.565371     1.03744       0.274609
47   -0.158332     -0.0389703   -0.733663      0.236244
48   -0.538277     -0.227211     0.0700923    -0.879779
49    0.749663      0.150547     0.389751      1.08124
50   -0.167195      0.787792     0.0533979     0.226529

 [*,*,3]
:        1            2             3            4         :=
1    -2.01907     -2.56713     -2.88455      -2.88455
2    -2.88455     -2.02588     -2.88455      -2.49215
3    -2.02614     -2.88455     -2.4564       -2.03688
4    -2.88455     -2.02482     -2.6962       -2.88455
5    -2.09997     -1.17748     -1.95655      -1.64695
6    -1.56943     -2.56601     -2.02733      -2.10993
7    -2.88455     -2.41933     -2.02456      -2.02748
8    -1.46134     -2.11865     -2.44118      -1.96581
9    -2.88155     -2.02447     -2.49005      -2.88455
10   -2.11645     -2.09253     -2.48347      -1.49691
11   -1.51398     -2.51023     -1.96712      -1.94061
12   -2.4346      -2.50979     -2.60673      -1.71279
13   -0.475258    -0.34362     -0.793015     -1.2614
14   -1.36252     -1.74116     -2.06436      -1.14165
15   -0.726809    -1.34617     -1.69416      -1.09306
16   -2.03002     -1.15878     -1.22205      -1.66365
17   -2.26071     -1.95378     -2.10793      -2.88455
18   -1.95123     -1.08409     -1.49524      -1.9163
19   -1.20314     -2.00716     -1.68676      -2.11171
20   -1.4538      -2.22857     -1.30369      -1.76041
21   -1.36707     -2.15369     -1.23145      -1.65802
22   -0.890125    -0.18264     -0.221413      0.0633732
23   -1.26017     -0.474661    -1.34244      -0.791775
24   -2.41134     -2.88431     -2.04283      -2.88455
25    0.0605593    0.0443991   -0.62986      -0.677599
26   -1.13672     -0.502994    -0.893625     -1.47221
27    0.0605357    0.0633732   -0.803458     -0.195845
28   -2.2606      -2.8833      -2.10931      -2.88455
29   -1.30812     -1.07438     -0.352004     -0.976102
30   -1.30376     -1.76041     -2.07485      -2.22855
31   -1.87228     -2.41781     -2.19134      -1.47758
32   -1.64186     -1.14981     -2.13864      -1.5218
33   -0.889026    -1.87577     -1.32557      -1.24225
34   -0.730298    -0.980663    -1.45691      -0.505175
35   -1.61122     -1.51733     -0.818564     -0.907665
36   -0.687948     0.0633733   -0.182648     -0.79386
37   -0.839339    -0.596577    -0.795833     -1.53258
38   -0.790289     0.0633732   -0.0837205     0.0633732
39   -1.98267     -1.53391     -2.44982      -1.66119
40   -0.984121    -1.01576     -1.69996      -1.7133
41   -0.753126     0.0633728    0.0633732     0.0633731
42   -0.648617     0.0633732   -0.00325702   -0.700431
43   -0.862186     0.0544202   -0.712407     -0.654856
44   -0.610484    -0.140761    -0.832947     -1.1057
45   -0.42094     -0.887379    -1.32468      -1.22692
46   -1.09676     -1.57219     -0.842019     -0.622224
47    0.0605296    0.0633726   -0.521726     -0.735798
48   -1.27371     -0.857855    -0.480378     -0.373904
49    0.0546268   -0.675797    -0.622753     -0.888318
50    0.0633732    0.0631737    0.0560561    -0.755598
;

radius = 1.15998
softness = 0.2

---------------------------- Solution coords data ----------------------------
distances [*,1,*]
:    1   2   3   4    :=
1    0   1   0   1
2    0   1   0   1
3    0   1   0   1
4    0   1   0   1
5    0   1   0   1
6    0   1   0   1
7    0   1   0   1
8    0   1   0   1
9    0   1   0   1
10   0   1   0   1
11   0   1   0   1
12   0   1   0   1
13   0   1   0   1
14   0   1   0   1
15   0   1   0   1
16   0   1   0   1
17   0   1   0   1
18   0   1   0   1
19   0   1   0   1
20   0   1   0   1
21   0   1   0   1
22   0   1   0   1
23   0   1   0   1
24   0   1   0   1
25   0   1   0   1
26   0   1   0   1
27   0   1   0   1
28   0   1   0   1
29   0   1   0   1
30   0   1   0   1
31   0   1   0   1
32   0   1   0   1
33   0   1   0   1
34   0   1   0   1
35   0   1   0   1
36   0   1   0   1
37   0   1   0   1
38   0   1   0   1
39   0   1   0   1
40   0   1   0   1
41   0   1   0   1
42   0   1   0   1
43   0   1   0   1
44   0   1   0   1
45   0   1   0   1
46   0   1   0   1
47   0   1   0   1
48   0   1   0   1
49   0   1   0   1
50   0   1   0   1

 [*,2,*]
:    1   2   3   4    :=
1    0   0   1   1
2    0   0   1   1
3    0   0   1   1
4    0   0   1   1
5    0   0   1   1
6    0   0   1   1
7    0   0   1   1
8    0   0   1   1
9    0   0   1   1
10   0   0   1   1
11   0   0   1   1
12   0   0   1   1
13   0   0   1   1
14   0   0   1   1
15   0   0   1   1
16   0   0   1   1
17   0   0   1   1
18   0   0   1   1
19   0   0   1   1
20   0   0   1   1
21   0   0   1   1
22   0   0   1   1
23   0   0   1   1
24   0   0   1   1
25   0   0   1   1
26   0   0   1   1
27   0   0   1   1
28   0   0   1   1
29   0   0   1   1
30   0   0   1   1
31   0   0   1   1
32   0   0   1   1
33   0   0   1   1
34   0   0   1   1
35   0   0   1   1
36   0   0   1   1
37   0   0   1   1
38   0   0   1   1
39   0   0   1   1
40   0   0   1   1
41   0   0   1   1
42   0   0   1   1
43   0   0   1   1
44   0   0   1   1
45   0   0   1   1
46   0   0   1   1
47   0   0   1   1
48   0   0   1   1
49   0   0   1   1
50   0   0   1   1

 [*,3,*]
:    1   2   3   4    :=
1    1   0   0   1
2    1   0   0   1
3    1   0   0   1
4    1   0   0   1
5    1   0   0   1
6    1   0   0   1
7    1   0   0   1
8    1   0   0   1
9    1   0   0   1
10   1   0   0   1
11   1   0   0   1
12   1   0   0   1
13   1   0   0   1
14   1   0   0   1
15   1   0   0   1
16   1   0   0   1
17   1   0   0   1
18   1   0   0   1
19   1   0   0   1
20   1   0   0   1
21   1   0   0   1
22   1   0   0   1
23   1   0   0   1
24   1   0   0   1
25   1   0   0   1
26   1   0   0   1
27   1   0   0   1
28   1   0   0   1
29   1   0   0   1
30   1   0   0   1
31   1   0   0   1
32   1   0   0   1
33   1   0   0   1
34   1   0   0   1
35   1   0   0   1
36   1   0   0   1
37   1   0   0   1
38   1   0   0   1
39   1   0   0   1
40   1   0   0   1
41   1   0   0   1
42   1   0   0   1
43   1   0   0   1
44   1   0   0   1
45   1   0   0   1
46   1   0   0   1
47   1   0   0   1
48   1   0   0   1
49   1   0   0   1
50   1   0   0   1

 [*,4,*]
:    1   2   3   4    :=
1    1   1   1   0
2    1   1   1   0
3    1   1   1   0
4    1   1   1   0
5    1   1   1   0
6    1   1   1   0
7    1   1   1   0
8    1   1   1   0
9    1   1   1   0
10   1   1   1   0
11   1   1   1   0
12   1   1   1   0
13   1   1   1   0
14   1   1   1   0
15   1   1   1   0
16   1   1   1   0
17   1   1   1   0
18   1   1   1   0
19   1   1   1   0
20   1   1   1   0
21   1   1   1   0
22   1   1   1   0
23   1   1   1   0
24   1   1   1   0
25   1   1   1   0
26   1   1   1   0
27   1   1   1   0
28   1   1   1   0
29   1   1   1   0
30   1   1   1   0
31   1   1   1   0
32   1   1   1   0
33   1   1   1   0
34   1   1   1   0
35   1   1   1   0
36   1   1   1   0
37   1   1   1   0
38   1   1   1   0
39   1   1   1   0
40   1   1   1   0
41   1   1   1   0
42   1   1   1   0
43   1   1   1   0
44   1   1   1   0
45   1   1   1   0
46   1   1   1   0
47   1   1   1   0
48   1   1   1   0
49   1   1   1   0
50   1   1   1   0
;

---------------------------- Solution stats data ----------------------------
_ampl_time = 0.084597
_total_solve_time = 31859.5
_ampl_elapsed_time = 0.080373
_ampl_user_time = 0.062947

Total time elapsed: $31859.49.
_total_solve_time = 31859.5

---------------------------- Solution miscs data ----------------------------
tetrahedron_volume [*] :=
 1 0.117851   11 0.117851   21 0.117851   31 0.117851   41 0.117851
 2 0.117851   12 0.117851   22 0.117851   32 0.117851   42 0.117851
 3 0.117851   13 0.117851   23 0.117851   33 0.117851   43 0.117851
 4 0.117851   14 0.117851   24 0.117851   34 0.117851   44 0.117851
 5 0.117851   15 0.117851   25 0.117851   35 0.117851   45 0.117851
 6 0.117851   16 0.117851   26 0.117851   36 0.117851   46 0.117851
 7 0.117851   17 0.117851   27 0.117851   37 0.117851   47 0.117851
 8 0.117851   18 0.117851   28 0.117851   38 0.117851   48 0.117851
 9 0.117851   19 0.117851   29 0.117851   39 0.117851   49 0.117851
10 0.117851   20 0.117851   30 0.117851   40 0.117851   50 0.117851
;

---------------------------- Solution miscs data ----------------------------
tetrahedron_surface_area [*] :=
 1 1.73205   10 1.73205   19 1.73205   28 1.73205   37 1.73205   46 1.73205
 2 1.73205   11 1.73205   20 1.73205   29 1.73205   38 1.73205   47 1.73205
 3 1.73205   12 1.73205   21 1.73205   30 1.73205   39 1.73205   48 1.73205
 4 1.73205   13 1.73205   22 1.73205   31 1.73205   40 1.73205   49 1.73205
 5 1.73205   14 1.73205   23 1.73205   32 1.73205   41 1.73205   50 1.73205
 6 1.73205   15 1.73205   24 1.73205   33 1.73205   42 1.73205
 7 1.73205   16 1.73205   25 1.73205   34 1.73205   43 1.73205
 8 1.73205   17 1.73205   26 1.73205   35 1.73205   44 1.73205
 9 1.73205   18 1.73205   27 1.73205   36 1.73205   45 1.73205
;

