Error at _cmdno 5 executing "solve" command
(file amplin, line 1977, offset 37900):
error processing param distances:
	4000 invalid subscripts discarded:
	distances[51,1,1]
	distances[51,1,2]
	distances[51,1,3]
	and 3997 more.
##### This license is only intended for use by NEOS. #####
##### License is valid until Jan 16, 2026 #####
riables.
Adjusted problem:
6726 variables:
	4275 nonlinear variables
	2451 linear variables
14100 constraints; 81325 nonzeros
	11675 nonlinear constraints
	2425 linear constraints
	1275 equality constraints
	12825 inequality constraints
1 linear objective; 1 nonzero.

Artelys Knitro 14.2.0: threads=4
algorithm=1
ms_enable=1
ms_maxsolves=10
feastol=1e-5
opttol=1e-5
honorbnds=1
bar_initpt=3
bar_murule=4
scale=1
outlev=2
maxtime_real=1200
WARNING:  Option 'threads' is deprecated, please use 'numthreads'.

=======================================
           Academic License
       (NOT FOR COMMERCIAL USE)
         Artelys Knitro 14.2.0
=======================================

No start point provided -- Knitro computing one.

Knitro presolve eliminated 0 variables and 0 constraints.

algorithm                1
bar_initpt               3
bar_murule               4
concurrent_evals         0
datacheck                0
feastol                  1e-05
findiff_numthreads       1
hessian_no_f             1
hessopt                  1
honorbnds                1
maxtime_real             1200
ms_enable                1
ms_maxsolves             10
numthreads               4
opttol                   1e-05

Problem Characteristics                                 (   Presolved)
-----------------------
Objective goal:  Minimize
Objective type:  linear
Number of variables:                               6726 (        6726)
    bounded below only:                             601 (         601)
    bounded above only:                               0 (           0)
    bounded below and above:                          0 (           0)
    fixed:                                            0 (           0)
    free:                                          6125 (        6125)
Number of constraints:                            14100 (       14100)
    linear equalities:                                0 (           0)
    quadratic equalities:                          1225 (        1225)
    gen. nonlinear equalities:                       50 (          50)
    linear one-sided inequalities:                 2425 (        2425)
    quadratic one-sided inequalities:             10400 (       10400)
    gen. nonlinear one-sided inequalities:            0 (           0)
    linear two-sided inequalities:                    0 (           0)
    quadratic two-sided inequalities:                 0 (           0)
    gen. nonlinear two-sided inequalities:            0 (           0)
Number of nonzeros in Jacobian:                   81325 (       81325)
Number of nonzeros in Hessian:                    36975 (       36975)

Knitro parallel multistart will run with 4 threads.

Return codes description
------------------------
  0:  The final solution satisfies the termination conditions for verifying optimality.
  -100 to -199:  A feasible approximate solution was found.
  -200 to -299:  Knitro terminated at an infeasible point.
  -300 to -301:  The problem was determined to be unbounded.
  -400 to -499:  Knitro terminated because it reached a pre-defined limit.
    -400 to -409:  A feasible point was found.
    -410 to -419:  No feasible point was found.
  -500 to -599:  Knitro terminated with an input error or some non-standard error.
A more detailed description of individual return codes and their corresponding
termination messages is provided at
https://www.artelys.com/app/docs/knitro/3_referenceManual/returnCodes.html

 Solve #  ThreadID  Status     Objective      FeasError    OptError    Real Time 
--------  --------  ------  --------------   ----------   ----------  ----------
      2          2    -202         2493.41      27113.7      4.68759      84.3928
      6          3    -202         16952.4      7.05282      1.00000      232.491
      7          1    -202         3474.08      308.244      1.00000      250.956
      0          0       0         2.19129  3.45824e-05  7.58611e-06      369.217
      5          0    -410         2248.80  7.42521e-03     0.999453      1073.23
      9          3    -410         635.883     0.900840     0.997050      968.726
      1          3    -410         342.064  1.54577e-02     0.253459      969.693
      4          2    -410         2022.51  2.85564e-02     0.511989      1105.72
      8          2    -410         2201.04     0.632776     0.204011      1047.61
      3          1    -410         5056.07     0.991314      3.61401      1118.65

MULTISTART: Best locally optimal solution is returned.
EXIT: Locally optimal solution found.

Final Statistics
----------------
Final objective value               =   2.19129257985151e+00
Final feasibility error (abs / rel) =   3.46e-05 / 1.89e-06
Final optimality error  (abs / rel) =   7.59e-06 / 7.59e-06
# of iterations                     =      69224 
# of CG iterations                  =          0 
# of function evaluations           =      87678
# of gradient evaluations           =      69444
# of Hessian evaluations            =      69289
Total program time (secs)           =    2238.26709 (  7188.648 CPU time)

===============================================================================

Knitro 14.2.0: Locally optimal or satisfactory solution.
objective 2.19129258; feasibility error 3.46e-05
69224 iterations; 87678 function evaluations

suffix feaserror OUT;
suffix opterror OUT;
suffix numfcevals OUT;
suffix numiters OUT;
---------------------------- Container and geometric considerations  ----------------------------
Container type: cube
Structural conservation type: surface
---------------------------- Solution execution data ----------------------------
solve_result_num = 0
solve_result = solved

---------------------------- Solution data ----------------------------
card(figures) = 50

coords [*,*,1]
:       1         2         3         4       :=
1    20.1182   20.3692   20.4824   21.0956
2    20.9865   20.4422   21.0699   20.2091
3    18.9078   19.6057   19.309    19.8462
4    19.5675   19.8245   19.7302   18.9044
5    19.6897   20.4199   19.4537   20.2077
6    20.4105   20.8711   20.1304   21.0956
7    19.6287   19.9068   20.0555   20.5712
8    21.0956   20.3572   21.0956   21.0956
9    20.5988   21.0956   20.6594   20.0468
10   19.7048   18.9044   18.9044   18.985
11   20.7871   20.2818   20.147    19.7386
12   19.5951   19.0162   18.9044   19.634
13   20.3866   19.9068   19.8479   19.4391
14   20.8124   20.2458   21.0956   21.0956
15   18.9044   19.5033   19.6557   18.9503
16   20.3119   21.0956   21.0956   21.0379
17   19.4495   19.7828   18.9044   18.9044
18   20.3231   20.5117   20.025    19.6433
19   19.947    20.8082   20.4132   20.6601
20   20.3566   19.9314   19.7681   19.3856
21   20.1992   19.787    20.7521   20.1298
22   19.4744   20.1942   19.6954   20.2382
23   20.9042   21.0956   20.3053   21.0956
24   20.7709   21.0944   21.0956   20.2681
25   20.767    19.8611   19.853    20.2833
26   18.9044   19.7335   19.7302   19.1392
27   19.0808   18.9044   18.9044   19.7572
28   20.288    19.4649   20.1882   20.2819
29   20.6425   19.9365   20.601    19.8062
30   21.0956   21.0956   20.3571   21.0956
31   19.705    19.2771   18.9044   18.9044
32   19.7083   18.9044   18.9179   18.9044
33   20.6816   20.147    20.6966   21.0956
34   19.787    19.8547   19.2498   20.1992
35   19.508    19.6542   18.9493   19.9049
36   18.9044   19.7473   18.9044   18.9044
37   19.7046   19.8044   19.3776   18.9044
38   20.2983   20.5481   20.0423   21.071
39   19.6752   19.3071   20.3239   19.6673
40   18.9044   19.0427   18.9044   19.7834
41   19.4426   19.0354   19.9313   19.83
42   20.189    20.7552   19.7079   20.2739
43   20.4607   19.9075   20.956    20.357
44   19.5993   19.5427   18.9771   20.0256
45   18.9044   18.9044   19.1701   19.75
46   19.4107   19.8871   19.8539   20.3519
47   19.6631   20.41     20.1228   20.5317
48   19.8016   20.8489   20.3672   20.2523
49   20.304    21.0956   21.0956   21.0956
50   19.3033   19.7407   19.0975   20.0138

 [*,*,2]
:       1         2         3         4       :=
1    20.1482   20.6147   21.0956   20.3741
2    19.6335   19.5565   20.2676   20.2896
3    19.0417   19.7488   18.9044   18.9044
4    20.4376   19.4208   19.9916   19.7915
5    21.0956   21.0956   20.6946   20.3259
6    19.7121   19.6715   18.9905   18.9485
7    19.6093   19.7566   20.4784   19.7032
8    21.0956   20.7597   20.1657   21.0507
9    20.2875   21.0956   20.9308   21.0956
10   19.4145   19.167    19.8286   18.9044
11   19.7351   19.5828   18.9044   19.7607
12   19.4637   19.9576   20.0094   20.469
13   20.6468   19.7566   20.2504   20.6953
14   21.0858   20.3053   20.1903   20.6646
15   21.0956   20.3599   21.0956   20.4667
16   20.3712   20.7257   20.1949   19.7285
17   20.3891   20.0035   20.5026   19.6109
18   18.9674   19.6919   18.9044   19.661
19   20.7616   21.0278   20.1065   20.1834
20   18.9044   18.9044   19.7106   18.9044
21   18.9044   18.9044   18.9044   19.6917
22   20.4183   20.5364   19.6138   19.8082
23   18.953    19.7478   19.8033   19.8235
24   20.5489   19.981    19.6863   19.6396
25   21.0956   20.8827   21.0956   20.289
26   19.7915   19.3417   19.9916   19.1879
27   19.2483   19.8893   18.9044   19.3143
28   19.215    19.6853   20.1057   20.18
29   20.8849   21.0956   20.2842   20.2952
30   19.1038   19.8958   19.2934   18.9044
31   20.5365   20.13     20.9408   19.977
32   19.4485   18.9519   19.7145   19.9595
33   19.7671   18.9044   18.9044   18.9044
34   18.9044   19.6914   18.9044   18.9044
35   20.3802   21.0956   20.4658   20.0865
36   21.0956   20.8479   21.0956   20.2239
37   19.8924   20.9352   20.3176   20.5704
38   18.9044   19.693    18.9044   18.9044
39   19.8162   20.1049   20.1908   20.8135
40   20.2258   21.0956   21.0956   20.7481
41   20.2692   21.0956   21.0299   21.0956
42   20.4523   19.6943   19.6369   19.7639
43   19.9122   19.7565   19.731    20.592
44   19.7438   18.9627   18.9044   18.9044
45   19.1666   20.2154   19.778    19.5957
46   20.2206   21.0264   20.8953   20.1644
47   21.0956   21.0956   20.2759   21.0956
48   19.642    19.6994   18.9044   19.7018
49   20.1921   20.265    20.694    19.6452
50   19.4549   19.6034   20.2516   20.0817

 [*,*,3]
:       1         2         3         4       :=
1    20.1904   21.0956   20.2858   20.4965
2    18.9044   19.7149   19.7356   19.1597
3    19.9734   20.3093   20.851    19.9502
4    21.0956   21.0956   20.2743   20.889
5    20.2689   21.0217   21.0956   20.4667
6    20.524    19.6794   19.9755   20.3059
7    20.0951   21.0956   20.4983   20.2859
8    20.6609   20.1327   20.1759   19.613
9    18.9044   18.9044   19.7305   18.9044
10   19.3498   18.9048   19.7187   19.917
11   21.0956   20.3073   21.0956   21.0956
12   20.1531   19.4652   20.5068   20.1114
13   21.0956   21.0956   20.2878   21.0956
14   19.7638   19.3516   19.8977   18.9623
15   21.0956   21.0956   20.3639   20.2814
16   20.6957   21.0956   20.1911   21.0956
17   21.0956   20.234    20.3276   20.6515
18   19.1321   19.8667   20.0738   19.4692
19   20.1227   19.7578   19.4493   20.362
20   18.9044   19.8      19.2262   18.9044
21   21.0139   20.0495   20.148    20.4528
22   19.5109   18.9044   18.9044   19.6578
23   20.43     21.0871   20.5654   20.041
24   19.8918   20.5795   19.5729   20.0345
25   19.7608   20.2445   19.2463   19.6369
26   20.889    21.0461   20.2743   20.1957
27   20.2293   21.0405   21.0956   21.0282
28   20.0259   19.989    19.4812   20.4223
29   19.6508   18.9044   18.9044   19.4222
30   19.934    19.2464   19.3552   18.9044
31   20.2553   19.3883   19.8334   20.2471
32   19.9735   19.8896   20.6095   19.6931
33   20.8312   21.0956   20.235    21.0956
34   20.0495   20.6116   20.9502   21.0139
35   21.0762   20.3621   20.2813   20.2245
36   20.7243   20.1515   19.7668   20.1411
37   18.9044   18.9544   19.6868   18.9044
38   19.0983   19.7389   20.0118   19.8074
39   20.2809   19.4556   19.6976   20.1399
40   19.4904   19.8429   18.9044   19.257
41   19.6228   19.8491   20.1542   19.1645
42   18.9737   18.9044   18.9044   19.7604
43   20.307    21.0956   21.0956   21.0956
44   19.8378   19.1401   19.9289   19.9546
45   18.9044   18.9044   19.7031   18.9333
46   19.5747   19.3036   20.2426   19.679
47   20.2454   20.9058   20.3748   19.8641
48   18.9044   18.9044   19.0938   19.7653
49   19.1072   19.7505   18.9044   18.9044
50   19.8812   18.9396   19.2309   19.7121
;

side = 2.19129
softness = 0.1

---------------------------- Solution coords data ----------------------------
distances [*,1,*]
:    1   2   3   4    :=
1    0   1   0   1
2    0   1   0   1
3    0   1   0   1
4    0   1   0   1
5    0   1   0   1
6    0   1   0   1
7    0   1   0   1
8    0   1   0   1
9    0   1   0   1
10   0   1   0   1
11   0   1   0   1
12   0   1   0   1
13   0   1   0   1
14   0   1   0   1
15   0   1   0   1
16   0   1   0   1
17   0   1   0   1
18   0   1   0   1
19   0   1   0   1
20   0   1   0   1
21   0   1   0   1
22   0   1   0   1
23   0   1   0   1
24   0   1   0   1
25   0   1   0   1
26   0   1   0   1
27   0   1   0   1
28   0   1   0   1
29   0   1   0   1
30   0   1   0   1
31   0   1   0   1
32   0   1   0   1
33   0   1   0   1
34   0   1   0   1
35   0   1   0   1
36   0   1   0   1
37   0   1   0   1
38   0   1   0   1
39   0   1   0   1
40   0   1   0   1
41   0   1   0   1
42   0   1   0   1
43   0   1   0   1
44   0   1   0   1
45   0   1   0   1
46   0   1   0   1
47   0   1   0   1
48   0   1   0   1
49   0   1   0   1
50   0   1   0   1

 [*,2,*]
:    1   2   3   4    :=
1    0   0   1   1
2    0   0   1   1
3    0   0   1   1
4    0   0   1   1
5    0   0   1   1
6    0   0   1   1
7    0   0   1   1
8    0   0   1   1
9    0   0   1   1
10   0   0   1   1
11   0   0   1   1
12   0   0   1   1
13   0   0   1   1
14   0   0   1   1
15   0   0   1   1
16   0   0   1   1
17   0   0   1   1
18   0   0   1   1
19   0   0   1   1
20   0   0   1   1
21   0   0   1   1
22   0   0   1   1
23   0   0   1   1
24   0   0   1   1
25   0   0   1   1
26   0   0   1   1
27   0   0   1   1
28   0   0   1   1
29   0   0   1   1
30   0   0   1   1
31   0   0   1   1
32   0   0   1   1
33   0   0   1   1
34   0   0   1   1
35   0   0   1   1
36   0   0   1   1
37   0   0   1   1
38   0   0   1   1
39   0   0   1   1
40   0   0   1   1
41   0   0   1   1
42   0   0   1   1
43   0   0   1   1
44   0   0   1   1
45   0   0   1   1
46   0   0   1   1
47   0   0   1   1
48   0   0   1   1
49   0   0   1   1
50   0   0   1   1

 [*,3,*]
:    1   2   3   4    :=
1    1   0   0   1
2    1   0   0   1
3    1   0   0   1
4    1   0   0   1
5    1   0   0   1
6    1   0   0   1
7    1   0   0   1
8    1   0   0   1
9    1   0   0   1
10   1   0   0   1
11   1   0   0   1
12   1   0   0   1
13   1   0   0   1
14   1   0   0   1
15   1   0   0   1
16   1   0   0   1
17   1   0   0   1
18   1   0   0   1
19   1   0   0   1
20   1   0   0   1
21   1   0   0   1
22   1   0   0   1
23   1   0   0   1
24   1   0   0   1
25   1   0   0   1
26   1   0   0   1
27   1   0   0   1
28   1   0   0   1
29   1   0   0   1
30   1   0   0   1
31   1   0   0   1
32   1   0   0   1
33   1   0   0   1
34   1   0   0   1
35   1   0   0   1
36   1   0   0   1
37   1   0   0   1
38   1   0   0   1
39   1   0   0   1
40   1   0   0   1
41   1   0   0   1
42   1   0   0   1
43   1   0   0   1
44   1   0   0   1
45   1   0   0   1
46   1   0   0   1
47   1   0   0   1
48   1   0   0   1
49   1   0   0   1
50   1   0   0   1

 [*,4,*]
:    1   2   3   4    :=
1    1   1   1   0
2    1   1   1   0
3    1   1   1   0
4    1   1   1   0
5    1   1   1   0
6    1   1   1   0
7    1   1   1   0
8    1   1   1   0
9    1   1   1   0
10   1   1   1   0
11   1   1   1   0
12   1   1   1   0
13   1   1   1   0
14   1   1   1   0
15   1   1   1   0
16   1   1   1   0
17   1   1   1   0
18   1   1   1   0
19   1   1   1   0
20   1   1   1   0
21   1   1   1   0
22   1   1   1   0
23   1   1   1   0
24   1   1   1   0
25   1   1   1   0
26   1   1   1   0
27   1   1   1   0
28   1   1   1   0
29   1   1   1   0
30   1   1   1   0
31   1   1   1   0
32   1   1   1   0
33   1   1   1   0
34   1   1   1   0
35   1   1   1   0
36   1   1   1   0
37   1   1   1   0
38   1   1   1   0
39   1   1   1   0
40   1   1   1   0
41   1   1   1   0
42   1   1   1   0
43   1   1   1   0
44   1   1   1   0
45   1   1   1   0
46   1   1   1   0
47   1   1   1   0
48   1   1   1   0
49   1   1   1   0
50   1   1   1   0
;

---------------------------- Solution stats data ----------------------------
_ampl_time = 0.059219
_total_solve_time = 7188.82
_ampl_elapsed_time = 0.055558
_ampl_user_time = 0.041439

Total time elapsed: $7188.82.
_total_solve_time = 7188.82

---------------------------- Solution miscs data ----------------------------
tetrahedron_volume [*] :=
 1 0    6 0   11 0   16 0   21 0   26 0   31 0   36 0   41 0   46 0
 2 0    7 0   12 0   17 0   22 0   27 0   32 0   37 0   42 0   47 0
 3 0    8 0   13 0   18 0   23 0   28 0   33 0   38 0   43 0   48 0
 4 0    9 0   14 0   19 0   24 0   29 0   34 0   39 0   44 0   49 0
 5 0   10 0   15 0   20 0   25 0   30 0   35 0   40 0   45 0   50 0
;

---------------------------- Solution miscs data ----------------------------
tetrahedron_surface_area [*] :=
 1 1.73205   10 1.73205   19 1.73205   28 1.73205   37 1.73205   46 1.73205
 2 1.73205   11 1.73205   20 1.73205   29 1.73205   38 1.73205   47 1.73205
 3 1.73205   12 1.73205   21 1.73205   30 1.73205   39 1.73205   48 1.73205
 4 1.73205   13 1.73205   22 1.73205   31 1.73205   40 1.73205   49 1.73205
 5 1.73205   14 1.73205   23 1.73205   32 1.73205   41 1.73205   50 1.73205
 6 1.73205   15 1.73205   24 1.73205   33 1.73205   42 1.73205
 7 1.73205   16 1.73205   25 1.73205   34 1.73205   43 1.73205
 8 1.73205   17 1.73205   26 1.73205   35 1.73205   44 1.73205
 9 1.73205   18 1.73205   27 1.73205   36 1.73205   45 1.73205
;

