Error at _cmdno 5 executing "solve" command
(file amplin, line 1977, offset 37909):
error processing param distances:
	4080 invalid subscripts discarded:
	distances[46,1,1]
	distances[46,1,2]
	distances[46,1,3]
	and 4077 more.
##### This license is only intended for use by NEOS. #####
##### License is valid until Jan 16, 2026 #####
riables.
Adjusted problem:
5491 variables:
	3510 nonlinear variables
	1981 linear variables
11565 constraints; 66330 nonzeros
	9495 nonlinear constraints
	2070 linear constraints
	1035 equality constraints
	10530 inequality constraints
1 linear objective; 1 nonzero.

Artelys Knitro 14.2.0: threads=4
algorithm=1
ms_enable=1
ms_maxsolves=10
feastol=1e-5
opttol=1e-5
honorbnds=1
bar_initpt=3
bar_murule=4
scale=1
outlev=2
maxtime_real=1200
WARNING:  Option 'threads' is deprecated, please use 'numthreads'.

=======================================
           Academic License
       (NOT FOR COMMERCIAL USE)
         Artelys Knitro 14.2.0
=======================================

No start point provided -- Knitro computing one.

Knitro presolve eliminated 0 variables and 0 constraints.

algorithm                1
bar_initpt               3
bar_murule               4
concurrent_evals         0
datacheck                0
feastol                  1e-05
findiff_numthreads       1
hessian_no_f             1
hessopt                  1
honorbnds                1
maxtime_real             1200
ms_enable                1
ms_maxsolves             10
numthreads               4
opttol                   1e-05

Problem Characteristics                                 (   Presolved)
-----------------------
Objective goal:  Minimize
Objective type:  linear
Number of variables:                               5491 (        5491)
    bounded below only:                             541 (         541)
    bounded above only:                               0 (           0)
    bounded below and above:                          0 (           0)
    fixed:                                            0 (           0)
    free:                                          4950 (        4950)
Number of constraints:                            11565 (       11565)
    linear equalities:                                0 (           0)
    quadratic equalities:                           990 (         990)
    gen. nonlinear equalities:                       45 (          45)
    linear one-sided inequalities:                 2070 (        2070)
    quadratic one-sided inequalities:              8460 (        8460)
    gen. nonlinear one-sided inequalities:            0 (           0)
    linear two-sided inequalities:                    0 (           0)
    quadratic two-sided inequalities:                 0 (           0)
    gen. nonlinear two-sided inequalities:            0 (           0)
Number of nonzeros in Jacobian:                   66330 (       66330)
Number of nonzeros in Hessian:                    30240 (       30240)

Knitro parallel multistart will run with 4 threads.

Return codes description
------------------------
  0:  The final solution satisfies the termination conditions for verifying optimality.
  -100 to -199:  A feasible approximate solution was found.
  -200 to -299:  Knitro terminated at an infeasible point.
  -300 to -301:  The problem was determined to be unbounded.
  -400 to -499:  Knitro terminated because it reached a pre-defined limit.
    -400 to -409:  A feasible point was found.
    -410 to -419:  No feasible point was found.
  -500 to -599:  Knitro terminated with an input error or some non-standard error.
A more detailed description of individual return codes and their corresponding
termination messages is provided at
https://www.artelys.com/app/docs/knitro/3_referenceManual/returnCodes.html

 Solve #  ThreadID  Status     Objective      FeasError    OptError    Real Time 
--------  --------  ------  --------------   ----------   ----------  ----------
      0          0       0         2.12894  1.02302e-04  9.37051e-06      781.991
      6          1    -201         29582.3  3.82450e-04     0.297251      1845.39
      3          1    -410         577.630  5.26900e-02     0.398072      3097.56
      2          3    -410         613.917  1.26852e-02     0.999092      2834.33
      5          3    -410         599.313  4.66968e-02     0.696163      3267.93
      4          0    -410         751.678  3.31442e-02     0.328720      3027.91
      1          2    -410         9369.53      3.38063     0.221814      3614.27
      7          2    -410         2404.25  2.00095e-03     0.178658      3216.86
      9          1    -410         5927.90     0.192370     0.408772      2769.33
      8          0    -410         24376.5  7.46669e-02     0.235715      3388.05

MULTISTART: Best locally optimal solution is returned.
EXIT: Locally optimal solution found.

Final Statistics
----------------
Final objective value               =   2.12893748331644e+00
Final feasibility error (abs / rel) =   1.02e-04 / 5.55e-06
Final optimality error  (abs / rel) =   9.37e-06 / 9.37e-06
# of iterations                     =      87827 
# of CG iterations                  =          0 
# of function evaluations           =     141843
# of gradient evaluations           =      88114
# of Hessian evaluations            =      87916
Total program time (secs)           =    7713.70557 ( 18861.779 CPU time)

===============================================================================

Knitro 14.2.0: Locally optimal or satisfactory solution.
objective 2.128937483; feasibility error 0.000102
87827 iterations; 141843 function evaluations

suffix feaserror OUT;
suffix opterror OUT;
suffix numfcevals OUT;
suffix numiters OUT;
---------------------------- Container and geometric considerations  ----------------------------
Container type: cube
Structural conservation type: volume & surface
---------------------------- Solution execution data ----------------------------
solve_result_num = 0
solve_result = solved

---------------------------- Solution data ----------------------------
card(figures) = 45

coords [*,*,1]
:       1         2         3         4       :=
1    21.0645   20.3075   20.5918   20.1692
2    18.9355   18.9355   19.7243   18.9355
3    19.2064   19.6341   19.9103   20.1761
4    19.226    19.6768   20.2748   19.8457
5    20.2616   21.0645   21.0645   20.4725
6    20.1757   19.5794   20.3139   20.5734
7    21.0645   21.0645   20.9149   20.2185
8    20.478    19.7179   20.2743   20.7061
9    20.9812   21.0645   20.6513   20.109
10   18.9355   19.2431   18.9355   19.767
11   18.9877   19.6968   18.9355   19.7894
12   18.9355   18.9355   18.9355   19.7802
13   19.0685   18.9355   19.1459   19.8473
14   20.1976   20.2736   20.6924   21.0645
15   21.0645   20.2823   21.0645   21.0645
16   18.9355   18.9355   19.4642   19.6792
17   19.7933   18.9369   18.9355   19.0136
18   19.8919   19.4291   19.188    18.9355
19   21.0645   20.4522   20.024    20.41
20   20.1615   19.6432   20.6472   19.8175
21   19.5575   20.0983   19.0901   19.8151
22   19.487    20.0519   19.9659   19.2161
23   21.0168   21.0645   20.2681   21.0645
24   19.6619   19.8107   20.6596   20.1509
25   20.8042   20.2783   21.0645   21.0645
26   19.7715   18.9355   18.9355   19.468
27   19.7788   19.1981   19.0273   19.8261
28   20.4644   20.1238   21.0645   20.7988
29   20.2939   20.8316   21.0645   20.3338
30   20.7129   20.4072   19.7435   20.1207
31   19.7801   18.9355   18.9475   18.9355
32   19.8099   19.229    19.7173   18.9439
33   21.0463   20.8214   20.1885   21.0645
34   20.2164   20.0398   19.2682   19.701
35   20.1207   21.0645   20.4067   20.7129
36   19.625    19.7288   20.5058   19.9028
37   20.0178   19.4472   18.9882   19.6303
38   20.6443   20.2575   19.6398   20.0912
39   19.4472   19.6303   20.149    20.1952
40   20.3794   19.6027   19.6317   20.4142
41   20.1818   20.039    19.5639   20.5511
42   19.8231   20.3778   20.5185   19.7053
43   20.0876   20.3344   19.6536   20.6573
44   19.7334   19.1757   19.5048   20.1969
45   20.1729   20.0161   19.6311   20.5756

 [*,*,2]
:       1         2         3         4       :=
1    20.1591   19.4332   19.9258   20.4729
2    21.0645   21.0645   20.9057   20.2184
3    19.4013   19.7525   20.1788   19.2169
4    18.9355   18.9355   18.9355   19.7101
5    20.299    20.9437   20.1929   21.0587
6    20.424    19.8389   19.3844   19.8517
7    18.9729   18.9355   19.7449   18.9639
8    21.0645   21.0645   20.308    21.0645
9    19.1965   20.1803   19.8215   19.7478
10   19.7794   20.4694   19.6738   19.5612
11   20.3906   20.343    21.0645   21.0645
12   19.7298   20.2542   19.2054   19.7842
13   21.0645   21.0645   20.2677   21.0468
14   19.7844   20.6267   19.8035   20.1495
15   20.1108   20.4809   20.114    21.0224
16   18.9355   19.8344   19.0474   19.6746
17   19.1167   18.9355   18.9355   19.7348
18   20.1585   19.8803   19.381    20.3783
19   19.7173   19.4433   19.8144   18.9355
20   18.9355   19.7725   19.7678   19.6159
21   19.6536   20.4119   20.4789   20.2083
22   20.3399   20.9428   20.0797   20.8131
23   19.97     20.0165   19.5659   19.0592
24   19.8342   19.6198   19.7677   20.4952
25   21.0645   20.5487   21.0444   20.136
26   19.7836   20.2449   19.7184   20.5002
27   19.146    19.0081   19.7296   19.8303
28   19.4504   19.1016   18.9355   19.9044
29   20.8835   19.995    20.7544   20.175
30   21.0645   20.7537   21.0645   20.1989
31   19.5583   19.777    18.9355   19.6715
32   19.6828   20.5559   20.2039   19.6727
33   18.9355   19.7718   18.9355   18.9355
34   18.9355   18.9355   18.9355   19.7638
35   20.1989   20.2138   20.7531   21.0645
36   21.0645   20.0208   20.7209   20.4778
37   20.1665   20.4453   20.3662   21.0645
38   19.748    20.5881   19.7806   20.2557
39   20.4453   21.0645   20.2615   21.0645
40   20.4724   21.0645   20.3664   21.0645
41   20.4159   20.6387   19.8378   19.8308
42   19.7561   19.0032   19.4196   18.9355
43   18.9512   19.3801   19.8398   19.8306
44   19.7543   18.9355   19.1101   18.9355
45   19.3568   20.3165   19.761    19.811

 [*,*,3]
:       1         2         3         4       :=
1    21.0645   21.0645   20.2757   21.0645
2    20.9208   19.872    20.3746   20.301
3    18.9355   19.7368   18.9355   19.0161
4    21.0645   20.2028   21.0645   20.7239
5    20.5315   20.3321   21.0645   21.0645
6    21.0645   20.615    21.0645   20.2807
7    19.9837   18.9355   19.4348   19.3639
8    21.0645   20.3922   20.5272   20.0408
9    18.9355   18.9355   19.7105   18.9355
10   19.2538   19.8276   20.2973   19.8547
11   20.3988   21.0645   21.0645   20.4554
12   20.2739   21.0645   21.0645   20.8933
13   19.9759   18.9355   19.4668   19.4344
14   18.9513   19.5715   19.8758   19.0747
15   19.1132   19.7058   20.0978   19.5736
16   19.7153   19.1749   18.9355   19.7418
17   20.2587   20.8364   19.7876   20.3311
18   18.9355   19.7156   18.9355   18.9355
19   19.738    19.0671   19.8281   19.9839
20   20.2148   20.5766   20.2734   19.6502
21   19.7203   19.9842   19.703    18.9951
22   20.7932   20.327    19.8972   19.8973
23   20.5504   19.6041   19.9371   20.0325
24   20.5862   19.6741   20.2697   19.935
25   20.4976   19.751    19.5609   20.0851
26   20.8868   21.0505   20.2568   20.1837
27   20.2371   21.0645   20.3226   20.8924
28   20.2506   21.0645   20.9396   21.0645
29   19.9786   19.8318   20.5168   20.6911
30   18.9355   19.7781   19.0278   18.9355
31   19.859    19.2769   19.7219   20.3204
32   19.7853   19.8042   20.5738   20.2928
33   20.9268   20.3352   20.3233   19.959
34   19.605    20.5371   19.8267   19.9901
35   18.9355   19.1652   19.7788   18.9355
36   21.0645   21.0645   20.986    20.2515
37   18.9355   19.762    18.9355   18.9355
38   19.7555   19.9666   19.7091   19.0232
39   19.762    18.9355   19.0246   19.6977
40   20.2589   20.1829   19.5411   19.5184
41   21.0531   20.1367   20.6192   20.265
42   19.6963   19.8559   18.987    19.0539
43   20.2409   21.0645   20.59     20.2859
44   19.731    19.8484   18.9355   19.6095
45   18.9355   18.9355   19.7375   19.6645
;

side = 2.12894
softness = 0.1

---------------------------- Solution coords data ----------------------------
distances [*,1,*]
:    1   2   3   4    :=
1    0   1   0   1
2    0   1   0   1
3    0   1   0   1
4    0   1   0   1
5    0   1   0   1
6    0   1   0   1
7    0   1   0   1
8    0   1   0   1
9    0   1   0   1
10   0   1   0   1
11   0   1   0   1
12   0   1   0   1
13   0   1   0   1
14   0   1   0   1
15   0   1   0   1
16   0   1   0   1
17   0   1   0   1
18   0   1   0   1
19   0   1   0   1
20   0   1   0   1
21   0   1   0   1
22   0   1   0   1
23   0   1   0   1
24   0   1   0   1
25   0   1   0   1
26   0   1   0   1
27   0   1   0   1
28   0   1   0   1
29   0   1   0   1
30   0   1   0   1
31   0   1   0   1
32   0   1   0   1
33   0   1   0   1
34   0   1   0   1
35   0   1   0   1
36   0   1   0   1
37   0   1   0   1
38   0   1   0   1
39   0   1   0   1
40   0   1   0   1
41   0   1   0   1
42   0   1   0   1
43   0   1   0   1
44   0   1   0   1
45   0   1   0   1

 [*,2,*]
:    1   2   3   4    :=
1    0   0   1   1
2    0   0   1   1
3    0   0   1   1
4    0   0   1   1
5    0   0   1   1
6    0   0   1   1
7    0   0   1   1
8    0   0   1   1
9    0   0   1   1
10   0   0   1   1
11   0   0   1   1
12   0   0   1   1
13   0   0   1   1
14   0   0   1   1
15   0   0   1   1
16   0   0   1   1
17   0   0   1   1
18   0   0   1   1
19   0   0   1   1
20   0   0   1   1
21   0   0   1   1
22   0   0   1   1
23   0   0   1   1
24   0   0   1   1
25   0   0   1   1
26   0   0   1   1
27   0   0   1   1
28   0   0   1   1
29   0   0   1   1
30   0   0   1   1
31   0   0   1   1
32   0   0   1   1
33   0   0   1   1
34   0   0   1   1
35   0   0   1   1
36   0   0   1   1
37   0   0   1   1
38   0   0   1   1
39   0   0   1   1
40   0   0   1   1
41   0   0   1   1
42   0   0   1   1
43   0   0   1   1
44   0   0   1   1
45   0   0   1   1

 [*,3,*]
:    1   2   3   4    :=
1    1   0   0   1
2    1   0   0   1
3    1   0   0   1
4    1   0   0   1
5    1   0   0   1
6    1   0   0   1
7    1   0   0   1
8    1   0   0   1
9    1   0   0   1
10   1   0   0   1
11   1   0   0   1
12   1   0   0   1
13   1   0   0   1
14   1   0   0   1
15   1   0   0   1
16   1   0   0   1
17   1   0   0   1
18   1   0   0   1
19   1   0   0   1
20   1   0   0   1
21   1   0   0   1
22   1   0   0   1
23   1   0   0   1
24   1   0   0   1
25   1   0   0   1
26   1   0   0   1
27   1   0   0   1
28   1   0   0   1
29   1   0   0   1
30   1   0   0   1
31   1   0   0   1
32   1   0   0   1
33   1   0   0   1
34   1   0   0   1
35   1   0   0   1
36   1   0   0   1
37   1   0   0   1
38   1   0   0   1
39   1   0   0   1
40   1   0   0   1
41   1   0   0   1
42   1   0   0   1
43   1   0   0   1
44   1   0   0   1
45   1   0   0   1

 [*,4,*]
:    1   2   3   4    :=
1    1   1   1   0
2    1   1   1   0
3    1   1   1   0
4    1   1   1   0
5    1   1   1   0
6    1   1   1   0
7    1   1   1   0
8    1   1   1   0
9    1   1   1   0
10   1   1   1   0
11   1   1   1   0
12   1   1   1   0
13   1   1   1   0
14   1   1   1   0
15   1   1   1   0
16   1   1   1   0
17   1   1   1   0
18   1   1   1   0
19   1   1   1   0
20   1   1   1   0
21   1   1   1   0
22   1   1   1   0
23   1   1   1   0
24   1   1   1   0
25   1   1   1   0
26   1   1   1   0
27   1   1   1   0
28   1   1   1   0
29   1   1   1   0
30   1   1   1   0
31   1   1   1   0
32   1   1   1   0
33   1   1   1   0
34   1   1   1   0
35   1   1   1   0
36   1   1   1   0
37   1   1   1   0
38   1   1   1   0
39   1   1   1   0
40   1   1   1   0
41   1   1   1   0
42   1   1   1   0
43   1   1   1   0
44   1   1   1   0
45   1   1   1   0
;

---------------------------- Solution stats data ----------------------------
_ampl_time = 0.124847
_total_solve_time = 18862.1
_ampl_elapsed_time = 0.193975
_ampl_user_time = 0.098885

Total time elapsed: $18862.15.
_total_solve_time = 18862.1

---------------------------- Solution miscs data ----------------------------
tetrahedron_volume [*] :=
 1 0    6 0   11 0   16 0   21 0   26 0   31 0   36 0   41 0
 2 0    7 0   12 0   17 0   22 0   27 0   32 0   37 0   42 0
 3 0    8 0   13 0   18 0   23 0   28 0   33 0   38 0   43 0
 4 0    9 0   14 0   19 0   24 0   29 0   34 0   39 0   44 0
 5 0   10 0   15 0   20 0   25 0   30 0   35 0   40 0   45 0
;

---------------------------- Solution miscs data ----------------------------
tetrahedron_surface_area [*] :=
 1 1.73205    9 1.73205   17 1.73205   25 1.73205   33 1.73205   41 1.73205
 2 1.73205   10 1.73205   18 1.73205   26 1.73205   34 1.73205   42 1.73205
 3 1.73205   11 1.73205   19 1.73205   27 1.73205   35 1.73205   43 1.73205
 4 1.73205   12 1.73205   20 1.73205   28 1.73205   36 1.73205   44 1.73205
 5 1.73205   13 1.73205   21 1.73205   29 1.73205   37 1.73205   45 1.73205
 6 1.73205   14 1.73205   22 1.73205   30 1.73205   38 1.73205
 7 1.73205   15 1.73205   23 1.73205   31 1.73205   39 1.73205
 8 1.73205   16 1.73205   24 1.73205   32 1.73205   40 1.73205
;

