Error at _cmdno 5 executing "solve" command
(file amplin, line 1961, offset 37058):
error processing param distances:
	3680 invalid subscripts discarded:
	distances[71,1,1]
	distances[71,1,2]
	distances[71,1,3]
	and 3677 more.
##### This license is only intended for use by NEOS. #####
##### License is valid until Jan 16, 2026 #####
ariables.
Substitution eliminates 1 variable.
Adjusted problem:
12918 variables:
	8088 nonlinear variables
	4830 linear variables
25903 constraints; 155161 nonzeros
	22925 nonlinear constraints
	2978 linear constraints
	2486 equality constraints
	23417 inequality constraints
1 nonlinear objective; 3 nonzeros.

Artelys Knitro 14.2.0: threads=4
algorithm=1
ms_enable=1
ms_maxsolves=10
feastol=1e-5
opttol=1e-5
honorbnds=1
bar_initpt=3
bar_murule=4
scale=1
outlev=2
maxtime_real=1200
WARNING:  Option 'threads' is deprecated, please use 'numthreads'.
WARNING: 1 constraint is constant or undefined and will be ignored.

=======================================
           Academic License
       (NOT FOR COMMERCIAL USE)
         Artelys Knitro 14.2.0
=======================================

No start point provided -- Knitro computing one.

Knitro presolve eliminated 0 variables and 1 constraint.

algorithm                1
bar_initpt               3
bar_murule               4
concurrent_evals         0
datacheck                0
feastol                  1e-05
findiff_numthreads       1
hessian_no_f             1
hessopt                  1
honorbnds                1
maxtime_real             1200
ms_enable                1
ms_maxsolves             10
numthreads               4
opttol                   1e-05

Problem Characteristics                                 (   Presolved)
-----------------------
Objective goal:  Minimize
Objective type:  general
Number of variables:                              12918 (       12918)
    bounded below only:                               1 (           1)
    bounded above only:                               0 (           0)
    bounded below and above:                          0 (           0)
    fixed:                                            0 (           0)
    free:                                         12917 (       12917)
Number of constraints:                            25903 (       25902)
    linear equalities:                                1 (           0)
    quadratic equalities:                          2415 (        2415)
    gen. nonlinear equalities:                       70 (          70)
    linear one-sided inequalities:                 2977 (        2977)
    quadratic one-sided inequalities:             20440 (       20440)
    gen. nonlinear one-sided inequalities:            0 (           0)
    linear two-sided inequalities:                    0 (           0)
    quadratic two-sided inequalities:                 0 (           0)
    gen. nonlinear two-sided inequalities:            0 (           0)
Number of nonzeros in Jacobian:                  155161 (      155161)
Number of nonzeros in Hessian:                    70668 (       70668)

Knitro parallel multistart will run with 4 threads.

Return codes description
------------------------
  0:  The final solution satisfies the termination conditions for verifying optimality.
  -100 to -199:  A feasible approximate solution was found.
  -200 to -299:  Knitro terminated at an infeasible point.
  -300 to -301:  The problem was determined to be unbounded.
  -400 to -499:  Knitro terminated because it reached a pre-defined limit.
    -400 to -409:  A feasible point was found.
    -410 to -419:  No feasible point was found.
  -500 to -599:  Knitro terminated with an input error or some non-standard error.
A more detailed description of individual return codes and their corresponding
termination messages is provided at
https://www.artelys.com/app/docs/knitro/3_referenceManual/returnCodes.html

 Solve #  ThreadID  Status     Objective      FeasError    OptError    Real Time 
--------  --------  ------  --------------   ----------   ----------  ----------
      0          0       0         3.39775  3.70898e-05  2.09925e-05      1346.56
      1          1    -410     1.27761e+12      821575.      95672.9      8685.06
      5          1    -410     3.54422e+11  2.19381e+06      43974.5      8598.57
      6          2    -410     8.85232e+11      233224.      111821.      8699.50
      8          0    -410     9.25760e+13  1.11644e+06  4.84786e+06      7411.95
      9          1    -410     4.41987e+11      198.713      58540.9      4484.73
      2          3    -410     8.26520e+10  3.03787e-03      2678.59      9718.32
      3          2    -410     1.78885e+09  7.11356e-02      323.475      9171.38
      4          0    -410     1.12798e+13      165.579  1.22774e+06      10076.5
      7          3    -410     5.36761e+09      5.60973      2337.48      7881.13

MULTISTART: Best locally optimal solution is returned.
EXIT: Locally optimal solution found.

Final Statistics
----------------
Final objective value               =   3.39774565187167e+00
Final feasibility error (abs / rel) =   3.71e-05 / 6.72e-06
Final optimality error  (abs / rel) =   2.10e-05 / 3.42e-06
# of iterations                     =      92627 
# of CG iterations                  =          0 
# of function evaluations           =      94745
# of gradient evaluations           =      92749
# of Hessian evaluations            =      92674
Total program time (secs)           =   21768.93945 ( 64660.746 CPU time)

===============================================================================

Knitro 14.2.0: Locally optimal or satisfactory solution.
objective 3.397745652; feasibility error 3.71e-05
92627 iterations; 94745 function evaluations

suffix feaserror OUT;
suffix opterror OUT;
suffix numfcevals OUT;
suffix numiters OUT;
---------------------------- Solver Status Report ----------------------------
solve_result_num = 0
solve_result = solved
solve_message = 'Knitro 14.2.0: Locally optimal or satisfactory solution.\
objective 3.397745652; feasibility error 3.71e-05\
92627 iterations; 94745 function evaluations'


---------------------------- Problem Dimensions ----------------------------
Variables: 25414
Constraints: 25974
---------------------------- Container and geometric considerations  ----------------------------
Container type: cylinder
Structural conservation type: volume & surface
---------------------------- Solution execution data ----------------------------
solve_result_num = 0
solve_result = solved

---------------------------- Solution data ----------------------------
card(figures) = 70

coords [*,*,1]
:         1            2             3             4         :=
1    -0.794141     -0.763962    -0.287122     -0.093693
2     1.09757       0.804348    -0.152421      0.974327
3     0.899684      0.0973416    1.09919       1.00409
4     0.806812      1.09595      0.0268662     1.10286
5     0.220519      0.163516     0.791928      0.602748
6     0.0939621     0.65058      1.00409       0.899683
7    -0.0759587    -1.10721     -0.975058     -1.10276
8    -0.831578     -0.271007    -0.888727     -1.10721
9     0.97193       0.0844197    0.465286      0.93362
10    0.720618      0.73791      0.044042     -0.239627
11   -1.06586       0.0905176   -1.10391      -0.679013
12    0.484655      0.110824    -0.0407052     0.101514
13   -1.05538      -1.1066      -0.0327047    -1.06586
14   -0.0122422    -0.907643    -0.268935      0.294104
15    0.0456454    -0.667029    -0.00372139   -0.122613
16    0.0203622     0.896334     0.559352      1.08855
17   -0.212777      0.0661203    0.497489     -0.223285
18   -1.10765      -0.679015     0.10056      -1.10396
19    0.49749       0.524119     0.967884      0.0997926
20   -0.223521     -0.222107     0.0391869    -0.763961
21   -0.275991     -0.188848     0.565493     -0.1988
22    0.116046      0.624231     0.899683      0.480098
23   -0.925532     -0.736142     0.197137     -0.167631
24   -0.0194936    -0.789164    -0.124487      0.156861
25    0.0598203     1.08946      1.00444       1.09919
26    0.135877     -0.723996    -0.495053     -0.128323
27    0.0456455    -0.0197101    0.73791      -0.138602
28   -0.89456       0.282181    -0.370323     -0.590571
29   -0.495053      0.135877    -0.723996     -1.01582
30   -0.224669     -0.317474     0.512263      0.194019
31    0.0478993     0.95068      1.06897       0.969174
32   -0.831998     -0.88047     -0.224497     -0.288089
33   -0.192935      0.756675     0.138206      0.202746
34    0.132746     -0.495053     0.135877     -0.00213508
35    0.174093     -0.878561    -0.175856     -1.10769
36   -0.00364617   -0.791779    -1.05538      -0.763962
37   -0.946511     -1.1026      -1.10721      -0.0791059
38   -0.590792     -0.489065     0.204442      0.277196
39    1.1009        0.0956156    0.892038      1.09599
40    0.974327      0.119961     0.602748      0.786583
41   -0.0921053    -1.10179     -0.313508     -0.945146
42   -0.0921761     0.306451    -0.167144     -0.862838
43   -0.740486     -1.10751      0.193107     -0.919612
44   -0.489065      0.277196    -0.192936      0.204442
45   -0.744538      0.0197601   -0.202783     -0.599509
46    0.0294419     0.834214    -0.170025      0.83849
47    0.158259     -0.967098     0.0436602    -0.126994
48    0.110823      0.618799     0.101514      0.484655
49    0.158259     -0.789164    -0.126994     -0.967098
50    0.83849       0.125463    -0.170025      0.0435278
51   -0.220053      0.968615     0.06612       0.497489
52   -0.290093     -0.203545    -0.186408     -0.831996
53   -0.175856     -1.10769     -0.878562     -1.05538
54    0.0551864     1.07595      1.02269       0.957967
55    0.602748      0.319012     0.215401     -0.268935
56    0.390091      0.819981     0.0740531    -0.0763254
57    0.378656     -0.068335     0.197722      1.09756
58    0.73791      -0.239627     0.68821       0.005879
59    0.0450939     0.126002    -0.733038     -0.179997
60    0.896334      0.0203616    0.00055836    0.674886
61    1.0921        0.792914     0.974326      0.08037
62   -0.0722462     0.100559    -0.679013     -1.10362
63   -0.679013     -0.667029    -1.06586       0.0905174
64    0.0908211    -0.213632     0.49749       0.52139
65    1.08605       0.0807714    0.671145      0.361789
66    0.217032      0.721594     0.747915      1.09738
67   -0.0034614     0.73791      0.170819      1.07595
68   -0.0814118     0.618832    -0.496354      0.0639009
69    0.0939338    -1.10751     -1.02086      -0.789164
70   -1.10765      -0.146161    -0.95601      -0.678541

 [*,*,2]
:         1             2             3             4          :=
1     0.772211      0.80208       1.06983       0.0965439
2    -0.149365      0.155103     -0.129147      0.526931
3    -0.646173      0.0312101    -0.136945     -0.467724
4     0.758962      0.160792      0.0611661     0.103248
5     1.08551       0.0772118     0.77448       0.929336
6     0.0330694    -0.896502     -0.467724     -0.646173
7    -0.226836      0.0325725    -0.525577      0.104366
8     0.731744     -0.177771      0.661161      0.032572
9     0.53134       0.0850763     1.00523       0.59609
10   -0.841237     -0.826111     -1.10681      -0.423631
11   -0.30151      -0.0265177    -0.0914113    -0.875163
12   -0.996032     -1.10213      -1.10694       0.0623197
13    0.336363      0.048982     -0.0293987    -0.30151
14    1.09027       0.634944      1.07454       0.129198
15   -1.10675      -0.884332      0.110019     -0.891866
16    0.0158821     0.526905     -0.616585     -0.205019
17    1.08706       0.156982      0.989684     -0.000965424
18    0.00892073   -0.875162      0.16131      -0.0907752
19    0.989684      0.975843      0.538675      0.171178
20   -0.218649      1.08519       0.573882      0.80208
21    1.07275      -0.208673      0.128123      0.584347
22    0.0342086    -0.915044     -0.646173     -0.998236
23    0.608571     -0.411838      0.0743929    -0.0879887
24   -1.10752      -0.777297     -1.10067       0.0621785
25    0.0375076     0.200134     -0.466984     -0.136945
26   -0.04059      -0.838331     -0.990905     -1.10023
27   -1.10675      -0.0247162    -0.826111     -1.0266
28    0.653248      0.123911     -0.0177609     0.937121
29   -0.990905     -0.0405899    -0.838331     -0.3715
30    1.08466       1.06122       0.982118      0.349864
31    0.124767      0.552667     -0.290295      0.536351
32    0.731266      0.672118     -0.106624      1.06957
33   -0.148581      0.73773       0.0485281     1.06444
34   -1.0997       -0.990905     -0.04059      -1.10768
35    0.180251      0.67461       0.00906634   -0.000516997
36    0.00119608    0.774633      0.336363      0.80208
37    0.575401      0.106044      0.0325724    -0.226045
38    0.936982      0.352868      1.06964       0.131261
39    0.109299      0.0780481    -0.656687      0.16054
40    0.526931     -0.034207      0.929336      0.770724
41   -0.318349      0.114136      0.640553      0.577641
42   -0.778746     -0.0807668     0.218648     -0.553455
43   -0.411126     -0.0195084     0.0720464     0.617482
44    0.352868      0.131261     -0.148582      1.06964
45   -0.820142      0.0166469    -1.08897      -0.931428
46    1.02815       0.0298079    -0.0860594     0.723812
47    0.0596228    -0.540084     -0.0190753    -1.09827
48   -1.10213      -0.918726      0.0623199    -0.996032
49    0.0596233    -0.777297     -1.09827      -0.540084
50    0.723812      1.10056      -0.086059      1.10683
51    0.0034756     0.537359      0.156982      0.989684
52    1.06903       0.682866     -0.230376      0.731267
53    0.00906636   -0.00051711    0.67461       0.336363
54    0.12822      -0.263269     -0.425527      0.55612
55    0.929336      0.122457      1.08654       1.07454
56   -1.03672       0.0961051     0.0293142    -0.741063
57    0.082815     -0.130515     -1.0899       -0.149478
58   -0.826111     -0.423631     -0.82663       0.0659265
59    1.10677       1.1005        0.830436     -0.117574
60    0.526908      0.0158793     0.102328     -0.224537
61    0.185192      0.773471      0.52693       0.035325
62   -0.0353613     0.16131      -0.875163     -0.0913958
63   -0.875164     -0.884332     -0.301511     -0.0265176
64    0.152073      1.08689       0.989684      0.977303
65    0.108837      0.0775867    -0.881212     -0.948099
66   -0.216331     -0.8404       -0.817064     -0.150765
67    0.103669     -0.826111     -0.157602     -0.263269
68   -0.767568     -0.918704     -0.990254      0.00726048
69   -0.0490386    -0.0195084    -0.429905     -0.777297
70    0.00857492    0.132603     -0.559477     -0.875529

 [*,*,3]
:        1             2            3            4         :=
1    -0.277524    -1.58067      -0.672759    -1.14519
2     1.18855      0.34962       1.18855      1.18855
3     1.18854      0.418863      1.1588      -0.0987986
4    -0.0612836    0.310887      0.0171277   -0.71803
5     0.258208     0.81277      -0.0921699    1.18854
6     0.420792     0.053492     -0.0987993    1.18854
7     0.106292     0.860767      0.243843    -0.37651
8    -0.20468      0.248992      1.03297      0.860772
9    -0.286055    -0.78908      -0.213798    -1.35978
10   -0.277033    -1.58067      -0.751497    -0.984587
11   -1.58067     -1.30211      -0.937209    -0.679517
12    1.15067     -0.0939158     1.04252      0.492571
13   -1.58067     -0.517854     -1.25311     -1.58067
14    0.357321     1.18855       1.18855      1.18345
15   -1.58067     -1.58067      -1.58067     -0.754783
16   -0.362236    -0.749384     -1.27747     -0.585332
17   -1.545       -0.674841     -1.58067     -1.58067
18   -0.280267    -0.679517     -0.545392    -0.937499
19   -1.58067     -0.331276     -1.47668     -0.706958
20   -1.58067     -1.58067      -0.579233    -1.58067
21   -0.168514     0.0558812    -0.439951    -0.817664
22    0.480362    -0.0510889     1.18855      1.18855
23    1.02985      0.418759      1.18855      0.229605
24    1.18855      1.18855       0.460549     0.871813
25    0.39115      0.333717     -0.0958169    1.1588
26    0.188715     0.615475     -0.442814     0.464734
27   -1.58067     -1.4696       -1.58067     -0.643716
28    1.16487      1.18855       0.177487     0.754715
29   -0.442814     0.188715      0.615475     0.416208
30   -1.54574     -0.245416     -0.47503     -0.623534
31   -1.53674     -0.69895      -1.58067     -1.58067
32   -0.19593      0.84776       0.0333523    0.0729044
33    0.0453583   -0.0673047     0.850571     0.285215
34   -0.257562    -0.442814      0.188715     0.752377
35   -0.498184    -0.685274     -1.25401     -0.342084
36   -1.07461     -0.381325     -1.58067     -1.58067
37    0.0876322   -0.405701      0.860771     0.108593
38    0.75429      0.356619      0.286243     1.18855
39   -0.608123     0.221594     -0.203781     0.306362
40    1.18855      0.701094      1.18855     -0.0784588
41    0.0250474   -0.398629     -0.698298     0.0904597
42   -0.863427    -0.166788     -0.419286     0.163863
43    0.417216     1.18855       1.18855      1.03873
44    0.356619     1.18854       0.0453575    0.286243
45   -0.0757319   -0.720427     -0.836862    -1.36669
46   -0.341418    -0.577342      0.0566235   -0.107711
47    0.869243     0.642953      0.215436     0.463946
48   -0.0939164   -0.00267815    0.492571     1.15067
49    0.869243     1.18855       0.463946     0.642953
50   -0.107711     0.331182      0.0566234   -0.369527
51   -1.58067     -1.53555      -0.674842    -1.58067
52    0.0719549   -0.867579      0.0435698   -0.19593
53   -1.25401     -0.342084     -0.685274    -1.58067
54   -1.52998     -1.54804      -0.853738    -0.692188
55    1.18855      1.11813       0.246466     1.18855
56   -0.460318    -0.378009      0.220623    -0.820485
57    0.571269     1.18855       1.11165      1.18855
58   -1.58067     -0.984587     -0.330709    -0.992349
59   -0.356238     0.335833      0.652788     0.0314717
60   -0.749383    -0.362237     -1.58067     -1.09641
61    0.295796    -0.0703893     1.18854      0.376653
62   -1.25238     -0.545392     -0.679516    -0.937295
63   -0.679516    -1.58067      -1.58067     -1.30211
64   -0.675046    -1.53145      -1.58067     -0.460124
65   -0.595872     0.233846      0.0450101   -0.402009
66   -0.698401    -0.349987     -1.56564     -0.500779
67   -1.58067     -1.58067      -0.615527    -1.54804
68   -0.856177    -0.00265171   -0.44302      0.182344
69    0.977716     1.18855       0.418985     1.18855
70   -0.28038     -0.475453      0.276325    -0.679758
;

radius = 1.10769
height = 2.76922
softness = 0.7

---------------------------- Solution coords data ----------------------------
distances [*,1,*]
:    1   2   3   4    :=
1    0   1   0   1
2    0   1   0   1
3    0   1   0   1
4    0   1   0   1
5    0   1   0   1
6    0   1   0   1
7    0   1   0   1
8    0   1   0   1
9    0   1   0   1
10   0   1   0   1
11   0   1   0   1
12   0   1   0   1
13   0   1   0   1
14   0   1   0   1
15   0   1   0   1
16   0   1   0   1
17   0   1   0   1
18   0   1   0   1
19   0   1   0   1
20   0   1   0   1
21   0   1   0   1
22   0   1   0   1
23   0   1   0   1
24   0   1   0   1
25   0   1   0   1
26   0   1   0   1
27   0   1   0   1
28   0   1   0   1
29   0   1   0   1
30   0   1   0   1
31   0   1   0   1
32   0   1   0   1
33   0   1   0   1
34   0   1   0   1
35   0   1   0   1
36   0   1   0   1
37   0   1   0   1
38   0   1   0   1
39   0   1   0   1
40   0   1   0   1
41   0   1   0   1
42   0   1   0   1
43   0   1   0   1
44   0   1   0   1
45   0   1   0   1
46   0   1   0   1
47   0   1   0   1
48   0   1   0   1
49   0   1   0   1
50   0   1   0   1
51   0   1   0   1
52   0   1   0   1
53   0   1   0   1
54   0   1   0   1
55   0   1   0   1
56   0   1   0   1
57   0   1   0   1
58   0   1   0   1
59   0   1   0   1
60   0   1   0   1
61   0   1   0   1
62   0   1   0   1
63   0   1   0   1
64   0   1   0   1
65   0   1   0   1
66   0   1   0   1
67   0   1   0   1
68   0   1   0   1
69   0   1   0   1
70   0   1   0   1

 [*,2,*]
:    1   2   3   4    :=
1    0   0   1   1
2    0   0   1   1
3    0   0   1   1
4    0   0   1   1
5    0   0   1   1
6    0   0   1   1
7    0   0   1   1
8    0   0   1   1
9    0   0   1   1
10   0   0   1   1
11   0   0   1   1
12   0   0   1   1
13   0   0   1   1
14   0   0   1   1
15   0   0   1   1
16   0   0   1   1
17   0   0   1   1
18   0   0   1   1
19   0   0   1   1
20   0   0   1   1
21   0   0   1   1
22   0   0   1   1
23   0   0   1   1
24   0   0   1   1
25   0   0   1   1
26   0   0   1   1
27   0   0   1   1
28   0   0   1   1
29   0   0   1   1
30   0   0   1   1
31   0   0   1   1
32   0   0   1   1
33   0   0   1   1
34   0   0   1   1
35   0   0   1   1
36   0   0   1   1
37   0   0   1   1
38   0   0   1   1
39   0   0   1   1
40   0   0   1   1
41   0   0   1   1
42   0   0   1   1
43   0   0   1   1
44   0   0   1   1
45   0   0   1   1
46   0   0   1   1
47   0   0   1   1
48   0   0   1   1
49   0   0   1   1
50   0   0   1   1
51   0   0   1   1
52   0   0   1   1
53   0   0   1   1
54   0   0   1   1
55   0   0   1   1
56   0   0   1   1
57   0   0   1   1
58   0   0   1   1
59   0   0   1   1
60   0   0   1   1
61   0   0   1   1
62   0   0   1   1
63   0   0   1   1
64   0   0   1   1
65   0   0   1   1
66   0   0   1   1
67   0   0   1   1
68   0   0   1   1
69   0   0   1   1
70   0   0   1   1

 [*,3,*]
:    1   2   3   4    :=
1    1   0   0   1
2    1   0   0   1
3    1   0   0   1
4    1   0   0   1
5    1   0   0   1
6    1   0   0   1
7    1   0   0   1
8    1   0   0   1
9    1   0   0   1
10   1   0   0   1
11   1   0   0   1
12   1   0   0   1
13   1   0   0   1
14   1   0   0   1
15   1   0   0   1
16   1   0   0   1
17   1   0   0   1
18   1   0   0   1
19   1   0   0   1
20   1   0   0   1
21   1   0   0   1
22   1   0   0   1
23   1   0   0   1
24   1   0   0   1
25   1   0   0   1
26   1   0   0   1
27   1   0   0   1
28   1   0   0   1
29   1   0   0   1
30   1   0   0   1
31   1   0   0   1
32   1   0   0   1
33   1   0   0   1
34   1   0   0   1
35   1   0   0   1
36   1   0   0   1
37   1   0   0   1
38   1   0   0   1
39   1   0   0   1
40   1   0   0   1
41   1   0   0   1
42   1   0   0   1
43   1   0   0   1
44   1   0   0   1
45   1   0   0   1
46   1   0   0   1
47   1   0   0   1
48   1   0   0   1
49   1   0   0   1
50   1   0   0   1
51   1   0   0   1
52   1   0   0   1
53   1   0   0   1
54   1   0   0   1
55   1   0   0   1
56   1   0   0   1
57   1   0   0   1
58   1   0   0   1
59   1   0   0   1
60   1   0   0   1
61   1   0   0   1
62   1   0   0   1
63   1   0   0   1
64   1   0   0   1
65   1   0   0   1
66   1   0   0   1
67   1   0   0   1
68   1   0   0   1
69   1   0   0   1
70   1   0   0   1

 [*,4,*]
:    1   2   3   4    :=
1    1   1   1   0
2    1   1   1   0
3    1   1   1   0
4    1   1   1   0
5    1   1   1   0
6    1   1   1   0
7    1   1   1   0
8    1   1   1   0
9    1   1   1   0
10   1   1   1   0
11   1   1   1   0
12   1   1   1   0
13   1   1   1   0
14   1   1   1   0
15   1   1   1   0
16   1   1   1   0
17   1   1   1   0
18   1   1   1   0
19   1   1   1   0
20   1   1   1   0
21   1   1   1   0
22   1   1   1   0
23   1   1   1   0
24   1   1   1   0
25   1   1   1   0
26   1   1   1   0
27   1   1   1   0
28   1   1   1   0
29   1   1   1   0
30   1   1   1   0
31   1   1   1   0
32   1   1   1   0
33   1   1   1   0
34   1   1   1   0
35   1   1   1   0
36   1   1   1   0
37   1   1   1   0
38   1   1   1   0
39   1   1   1   0
40   1   1   1   0
41   1   1   1   0
42   1   1   1   0
43   1   1   1   0
44   1   1   1   0
45   1   1   1   0
46   1   1   1   0
47   1   1   1   0
48   1   1   1   0
49   1   1   1   0
50   1   1   1   0
51   1   1   1   0
52   1   1   1   0
53   1   1   1   0
54   1   1   1   0
55   1   1   1   0
56   1   1   1   0
57   1   1   1   0
58   1   1   1   0
59   1   1   1   0
60   1   1   1   0
61   1   1   1   0
62   1   1   1   0
63   1   1   1   0
64   1   1   1   0
65   1   1   1   0
66   1   1   1   0
67   1   1   1   0
68   1   1   1   0
69   1   1   1   0
70   1   1   1   0
;

---------------------------- Solution stats data ----------------------------
_ampl_time = 0.395314
_total_solve_time = 64661.5
_ampl_elapsed_time = 0.388455
_ampl_user_time = 0.343777

Total time elapsed: $64661.50.
_total_solve_time = 64661.5

---------------------------- Solution miscs data ----------------------------
tetrahedron_volume [*] :=
 1 0.117851   15 0.117851   29 0.117851   43 0.117851   57 0.117851
 2 0.117851   16 0.117851   30 0.117851   44 0.117851   58 0.117851
 3 0.117851   17 0.117851   31 0.117851   45 0.117851   59 0.117851
 4 0.117851   18 0.117851   32 0.117851   46 0.117851   60 0.117851
 5 0.117851   19 0.117851   33 0.117851   47 0.117851   61 0.117851
 6 0.117851   20 0.117851   34 0.117851   48 0.117851   62 0.117851
 7 0.117851   21 0.117851   35 0.117851   49 0.117851   63 0.117851
 8 0.117851   22 0.117851   36 0.117851   50 0.117851   64 0.117851
 9 0.117851   23 0.117851   37 0.117851   51 0.117851   65 0.117851
10 0.117851   24 0.117851   38 0.117851   52 0.117851   66 0.117851
11 0.117851   25 0.117851   39 0.117851   53 0.117851   67 0.117851
12 0.117851   26 0.117851   40 0.117851   54 0.117851   68 0.117851
13 0.117851   27 0.117851   41 0.117851   55 0.117851   69 0.117851
14 0.117851   28 0.117851   42 0.117851   56 0.117851   70 0.117851
;

---------------------------- Solution miscs data ----------------------------
tetrahedron_surface_area [*] :=
 1 0    8 0   15 0   22 0   29 0   36 0   43 0   50 0   57 0   64 0
 2 0    9 0   16 0   23 0   30 0   37 0   44 0   51 0   58 0   65 0
 3 0   10 0   17 0   24 0   31 0   38 0   45 0   52 0   59 0   66 0
 4 0   11 0   18 0   25 0   32 0   39 0   46 0   53 0   60 0   67 0
 5 0   12 0   19 0   26 0   33 0   40 0   47 0   54 0   61 0   68 0
 6 0   13 0   20 0   27 0   34 0   41 0   48 0   55 0   62 0   69 0
 7 0   14 0   21 0   28 0   35 0   42 0   49 0   56 0   63 0   70 0
;

