Error at _cmdno 5 executing "solve" command
(file amplin, line 1945, offset 37257):
error processing param distances:
	3680 invalid subscripts discarded:
	distances[71,1,1]
	distances[71,1,2]
	distances[71,1,3]
	and 3677 more.
##### This license is only intended for use by NEOS. #####
##### License is valid until Jan 16, 2026 #####
ariables.
Adjusted problem:
12916 variables:
	8086 nonlinear variables
	4830 linear variables
25340 constraints; 154315 nonzeros
	22925 nonlinear constraints
	2415 linear constraints
	2485 equality constraints
	22855 inequality constraints
1 linear objective; 1 nonzero.

Artelys Knitro 14.2.0: threads=4
algorithm=1
ms_enable=1
ms_maxsolves=10
feastol=1e-5
opttol=1e-5
honorbnds=1
bar_initpt=3
bar_murule=4
scale=1
outlev=2
maxtime_real=3600
WARNING:  Option 'threads' is deprecated, please use 'numthreads'.

=======================================
           Academic License
       (NOT FOR COMMERCIAL USE)
         Artelys Knitro 14.2.0
=======================================

No start point provided -- Knitro computing one.

Knitro presolve eliminated 0 variables and 0 constraints.

algorithm                1
bar_initpt               3
bar_murule               4
concurrent_evals         0
datacheck                0
feastol                  1e-05
findiff_numthreads       1
hessian_no_f             1
hessopt                  1
honorbnds                1
maxtime_real             3600
ms_enable                1
ms_maxsolves             10
numthreads               4
opttol                   1e-05

Problem Characteristics                                 (   Presolved)
-----------------------
Objective goal:  Minimize
Objective type:  linear
Number of variables:                              12916 (       12916)
    bounded below only:                             841 (         841)
    bounded above only:                               0 (           0)
    bounded below and above:                          0 (           0)
    fixed:                                            0 (           0)
    free:                                         12075 (       12075)
Number of constraints:                            25340 (       25340)
    linear equalities:                                0 (           0)
    quadratic equalities:                          2415 (        2415)
    gen. nonlinear equalities:                       70 (          70)
    linear one-sided inequalities:                 2415 (        2415)
    quadratic one-sided inequalities:             20440 (       20440)
    gen. nonlinear one-sided inequalities:            0 (           0)
    linear two-sided inequalities:                    0 (           0)
    quadratic two-sided inequalities:                 0 (           0)
    gen. nonlinear two-sided inequalities:            0 (           0)
Number of nonzeros in Jacobian:                  154315 (      154315)
Number of nonzeros in Hessian:                    70666 (       70666)

Knitro parallel multistart will run with 4 threads.

Return codes description
------------------------
  0:  The final solution satisfies the termination conditions for verifying optimality.
  -100 to -199:  A feasible approximate solution was found.
  -200 to -299:  Knitro terminated at an infeasible point.
  -300 to -301:  The problem was determined to be unbounded.
  -400 to -499:  Knitro terminated because it reached a pre-defined limit.
    -400 to -409:  A feasible point was found.
    -410 to -419:  No feasible point was found.
  -500 to -599:  Knitro terminated with an input error or some non-standard error.
A more detailed description of individual return codes and their corresponding
termination messages is provided at
https://www.artelys.com/app/docs/knitro/3_referenceManual/returnCodes.html

 Solve #  ThreadID  Status     Objective      FeasError    OptError    Real Time 
--------  --------  ------  --------------   ----------   ----------  ----------
      1          1    -202         1824.97      55234.7     0.999981      227.092
      0          0       0        0.711005  4.83357e-04  9.57244e-06      292.499
      5          0       0        0.805940  5.43988e-04  3.64417e-06      4100.95
      2          2    -410         3007.46      932024.      1.00000      5341.27
      7          3    -410         764.953     0.188749  1.54221e-02      5435.10
      8          1    -410         361.970  5.19418e-02  4.03682e-02      5217.59
      9          2    -410         56.4999     0.798837     0.132518      5565.19
      4          1    -410         2137.67      61.8110      5067.24      5103.64
      6          0    -410         5151.63     0.258703      1.75107      5906.28
      3          3    -410         19728.7      2.00628      1.73875      4737.67

MULTISTART: Best locally optimal solution is returned.
EXIT: Locally optimal solution found.

Final Statistics
----------------
Final objective value               =   7.11005101197628e-01
Final feasibility error (abs / rel) =   4.83e-04 / 4.51e-07
Final optimality error  (abs / rel) =   9.57e-06 / 9.57e-06
# of iterations                     =      81806 
# of CG iterations                  =          0 
# of function evaluations           =      94838
# of gradient evaluations           =      82077
# of Hessian evaluations            =      81865
Total program time (secs)           =   10907.56250 ( 36706.273 CPU time)

===============================================================================

Knitro 14.2.0: Locally optimal or satisfactory solution.
objective 0.7110051012; feasibility error 0.000483
81806 iterations; 94838 function evaluations

suffix feaserror OUT;
suffix opterror OUT;
suffix numfcevals OUT;
suffix numiters OUT;
---------------------------- Container and geometric considerations  ----------------------------
Container type: sphere
Structural conservation type: surface
---------------------------- Solution execution data ----------------------------
solve_result_num = 0
solve_result = solved

---------------------------- Solution data ----------------------------
card(figures) = 70

coords [*,*,1]
:       1         2         3         4       :=
1    19.3684   19.6775   19.7728   20.2667
2    19.9717   20.6678   19.4193   20.2058
3    20.1743   20.0285   19.5716   19.4204
4    19.9139   20.2224   19.376    19.6843
5    19.3929   19.9885   20.1978   19.6254
6    20.2384   19.6817   20.6695   20.161
7    19.6775   19.9966   19.3924   20.2665
8    20.2378   20.1488   19.6814   20.6666
9    20.6685   20.2339   19.6815   20.1575
10   20.6669   20.1365   20.2617   19.6818
11   20.1682   19.5651   20.0362   19.4264
12   19.3611   20.2375   19.8128   19.7775
13   20.6558   19.4129   20.2073   19.9974
14   20.2379   20.15     19.6831   20.6693
15   20.2374   19.8109   19.361    19.7829
16   20.6625   20.2319   20.2158   19.6769
17   19.8009   20.2377   19.3608   19.7912
18   19.6017   19.9939   19.4073   20.1911
19   20.2335   20.1594   19.6815   20.6688
20   19.4196   20.0268   19.5738   20.175
21   19.5381   20.1518   19.4466   20.06
22   19.9752   19.4176   20.1809   20.6542
23   20.2386   20.6693   19.6824   20.1544
24   20.6694   19.682    20.2385   20.1572
25   19.9968   19.3925   19.6774   20.2666
26   19.3981   19.9943   19.6144   20.1943
27   19.449    19.535    20.1496   20.0628
28   20.1534   19.6827   20.2379   20.6694
29   20.2158   19.6769   20.2319   20.6625
30   20.6686   20.1512   19.6816   20.2474
31   19.9967   19.3925   19.6775   20.2665
32   19.6768   20.2779   20.0127   19.3962
33   19.6819   20.1572   20.2391   20.6693
34   20.6684   19.6816   20.1496   20.2493
35   20.2152   19.3988   20.3071   19.4063
36   20.1396   19.522    20.0758   19.4588
37   19.9928   20.1955   19.3969   19.6179
38   20.1791   20.6545   19.4164   19.9767
39   20.1849   19.4176   19.9745   20.6533
40   19.6815   20.1499   20.6684   20.2482
41   20.2154   20.3187   19.6817   19.3925
42   19.9745   20.654    20.1818   19.4181
43   19.377    19.9175   20.2214   19.6809
44   20.1894   19.6016   19.4008   19.9991
45   20.2158   20.6625   20.2319   19.6769
46   19.6815   20.2338   20.6682   20.1556
47   20.2319   19.6769   20.2158   20.6625
48   20.1607   20.2361   20.6695   19.6818
49   20.1524   19.6828   20.2377   20.6694
50   20.0351   19.5671   20.1693   19.4237
51   19.9861   19.6488   19.3854   20.2074
52   19.4856   19.4864   20.0967   20.1084
53   20.1735   20.0294   19.4201   19.573
54   19.683    20.1509   20.6693   20.2382
55   20.1692   19.5666   20.0354   19.4257
56   19.5825   20.1791   19.4162   20.0208
57   20.176    19.4143   20.0209   19.5815
58   19.9968   20.2666   19.6775   19.3925
59   19.8333   20.2495   19.3694   19.6757
60   20.176    20.6555   19.979    19.416
61   20.0383   19.5581   19.4282   20.1669
62   19.6773   19.7734   19.3685   20.2667
63   19.6825   20.1528   20.6692   20.2398
64   20.1902   19.4003   19.9991   19.6031
65   19.6816   20.2302   20.1631   20.6692
66   19.3927   19.9972   20.2667   19.6775
67   20.669    20.2426   19.6823   20.1513
68   20.6696   20.1597   20.2359   19.6821
69   19.3926   19.997    19.6774   20.2667
70   20.6542   19.9762   20.1811   19.417

 [*,*,2]
:       1         2         3         4       :=
1    20.0519   19.3769   20.6733   20.0459
2    20.6586   20.2431   20.17     19.693
3    19.7743   20.6314   19.4334   20.2806
4    19.4321   20.2892   19.7767   20.6336
5    20.192    20.6556   19.8438   19.4031
6    20.0048   19.3791   20.2165   19.6439
7    19.377    20.657    20.1897   20.0452
8    20.0053   19.6349   19.3786   20.2066
9    20.2131   20.0015   19.3775   19.6413
10   20.2072   19.6235   20.0239   19.3859
11   19.7588   19.4379   20.6258   20.2967
12   19.9672   20.1015   20.6823   19.3823
13   20.2615   20.1959   19.693    20.6568
14   20.003    19.6333   19.3832   20.2138
15   20.1454   19.3886   19.921    20.676
16   20.2557   20.0171   19.6938   19.3849
17   19.3863   20.1328   19.9342   20.678
18   20.57     19.4931   19.6624   20.4035
19   20.0011   19.6429   19.3773   20.2142
20   20.2783   20.6326   19.4318   19.7761
21   19.4596   19.7208   20.345    20.6065
22   20.6584   20.1764   19.6926   20.2655
23   20.0043   20.2149   19.3811   19.6376
24   20.2156   19.38     20.0046   19.6404
25   20.6569   20.19     19.377    20.0453
26   20.2114   20.6524   19.4083   19.8323
27   19.5718   20.4949   20.4937   19.57
28   19.6366   19.3817   20.0034   20.2148
29   19.6938   19.3849   20.0171   20.2558
30   20.2129   19.6357   19.3817   20.0122
31   20.6569   20.1898   19.377    20.0453
32   19.3775   20.0558   20.6544   20.2042
33   19.3798   19.6405   20.0052   20.2156
34   20.2121   19.3821   19.6344   20.0139
35   19.6933   19.7032   20.3781   20.2392
36   19.6949   19.4748   20.5916   20.3708
37   20.6533   19.8364   20.2069   19.4066
38   19.6926   20.265    20.1812   20.6583
39   19.6926   20.1765   20.6584   20.2673
40   19.3815   19.6348   20.2124   20.0131
41   19.6933   20.3772   19.3756   19.7079
42   20.6584   20.2659   19.6926   20.1745
43   19.7718   19.4342   20.294    20.6315
44   19.8168   19.4148   20.2206   20.6499
45   19.6938   20.2557   20.0171   19.3849
46   19.3776   20.0014   20.2117   19.6398
47   20.0171   19.3849   19.6938   20.2557
48   19.6436   20.0028   20.2167   19.3787
49   19.6357   19.3821   20.0031   20.2145
50   20.6268   19.4365   19.7614   20.2895
51   20.6568   19.3931   20.1596   19.8789
52   19.5167   20.4212   19.618    20.5554
53   19.7722   20.6309   20.2795   19.4324
54   19.3828   19.6342   20.2141   20.0033
55   19.7615   19.4368   20.6265   20.2948
56   19.4261   19.7874   20.269    20.6366
57   19.7787   20.2633   20.6367   19.4267
58   20.6569   20.0453   19.377    20.19
59   20.6849   20.0455   20.065    19.3845
60   19.6926   20.2629   20.6581   20.1825
61   20.6243   19.4431   20.3013   19.7556
62   19.377    20.6734   20.0523   20.047
63   19.3818   19.6362   20.2143   20.0051
64   19.8193   20.2187   20.6499   19.414
65   19.3764   19.9984   19.646    20.2158
66   20.1905   20.6568   20.0454   19.3769
67   20.2137   20.0077   19.3819   19.6352
68   20.2167   19.6424   20.0023   19.3795
69   20.1903   20.6569   19.377    20.0454
70   20.2655   20.6583   19.6926   20.1785

 [*,*,3]
:       1         2         3         4       :=
1    19.6776   20.1154   20.0253   20.6575
2    20.2665   20.0235   19.6266   19.3926
3    20.6513   20.3254   20.0287   19.6986
4    20.419    20.6103   19.7424   19.9335
5    19.6835   20.275    20.6648   20.0948
6    20.6698   20.1369   19.8976   19.406
7    20.1155   20.2719   19.6832   20.6576
8    20.67     19.4083   20.1335   19.8643
9    19.8852   20.6714   20.1285   19.4067
10   19.8666   19.4125   20.6607   20.1647
11   20.6473   20.0207   20.3354   19.7026
12   19.6898   20.6624   20.0706   20.2728
13   20.0844   19.65     19.3931   20.2723
14   20.67     19.4096   20.1569   19.8914
15   20.6542   20.3098   19.6984   20.0378
16   20.0345   20.6719   19.3957   20.151
17   20.2988   20.6568   19.6956   20.0469
18   19.8514   20.4986   19.7993   20.5533
19   20.6716   19.4062   20.1277   19.8892
20   19.6981   20.3234   20.0316   20.6517
21   19.9861   20.636    19.7167   20.3663
22   20.2673   19.6323   19.385    20.0839
23   20.6697   19.8936   20.1469   19.4081
24   19.8953   20.1413   20.6698   19.4071
25   20.272    19.6832   20.1153   20.6576
26   19.686    20.2825   20.0819   20.6631
27   19.8637   19.7894   20.4893   20.5627
28   19.4085   20.1499   20.67     19.8938
29   19.3957   20.151    20.6719   20.0346
30   19.8852   19.4084   20.1477   20.6665
31   20.2719   19.6832   20.1155   20.6576
32   20.1146   20.652    20.2777   19.685
33   20.1405   19.4071   20.6696   19.8949
34   19.8826   20.1494   19.4088   20.6657
35   19.3958   19.7632   20.5179   19.6905
36   20.6269   19.9649   20.387    19.7258
37   20.2805   20.6637   19.6854   20.0862
38   19.3844   20.0834   19.6366   20.2676
39   19.3861   19.6324   20.2671   20.0853
40   20.1465   19.4087   19.8832   20.6661
41   19.3958   20.5115   20.1198   19.7738
42   20.2671   20.0842   19.3852   19.6306
43   19.7444   20.4227   20.6083   19.9301
44   20.6604   20.0661   19.6873   20.2883
45   19.3957   20.0345   20.6719   20.151
46   20.1289   20.6715   19.8807   19.4071
47   20.6719   20.1509   19.3957   20.0345
48   19.4062   20.6706   19.8986   20.1353
49   19.4088   20.1518   20.6701   19.893
50   20.3338   20.023    20.648    19.7007
51   20.272    20.1174   19.6801   20.6692
52   19.9142   19.7465   20.5917   20.4303
53   20.6507   20.3264   19.6983   20.0305
54   20.155    19.4093   19.892    20.6699
55   20.648    20.0226   20.3344   19.7021
56   20.0427   20.6544   19.6961   20.3158
57   20.6523   19.6948   20.3157   20.0411
58   20.272    20.6576   20.1154   19.6832
59   20.0929   20.6642   19.6781   20.1464
60   19.3835   20.0817   20.2682   19.6378
61   20.338    20.0117   19.7037   20.6464
62   20.1152   20.026    19.6775   20.6574
63   20.1504   19.4085   19.8918   20.6693
64   20.6608   19.687    20.2883   20.0679
65   20.1235   20.6727   19.4054   19.8946
66   19.6832   20.2723   20.6575   20.1154
67   19.8893   20.6683   20.1502   19.4088
68   19.8993   19.4066   20.6707   20.1396
69   19.6832   20.2722   20.1153   20.6575
70   20.0839   20.2675   19.385    19.6342
;

radius = 0.711005
softness = 0.85

---------------------------- Solution coords data ----------------------------
distances [*,1,*]
:    1   2   3   4    :=
1    0   1   0   1
2    0   1   0   1
3    0   1   0   1
4    0   1   0   1
5    0   1   0   1
6    0   1   0   1
7    0   1   0   1
8    0   1   0   1
9    0   1   0   1
10   0   1   0   1
11   0   1   0   1
12   0   1   0   1
13   0   1   0   1
14   0   1   0   1
15   0   1   0   1
16   0   1   0   1
17   0   1   0   1
18   0   1   0   1
19   0   1   0   1
20   0   1   0   1
21   0   1   0   1
22   0   1   0   1
23   0   1   0   1
24   0   1   0   1
25   0   1   0   1
26   0   1   0   1
27   0   1   0   1
28   0   1   0   1
29   0   1   0   1
30   0   1   0   1
31   0   1   0   1
32   0   1   0   1
33   0   1   0   1
34   0   1   0   1
35   0   1   0   1
36   0   1   0   1
37   0   1   0   1
38   0   1   0   1
39   0   1   0   1
40   0   1   0   1
41   0   1   0   1
42   0   1   0   1
43   0   1   0   1
44   0   1   0   1
45   0   1   0   1
46   0   1   0   1
47   0   1   0   1
48   0   1   0   1
49   0   1   0   1
50   0   1   0   1
51   0   1   0   1
52   0   1   0   1
53   0   1   0   1
54   0   1   0   1
55   0   1   0   1
56   0   1   0   1
57   0   1   0   1
58   0   1   0   1
59   0   1   0   1
60   0   1   0   1
61   0   1   0   1
62   0   1   0   1
63   0   1   0   1
64   0   1   0   1
65   0   1   0   1
66   0   1   0   1
67   0   1   0   1
68   0   1   0   1
69   0   1   0   1
70   0   1   0   1

 [*,2,*]
:    1   2   3   4    :=
1    0   0   1   1
2    0   0   1   1
3    0   0   1   1
4    0   0   1   1
5    0   0   1   1
6    0   0   1   1
7    0   0   1   1
8    0   0   1   1
9    0   0   1   1
10   0   0   1   1
11   0   0   1   1
12   0   0   1   1
13   0   0   1   1
14   0   0   1   1
15   0   0   1   1
16   0   0   1   1
17   0   0   1   1
18   0   0   1   1
19   0   0   1   1
20   0   0   1   1
21   0   0   1   1
22   0   0   1   1
23   0   0   1   1
24   0   0   1   1
25   0   0   1   1
26   0   0   1   1
27   0   0   1   1
28   0   0   1   1
29   0   0   1   1
30   0   0   1   1
31   0   0   1   1
32   0   0   1   1
33   0   0   1   1
34   0   0   1   1
35   0   0   1   1
36   0   0   1   1
37   0   0   1   1
38   0   0   1   1
39   0   0   1   1
40   0   0   1   1
41   0   0   1   1
42   0   0   1   1
43   0   0   1   1
44   0   0   1   1
45   0   0   1   1
46   0   0   1   1
47   0   0   1   1
48   0   0   1   1
49   0   0   1   1
50   0   0   1   1
51   0   0   1   1
52   0   0   1   1
53   0   0   1   1
54   0   0   1   1
55   0   0   1   1
56   0   0   1   1
57   0   0   1   1
58   0   0   1   1
59   0   0   1   1
60   0   0   1   1
61   0   0   1   1
62   0   0   1   1
63   0   0   1   1
64   0   0   1   1
65   0   0   1   1
66   0   0   1   1
67   0   0   1   1
68   0   0   1   1
69   0   0   1   1
70   0   0   1   1

 [*,3,*]
:    1   2   3   4    :=
1    1   0   0   1
2    1   0   0   1
3    1   0   0   1
4    1   0   0   1
5    1   0   0   1
6    1   0   0   1
7    1   0   0   1
8    1   0   0   1
9    1   0   0   1
10   1   0   0   1
11   1   0   0   1
12   1   0   0   1
13   1   0   0   1
14   1   0   0   1
15   1   0   0   1
16   1   0   0   1
17   1   0   0   1
18   1   0   0   1
19   1   0   0   1
20   1   0   0   1
21   1   0   0   1
22   1   0   0   1
23   1   0   0   1
24   1   0   0   1
25   1   0   0   1
26   1   0   0   1
27   1   0   0   1
28   1   0   0   1
29   1   0   0   1
30   1   0   0   1
31   1   0   0   1
32   1   0   0   1
33   1   0   0   1
34   1   0   0   1
35   1   0   0   1
36   1   0   0   1
37   1   0   0   1
38   1   0   0   1
39   1   0   0   1
40   1   0   0   1
41   1   0   0   1
42   1   0   0   1
43   1   0   0   1
44   1   0   0   1
45   1   0   0   1
46   1   0   0   1
47   1   0   0   1
48   1   0   0   1
49   1   0   0   1
50   1   0   0   1
51   1   0   0   1
52   1   0   0   1
53   1   0   0   1
54   1   0   0   1
55   1   0   0   1
56   1   0   0   1
57   1   0   0   1
58   1   0   0   1
59   1   0   0   1
60   1   0   0   1
61   1   0   0   1
62   1   0   0   1
63   1   0   0   1
64   1   0   0   1
65   1   0   0   1
66   1   0   0   1
67   1   0   0   1
68   1   0   0   1
69   1   0   0   1
70   1   0   0   1

 [*,4,*]
:    1   2   3   4    :=
1    1   1   1   0
2    1   1   1   0
3    1   1   1   0
4    1   1   1   0
5    1   1   1   0
6    1   1   1   0
7    1   1   1   0
8    1   1   1   0
9    1   1   1   0
10   1   1   1   0
11   1   1   1   0
12   1   1   1   0
13   1   1   1   0
14   1   1   1   0
15   1   1   1   0
16   1   1   1   0
17   1   1   1   0
18   1   1   1   0
19   1   1   1   0
20   1   1   1   0
21   1   1   1   0
22   1   1   1   0
23   1   1   1   0
24   1   1   1   0
25   1   1   1   0
26   1   1   1   0
27   1   1   1   0
28   1   1   1   0
29   1   1   1   0
30   1   1   1   0
31   1   1   1   0
32   1   1   1   0
33   1   1   1   0
34   1   1   1   0
35   1   1   1   0
36   1   1   1   0
37   1   1   1   0
38   1   1   1   0
39   1   1   1   0
40   1   1   1   0
41   1   1   1   0
42   1   1   1   0
43   1   1   1   0
44   1   1   1   0
45   1   1   1   0
46   1   1   1   0
47   1   1   1   0
48   1   1   1   0
49   1   1   1   0
50   1   1   1   0
51   1   1   1   0
52   1   1   1   0
53   1   1   1   0
54   1   1   1   0
55   1   1   1   0
56   1   1   1   0
57   1   1   1   0
58   1   1   1   0
59   1   1   1   0
60   1   1   1   0
61   1   1   1   0
62   1   1   1   0
63   1   1   1   0
64   1   1   1   0
65   1   1   1   0
66   1   1   1   0
67   1   1   1   0
68   1   1   1   0
69   1   1   1   0
70   1   1   1   0
;

---------------------------- Solution stats data ----------------------------
_ampl_time = 0.200011
_total_solve_time = 36706.8
_ampl_elapsed_time = 0.194973
_ampl_user_time = 0.165373

Total time elapsed: $36706.82.
_total_solve_time = 36706.8

---------------------------- Solution miscs data ----------------------------
tetrahedron_volume [*] :=
 1 0    8 0   15 0   22 0   29 0   36 0   43 0   50 0   57 0   64 0
 2 0    9 0   16 0   23 0   30 0   37 0   44 0   51 0   58 0   65 0
 3 0   10 0   17 0   24 0   31 0   38 0   45 0   52 0   59 0   66 0
 4 0   11 0   18 0   25 0   32 0   39 0   46 0   53 0   60 0   67 0
 5 0   12 0   19 0   26 0   33 0   40 0   47 0   54 0   61 0   68 0
 6 0   13 0   20 0   27 0   34 0   41 0   48 0   55 0   62 0   69 0
 7 0   14 0   21 0   28 0   35 0   42 0   49 0   56 0   63 0   70 0
;

---------------------------- Solution miscs data ----------------------------
tetrahedron_surface_area [*] :=
 1 1.73205   13 1.73205   25 1.73205   37 1.73205   49 1.73205   61 1.73205
 2 1.73205   14 1.73205   26 1.73205   38 1.73205   50 1.73205   62 1.73205
 3 1.73205   15 1.73205   27 1.73205   39 1.73205   51 1.73205   63 1.73205
 4 1.73205   16 1.73205   28 1.73205   40 1.73205   52 1.73205   64 1.73205
 5 1.73205   17 1.73205   29 1.73205   41 1.73205   53 1.73205   65 1.73205
 6 1.73205   18 1.73205   30 1.73205   42 1.73205   54 1.73205   66 1.73205
 7 1.73205   19 1.73205   31 1.73205   43 1.73205   55 1.73205   67 1.73205
 8 1.73205   20 1.73205   32 1.73205   44 1.73205   56 1.73205   68 1.73205
 9 1.73205   21 1.73205   33 1.73205   45 1.73205   57 1.73205   69 1.73205
10 1.73205   22 1.73205   34 1.73205   46 1.73205   58 1.73205   70 1.73205
11 1.73205   23 1.73205   35 1.73205   47 1.73205   59 1.73205
12 1.73205   24 1.73205   36 1.73205   48 1.73205   60 1.73205
;

