Error at _cmdno 5 executing "solve" command
(file amplin, line 1961, offset 37058):
error processing param distances:
	3440 invalid subscripts discarded:
	distances[86,1,1]
	distances[86,1,2]
	distances[86,1,3]
	and 3437 more.
##### This license is only intended for use by NEOS. #####
##### License is valid until Jan 16, 2026 #####
ariables.
Substitution eliminates 1 variable.
Adjusted problem:
18873 variables:
	11733 nonlinear variables
	7140 linear variables
37828 constraints; 227296 nonzeros
	33575 nonlinear constraints
	4253 linear constraints
	3656 equality constraints
	34172 inequality constraints
1 nonlinear objective; 3 nonzeros.

Artelys Knitro 14.2.0: threads=4
algorithm=1
ms_enable=1
ms_maxsolves=10
feastol=1e-5
opttol=1e-5
honorbnds=1
bar_initpt=3
bar_murule=4
scale=1
outlev=2
maxtime_real=1200
WARNING:  Option 'threads' is deprecated, please use 'numthreads'.
WARNING: 1 constraint is constant or undefined and will be ignored.

=======================================
           Academic License
       (NOT FOR COMMERCIAL USE)
         Artelys Knitro 14.2.0
=======================================

No start point provided -- Knitro computing one.

Knitro presolve eliminated 0 variables and 1 constraint.

algorithm                1
bar_initpt               3
bar_murule               4
concurrent_evals         0
datacheck                0
feastol                  1e-05
findiff_numthreads       1
hessian_no_f             1
hessopt                  1
honorbnds                1
maxtime_real             1200
ms_enable                1
ms_maxsolves             10
numthreads               4
opttol                   1e-05

Problem Characteristics                                 (   Presolved)
-----------------------
Objective goal:  Minimize
Objective type:  general
Number of variables:                              18873 (       18873)
    bounded below only:                               1 (           1)
    bounded above only:                               0 (           0)
    bounded below and above:                          0 (           0)
    fixed:                                            0 (           0)
    free:                                         18872 (       18872)
Number of constraints:                            37828 (       37827)
    linear equalities:                                1 (           0)
    quadratic equalities:                          3570 (        3570)
    gen. nonlinear equalities:                       85 (          85)
    linear one-sided inequalities:                 4252 (        4252)
    quadratic one-sided inequalities:             29920 (       29920)
    gen. nonlinear one-sided inequalities:            0 (           0)
    linear two-sided inequalities:                    0 (           0)
    quadratic two-sided inequalities:                 0 (           0)
    gen. nonlinear two-sided inequalities:            0 (           0)
Number of nonzeros in Jacobian:                  227296 (      227296)
Number of nonzeros in Hessian:                   103023 (      103023)

Knitro parallel multistart will run with 4 threads.

Return codes description
------------------------
  0:  The final solution satisfies the termination conditions for verifying optimality.
  -100 to -199:  A feasible approximate solution was found.
  -200 to -299:  Knitro terminated at an infeasible point.
  -300 to -301:  The problem was determined to be unbounded.
  -400 to -499:  Knitro terminated because it reached a pre-defined limit.
    -400 to -409:  A feasible point was found.
    -410 to -419:  No feasible point was found.
  -500 to -599:  Knitro terminated with an input error or some non-standard error.
A more detailed description of individual return codes and their corresponding
termination messages is provided at
https://www.artelys.com/app/docs/knitro/3_referenceManual/returnCodes.html

 Solve #  ThreadID  Status     Objective      FeasError    OptError    Real Time 
--------  --------  ------  --------------   ----------   ----------  ----------
      0          0       0         3.95273  1.46344e-05  5.73212e-05      872.655
      1          3    -410     9.45099e+10  2.98397e+06      11958.9      4252.87
      4          0    -410     6.77965e+12  2.17914e+06      714353.      4675.33
      8          0    -410     1.06764e+13  1.12028e+06      280460.      5295.25
      6          2    -410     4.54163e+12      91.5220      580646.      5543.31
      9          1    -410     1.78347e+11     0.786922      97140.9      4447.54
      3          2    -410     1.44290e+09      13.7446      782.731      3967.70
      5          1    -410     1.52520e+12      44.1945      110958.      5235.52
      2          1    -410     1.63810e+12      68.9796      311698.      3957.46
      7          3    -410     4.36654e+11      6.19202      50450.5      5292.31

MULTISTART: Best locally optimal solution is returned.
EXIT: Locally optimal solution found.

Final Statistics
----------------
Final objective value               =   3.95272634473129e+00
Final feasibility error (abs / rel) =   1.46e-05 / 2.78e-06
Final optimality error  (abs / rel) =   5.73e-05 / 8.38e-06
# of iterations                     =      92923 
# of CG iterations                  =          0 
# of function evaluations           =      96258
# of gradient evaluations           =      93129
# of Hessian evaluations            =      92973
Total program time (secs)           =   13641.39160 ( 43297.301 CPU time)

===============================================================================

Knitro 14.2.0: Locally optimal or satisfactory solution.
objective 3.952726345; feasibility error 1.46e-05
92923 iterations; 96258 function evaluations

suffix feaserror OUT;
suffix opterror OUT;
suffix numfcevals OUT;
suffix numiters OUT;
---------------------------- Solver Status Report ----------------------------
solve_result_num = 0
solve_result = solved
solve_message = 'Knitro 14.2.0: Locally optimal or satisfactory solution.\
objective 3.952726345; feasibility error 1.46e-05\
92923 iterations; 96258 function evaluations'


---------------------------- Problem Dimensions ----------------------------
Variables: 37234
Constraints: 37914
---------------------------- Container and geometric considerations  ----------------------------
Container type: cylinder
Structural conservation type: volume & surface
---------------------------- Solution execution data ----------------------------
solve_result_num = 0
solve_result = solved

---------------------------- Solution data ----------------------------
card(figures) = 85

coords [*,*,1]
:        1            2             3             4         :=
1     1.122        0.99577      0.216436      1.15502
2     0.26767     -0.372683     0.192225      0.73691
3     0.900684     0.218023     1.12807       1.15211
4     1.15214      1.1068       1.0106        0.180797
5    -0.985142    -1.15514     -1.03896      -0.329805
6     0.380511     0.163556    -0.583351      0.0940948
7     0.0218342    0.384169    -0.638537     -0.259409
8    -0.0954268   -0.969058    -1.13863      -1.14865
9     0.254127    -0.269515     0.602571     -0.30878
10   -0.774724    -0.355868    -1.15514      -0.317008
11   -1.09682     -0.0908755   -1.13862      -1.14863
12    0.337681     0.0180384    1.11936       0.472339
13   -0.849243    -0.839174    -1.15564      -0.227609
14    0.366347     0.326423     0.104423     -0.79798
15   -0.155826    -0.189104     0.304011     -0.649194
16    1.1405       0.016705     0.933476      1.11985
17    0.196053    -0.0846653   -0.0766635    -0.93531
18   -0.158719     0.099877     0.254128      1.10462
19    0.180225    -0.933405     0.298652     -0.0744863
20   -0.754874    -0.150978    -0.211016     -0.20765
21    0.99577      0.235595     0.189545      0.34495
22    1.09496      0.200365     1.15365       1.122
23   -0.324422    -0.502035    -0.319761      0.279389
24   -0.161679    -0.215311    -0.956174     -0.755963
25   -1.11604     -0.724188    -0.958915     -0.19246
26   -0.764193    -1.1381      -0.0810532    -0.95453
27    0.379432     0.0309099    0.947898      0.567669
28   -0.774722    -0.315273     0.0906607    -0.366874
29   -0.888447    -0.100186    -0.235691     -1.15564
30   -0.642313    -1.11605     -0.843433     -0.0208843
31    0.47489     -0.269513     0.401327      0.254138
32    1.05205      0.267296     0.41846       0.754448
33    1.08875      0.252164     1.15502       0.950814
34   -0.212444    -0.0826843   -0.940685      0.170164
35    0.262461     0.61409      1.13982       0.470022
36    0.0104294   -0.259409    -0.642935     -0.829108
37   -0.207647    -0.211015     0.399585     -0.150976
38   -1.03819     -1.14863     -0.103137     -1.09681
39   -0.109872     0.180336     0.163171      0.744567
40   -0.323697    -0.502518    -1.01863      -1.15492
41    0.389744    -0.0271409   -0.29995       0.55443
42    0.399543    -0.213594    -0.0939764     0.744841
43   -0.958916    -0.192457    -1.11604      -1.15491
44   -0.152324     0.309947    -0.189168      0.315627
45    0.567991     0.0219734    0.938741      0.988776
46   -0.265409    -0.100177    -0.24366       0.373049
47   -0.243661    -0.26541     -0.888447     -0.100183
48    0.777747     0.404854     0.0948204     0.900682
49    0.297908     0.0525788    1.0607       -0.100181
50    0.189546     0.832833     0.344949      0.995769
51   -0.315273    -0.774723     0.0906611    -0.289956
52   -0.0957985   -0.991493    -0.870823     -0.472215
53   -1.04008     -0.654322    -1.09689       0.0425332
54    0.252167     0.950817     0.386615      0.721758
55   -0.472214     0.180221    -0.340217     -0.05418
56    0.0873773    1.10462      1.02434       0.38715
57   -1.03889     -0.401531    -0.277513     -0.976622
58    1.15107      0.938739     0.0219715     0.988776
59    0.950815     0.252174     1.08875       0.721759
60   -0.212072    -0.668119    -0.951195     -0.170453
61   -0.56754      0.18725      0.326362      0.235594
62   -0.372684     0.736909     0.192226      0.0362503
63    0.734636     0.229183     0.0418757     0.456258
64   -0.0523389   -0.818688    -0.849226     -0.213331
65    0.292791     0.373041    -0.100185     -0.325098
66   -0.653563    -1.1215      -0.642477      0.0815072
67   -0.324431     0.0906607   -0.293656      0.166317
68    0.995759     0.111426     1.122         0.813082
69   -0.213703     0.315627    -0.172069     -0.930123
70    1.11912      0.753706     1.1112        0.00493023
71   -0.259653    -1.12708     -0.875774     -1.15417
72    1.07341      0.754455     0.00603887    1.10462
73    0.721759     1.12078      0.186887     -0.00232054
74   -0.172068     0.315627    -0.578273     -0.930123
75    0.0525297    1.06069      0.297859      0.375936
76   -0.101425     0.394434     0.309825      0.833017
77    0.211497    -0.788903     0.343139     -0.0387889
78    0.777747     1.11855      0.094822      0.900682
79   -0.502387    -0.322122    -1.01842      -0.327022
80    0.298632    -0.0875107   -0.933425      0.180232
81    0.0475225   -0.0224825    1.12079       0.0537094
82    0.293912     0.995773     0.129579      1.0607
83   -0.0541806   -0.870823    -0.472214     -0.340218
84   -0.993842    -0.870824    -1.15514      -0.217043
85    0.602571    -0.158719     1.10462       0.254129

 [*,*,2]
:        1             2             3             4         :=
1     0.277255     0.586681      0.146424     -0.0410226
2     1.12432      1.09401       0.519005      0.890346
3    -0.724237    -0.03354      -0.195998      0.0916804
4     0.0911986   -0.189149      0.560752     -0.0311622
5    -0.586327    -0.0375474     0.506281     -0.314246
6    -0.0840358    0.708792     -0.291591      0.219897
7     0.0421221    1.09003       0.963339      1.12626
8     0.139575    -0.629824     -0.198151     -0.127903
9    -0.283015    -1.12388      -0.986235     -0.288048
10    0.690455     0.110573     -0.0375459    -0.488737
11    0.364322     0.141224     -0.198202     -0.128042
12    0.223401     0.0203927    -0.0410019     1.04547
13   -0.783925    -0.794694      0.015651     -0.223628
14    1.09615      0.210974      0.130231      0.778529
15   -0.0226569    1.14017       1.0792        0.900084
16   -0.187135     0.00606278    0.670361     -0.28581
17   -0.542272    -1.14631      -0.224258     -0.635066
18   -0.403009     0.231118     -0.283016     -0.339954
19   -1.1416      -0.590664     -0.321545      0.00136696
20   -0.875167    -1.14582      -1.13632      -0.151539
21    0.586676    -0.00341681    0.238905      1.10307
22   -0.369877     0.142062     -0.0407597     0.277253
23    1.10928      1.04101       0.126599      1.12147
24   -0.117372    -1.13551      -0.649023     -0.874227
25    0.300341     0.900723      0.645161     -0.132672
26   -0.811185    -0.201207      0.170484     -0.651632
27    1.09169      0.0184468     0.66124       1.00673
28    0.690454     0.0543708     0.208527     -0.360268
29   -0.700398     0.00638932   -0.226028      0.0156939
30    0.960826     0.300312      0.790172      0.113638
31   -1.05367     -1.12388      -1.08383      -0.283011
32    0.478475     1.12441      -0.088998      0.875527
33   -0.387779     0.132127     -0.0410232    -0.657038
34    0.284802    -0.227086     -0.638089     -0.503804
35   -0.183131    -0.979104     -0.191186     -1.05586
36    0.086085     1.12626       0.960409      0.805189
37   -0.151566    -1.13632      -1.08447      -1.14584
38    0.507857    -0.128039      0.192375      0.364369
39   -1.15051     -1.14159      -0.100361     -0.883952
40    0.116293     1.04078       0.546026     -0.0371285
41    1.08805     -0.0388664     1.11615       1.01406
42   -1.08449     -0.0991767    -1.15192      -0.883721
43    0.645161    -0.132678      0.300344      0.0438419
44    0.0143869    1.11341       1.14016       0.904265
45    1.00655      0.00987967    0.67418       0.598393
46   -1.12486      0.00637032   -0.231824     -1.04822
47   -0.231823    -1.12486      -0.700398      0.00639028
48   -0.854904    -1.08252       0.014022     -0.72424
49    0.11296     -0.892999     -0.458986      0.00639432
50    0.238904     0.801337      1.10307       0.586678
51    0.0543712    0.690455      0.208528      1.11878
52   -0.185812    -0.59388      -0.75988      -1.05488
53    0.503976     0.952688      0.364126      0.217452
54    0.132123    -0.657038     -1.08916      -0.902673
55   -1.05488     -1.14161      -1.10454      -0.0897266
56    0.238223    -0.339952      0.453649     -0.24652
57    0.506428    -0.231399      0.276785     -0.618029
58    0.103837     0.674177      0.00987667    0.598393
59   -0.65704      0.132115     -0.387778     -0.902672
60    1.13612      0.943064      0.632821      0.0097049
61    0.0200554    0.250975      0.915006     -0.00341714
62    1.09401      0.890345      0.519006      0.312512
63    0.892221     0.571552      0.317151     -0.174482
64   -1.15456     -0.776163     -0.783943     -0.210327
65    0.190989    -1.0482        0.00639417   -0.103936
66    0.763466     0.279268     -0.491702      0.153808
67    0.0508924    0.208528      1.11782       0.711692
68    0.586674     0.131259      0.27725       0.82137
69    1.13582      0.90426       0.0268221     0.684928
70   -0.288647    -0.843024     -0.175453      0.00869806
71   -0.0609789    0.255826     -0.75417       0.0603136
72    0.428428     0.875528      0.284454     -0.339945
73   -0.902672    -0.0410871     0.0109726    -0.463349
74    0.0268225    0.90426       0.00931074    0.684928
75   -0.893201    -0.458994      0.112757     -1.0929
76    0.11809      1.08619       1.11344       0.801145
77   -0.505777    -0.488879     -0.0650247     0.509694
78   -0.854903    -0.290865      0.0140229    -0.724239
79    1.04012      0.108157      0.546424      1.10852
80   -0.321549    -1.15243      -0.590667     -1.14161
81    0.0187433    0.303047     -0.041083     -0.442281
82    0.190157     0.586676     -0.085713     -0.458985
83   -0.0897263   -0.759881     -1.05488      -1.10454
84   -0.58994     -0.75988      -0.0375483    -0.267432
85   -0.986234    -0.403009     -0.339955     -0.283017

 [*,*,3]
:        1             2            3             4         :=
1     0.271401    -0.948564     -0.121576    -0.948574
2     0.941484     2.0106        1.10851      2.0106
3     1.48086      1.05224       1.91562      0.684887
4     0.686964     1.88234       1.29585      1.03525
5     0.891969     2.0106        1.38962      1.47932
6     1.46721      0.851029      1.05441      1.9905
7     0.614313     0.264611      0.998106     0.0264826
8     0.554987     0.8621       -0.0604852    1.20243
9     1.10961      1.8962        2.0106       2.0106
10    2.0106       1.10614       2.0106       2.0106
11    0.247343     0.560692     -0.06141      1.19995
12   -0.0615839    0.785671      0.230836     0.200153
13    0.0924092   -0.948573     -0.838611    -0.0130795
14    0.255693    -0.0361803     0.602865    -0.00160145
15   -0.175775    -0.571417      0.241897    -0.00538489
16    0.240909     0.788417      0.224291     1.03114
17    0.872883     0.426679      0.0703628    0.903404
18    2.0106       2.0106        1.10961      2.0106
19    1.17502      0.937912      1.03594      1.65328
20   -0.0519693   -0.733834      0.529609     0.0460361
21   -0.948574    -0.948574     -0.0380496   -0.948574
22    0.1799      -0.13634      -0.947405     0.271395
23    0.739674     1.89577       1.041        0.92746
24    0.0968261    0.525604      0.925153    -0.0533282
25    0.179953    -0.165489     -0.948574    -0.392989
26    0.102155    -0.0547107     0.514035     0.915487
27    0.213399     0.781982      0.193807     1.1132
28    2.0106       1.01848       2.0106       2.0106
29   -0.948574    -0.948574     -0.0226783   -0.838615
30    1.01368      0.179981     -0.112801     0.569632
31    2.0106       1.8962        0.824581     1.10961
32    1.38488      0.940706      1.26441      2.0106
33    0.245619    -0.180411     -0.948574    -0.879771
34    0.907846     0.0760807     0.909694     0.777002
35    1.03985      1.09112       1.92944      1.93163
36    0.590474     0.026483      1.01051     -0.0243956
37    0.0460155    0.529591     -0.428704    -0.733855
38    1.38974      1.19994       0.59844      0.247252
39    0.357663     1.17508       0.524002     0.286413
40    1.06958      1.89891       1.33319      2.0106
41    0.260852     0.656151      0.74534      1.04747
42   -0.428632     0.0296512     0.358315     0.286344
43   -0.948574    -0.392987      0.179936    -0.948574
44   -0.181021     0.241412     -0.571518    -0.948574
45    1.11254      0.785178      0.22105      1.34993
46   -0.929543    -0.948573     -0.0339904   -0.434869
47   -0.0339892   -0.929542     -0.948574    -0.948574
48    0.228737     0.838401      0.844024     1.48086
49   -0.22189     -0.948429     -0.948574    -0.948574
50   -0.0380485    0.0729735    -0.948573    -0.948574
51    1.01848      2.0106        2.0106       1.68365
52    1.54522      0.908874      2.0106       0.912512
53    1.3584       0.999885      0.245347     0.770307
54   -0.18042     -0.879783     -0.451744     0.231424
55    0.912511     1.17501       2.0106       1.61517
56    2.0106       2.0106        1.37962      1.34645
57    1.38974      1.47018       0.756796     0.872514
58    0.701975     0.221051      0.785181     1.34992
59   -0.879771    -0.180419      0.245622     0.231421
60   -0.546098    -0.00165539   -0.948574    -0.172579
61   -0.948574     0.00730064   -0.948574    -0.948574
62    2.0106       2.0106        1.10852      2.0106
63    1.96714      0.85283       2.0106       1.34694
64   -0.819006    -0.948574      0.0907236    0.00713077
65   -0.207693    -0.43488      -0.948574     0.0351875
66   -0.195705     0.194011     -0.03941      0.564184
67    0.996096     2.0106        1.67486      0.852538
68   -0.948544    -0.167166      0.271421     0.179204
69   -0.547231    -0.948574     -0.178994    -0.948573
70    1.0541       0.229212      0.20446      0.789482
71   -0.182663    -0.0216975     0.0478705   -0.878464
72    1.37736      2.0106        2.0106       2.0106
73    0.231426     0.230114      0.700617    -0.170307
74   -0.178995    -0.948574     -0.948574    -0.948573
75   -0.948574    -0.948574     -0.222036    -0.443074
76   -0.221434    -0.862436      0.242987     0.0734621
77    0.764701     1.06175       1.43434      0.861303
78    0.228737     1.05128       0.844025     1.48086
79    1.89831      1.06228       1.33361      0.756517
80    1.03593      0.422156      0.937909     1.17502
81    0.770832    -0.0652471     0.230116    -0.150329
82   -0.203782    -0.948574     -0.948574    -0.948573
83    1.61517      2.0106        0.912512     2.0106
84    0.88417      2.0106        2.0106       1.58038
85    2.0106       2.0106        2.0106       1.10961
;

radius = 1.15575
height = 2.95918
softness = 0.6

---------------------------- Solution coords data ----------------------------
distances [*,1,*]
:    1   2   3   4    :=
1    0   1   0   1
2    0   1   0   1
3    0   1   0   1
4    0   1   0   1
5    0   1   0   1
6    0   1   0   1
7    0   1   0   1
8    0   1   0   1
9    0   1   0   1
10   0   1   0   1
11   0   1   0   1
12   0   1   0   1
13   0   1   0   1
14   0   1   0   1
15   0   1   0   1
16   0   1   0   1
17   0   1   0   1
18   0   1   0   1
19   0   1   0   1
20   0   1   0   1
21   0   1   0   1
22   0   1   0   1
23   0   1   0   1
24   0   1   0   1
25   0   1   0   1
26   0   1   0   1
27   0   1   0   1
28   0   1   0   1
29   0   1   0   1
30   0   1   0   1
31   0   1   0   1
32   0   1   0   1
33   0   1   0   1
34   0   1   0   1
35   0   1   0   1
36   0   1   0   1
37   0   1   0   1
38   0   1   0   1
39   0   1   0   1
40   0   1   0   1
41   0   1   0   1
42   0   1   0   1
43   0   1   0   1
44   0   1   0   1
45   0   1   0   1
46   0   1   0   1
47   0   1   0   1
48   0   1   0   1
49   0   1   0   1
50   0   1   0   1
51   0   1   0   1
52   0   1   0   1
53   0   1   0   1
54   0   1   0   1
55   0   1   0   1
56   0   1   0   1
57   0   1   0   1
58   0   1   0   1
59   0   1   0   1
60   0   1   0   1
61   0   1   0   1
62   0   1   0   1
63   0   1   0   1
64   0   1   0   1
65   0   1   0   1
66   0   1   0   1
67   0   1   0   1
68   0   1   0   1
69   0   1   0   1
70   0   1   0   1
71   0   1   0   1
72   0   1   0   1
73   0   1   0   1
74   0   1   0   1
75   0   1   0   1
76   0   1   0   1
77   0   1   0   1
78   0   1   0   1
79   0   1   0   1
80   0   1   0   1
81   0   1   0   1
82   0   1   0   1
83   0   1   0   1
84   0   1   0   1
85   0   1   0   1

 [*,2,*]
:    1   2   3   4    :=
1    0   0   1   1
2    0   0   1   1
3    0   0   1   1
4    0   0   1   1
5    0   0   1   1
6    0   0   1   1
7    0   0   1   1
8    0   0   1   1
9    0   0   1   1
10   0   0   1   1
11   0   0   1   1
12   0   0   1   1
13   0   0   1   1
14   0   0   1   1
15   0   0   1   1
16   0   0   1   1
17   0   0   1   1
18   0   0   1   1
19   0   0   1   1
20   0   0   1   1
21   0   0   1   1
22   0   0   1   1
23   0   0   1   1
24   0   0   1   1
25   0   0   1   1
26   0   0   1   1
27   0   0   1   1
28   0   0   1   1
29   0   0   1   1
30   0   0   1   1
31   0   0   1   1
32   0   0   1   1
33   0   0   1   1
34   0   0   1   1
35   0   0   1   1
36   0   0   1   1
37   0   0   1   1
38   0   0   1   1
39   0   0   1   1
40   0   0   1   1
41   0   0   1   1
42   0   0   1   1
43   0   0   1   1
44   0   0   1   1
45   0   0   1   1
46   0   0   1   1
47   0   0   1   1
48   0   0   1   1
49   0   0   1   1
50   0   0   1   1
51   0   0   1   1
52   0   0   1   1
53   0   0   1   1
54   0   0   1   1
55   0   0   1   1
56   0   0   1   1
57   0   0   1   1
58   0   0   1   1
59   0   0   1   1
60   0   0   1   1
61   0   0   1   1
62   0   0   1   1
63   0   0   1   1
64   0   0   1   1
65   0   0   1   1
66   0   0   1   1
67   0   0   1   1
68   0   0   1   1
69   0   0   1   1
70   0   0   1   1
71   0   0   1   1
72   0   0   1   1
73   0   0   1   1
74   0   0   1   1
75   0   0   1   1
76   0   0   1   1
77   0   0   1   1
78   0   0   1   1
79   0   0   1   1
80   0   0   1   1
81   0   0   1   1
82   0   0   1   1
83   0   0   1   1
84   0   0   1   1
85   0   0   1   1

 [*,3,*]
:    1   2   3   4    :=
1    1   0   0   1
2    1   0   0   1
3    1   0   0   1
4    1   0   0   1
5    1   0   0   1
6    1   0   0   1
7    1   0   0   1
8    1   0   0   1
9    1   0   0   1
10   1   0   0   1
11   1   0   0   1
12   1   0   0   1
13   1   0   0   1
14   1   0   0   1
15   1   0   0   1
16   1   0   0   1
17   1   0   0   1
18   1   0   0   1
19   1   0   0   1
20   1   0   0   1
21   1   0   0   1
22   1   0   0   1
23   1   0   0   1
24   1   0   0   1
25   1   0   0   1
26   1   0   0   1
27   1   0   0   1
28   1   0   0   1
29   1   0   0   1
30   1   0   0   1
31   1   0   0   1
32   1   0   0   1
33   1   0   0   1
34   1   0   0   1
35   1   0   0   1
36   1   0   0   1
37   1   0   0   1
38   1   0   0   1
39   1   0   0   1
40   1   0   0   1
41   1   0   0   1
42   1   0   0   1
43   1   0   0   1
44   1   0   0   1
45   1   0   0   1
46   1   0   0   1
47   1   0   0   1
48   1   0   0   1
49   1   0   0   1
50   1   0   0   1
51   1   0   0   1
52   1   0   0   1
53   1   0   0   1
54   1   0   0   1
55   1   0   0   1
56   1   0   0   1
57   1   0   0   1
58   1   0   0   1
59   1   0   0   1
60   1   0   0   1
61   1   0   0   1
62   1   0   0   1
63   1   0   0   1
64   1   0   0   1
65   1   0   0   1
66   1   0   0   1
67   1   0   0   1
68   1   0   0   1
69   1   0   0   1
70   1   0   0   1
71   1   0   0   1
72   1   0   0   1
73   1   0   0   1
74   1   0   0   1
75   1   0   0   1
76   1   0   0   1
77   1   0   0   1
78   1   0   0   1
79   1   0   0   1
80   1   0   0   1
81   1   0   0   1
82   1   0   0   1
83   1   0   0   1
84   1   0   0   1
85   1   0   0   1

 [*,4,*]
:    1   2   3   4    :=
1    1   1   1   0
2    1   1   1   0
3    1   1   1   0
4    1   1   1   0
5    1   1   1   0
6    1   1   1   0
7    1   1   1   0
8    1   1   1   0
9    1   1   1   0
10   1   1   1   0
11   1   1   1   0
12   1   1   1   0
13   1   1   1   0
14   1   1   1   0
15   1   1   1   0
16   1   1   1   0
17   1   1   1   0
18   1   1   1   0
19   1   1   1   0
20   1   1   1   0
21   1   1   1   0
22   1   1   1   0
23   1   1   1   0
24   1   1   1   0
25   1   1   1   0
26   1   1   1   0
27   1   1   1   0
28   1   1   1   0
29   1   1   1   0
30   1   1   1   0
31   1   1   1   0
32   1   1   1   0
33   1   1   1   0
34   1   1   1   0
35   1   1   1   0
36   1   1   1   0
37   1   1   1   0
38   1   1   1   0
39   1   1   1   0
40   1   1   1   0
41   1   1   1   0
42   1   1   1   0
43   1   1   1   0
44   1   1   1   0
45   1   1   1   0
46   1   1   1   0
47   1   1   1   0
48   1   1   1   0
49   1   1   1   0
50   1   1   1   0
51   1   1   1   0
52   1   1   1   0
53   1   1   1   0
54   1   1   1   0
55   1   1   1   0
56   1   1   1   0
57   1   1   1   0
58   1   1   1   0
59   1   1   1   0
60   1   1   1   0
61   1   1   1   0
62   1   1   1   0
63   1   1   1   0
64   1   1   1   0
65   1   1   1   0
66   1   1   1   0
67   1   1   1   0
68   1   1   1   0
69   1   1   1   0
70   1   1   1   0
71   1   1   1   0
72   1   1   1   0
73   1   1   1   0
74   1   1   1   0
75   1   1   1   0
76   1   1   1   0
77   1   1   1   0
78   1   1   1   0
79   1   1   1   0
80   1   1   1   0
81   1   1   1   0
82   1   1   1   0
83   1   1   1   0
84   1   1   1   0
85   1   1   1   0
;

---------------------------- Solution stats data ----------------------------
_ampl_time = 0.179772
_total_solve_time = 43297.9
_ampl_elapsed_time = 0.175994
_ampl_user_time = 0.141059

Total time elapsed: $43297.89.
_total_solve_time = 43297.9

---------------------------- Solution miscs data ----------------------------
tetrahedron_volume [*] :=
 1 0.117851   18 0.117851   35 0.117851   52 0.117851   69 0.117851
 2 0.117851   19 0.117851   36 0.117851   53 0.117851   70 0.117851
 3 0.117851   20 0.117851   37 0.117851   54 0.117851   71 0.117851
 4 0.117851   21 0.117851   38 0.117851   55 0.117851   72 0.117851
 5 0.117851   22 0.117851   39 0.117851   56 0.117851   73 0.117851
 6 0.117851   23 0.117851   40 0.117851   57 0.117851   74 0.117851
 7 0.117851   24 0.117851   41 0.117851   58 0.117851   75 0.117851
 8 0.117851   25 0.117851   42 0.117851   59 0.117851   76 0.117851
 9 0.117851   26 0.117851   43 0.117851   60 0.117851   77 0.117851
10 0.117851   27 0.117851   44 0.117851   61 0.117851   78 0.117851
11 0.117851   28 0.117851   45 0.117851   62 0.117851   79 0.117851
12 0.117851   29 0.117851   46 0.117851   63 0.117851   80 0.117851
13 0.117851   30 0.117851   47 0.117851   64 0.117851   81 0.117851
14 0.117851   31 0.117851   48 0.117851   65 0.117851   82 0.117851
15 0.117851   32 0.117851   49 0.117851   66 0.117851   83 0.117851
16 0.117851   33 0.117851   50 0.117851   67 0.117851   84 0.117851
17 0.117851   34 0.117851   51 0.117851   68 0.117851   85 0.117851
;

---------------------------- Solution miscs data ----------------------------
tetrahedron_surface_area [*] :=
 1 0    9 0   17 0   25 0   33 0   41 0   49 0   57 0   65 0   73 0   81 0
 2 0   10 0   18 0   26 0   34 0   42 0   50 0   58 0   66 0   74 0   82 0
 3 0   11 0   19 0   27 0   35 0   43 0   51 0   59 0   67 0   75 0   83 0
 4 0   12 0   20 0   28 0   36 0   44 0   52 0   60 0   68 0   76 0   84 0
 5 0   13 0   21 0   29 0   37 0   45 0   53 0   61 0   69 0   77 0   85 0
 6 0   14 0   22 0   30 0   38 0   46 0   54 0   62 0   70 0   78 0
 7 0   15 0   23 0   31 0   39 0   47 0   55 0   63 0   71 0   79 0
 8 0   16 0   24 0   32 0   40 0   48 0   56 0   64 0   72 0   80 0
;

