Error at _cmdno 5 executing "solve" command
(file amplin, line 1977, offset 37909):
error processing param distances:
	3600 invalid subscripts discarded:
	distances[76,1,1]
	distances[76,1,2]
	distances[76,1,3]
	and 3597 more.
##### This license is only intended for use by NEOS. #####
##### License is valid until Jan 16, 2026 #####
ariables.
Adjusted problem:
14776 variables:
	9225 nonlinear variables
	5551 linear variables
30525 constraints; 179175 nonzeros
	25950 nonlinear constraints
	4575 linear constraints
	2850 equality constraints
	27675 inequality constraints
1 linear objective; 1 nonzero.

Artelys Knitro 14.2.0: threads=4
algorithm=1
ms_enable=1
ms_maxsolves=10
feastol=1e-5
opttol=1e-5
honorbnds=1
bar_initpt=3
bar_murule=4
scale=1
outlev=2
maxtime_real=1200
WARNING:  Option 'threads' is deprecated, please use 'numthreads'.

=======================================
           Academic License
       (NOT FOR COMMERCIAL USE)
         Artelys Knitro 14.2.0
=======================================

No start point provided -- Knitro computing one.

Knitro presolve eliminated 0 variables and 0 constraints.

algorithm                1
bar_initpt               3
bar_murule               4
concurrent_evals         0
datacheck                0
feastol                  1e-05
findiff_numthreads       1
hessian_no_f             1
hessopt                  1
honorbnds                1
maxtime_real             1200
ms_enable                1
ms_maxsolves             10
numthreads               4
opttol                   1e-05

Problem Characteristics                                 (   Presolved)
-----------------------
Objective goal:  Minimize
Objective type:  linear
Number of variables:                              14776 (       14776)
    bounded below only:                             901 (         901)
    bounded above only:                               0 (           0)
    bounded below and above:                          0 (           0)
    fixed:                                            0 (           0)
    free:                                         13875 (       13875)
Number of constraints:                            30525 (       30525)
    linear equalities:                                0 (           0)
    quadratic equalities:                          2775 (        2775)
    gen. nonlinear equalities:                       75 (          75)
    linear one-sided inequalities:                 4575 (        4575)
    quadratic one-sided inequalities:             23100 (       23100)
    gen. nonlinear one-sided inequalities:            0 (           0)
    linear two-sided inequalities:                    0 (           0)
    quadratic two-sided inequalities:                 0 (           0)
    gen. nonlinear two-sided inequalities:            0 (           0)
Number of nonzeros in Jacobian:                  179175 (      179175)
Number of nonzeros in Hessian:                    80775 (       80775)

Knitro parallel multistart will run with 4 threads.

Return codes description
------------------------
  0:  The final solution satisfies the termination conditions for verifying optimality.
  -100 to -199:  A feasible approximate solution was found.
  -200 to -299:  Knitro terminated at an infeasible point.
  -300 to -301:  The problem was determined to be unbounded.
  -400 to -499:  Knitro terminated because it reached a pre-defined limit.
    -400 to -409:  A feasible point was found.
    -410 to -419:  No feasible point was found.
  -500 to -599:  Knitro terminated with an input error or some non-standard error.
A more detailed description of individual return codes and their corresponding
termination messages is provided at
https://www.artelys.com/app/docs/knitro/3_referenceManual/returnCodes.html

 Solve #  ThreadID  Status     Objective      FeasError    OptError    Real Time 
--------  --------  ------  --------------   ----------   ----------  ----------
      0          0       0         1.17725  1.47025e-04  6.36396e-07      2492.30
      4          0    -202         21489.0      5.41855     0.999823      3231.00
      2          1    -202         4105.74      63739.4      38.2287      5215.89
      3          2    -410         6066.36      206.422      1.00000      8038.67
      9          0    -410         721.428  3.75618e-02     0.461251      2597.99
      6          0    -410         984.768  4.66482e-03  7.15024e-02      5711.24
      8          3    -410         7570.42  1.83613e-02      13.8057      4497.37
      1          3    -410         837.645  3.83109e-02      4.45472      8045.79
      5          1    -410         1410.28  2.38640e-02     0.345291      6498.05
      7          2    -201         41699.3  2.23364e-02     0.849871      5198.39

MULTISTART: Best locally optimal solution is returned.
EXIT: Locally optimal solution found.

Final Statistics
----------------
Final objective value               =   1.17725243002359e+00
Final feasibility error (abs / rel) =   1.47e-04 / 8.12e-06
Final optimality error  (abs / rel) =   6.36e-07 / 6.36e-07
# of iterations                     =      83296 
# of CG iterations                  =          0 
# of function evaluations           =     108528
# of gradient evaluations           =      83578
# of Hessian evaluations            =      83365
Total program time (secs)           =   14035.09961 ( 39051.781 CPU time)

===============================================================================

Knitro 14.2.0: Locally optimal or satisfactory solution.
objective 1.17725243; feasibility error 0.000147
83296 iterations; 108528 function evaluations

suffix feaserror OUT;
suffix opterror OUT;
suffix numfcevals OUT;
suffix numiters OUT;
---------------------------- Container and geometric considerations  ----------------------------
Container type: cube
Structural conservation type: volume & surface
---------------------------- Solution execution data ----------------------------
solve_result_num = 0
solve_result = solved

---------------------------- Solution data ----------------------------
card(figures) = 75

coords [*,*,1]
:       1         2         3         4       :=
1    20.5886   19.5036   20.1428   20.5886
2    20.5886   19.4114   20.5883   19.9448
3    20.241    19.9056   19.4114   19.4114
4    19.9056   19.453    20.2878   19.4114
5    20.5886   20.5886   20.5886   19.9056
6    19.6756   19.4114   20.5863   20.3173
7    19.4114   19.8907   20.0314   19.4114
8    20.5882   19.9447   19.4114   20.5886
9    19.5174   20.5848   19.9037   20.587
10   20.5871   20.5799   19.4385   19.8459
11   20.0314   19.4114   19.4114   19.8907
12   19.7084   19.4114   20.5884   20.3329
13   19.8907   19.4114   19.4114   20.0314
14   19.5213   19.9171   20.585    20.5869
15   19.4114   19.4114   20.0314   19.8907
16   20.587    19.9125   19.52     20.5849
17   19.8907   19.4114   19.4114   20.0314
18   20.0314   19.4114   19.4114   19.8907
19   20.5886   19.4114   20.5886   19.9451
20   19.4617   19.9056   20.3282   19.417
21   19.4114   20.2707   19.9056   19.4289
22   19.875    20.5829   19.4847   20.5868
23   20.585    20.5869   19.9213   19.5227
24   19.4114   19.6991   20.307    20.5886
25   20.2565   19.4332   20.5886   20.5886
26   19.4114   20.0314   19.4114   19.8907
27   20.309    19.6218   19.4117   20.5812
28   20.0074   19.4114   20.1432   20.5886
29   20.5868   19.931    20.5851   19.525
30   20.5886   20.5886   19.4114   20.256
31   20.5886   20.5886   20.3281   19.4459
32   19.4114   19.8907   20.0314   19.4114
33   20.5886   20.307    19.4114   20.5886
34   19.5252   20.5886   20.5886   20.5886
35   19.9451   19.4114   20.5885   20.5886
36   19.4114   19.4114   20.0314   19.8907
37   19.945    20.5885   19.4114   20.5886
38   20.5886   20.5882   19.9447   19.4114
39   20.5852   20.5867   19.5252   19.9387
40   20.5868   19.8764   19.4864   20.5829
41   19.4114   20.3161   19.4114   19.4522
42   20.3282   19.9056   19.417    19.4617
43   20.5886   20.5886   19.5037   20.1428
44   20.5886   19.4553   19.7341   20.3466
45   19.4114   19.4114   20.5886   20.0131
46   19.4114   20.5886   20.5884   19.9449
47   19.4114   20.5882   19.9447   20.5886
48   20.5886   20.5886   19.5036   20.1428
49   19.5247   19.9398   20.5867   20.5852
50   20.5869   19.4996   20.5838   19.8834
51   20.5886   20.3568   19.739    19.4114
52   20.5834   20.5886   20.2673   19.439
53   20.5886   20.3038   19.4114   19.687
54   19.4114   20.3565   20.5886   20.5886
55   20.5885   19.945    19.4114   20.5886
56   19.4114   20.2399   19.4114   19.4114
57   19.8888   20.5842   19.5067   20.587
58   20.5886   19.4114   20.5886   19.9451
59   19.7394   20.3572   20.5886   19.4114
60   19.4114   20.2399   19.4114   19.4114
61   19.4114   20.0314   19.4114   19.8907
62   19.7602   20.5886   19.4653   20.3817
63   20.5886   19.4114   20.5886   20.0019
64   20.1428   20.5886   20.5886   19.5036
65   19.9449   20.5884   19.4114   20.5886
66   19.8452   20.5808   20.5872   19.4436
67   20.5883   20.5886   19.9448   19.4114
68   19.8782   20.5868   20.583    19.4885
69   19.945    20.5885   19.4114   20.5886
70   19.8858   20.587    19.5032   20.584
71   20.5886   20.5886   19.4114   19.9451
72   20.5867   19.5249   20.5852   19.9395
73   20.5886   19.735    19.4114   20.3532
74   20.5886   19.478    20.5886   20.5883
75   20.5845   19.513    19.8954   20.587

 [*,*,2]
:       1         2         3         4       :=
1    20.0796   19.4246   20.5886   19.4114
2    19.4114   19.9493   20.5886   19.4114
3    20.5886   20.5886   20.0013   19.6229
4    20.5886   20.0508   20.5141   19.5492
5    20.5886   20.5674   19.758    20.5886
6    19.4115   19.685    19.4115   20.5885
7    20.0013   20.3942   20.1736   19.4369
8    20.5886   19.4114   19.9493   19.4114
9    19.7376   20.5483   20.542    19.4383
10   19.4282   20.1955   19.492    20.4888
11   20.1736   20.0013   19.4369   20.3942
12   19.4114   19.7065   19.4114   20.5886
13   20.3942   20.0013   19.4369   20.1736
14   19.7497   20.5565   20.5649   19.4415
15   19.4369   20.0013   20.1736   20.3942
16   19.4404   20.5515   19.748    20.5617
17   20.3942   19.4369   20.0013   20.1736
18   20.1736   19.4369   20.0013   20.3942
19   19.4114   19.9493   20.5886   19.4114
20   19.5058   20.5886   20.5192   19.9524
21   19.5113   20.4945   20.5886   19.9173
22   20.5128   20.3476   19.5789   19.4338
23   20.5665   19.4425   20.5611   19.7495
24   19.4901   19.4114   20.4586   19.4114
25   20.5886   19.5362   20.0925   19.4114
26   20.0013   20.1736   19.4369   20.3942
27   20.575    19.4369   19.5957   19.4118
28   20.5886   19.4787   20.417    19.6792
29   19.4447   20.5715   20.569    19.7493
30   19.4114   20.0989   19.5449   20.508
31   20.0895   19.4114   20.5886   19.601
32   20.0013   20.3942   20.1736   19.4369
33   20.1333   20.4586   19.4901   19.4114
34   19.5658   20.2742   19.8423   19.4114
35   19.4114   19.9493   20.5886   19.4114
36   19.4369   20.0013   20.1736   20.3942
37   19.4114   20.5886   19.9493   19.4114
38   19.4114   20.5886   19.4114   19.9493
39   20.5721   19.4473   19.7525   20.5803
40   19.434    20.5141   19.5824   20.3534
41   19.7265   20.5118   20.5886   19.4854
42   20.5192   20.5886   19.9524   19.5058
43   19.4114   20.0796   19.4245   20.5886
44   19.4114   19.6161   19.4114   20.5886
45   19.4114   19.945    19.4114   20.5886
46   19.9493   19.4114   20.5886   19.4114
47   19.9493   20.5886   19.4114   19.4114
48   19.4114   20.0796   19.4246   20.5886
49   19.7543   20.5818   19.4481   20.5732
50   19.4348   19.6452   20.4335   20.5209
51   19.4114   20.5886   19.4114   19.7083
52   20.0523   19.4114   20.5886   19.5429
53   19.4114   20.5219   19.6638   19.5253
54   19.49     20.3974   20.0246   19.4114
55   20.5886   19.4114   19.9493   19.4114
56   20.0013   20.5886   19.7265   20.5886
57   20.5264   20.4799   19.6825   19.4356
58   20.5886   19.9493   19.4114   19.4114
59   19.4114   20.5886   19.4114   19.7083
60   20.5886   20.5886   20.5886   20.0013
61   19.4369   20.1736   20.0013   20.3942
62   19.4114   19.4114   19.6446   20.5886
63   19.4114   19.4114   19.9004   20.5886
64   20.5886   19.4114   20.0796   19.4246
65   19.4114   20.5886   19.9493   19.4114
66   20.4878   20.2279   19.4282   19.5176
67   20.5886   19.4114   19.4114   19.9493
68   20.5157   19.4342   20.361    19.5873
69   19.4114   20.5886   19.9493   19.4114
70   20.5233   19.4352   19.665    20.4579
71   19.4114   20.5886   19.9493   19.4114
72   19.4478   19.7536   20.5728   20.5813
73   19.4114   19.4114   19.7082   20.5886
74   19.4114   19.4182   19.845    19.4115
75   20.5211   19.7158   20.5332   19.4366

 [*,*,3]
:       1         2         3         4       :=
1    20.53     20.0898   20.2808   20.5886
2    19.4114   19.4114   19.4114   19.4114
3    20.2425   19.4114   19.4114   20.2007
4    19.4114   19.4114   20.3538   20.0366
5    19.4114   20.4817   19.4116   19.4114
6    20.3239   20.0625   20.5886   20.3742
7    19.4114   19.78     20.5886   20.5886
8    19.4114   19.4114   19.4114   19.4114
9    19.4114   19.4114   19.4114   19.4114
10   19.4114   19.4114   19.4114   19.4114
11   20.5886   19.4114   20.5886   19.78
12   20.2145   20.0255   20.5886   20.3699
13   19.78     19.4114   20.5886   20.5886
14   19.4114   19.4114   19.4114   19.4114
15   20.5886   19.4114   20.5886   19.78
16   19.4114   19.4114   19.4114   19.4114
17   19.78     20.5886   19.4114   20.5886
18   20.5886   20.5886   19.4114   19.78
19   19.4114   19.4114   19.4114   19.4114
20   20.0674   19.4114   20.2167   19.4114
21   20.0399   20.3477   19.4114   19.477
22   19.4114   19.4114   19.4114   19.4114
23   19.4114   19.4114   19.4114   19.4114
24   19.9041   19.571    20.1488   19.4114
25   20.1689   20.0477   20.442    20.5886
26   19.4114   20.5886   20.5886   19.78
27   20.4097   20.5885   20.2259   20.5886
28   19.5837   19.4169   20.0365   19.5816
29   19.4114   19.4114   19.4114   19.4114
30   19.4114   19.8624   19.7102   20.1091
31   20.4171   20.5886   20.1267   19.9118
32   19.4114   19.78     20.5886   20.5886
33   19.9207   20.1488   19.9041   19.4114
34   19.9479   20.357    20.4729   19.4991
35   19.4114   19.4114   19.4114   19.4114
36   20.5886   19.4114   20.5886   19.78
37   19.4114   19.4114   19.4114   19.4114
38   19.4114   19.4114   19.4114   19.4114
39   19.4114   19.4114   19.4114   19.4114
40   19.4114   19.4114   19.4114   19.4114
41   19.9847   20.5886   20.5886   20.5886
42   20.2167   19.4114   19.4114   20.0674
43   20.5886   20.5301   20.0899   20.2808
44   20.5886   19.9131   20.1967   20.1577
45   19.4114   19.4114   19.4114   19.583
46   19.4114   19.4114   19.4114   19.4114
47   19.4114   19.4114   19.4114   19.4114
48   20.5886   20.53     20.0898   20.2808
49   19.4114   19.4114   19.4114   19.4114
50   19.4114   19.4114   19.4114   19.4114
51   20.5886   20.3789   20.199    20.0226
52   20.53     20.5886   20.1923   20.0495
53   19.4114   20.1082   19.7791   19.4553
54   19.9041   20.1931   20.1087   19.4115
55   19.4114   19.4114   19.4114   19.4114
56   19.4114   20.2399   19.9847   20.5886
57   19.4114   19.4114   19.4114   19.4114
58   19.4114   19.4114   19.4114   19.4114
59   20.1991   20.3791   20.5886   20.0226
60   19.4114   20.2399   20.5886   19.4114
61   20.5886   20.5886   19.4114   19.78
62   20.1352   20.5886   19.893    20.156
63   19.4114   19.4114   19.5999   19.583
64   20.2808   20.5886   20.53     20.0898
65   19.4114   19.4114   19.4114   19.4114
66   19.4114   19.4114   19.4114   19.4114
67   19.4114   19.4114   19.4114   19.4114
68   19.4114   19.4114   19.4114   19.4114
69   19.4114   19.4114   19.4114   19.4114
70   19.4114   19.4114   19.4114   19.4114
71   19.4114   19.4114   19.4114   19.4114
72   19.4114   19.4114   19.4114   19.4114
73   20.5886   20.1991   20.0227   20.3776
74   20.5885   19.8597   20.4789   19.5011
75   19.4114   19.4114   19.4114   19.4114
;

side = 1.17725
softness = 0.8

---------------------------- Solution coords data ----------------------------
distances [*,1,*]
:    1   2   3   4    :=
1    0   1   0   1
2    0   1   0   1
3    0   1   0   1
4    0   1   0   1
5    0   1   0   1
6    0   1   0   1
7    0   1   0   1
8    0   1   0   1
9    0   1   0   1
10   0   1   0   1
11   0   1   0   1
12   0   1   0   1
13   0   1   0   1
14   0   1   0   1
15   0   1   0   1
16   0   1   0   1
17   0   1   0   1
18   0   1   0   1
19   0   1   0   1
20   0   1   0   1
21   0   1   0   1
22   0   1   0   1
23   0   1   0   1
24   0   1   0   1
25   0   1   0   1
26   0   1   0   1
27   0   1   0   1
28   0   1   0   1
29   0   1   0   1
30   0   1   0   1
31   0   1   0   1
32   0   1   0   1
33   0   1   0   1
34   0   1   0   1
35   0   1   0   1
36   0   1   0   1
37   0   1   0   1
38   0   1   0   1
39   0   1   0   1
40   0   1   0   1
41   0   1   0   1
42   0   1   0   1
43   0   1   0   1
44   0   1   0   1
45   0   1   0   1
46   0   1   0   1
47   0   1   0   1
48   0   1   0   1
49   0   1   0   1
50   0   1   0   1
51   0   1   0   1
52   0   1   0   1
53   0   1   0   1
54   0   1   0   1
55   0   1   0   1
56   0   1   0   1
57   0   1   0   1
58   0   1   0   1
59   0   1   0   1
60   0   1   0   1
61   0   1   0   1
62   0   1   0   1
63   0   1   0   1
64   0   1   0   1
65   0   1   0   1
66   0   1   0   1
67   0   1   0   1
68   0   1   0   1
69   0   1   0   1
70   0   1   0   1
71   0   1   0   1
72   0   1   0   1
73   0   1   0   1
74   0   1   0   1
75   0   1   0   1

 [*,2,*]
:    1   2   3   4    :=
1    0   0   1   1
2    0   0   1   1
3    0   0   1   1
4    0   0   1   1
5    0   0   1   1
6    0   0   1   1
7    0   0   1   1
8    0   0   1   1
9    0   0   1   1
10   0   0   1   1
11   0   0   1   1
12   0   0   1   1
13   0   0   1   1
14   0   0   1   1
15   0   0   1   1
16   0   0   1   1
17   0   0   1   1
18   0   0   1   1
19   0   0   1   1
20   0   0   1   1
21   0   0   1   1
22   0   0   1   1
23   0   0   1   1
24   0   0   1   1
25   0   0   1   1
26   0   0   1   1
27   0   0   1   1
28   0   0   1   1
29   0   0   1   1
30   0   0   1   1
31   0   0   1   1
32   0   0   1   1
33   0   0   1   1
34   0   0   1   1
35   0   0   1   1
36   0   0   1   1
37   0   0   1   1
38   0   0   1   1
39   0   0   1   1
40   0   0   1   1
41   0   0   1   1
42   0   0   1   1
43   0   0   1   1
44   0   0   1   1
45   0   0   1   1
46   0   0   1   1
47   0   0   1   1
48   0   0   1   1
49   0   0   1   1
50   0   0   1   1
51   0   0   1   1
52   0   0   1   1
53   0   0   1   1
54   0   0   1   1
55   0   0   1   1
56   0   0   1   1
57   0   0   1   1
58   0   0   1   1
59   0   0   1   1
60   0   0   1   1
61   0   0   1   1
62   0   0   1   1
63   0   0   1   1
64   0   0   1   1
65   0   0   1   1
66   0   0   1   1
67   0   0   1   1
68   0   0   1   1
69   0   0   1   1
70   0   0   1   1
71   0   0   1   1
72   0   0   1   1
73   0   0   1   1
74   0   0   1   1
75   0   0   1   1

 [*,3,*]
:    1   2   3   4    :=
1    1   0   0   1
2    1   0   0   1
3    1   0   0   1
4    1   0   0   1
5    1   0   0   1
6    1   0   0   1
7    1   0   0   1
8    1   0   0   1
9    1   0   0   1
10   1   0   0   1
11   1   0   0   1
12   1   0   0   1
13   1   0   0   1
14   1   0   0   1
15   1   0   0   1
16   1   0   0   1
17   1   0   0   1
18   1   0   0   1
19   1   0   0   1
20   1   0   0   1
21   1   0   0   1
22   1   0   0   1
23   1   0   0   1
24   1   0   0   1
25   1   0   0   1
26   1   0   0   1
27   1   0   0   1
28   1   0   0   1
29   1   0   0   1
30   1   0   0   1
31   1   0   0   1
32   1   0   0   1
33   1   0   0   1
34   1   0   0   1
35   1   0   0   1
36   1   0   0   1
37   1   0   0   1
38   1   0   0   1
39   1   0   0   1
40   1   0   0   1
41   1   0   0   1
42   1   0   0   1
43   1   0   0   1
44   1   0   0   1
45   1   0   0   1
46   1   0   0   1
47   1   0   0   1
48   1   0   0   1
49   1   0   0   1
50   1   0   0   1
51   1   0   0   1
52   1   0   0   1
53   1   0   0   1
54   1   0   0   1
55   1   0   0   1
56   1   0   0   1
57   1   0   0   1
58   1   0   0   1
59   1   0   0   1
60   1   0   0   1
61   1   0   0   1
62   1   0   0   1
63   1   0   0   1
64   1   0   0   1
65   1   0   0   1
66   1   0   0   1
67   1   0   0   1
68   1   0   0   1
69   1   0   0   1
70   1   0   0   1
71   1   0   0   1
72   1   0   0   1
73   1   0   0   1
74   1   0   0   1
75   1   0   0   1

 [*,4,*]
:    1   2   3   4    :=
1    1   1   1   0
2    1   1   1   0
3    1   1   1   0
4    1   1   1   0
5    1   1   1   0
6    1   1   1   0
7    1   1   1   0
8    1   1   1   0
9    1   1   1   0
10   1   1   1   0
11   1   1   1   0
12   1   1   1   0
13   1   1   1   0
14   1   1   1   0
15   1   1   1   0
16   1   1   1   0
17   1   1   1   0
18   1   1   1   0
19   1   1   1   0
20   1   1   1   0
21   1   1   1   0
22   1   1   1   0
23   1   1   1   0
24   1   1   1   0
25   1   1   1   0
26   1   1   1   0
27   1   1   1   0
28   1   1   1   0
29   1   1   1   0
30   1   1   1   0
31   1   1   1   0
32   1   1   1   0
33   1   1   1   0
34   1   1   1   0
35   1   1   1   0
36   1   1   1   0
37   1   1   1   0
38   1   1   1   0
39   1   1   1   0
40   1   1   1   0
41   1   1   1   0
42   1   1   1   0
43   1   1   1   0
44   1   1   1   0
45   1   1   1   0
46   1   1   1   0
47   1   1   1   0
48   1   1   1   0
49   1   1   1   0
50   1   1   1   0
51   1   1   1   0
52   1   1   1   0
53   1   1   1   0
54   1   1   1   0
55   1   1   1   0
56   1   1   1   0
57   1   1   1   0
58   1   1   1   0
59   1   1   1   0
60   1   1   1   0
61   1   1   1   0
62   1   1   1   0
63   1   1   1   0
64   1   1   1   0
65   1   1   1   0
66   1   1   1   0
67   1   1   1   0
68   1   1   1   0
69   1   1   1   0
70   1   1   1   0
71   1   1   1   0
72   1   1   1   0
73   1   1   1   0
74   1   1   1   0
75   1   1   1   0
;

---------------------------- Solution stats data ----------------------------
_ampl_time = 0.229794
_total_solve_time = 39052.5
_ampl_elapsed_time = 0.312448
_ampl_user_time = 0.200802

Total time elapsed: $39052.46.
_total_solve_time = 39052.5

---------------------------- Solution miscs data ----------------------------
tetrahedron_volume [*] :=
 1 0    8 0   15 0   22 0   29 0   36 0   43 0   50 0   57 0   64 0   71 0
 2 0    9 0   16 0   23 0   30 0   37 0   44 0   51 0   58 0   65 0   72 0
 3 0   10 0   17 0   24 0   31 0   38 0   45 0   52 0   59 0   66 0   73 0
 4 0   11 0   18 0   25 0   32 0   39 0   46 0   53 0   60 0   67 0   74 0
 5 0   12 0   19 0   26 0   33 0   40 0   47 0   54 0   61 0   68 0   75 0
 6 0   13 0   20 0   27 0   34 0   41 0   48 0   55 0   62 0   69 0
 7 0   14 0   21 0   28 0   35 0   42 0   49 0   56 0   63 0   70 0
;

---------------------------- Solution miscs data ----------------------------
tetrahedron_surface_area [*] :=
 1 1.73205   14 1.73205   27 1.73205   40 1.73205   53 1.73205   66 1.73205
 2 1.73205   15 1.73205   28 1.73205   41 1.73205   54 1.73205   67 1.73205
 3 1.73205   16 1.73205   29 1.73205   42 1.73205   55 1.73205   68 1.73205
 4 1.73205   17 1.73205   30 1.73205   43 1.73205   56 1.73205   69 1.73205
 5 1.73205   18 1.73205   31 1.73205   44 1.73205   57 1.73205   70 1.73205
 6 1.73205   19 1.73205   32 1.73205   45 1.73205   58 1.73205   71 1.73205
 7 1.73205   20 1.73205   33 1.73205   46 1.73205   59 1.73205   72 1.73205
 8 1.73205   21 1.73205   34 1.73205   47 1.73205   60 1.73205   73 1.73205
 9 1.73205   22 1.73205   35 1.73205   48 1.73205   61 1.73205   74 1.73205
10 1.73205   23 1.73205   36 1.73205   49 1.73205   62 1.73205   75 1.73205
11 1.73205   24 1.73205   37 1.73205   50 1.73205   63 1.73205
12 1.73205   25 1.73205   38 1.73205   51 1.73205   64 1.73205
13 1.73205   26 1.73205   39 1.73205   52 1.73205   65 1.73205
;

