Error at _cmdno 5 executing "solve" command
(file amplin, line 1961, offset 37059):
error processing param distances:
	3200 invalid subscripts discarded:
	distances[101,1,1]
	distances[101,1,2]
	distances[101,1,3]
	and 3197 more.
##### This license is only intended for use by NEOS. #####
##### License is valid until Jan 16, 2026 #####
iables.
Substitution eliminates 1 variable.
Adjusted problem:
25953 variables:
	16053 nonlinear variables
	9900 linear variables
52003 constraints; 313156 nonzeros
	46250 nonlinear constraints
	5753 linear constraints
	5051 equality constraints
	46952 inequality constraints
1 nonlinear objective; 3 nonzeros.

Artelys Knitro 14.2.0: threads=4
algorithm=1
ms_enable=1
ms_maxsolves=10
feastol=1e-5
opttol=1e-5
honorbnds=1
bar_initpt=3
bar_murule=4
scale=1
outlev=2
maxtime_real=1200
WARNING:  Option 'threads' is deprecated, please use 'numthreads'.
WARNING: 1 constraint is constant or undefined and will be ignored.

=======================================
           Academic License
       (NOT FOR COMMERCIAL USE)
         Artelys Knitro 14.2.0
=======================================

No start point provided -- Knitro computing one.

Knitro presolve eliminated 0 variables and 1 constraint.

algorithm                1
bar_initpt               3
bar_murule               4
concurrent_evals         0
datacheck                0
feastol                  1e-05
findiff_numthreads       1
hessian_no_f             1
hessopt                  1
honorbnds                1
maxtime_real             1200
ms_enable                1
ms_maxsolves             10
numthreads               4
opttol                   1e-05

Problem Characteristics                                 (   Presolved)
-----------------------
Objective goal:  Minimize
Objective type:  general
Number of variables:                              25953 (       25953)
    bounded below only:                               1 (           1)
    bounded above only:                               0 (           0)
    bounded below and above:                          0 (           0)
    fixed:                                            0 (           0)
    free:                                         25952 (       25952)
Number of constraints:                            52003 (       52002)
    linear equalities:                                1 (           0)
    quadratic equalities:                          4950 (        4950)
    gen. nonlinear equalities:                      100 (         100)
    linear one-sided inequalities:                 5752 (        5752)
    quadratic one-sided inequalities:             41200 (       41200)
    gen. nonlinear one-sided inequalities:            0 (           0)
    linear two-sided inequalities:                    0 (           0)
    quadratic two-sided inequalities:                 0 (           0)
    gen. nonlinear two-sided inequalities:            0 (           0)
Number of nonzeros in Jacobian:                  313156 (      313156)
Number of nonzeros in Hessian:                   141453 (      141453)

Knitro parallel multistart will run with 4 threads.

Return codes description
------------------------
  0:  The final solution satisfies the termination conditions for verifying optimality.
  -100 to -199:  A feasible approximate solution was found.
  -200 to -299:  Knitro terminated at an infeasible point.
  -300 to -301:  The problem was determined to be unbounded.
  -400 to -499:  Knitro terminated because it reached a pre-defined limit.
    -400 to -409:  A feasible point was found.
    -410 to -419:  No feasible point was found.
  -500 to -599:  Knitro terminated with an input error or some non-standard error.
A more detailed description of individual return codes and their corresponding
termination messages is provided at
https://www.artelys.com/app/docs/knitro/3_referenceManual/returnCodes.html

 Solve #  ThreadID  Status     Objective      FeasError    OptError    Real Time 
--------  --------  ------  --------------   ----------   ----------  ----------
      0          0       0         5.66401  5.35564e-05  6.06596e-05      2246.78
      1          2    -410     7.75896e+10      99382.2      9544.26      6246.06
      3          1    -410     7.70777e+10  2.29333e+06      13187.6      6824.96
      4          0    -410     5.40629e+13      204250.  1.48571e+06      6345.79
      5          2    -410     1.06788e+13  1.61808e+06      282162.      6123.69
      6          3    -410     5.80148e+12      361051.      617337.      5925.63
      7          1    -410     8.11237e+11  3.94238e+06      185961.      6133.04
      2          3    -410     1.49570e+11      39993.1      63110.8      6700.92
      8          0    -410     4.08553e+12  3.25255e+06  1.04135e+06      5612.49
      9          2    -410     1.39343e+10  2.32496e+06      15536.2      4691.88

MULTISTART: Best locally optimal solution is returned.
EXIT: Locally optimal solution found.

Final Statistics
----------------
Final objective value               =   5.66401253894697e+00
Final feasibility error (abs / rel) =   5.36e-05 / 9.21e-06
Final optimality error  (abs / rel) =   6.07e-05 / 7.03e-06
# of iterations                     =      93288 
# of CG iterations                  =          0 
# of function evaluations           =      93558
# of gradient evaluations           =      93382
# of Hessian evaluations            =      93312
Total program time (secs)           =   17062.61719 ( 56529.258 CPU time)

===============================================================================

Knitro 14.2.0: Locally optimal or satisfactory solution.
objective 5.664012539; feasibility error 5.36e-05
93288 iterations; 93558 function evaluations

suffix feaserror OUT;
suffix opterror OUT;
suffix numfcevals OUT;
suffix numiters OUT;
---------------------------- Solver Status Report ----------------------------
solve_result_num = 0
solve_result = solved
solve_message = 'Knitro 14.2.0: Locally optimal or satisfactory solution.\
objective 5.664012539; feasibility error 5.36e-05\
93288 iterations; 93558 function evaluations'


---------------------------- Problem Dimensions ----------------------------
Variables: 51304
Constraints: 52104
---------------------------- Container and geometric considerations  ----------------------------
Container type: cylinder
Structural conservation type: volume & surface
---------------------------- Solution execution data ----------------------------
solve_result_num = 0
solve_result = solved

---------------------------- Solution data ----------------------------
card(figures) = 100

coords [*,*,1]
:         1             2            3            4         :=
1      1.03352      0.05994       0.27109      0.450183
2      0.582684     0.704672      0.327263     1.31319
3      0.449348    -0.381471      0.366497     0.562043
4     -0.497016    -1.1549       -1.2416      -1.31299
5      0.841764     0.495644      1.06541      1.29149
6     -0.357566    -1.31339      -0.857434    -1.24458
7      0.0735783    0.0298496    -0.704992    -0.236048
8      0.129003     0.294202     -0.372107    -0.368869
9      0.0521407    0.00776786    0.157174     0.930398
10     0.211976     1.22304       0.792595     1.09448
11    -0.941933    -0.604263     -0.15514      0.0340694
12    -0.911804    -1.23001      -0.170096    -0.458897
13     1.23329      0.486492      1.24614      0.409227
14     0.350649    -0.375854     -0.412781     0.482827
15     0.271034     0.255213      0.652703    -0.387159
16    -1.23405     -0.419258     -0.528018    -1.13776
17     0.522294     1.01044       0.239643     0.0191423
18     0.116694     1.09899       0.100625     0.621633
19    -0.857879    -1.23001      -1.05849     -0.192522
20    -1.10345     -0.995458     -0.109082    -0.737793
21     0.17333     -0.193035      0.722263    -0.161924
22    -1.07936     -0.534565     -0.947739    -0.246826
23    -0.792525    -0.883548     -0.223941    -0.0457084
24     1.19396      0.405574      1.27792      1.23699
25    -0.716069    -1.2835       -0.319633    -0.500515
26    -0.931689    -1.2785       -0.823706    -0.218581
27     0.159824     0.411308      1.16847      0.370944
28     0.936372     0.624059      0.447703     0.0167313
29     1.18511      0.509967      1.07691      0.178743
30     0.429431     0.29152       1.0895       0.336845
31     1.28196      0.700711      1.23407      0.650824
32    -0.0418032   -0.263194     -0.829509    -0.142208
33     0.0935064    0.0294721     0.407437     0.90607
34     0.072916     0.256601      0.748347     0.848757
35    -0.262948    -0.0417302    -0.143423     0.592185
36    -0.372759     0.415261     -0.36952     -0.585692
37     0.155037    -0.919954     -0.243286    -0.0643773
38    -0.383174    -0.650883      0.26434      0.108505
39     0.615281    -0.281939     -0.242739     0.208572
40     0.153345     0.266343     -0.651278    -0.0267669
41     0.416722     0.918881      0.797976     1.27225
42    -0.155949    -1.08921      -0.590958    -0.240047
43     0.713398     0.476142      1.30795      1.20949
44     0.482827    -0.407288     -0.263654    -0.375853
45     0.715005    -0.368866      0.300393     0.103962
46    -0.915581    -0.823706     -0.252121    -0.111824
47     0.391382     0.208316     -0.221604    -0.609275
48    -0.264025    -0.950951     -1.20527     -0.693387
49     0.206775    -0.686572     -0.243845    -0.275026
50     1.23314      1.19189       0.384353     1.24489
51    -0.766985    -1.21376      -0.583941    -0.372925
52     0.787864     0.0423666     0.430842    -0.0195625
53    -0.823379    -0.173118     -1.05849     -0.321547
54     1.25046      0.409228      1.26433      1.24514
55     0.239568     0.478717     -0.0104658   -0.438142
56    -0.749389    -0.688597      0.13817     -0.252528
57    -0.909753    -0.375233     -0.562174    -0.0192786
58     0.267648    -0.386256     -0.746387    -0.585984
59    -1.31339     -0.923591     -0.455694    -1.2493
60    -0.792265    -0.0541606     0.203384    -0.390142
61     0.57581      0.236131      0.173354     1.19256
62     1.15294      0.87937       0.477975     0.308268
63     0.226826    -0.484217      0.173354     0.558573
64     0.919147     1.30999       0.329807     1.27234
65     0.0787724   -0.901647     -0.190312    -0.671865
66     0.019412    -0.0172121    -0.433618    -0.905328
67    -0.991675    -0.40742      -1.26704     -1.31333
68     0.302453    -0.675992      0.0219601   -0.183491
69    -0.0660811   -0.368866     -0.738315    -1.10345
70    -0.852877    -0.771936     -0.318464    -1.21535
71     0.217404     0.466841      0.454638    -0.40894
72    -0.583846    -0.253078     -1.14563     -0.404073
73     0.356924     0.76005       0.599428    -0.180199
74     0.439197    -0.372106      0.114027     0.334771
75     1.24815      0.994565      0.679436     0.209543
76    -0.409562     0.121603      0.526064    -0.265929
77     1.25303      0.748347      0.848757     0.256601
78    -0.390827    -0.792267     -0.50313      0.203382
79    -0.382782     0.0814596    -0.565681     0.268996
80     0.164626     0.843267     -0.0826378    0.20332
81    -0.919954     0.155037     -0.599597    -0.22423
82     1.15756      0.615059      0.38047      0.439872
83    -0.0826379    0.153226      0.20332     -0.675991
84     0.639381    -0.0245406    -0.258201     0.2345
85     0.0933652    0.407437      0.784052     0.906068
86    -0.81679     -0.503234     -1.28409     -0.39528
87     0.0167315    0.299882      0.936362     0.582841
88    -1.14726     -1.26466      -0.499785    -1.31322
89    -0.351612    -0.324392     -0.76046     -1.18344
90     0.209564     0.156455     -0.669558    -0.196647
91     1.16927      0.417911      1.28292      1.07658
92    -1.2231      -1.18518      -0.439026    -0.760122
93     1.30792      1.20949       1.25186      0.476143
94     0.0236627    0.866218     -0.183481     0.303875
95     0.625096     0.903128      1.11512      0.116694
96    -0.1899       0.605776      0.260763    -0.185824
97    -0.123728    -0.212041      0.173329    -0.823706
98     0.582568     0.936363      0.319459     1.29442
99     0.285095     0.652197      0.703409     1.23108
100   -0.442025    -1.31336      -1.2261      -1.24586

 [*,*,2]
:          1             2            3             4         :=
1      0.810456      1.31202       0.392341     1.23383
2     -0.255654      0.610358     -0.210753    -0.0228121
3      0.219105      0.485346      1.26122      0.612134
4     -0.203454     -0.625473      0.428276     0.0325529
5      1.00818       0.0941345     0.768048     0.238885
6     -0.30513       0.00044679   -0.994891    -0.419554
7     -1.31133      -0.425956     -0.894765    -0.3364
8      0.309224      1.09273       0.472274     1.26053
9     -1.31236      -0.552887     -1.30395     -0.927017
10     0.402084      0.0399492     1.04728      0.726027
11    -0.0866075     0.730057      0.259759    -0.157463
12     0.51529       0.100274      0.376996    -0.380382
13    -0.41983       0.376393      0.4149      -0.281535
14     1.26572       1.25847       0.481005     0.584094
15    -1.06103      -0.530049     -0.0345189   -0.193231
16     0.449577      0.124488      1.20258      0.656134
17     1.20508       0.839057      1.29135      0.464923
18    -0.359365      0.0840677     0.534917    -0.00452248
19    -0.508152      0.100273     -0.777554    -0.251314
20     0.712327     -0.1305        0.410778     0.791072
21     1.30191       0.29363       0.65502      1.03168
22    -0.748314     -1.1955       -0.183868    -0.429593
23     0.352714     -0.231885     -0.337668     0.473668
24     0.54723       0.136134     -0.303202    -0.441432
25    -1.10102      -0.270904     -0.320718    -0.493929
26     0.5196        0.0876156     1.02299      0.364337
27    -0.518794      0.074276     -0.374761     0.349615
28    -0.920983     -0.202224     -1.23473     -0.996724
29     0.0169116    -0.00669223    0.721077     0.415472
30     0.133061      0.611668      0.733472     1.2118
31    -0.28564      -1.09362      -0.44952     -0.00511554
32     0.300665      0.412946     -0.0431336   -0.53756
33    -1.31006      -0.543677     -0.317862    -0.950809
34    -1.31137      -0.368912     -1.07934     -1.0023
35     0.420872      0.296588     -0.533737    -0.0249527
36     0.313555      1.07448       1.10181      1.17557
37    -0.47384      -0.263142     -0.425726     0.388683
38    -0.347111     -1.14077      -1.23068     -0.460201
39    -0.0961131     0.44424      -0.357302    -0.369658
40    -0.489572     -1.27432      -1.14054     -1.31312
41    -0.22121      -0.938434     -1.04319     -0.326167
42     0.51398      -0.00329631   -0.200197    -0.355518
43     0.620554     -0.19658      -0.119395     0.511981
44     0.584093      0.472183      0.470644     1.25847
45     1.10171       1.26053       1.18484      0.430905
46     0.49719       1.02299       1.13111      0.220148
47    -1.25372      -0.42633      -0.492856    -1.1554
48     0.224334     -0.100165      0.521843     0.958446
49    -0.377867     -0.413603     -0.330544     0.44125
50    -0.432691      0.551733      0.258143     0.418635
51    -1.06618      -0.501774     -1.17644     -0.298588
52     0.770569      0.773158     -0.178256     0.375913
53    -0.554624     -0.237553     -0.777555    -1.27342
54    -0.401698     -0.281535     -0.355616     0.417892
55     1.29136       1.22304       0.473682     1.23816
56    -0.422335     -1.11841      -0.528984    -1.28889
57     0.421133      1.25865       1.187        0.537431
58    -1.23687      -0.358006     -1.0807      -1.17542
59    -0.00113548    0.9338        0.238593     0.40528
60     0.370233      0.509857     -0.0700029   -0.530041
61    -0.519325     -0.012029      0.464662     0.190832
62     0.629069      0.850121      1.22333      0.162871
63    -0.0576452    -0.141639      0.464662    -0.477183
64    -0.938174     -0.0944604    -0.210766    -0.325811
65    -1.31103      -0.955005     -0.407344    -1.12854
66     0.324105      0.538934      1.23975      0.420489
67    -0.861151     -0.303773     -0.345861    -0.0127482
68    -1.09781      -0.759469     -0.318101    -1.30051
69     0.453372      1.26053       0.96386      0.712327
70    -0.011192     -1.0626       -0.448812    -0.49792
71    -0.340894      0.194394      0.59562      0.471398
72     1.17649       0.412026      0.403191     0.140866
73    -0.0719691     0.40032       0.982743     0.418664
74     0.0513912     0.472273      0.275486     1.07848
75    -0.408793     -0.324948     -1.124       -0.284879
76     0.472207     -0.216649      0.589842     0.470668
77    -0.393585     -1.07934      -1.0023      -0.368911
78    -0.531728      0.370234     -0.31346     -0.0700024
79     1.25638       0.438726      1.1581       1.28555
80    -0.0383233    -0.547831     -0.284154    -1.06353
81    -0.263142     -0.47384      -1.13981     -0.483653
82     0.620522      0.401111      1.25708      0.250774
83    -0.284155     -0.110086     -1.06353     -0.759469
84    -0.0846371    -0.432088     -0.36111     -1.10213
85    -1.31007      -0.317861     -1.05369     -0.950811
86     0.428256     -0.313259     -0.275878    -0.523075
87    -0.996723     -0.170169     -0.920992    -0.256144
88     0.634243     -0.354458     -0.238029    -0.0211801
89     1.26545       0.337329      1.07084      0.569619
90    -1.29657      -0.537482     -1.03837     -1.29859
91     0.598163      0.167597     -0.281294     0.750859
92    -0.468097      0.565988      0.245142     0.124949
93    -0.119788      0.511982     -0.397286    -0.19658
94    -0.303407     -0.987253     -1.30051     -1.08351
95    -0.0844266    -0.953605      0.0913487   -0.359366
96    -0.555285     -0.0156744    -0.550017     0.408294
97     1.15555       0.333173      1.30191      1.02299
98    -0.25563      -0.920992     -0.211965    -0.0288525
99    -0.492797     -0.0351487    -1.10915     -0.45765
100    0.242413      0.00944327   -0.470826     0.415726

 [*,*,3]
:          1            2            3            4         :=
1     -0.485971     -0.509882    -1.06629     -1.31088
2     -0.191165      0.204355     0.823499     0.384618
3      0.10767      -0.26117     -0.219636    -0.803116
4     -1.18637      -0.751521    -0.689877    -1.61292
5     -1.63552      -1.14083     -0.590378    -1.52251
6     -0.135824     -0.575161    -0.612616     0.211518
7      0.222645      0.866228     0.38915     -0.169327
8      1.5593        0.811749     0.836594     1.59728
9      0.00830115    0.492152     1.06256      0.384295
10     1.3814        1.59728      1.59728      0.81904
11    -0.333979     -0.131401    -1.01294     -0.200965
12    -0.892006     -1.6862      -1.6862      -1.30808
13    -0.635105     -0.726342    -1.23462     -1.32731
14    -0.20591      -0.858578    -0.24328     -0.76975
15    -0.191504     -0.911091    -0.167063    -0.308551
16     0.919476      0.391823     0.552728     0.039803
17     0.734863     -0.174943    -0.211174     0.10319
18     1.59728       1.59728      1.59728      0.798813
19    -0.854734     -1.6862      -1.6862      -1.6862
20     1.59728       1.31803      1.59728      0.78482
21    -1.6862       -1.6862      -1.40298     -0.877302
22     0.864876      1.52051      1.59728      0.792087
23     0.86545       1.59728      0.874709     1.58247
24    -0.331435     -0.211056     0.284932    -0.629587
25    -0.565358     -0.637544    -0.119395    -1.18583
26    -0.869272     -1.6862      -1.6862      -1.6862
27    -0.896272     -0.0102565   -0.662228    -0.860292
28     0.389043     -0.219145    -0.539808     0.20693
29     1.52307       0.660734     0.828697     1.37632
30     0.59965       1.57531      0.834782     0.76621
31     0.397192     -0.05856     -0.684866    -0.17112
32     0.277942      1.34489      0.525574     0.813947
33     1.08944       0.477089     1.25565      0.513525
34    -0.726189     -0.97465     -1.39331     -0.305198
35     1.34348       0.277828     0.819616     0.823878
36     0.683427      0.680324     1.44411      0.575773
37     1.59728       1.59728      0.797893     1.50834
38    -0.0702575    -0.438121    -0.0753792   -0.838317
39    -0.145548      0.17541     -0.277722     0.720358
40    -0.797365     -0.0414532   -0.438452    -1.09624
41     0.862303      0.394232     1.47793      1.23105
42    -0.0911884    -0.33907      0.616426    -0.283287
43     0.195333      0.765782     0.444511     1.16595
44    -0.769749     -0.239251    -1.32524     -0.858579
45     1.59728       1.59728      0.741777     1.51184
46    -0.862852     -1.6862      -1.00679     -1.55366
47     1.31109       1.59728      0.815781     1.59728
48    -0.909728     -0.333287    -0.957022    -0.219277
49     0.710815      0.736403    -0.262143     0.188813
50    -0.625901     -0.329508    -0.577895    -1.23647
51    -0.584024      0.106744     0.48625     -0.120641
52     0.0472657     0.841652     0.462314    -0.0762335
53    -0.852519     -1.67509     -1.6862      -1.5094
54    -0.636009     -1.32731     -1.6862      -1.23752
55    -0.211482      0.799614     0.167823     0.647517
56     0.679572      1.23795      0.826812     0.247608
57     0.142419      0.573397    -0.437147    -0.148478
58    -0.0759399    -0.0750535   -0.459792     0.474691
59    -0.618581     -0.3936       0.0192942    0.396662
60    -0.912508     -1.46549     -0.790543    -1.3898
61    -1.6862       -0.931994    -1.6862      -1.42604
62     0.829565     -0.0531508    0.796434     0.580514
63    -0.857126     -1.6862      -1.6862      -1.6862
64     0.394652      0.349521     0.824612     1.23147
65    -1.18992      -1.26004     -0.632293    -0.413234
66     0.719292     -0.148181     0.583575     0.14001
67     0.644094      1.07099      1.57073      0.528189
68    -0.963172     -1.0453      -1.67968     -1.6862
69     1.35892       1.59728      0.660708     1.59728
70     0.819491      0.762263    -0.0236302    0.104276
71    -0.606973      0.158211    -0.736765    -0.222429
72     0.584653      1.29612      0.861247     0.383951
73    -0.857034     -1.6862      -1.02667     -1.55011
74     0.561377      0.836596     1.58316      0.871491
75    -0.832581     -1.6862      -1.43677     -0.923221
76    -0.222047     -0.548156    -0.77951     -1.30803
77    -0.820972     -1.39331     -0.305198    -0.974649
78    -1.29744      -0.912508    -0.229855    -0.790543
79     0.534491     -0.0275755   -0.541097    -0.246017
80    -0.862531     -1.55524     -1.6862      -0.971493
81     1.59728       1.59728      1.58012      0.787308
82    -0.24919      -0.935059    -0.292963     0.135785
83    -1.6862       -0.744131    -0.971492    -1.0453
84    -0.16751       0.631543    -0.285679    -0.195466
85     1.08956       1.25565      1.59728      0.513527
86    -0.971732     -0.228874    -0.664435    -1.25512
87     0.20693       0.781536     0.389048    -0.190228
88     1.14046       1.59728      0.99934      0.554897
89    -1.04537      -0.801014    -0.114135    -0.890868
90     1.37249       0.791836     1.30837      0.355146
91    -0.37256      -0.148806     0.270589     0.503849
92     0.305015      0.412976     0.0284026    1.06475
93     0.446008      1.16595      1.50424      0.765783
94    -1.68181      -1.6862      -1.6862      -0.965628
95     0.857601      1.46359      1.59728      1.59728
96     0.824706      0.823895     1.59728      1.31059
97    -0.854058     -1.57232     -1.6862      -1.6862
98    -0.190674      0.389048     0.829632     0.369276
99    -0.855158     -0.168011    -0.0589301   -0.763989
100    0.0294604    -0.592232     0.306073     0.422843
;

radius = 1.31339
height = 3.28348
softness = 0.2

---------------------------- Solution coords data ----------------------------
distances [*,1,*]
:     1   2   3   4    :=
1     0   1   0   1
2     0   1   0   1
3     0   1   0   1
4     0   1   0   1
5     0   1   0   1
6     0   1   0   1
7     0   1   0   1
8     0   1   0   1
9     0   1   0   1
10    0   1   0   1
11    0   1   0   1
12    0   1   0   1
13    0   1   0   1
14    0   1   0   1
15    0   1   0   1
16    0   1   0   1
17    0   1   0   1
18    0   1   0   1
19    0   1   0   1
20    0   1   0   1
21    0   1   0   1
22    0   1   0   1
23    0   1   0   1
24    0   1   0   1
25    0   1   0   1
26    0   1   0   1
27    0   1   0   1
28    0   1   0   1
29    0   1   0   1
30    0   1   0   1
31    0   1   0   1
32    0   1   0   1
33    0   1   0   1
34    0   1   0   1
35    0   1   0   1
36    0   1   0   1
37    0   1   0   1
38    0   1   0   1
39    0   1   0   1
40    0   1   0   1
41    0   1   0   1
42    0   1   0   1
43    0   1   0   1
44    0   1   0   1
45    0   1   0   1
46    0   1   0   1
47    0   1   0   1
48    0   1   0   1
49    0   1   0   1
50    0   1   0   1
51    0   1   0   1
52    0   1   0   1
53    0   1   0   1
54    0   1   0   1
55    0   1   0   1
56    0   1   0   1
57    0   1   0   1
58    0   1   0   1
59    0   1   0   1
60    0   1   0   1
61    0   1   0   1
62    0   1   0   1
63    0   1   0   1
64    0   1   0   1
65    0   1   0   1
66    0   1   0   1
67    0   1   0   1
68    0   1   0   1
69    0   1   0   1
70    0   1   0   1
71    0   1   0   1
72    0   1   0   1
73    0   1   0   1
74    0   1   0   1
75    0   1   0   1
76    0   1   0   1
77    0   1   0   1
78    0   1   0   1
79    0   1   0   1
80    0   1   0   1
81    0   1   0   1
82    0   1   0   1
83    0   1   0   1
84    0   1   0   1
85    0   1   0   1
86    0   1   0   1
87    0   1   0   1
88    0   1   0   1
89    0   1   0   1
90    0   1   0   1
91    0   1   0   1
92    0   1   0   1
93    0   1   0   1
94    0   1   0   1
95    0   1   0   1
96    0   1   0   1
97    0   1   0   1
98    0   1   0   1
99    0   1   0   1
100   0   1   0   1

 [*,2,*]
:     1   2   3   4    :=
1     0   0   1   1
2     0   0   1   1
3     0   0   1   1
4     0   0   1   1
5     0   0   1   1
6     0   0   1   1
7     0   0   1   1
8     0   0   1   1
9     0   0   1   1
10    0   0   1   1
11    0   0   1   1
12    0   0   1   1
13    0   0   1   1
14    0   0   1   1
15    0   0   1   1
16    0   0   1   1
17    0   0   1   1
18    0   0   1   1
19    0   0   1   1
20    0   0   1   1
21    0   0   1   1
22    0   0   1   1
23    0   0   1   1
24    0   0   1   1
25    0   0   1   1
26    0   0   1   1
27    0   0   1   1
28    0   0   1   1
29    0   0   1   1
30    0   0   1   1
31    0   0   1   1
32    0   0   1   1
33    0   0   1   1
34    0   0   1   1
35    0   0   1   1
36    0   0   1   1
37    0   0   1   1
38    0   0   1   1
39    0   0   1   1
40    0   0   1   1
41    0   0   1   1
42    0   0   1   1
43    0   0   1   1
44    0   0   1   1
45    0   0   1   1
46    0   0   1   1
47    0   0   1   1
48    0   0   1   1
49    0   0   1   1
50    0   0   1   1
51    0   0   1   1
52    0   0   1   1
53    0   0   1   1
54    0   0   1   1
55    0   0   1   1
56    0   0   1   1
57    0   0   1   1
58    0   0   1   1
59    0   0   1   1
60    0   0   1   1
61    0   0   1   1
62    0   0   1   1
63    0   0   1   1
64    0   0   1   1
65    0   0   1   1
66    0   0   1   1
67    0   0   1   1
68    0   0   1   1
69    0   0   1   1
70    0   0   1   1
71    0   0   1   1
72    0   0   1   1
73    0   0   1   1
74    0   0   1   1
75    0   0   1   1
76    0   0   1   1
77    0   0   1   1
78    0   0   1   1
79    0   0   1   1
80    0   0   1   1
81    0   0   1   1
82    0   0   1   1
83    0   0   1   1
84    0   0   1   1
85    0   0   1   1
86    0   0   1   1
87    0   0   1   1
88    0   0   1   1
89    0   0   1   1
90    0   0   1   1
91    0   0   1   1
92    0   0   1   1
93    0   0   1   1
94    0   0   1   1
95    0   0   1   1
96    0   0   1   1
97    0   0   1   1
98    0   0   1   1
99    0   0   1   1
100   0   0   1   1

 [*,3,*]
:     1   2   3   4    :=
1     1   0   0   1
2     1   0   0   1
3     1   0   0   1
4     1   0   0   1
5     1   0   0   1
6     1   0   0   1
7     1   0   0   1
8     1   0   0   1
9     1   0   0   1
10    1   0   0   1
11    1   0   0   1
12    1   0   0   1
13    1   0   0   1
14    1   0   0   1
15    1   0   0   1
16    1   0   0   1
17    1   0   0   1
18    1   0   0   1
19    1   0   0   1
20    1   0   0   1
21    1   0   0   1
22    1   0   0   1
23    1   0   0   1
24    1   0   0   1
25    1   0   0   1
26    1   0   0   1
27    1   0   0   1
28    1   0   0   1
29    1   0   0   1
30    1   0   0   1
31    1   0   0   1
32    1   0   0   1
33    1   0   0   1
34    1   0   0   1
35    1   0   0   1
36    1   0   0   1
37    1   0   0   1
38    1   0   0   1
39    1   0   0   1
40    1   0   0   1
41    1   0   0   1
42    1   0   0   1
43    1   0   0   1
44    1   0   0   1
45    1   0   0   1
46    1   0   0   1
47    1   0   0   1
48    1   0   0   1
49    1   0   0   1
50    1   0   0   1
51    1   0   0   1
52    1   0   0   1
53    1   0   0   1
54    1   0   0   1
55    1   0   0   1
56    1   0   0   1
57    1   0   0   1
58    1   0   0   1
59    1   0   0   1
60    1   0   0   1
61    1   0   0   1
62    1   0   0   1
63    1   0   0   1
64    1   0   0   1
65    1   0   0   1
66    1   0   0   1
67    1   0   0   1
68    1   0   0   1
69    1   0   0   1
70    1   0   0   1
71    1   0   0   1
72    1   0   0   1
73    1   0   0   1
74    1   0   0   1
75    1   0   0   1
76    1   0   0   1
77    1   0   0   1
78    1   0   0   1
79    1   0   0   1
80    1   0   0   1
81    1   0   0   1
82    1   0   0   1
83    1   0   0   1
84    1   0   0   1
85    1   0   0   1
86    1   0   0   1
87    1   0   0   1
88    1   0   0   1
89    1   0   0   1
90    1   0   0   1
91    1   0   0   1
92    1   0   0   1
93    1   0   0   1
94    1   0   0   1
95    1   0   0   1
96    1   0   0   1
97    1   0   0   1
98    1   0   0   1
99    1   0   0   1
100   1   0   0   1

 [*,4,*]
:     1   2   3   4    :=
1     1   1   1   0
2     1   1   1   0
3     1   1   1   0
4     1   1   1   0
5     1   1   1   0
6     1   1   1   0
7     1   1   1   0
8     1   1   1   0
9     1   1   1   0
10    1   1   1   0
11    1   1   1   0
12    1   1   1   0
13    1   1   1   0
14    1   1   1   0
15    1   1   1   0
16    1   1   1   0
17    1   1   1   0
18    1   1   1   0
19    1   1   1   0
20    1   1   1   0
21    1   1   1   0
22    1   1   1   0
23    1   1   1   0
24    1   1   1   0
25    1   1   1   0
26    1   1   1   0
27    1   1   1   0
28    1   1   1   0
29    1   1   1   0
30    1   1   1   0
31    1   1   1   0
32    1   1   1   0
33    1   1   1   0
34    1   1   1   0
35    1   1   1   0
36    1   1   1   0
37    1   1   1   0
38    1   1   1   0
39    1   1   1   0
40    1   1   1   0
41    1   1   1   0
42    1   1   1   0
43    1   1   1   0
44    1   1   1   0
45    1   1   1   0
46    1   1   1   0
47    1   1   1   0
48    1   1   1   0
49    1   1   1   0
50    1   1   1   0
51    1   1   1   0
52    1   1   1   0
53    1   1   1   0
54    1   1   1   0
55    1   1   1   0
56    1   1   1   0
57    1   1   1   0
58    1   1   1   0
59    1   1   1   0
60    1   1   1   0
61    1   1   1   0
62    1   1   1   0
63    1   1   1   0
64    1   1   1   0
65    1   1   1   0
66    1   1   1   0
67    1   1   1   0
68    1   1   1   0
69    1   1   1   0
70    1   1   1   0
71    1   1   1   0
72    1   1   1   0
73    1   1   1   0
74    1   1   1   0
75    1   1   1   0
76    1   1   1   0
77    1   1   1   0
78    1   1   1   0
79    1   1   1   0
80    1   1   1   0
81    1   1   1   0
82    1   1   1   0
83    1   1   1   0
84    1   1   1   0
85    1   1   1   0
86    1   1   1   0
87    1   1   1   0
88    1   1   1   0
89    1   1   1   0
90    1   1   1   0
91    1   1   1   0
92    1   1   1   0
93    1   1   1   0
94    1   1   1   0
95    1   1   1   0
96    1   1   1   0
97    1   1   1   0
98    1   1   1   0
99    1   1   1   0
100   1   1   1   0
;

---------------------------- Solution stats data ----------------------------
_ampl_time = 0.5313
_total_solve_time = 56530.4
_ampl_elapsed_time = 0.526344
_ampl_user_time = 0.459836

Total time elapsed: $56530.39.
_total_solve_time = 56530.4

---------------------------- Solution miscs data ----------------------------
tetrahedron_volume [*] :=
  1 0.117851    21 0.117851    41 0.117851    61 0.117851    81 0.117851
  2 0.117851    22 0.117851    42 0.117851    62 0.117851    82 0.117851
  3 0.117851    23 0.117851    43 0.117851    63 0.117851    83 0.117851
  4 0.117851    24 0.117851    44 0.117851    64 0.117851    84 0.117851
  5 0.117851    25 0.117851    45 0.117851    65 0.117851    85 0.117851
  6 0.117851    26 0.117851    46 0.117851    66 0.117851    86 0.117851
  7 0.117851    27 0.117851    47 0.117851    67 0.117851    87 0.117851
  8 0.117851    28 0.117851    48 0.117851    68 0.117851    88 0.117851
  9 0.117851    29 0.117851    49 0.117851    69 0.117851    89 0.117851
 10 0.117851    30 0.117851    50 0.117851    70 0.117851    90 0.117851
 11 0.117851    31 0.117851    51 0.117851    71 0.117851    91 0.117851
 12 0.117851    32 0.117851    52 0.117851    72 0.117851    92 0.117851
 13 0.117851    33 0.117851    53 0.117851    73 0.117851    93 0.117851
 14 0.117851    34 0.117851    54 0.117851    74 0.117851    94 0.117851
 15 0.117851    35 0.117851    55 0.117851    75 0.117851    95 0.117851
 16 0.117851    36 0.117851    56 0.117851    76 0.117851    96 0.117851
 17 0.117851    37 0.117851    57 0.117851    77 0.117851    97 0.117851
 18 0.117851    38 0.117851    58 0.117851    78 0.117851    98 0.117851
 19 0.117851    39 0.117851    59 0.117851    79 0.117851    99 0.117851
 20 0.117851    40 0.117851    60 0.117851    80 0.117851   100 0.117851
;

---------------------------- Solution miscs data ----------------------------
tetrahedron_surface_area [*] :=
  1 0    11 0    21 0    31 0    41 0    51 0    61 0    71 0    81 0    91 0
  2 0    12 0    22 0    32 0    42 0    52 0    62 0    72 0    82 0    92 0
  3 0    13 0    23 0    33 0    43 0    53 0    63 0    73 0    83 0    93 0
  4 0    14 0    24 0    34 0    44 0    54 0    64 0    74 0    84 0    94 0
  5 0    15 0    25 0    35 0    45 0    55 0    65 0    75 0    85 0    95 0
  6 0    16 0    26 0    36 0    46 0    56 0    66 0    76 0    86 0    96 0
  7 0    17 0    27 0    37 0    47 0    57 0    67 0    77 0    87 0    97 0
  8 0    18 0    28 0    38 0    48 0    58 0    68 0    78 0    88 0    98 0
  9 0    19 0    29 0    39 0    49 0    59 0    69 0    79 0    89 0    99 0
 10 0    20 0    30 0    40 0    50 0    60 0    70 0    80 0    90 0   100 0
;

