Error at _cmdno 5 executing "solve" command
(file amplin, line 2001, offset 39164):
error processing param distances:
	4000 invalid subscripts discarded:
	distances[51,1,1]
	distances[51,1,2]
	distances[51,1,3]
	and 3997 more.
##### This license is only intended for use by NEOS. #####
##### License is valid until Jan 16, 2026 #####
ariables.
Substitution eliminates 1 variable.
Adjusted problem:
6728 variables:
	4278 nonlinear variables
	2450 linear variables
13553 constraints; 80931 nonzeros
	11925 nonlinear constraints
	1628 linear constraints
	1326 equality constraints
	12227 inequality constraints
1 nonlinear objective; 3 nonzeros.

Artelys Knitro 14.2.0: threads=4
algorithm=1
ms_enable=1
ms_maxsolves=10
feastol=1e-5
opttol=1e-5
honorbnds=1
bar_initpt=3
bar_murule=4
scale=1
outlev=2
maxtime_real=3600
WARNING:  Option 'threads' is deprecated, please use 'numthreads'.
WARNING: 1 constraint is constant or undefined and will be ignored.

=======================================
           Academic License
       (NOT FOR COMMERCIAL USE)
         Artelys Knitro 14.2.0
=======================================

No start point provided -- Knitro computing one.

Knitro presolve eliminated 0 variables and 1 constraint.

algorithm                1
bar_initpt               3
bar_murule               4
concurrent_evals         0
datacheck                0
feastol                  1e-05
findiff_numthreads       1
hessian_no_f             1
hessopt                  1
honorbnds                1
maxtime_real             3600
ms_enable                1
ms_maxsolves             10
numthreads               4
opttol                   1e-05

Problem Characteristics                                 (   Presolved)
-----------------------
Objective goal:  Minimize
Objective type:  general
Number of variables:                               6728 (        6728)
    bounded below only:                               1 (           1)
    bounded above only:                               0 (           0)
    bounded below and above:                          0 (           0)
    fixed:                                            0 (           0)
    free:                                          6727 (        6727)
Number of constraints:                            13553 (       13552)
    linear equalities:                                1 (           0)
    quadratic equalities:                          1225 (        1225)
    gen. nonlinear equalities:                      100 (         100)
    linear one-sided inequalities:                 1627 (        1627)
    quadratic one-sided inequalities:             10600 (       10600)
    gen. nonlinear one-sided inequalities:            0 (           0)
    linear two-sided inequalities:                    0 (           0)
    quadratic two-sided inequalities:                 0 (           0)
    gen. nonlinear two-sided inequalities:            0 (           0)
Number of nonzeros in Jacobian:                   80931 (       80931)
Number of nonzeros in Hessian:                    36978 (       36978)

Knitro parallel multistart will run with 4 threads.

Return codes description
------------------------
  0:  The final solution satisfies the termination conditions for verifying optimality.
  -100 to -199:  A feasible approximate solution was found.
  -200 to -299:  Knitro terminated at an infeasible point.
  -300 to -301:  The problem was determined to be unbounded.
  -400 to -499:  Knitro terminated because it reached a pre-defined limit.
    -400 to -409:  A feasible point was found.
    -410 to -419:  No feasible point was found.
  -500 to -599:  Knitro terminated with an input error or some non-standard error.
A more detailed description of individual return codes and their corresponding
termination messages is provided at
https://www.artelys.com/app/docs/knitro/3_referenceManual/returnCodes.html

 Solve #  ThreadID  Status     Objective      FeasError    OptError    Real Time 
--------  --------  ------  --------------   ----------   ----------  ----------
      2          1    -410     6.60183e+11      27113.0      120773.      1263.43
      7          2    -410     3.80665e+09      17682.3      11215.0      1298.13
      5          3    -410     7.71105e+12      82738.3      705631.      1282.23
      8          1    -410     3.82597e+10  1.81640e+06      24935.6      1202.72
      9          0    -410     1.34574e+14      95127.8  4.58824e+06      1276.62
      6          1    -410     4.30825e+13      173.354      665383.      1232.55
      4          0    -410     8.92292e+10      1.54969      1509.57      1280.05
      3          3    -410     2.84748e+09  8.79424e-02      25.2828      1247.64
      1          2    -410     1.90832e+13      1.93326      942064.      1270.76
      0          0    -400         3.53096  5.50709e-09     0.229433      1226.05

MULTISTART: Best locally optimal solution is returned.
EXIT: Locally optimal solution found.

Final Statistics
----------------
Final objective value               =   3.53095772723065e+00
Final feasibility error (abs / rel) =   5.51e-09 / 1.24e-09
Final optimality error  (abs / rel) =   2.29e-01 / 3.26e-02
# of iterations                     =     100000 
# of CG iterations                  =          0 
# of function evaluations           =     123831
# of gradient evaluations           =     100318
# of Hessian evaluations            =     100046
Total program time (secs)           =    3783.86475 ( 12541.364 CPU time)

===============================================================================

Knitro 14.2.0: Locally optimal or satisfactory solution.
objective 3.530957727; feasibility error 5.51e-09
100000 iterations; 123831 function evaluations

suffix feaserror OUT;
suffix opterror OUT;
suffix numfcevals OUT;
suffix numiters OUT;
---------------------------- Container and geometric considerations  ----------------------------
Container type: cylinder
Structural conservation type: volume & surface
---------------------------- Solution execution data ----------------------------
solve_result_num = 0
solve_result = solved

---------------------------- Solution data ----------------------------
card(figures) = 50

coords [*,*,1]
:         1             2            3             4         :=
1    -0.462019     -0.0420229    -0.858256     0.0173907
2    -0.884951     -0.404129     -0.887614    -0.0472815
3     0.575802     -0.415131      0.0147868    0.149027
4    -0.0352718    -0.873166     -0.751097    -0.899997
5    -0.41467      -0.873433     -0.0104173   -0.0211961
6    -0.00408995   -0.0533086    -0.395841    -0.889473
7    -0.852175     -0.00850819    0.0268677   -0.197992
8    -0.791799     -0.0138224    -0.151197    -0.773808
9    -0.992898     -0.931641     -0.759296    -0.102479
10   -0.907536     -0.0521401    -0.556139    -0.0884995
11    0.609767      0.0517963     0.178108     0.94197
12   -0.0184483    -0.444809      0.54586     -0.0632373
13   -0.786391     -0.919296     -0.0867751   -0.962459
14   -0.964635     -0.0906204    -0.13325     -0.534699
15   -0.20958      -0.0306228    -0.749975    -0.871017
16   -0.912394     -0.690422     -0.307482     0.00892731
17    0.199487      0.801158      0.656911    -0.0827944
18   -0.0888004     0.440264     -0.0180523   -0.557213
19   -0.968224     -0.540187     -0.0942729   -0.930935
20    0.055177     -0.406176      0.586792    -0.0121889
21    1.0028        0.901585      0.505166     0.108745
22   -0.803946     -0.966126     -0.0751565   -0.871899
23   -0.817893     -0.573606      0.0207836   -0.0439002
24   -0.0280889    -0.0761535    -0.908192    -0.454578
25   -0.758753     -0.0310476    -0.729904    -0.0439601
26   -0.71452      -0.874525     -0.252032     0.00921062
27   -0.573611      0.420009      0.0210716   -0.0443142
28   -0.194246      0.771074      0.436844     0.177183
29   -0.548745      0.174755      0.378222    -0.182455
30    0.476908     -0.212373      0.752941     0.425725
31   -0.0195562    -0.638449      0.349264    -0.151799
32   -0.17386       0.0622702     0.0130339    0.757899
33   -0.163116      0.0135799     0.350386     0.763476
34    0.0971302     0.143227      0.646579     0.942911
35    0.0561547    -0.837229     -0.0449471   -0.443771
36    0.898868      1.00288       0.107487     0.834639
37    0.491626     -0.0410175    -0.160341    -0.490879
38    0.0706095    -0.242671      0.710564    -0.0134729
39    0.0753644     0.119385      0.934017     0.584005
40    0.0742087     0.44173       0.120531    -0.536066
41    0.0994938     0.646973      0.985372     0.943096
42    0.36207       0.966416      0.692863     0.0237996
43    0.770608     -0.0671545     0.0674533   -0.0993496
44    0.0837655     0.711126     -0.242319     0.38529
45    0.812669     -0.0541119     0.562474     0.0715934
46    0.106467      0.933678      0.586999     0.996805
47    0.967888      0.118901      0.201595     0.142243
48    0.960164      0.417005      0.16551      0.990444
49    0.980877      0.0678332     0.268993     0.669225
50    0.973554      0.704311      0.11562      0.989411

 [*,*,2]
:        1             2             3             4         :=
1    -0.835123    -0.0732919     -0.51812     -1.0011
2     0.12789     -0.748582      -0.466858     0.00185388
3    -0.655526    -0.78353       -0.0422776   -0.991779
4     0.0505195    0.176741       0.663968    -0.324892
5    -0.89049     -0.492853      -0.105902    -1.00253
6     0.0528968    0.0100134     -0.751185     0.118374
7     0.115649     0.00782585     0.0513029    0.869928
8    -0.612447    -0.0669539     -0.991316    -0.255412
9     0.140879     0.330493      -0.593224     0.138431
10   -0.425845    -0.0932741     -0.833022    -0.998979
11   -0.663118    -0.0392323     -0.986403    -0.342618
12   -0.100258    -0.842551      -0.711326    -0.0531633
13   -0.621095     0.357705      -0.0917224   -0.281328
14   -0.269639    -0.0775305     -0.176161     0.626829
15    0.924114     0.0574359      0.665847     0.176746
16    0.157966     0.727432       0.947215     0.137381
17   -0.335816    -0.267768       0.528633     0.199895
18   -0.997562    -0.900462      -0.105295    -0.833888
19   -0.26158      0.635611      -0.0674558    0.371387
20   -1.00137     -0.916756      -0.813163    -0.108575
21   -0.0028716   -0.439009      -0.866421    -0.024429
22   -0.455936     0.269136       0.19176      0.495577
23   -0.580448     0.222252      -0.581941    -0.00870654
24    0.900202    -0.0684858      0.425483     0.621552
25   -0.417514     0.231431       0.474799    -0.218864
26    0.700492     0.188152       0.970714     0.124371
27    0.222106     0.335271      -0.581783    -0.00804308
28   -0.334211    -0.0792766     -0.883577     0.0325723
29   -0.714075    -0.987598      -0.356666    -0.0539783
30   -0.882254    -0.339211      -0.0841907   -0.90805
31    0.0606602    0.773166       0.929682     0.895379
32    0.799242    -0.0939253      0.0280259    0.447349
33    0.818994     0.0330523      0.938842     0.45167
34   -0.0410668   -0.941686      -0.766691    -0.341285
35    1.00136      0.552138       0.0849851    0.872968
36   -0.438587    -0.00163359    -0.023343     0.55608
37    0.711222     1.00202        0.0816169    0.874593
38    0.0664767    0.973108       0.706568     0.286018
39    0.0581531    0.942708       0.365285     0.814277
40    0.105616     0.900425       0.992457     0.846591
41   -0.0377823   -0.766204       0.174791    -0.341076
42    0.200742    -0.229949       0.72512     -0.00597576
43   -0.157033    -0.601374       0.377953     0.0326199
44    0.0854301    0.707217       0.972841     0.925412
45   -0.0211059    0.428418       0.829979    -0.0157414
46    0.0220332    0.365097       0.812791    -0.0974165
47   -0.251326    -0.000316773   -0.893493    -0.0642725
48   -0.289744    -0.875834       0.0841596   -0.15486
49    0.208681     0.0578019      0.900565     0.746996
50   -0.240159     0.713818      -0.0225267    0.161798

 [*,*,3]
:        1            2            3            4         :=
1    -0.54072     -1.034       -1.40235     -1.40249
2    -0.598755    -0.573894    -1.40264     -1.13022
3    -0.563031    -0.603609    -1.11903     -1.40261
4    -1.06886     -0.537856    -1.40255     -1.4025
5    -0.585074     0.209607    -0.114952     0.327519
6    -0.131231    -1.12911     -0.578409    -0.591464
7    -0.574743    -1.10071     -0.102316    -0.63074
8     1.01146      0.699578     0.343562     0.0775752
9    -0.658505     0.321417    -0.0209901   -0.203685
10    1.53526      1.13813      0.692166     1.56034
11   -0.51539     -1.06261     -1.35752     -1.40246
12   -1.07851     -0.561587    -0.52344     -0.0807202
13    1.19254      1.03662      0.712712     0.268639
14    0.279827     0.726188    -0.268002     0.172437
15   -0.601814    -1.06748     -1.40259     -0.538776
16   -0.543465     0.248006    -0.649307    -0.155262
17   -0.606834    -1.40264     -0.815421    -1.40265
18    1.5578       0.714725     1.11181      0.689598
19    0.274525     0.166055     0.720011     1.04783
20    0.327591    -0.555593    -0.498213    -0.117783
21   -0.0962469   -0.990448    -0.177963    -0.54373
22    1.37601      2.0454       1.59815      1.07588
23    1.56293      2.10691      2.10747      1.29068
24    0.943124     0.699672     0.952076     0.0826701
25    1.3896       1.61132      0.938829     0.718783
26    1.26306      2.10674      2.10746      1.64314
27    2.1075       2.10742      2.10734      1.29095
28    0.335941     0.279766    -0.211613    -0.516998
29    1.91753      1.28379      2.03242      1.26161
30    0.816676     0.337018     0.280915    -0.181723
31   -1.07233     -1.40252     -1.40248     -0.537668
32   -0.532054    -0.149316    -1.14061     -0.621656
33   -0.544969    -1.13746     -1.39465     -0.62519
34    1.69344      1.26121      2.10739      1.25227
35    0.917349     0.912154     1.30464      1.77378
36   -0.991096    -0.0976497   -0.542387    -0.910463
37    0.139245     0.934089     0.561721     0.050053
38    1.13551      1.41805      1.56073      2.10747
39   -0.219686    -0.684018    -0.629979     0.192154
40   -0.253135     0.229599    -0.712939     0.0271346
41    1.69511      2.10728      2.10749      1.25198
42    2.10708      1.43678      1.32255      1.18903
43    0.373674     0.691211     0.841996    -0.0815045
44    1.09198      1.56074      1.41792      0.640839
45    0.627493     0.843212     0.165989    -0.0438431
46   -0.182877    -0.627861     0.196358     0.256493
47    1.23912      1.70438      1.26235      0.706796
48    0.250102     0.851276     0.728234     1.2405
49    0.580316     0.95929      0.459915     1.36334
50    1.43903      1.30718      0.973639     0.523559
;

radius = 1.00295
softness = 0.45

---------------------------- Solution coords data ----------------------------
distances [*,1,*]
:    1   2   3   4    :=
1    0   1   0   1
2    0   1   0   1
3    0   1   0   1
4    0   1   0   1
5    0   1   0   1
6    0   1   0   1
7    0   1   0   1
8    0   1   0   1
9    0   1   0   1
10   0   1   0   1
11   0   1   0   1
12   0   1   0   1
13   0   1   0   1
14   0   1   0   1
15   0   1   0   1
16   0   1   0   1
17   0   1   0   1
18   0   1   0   1
19   0   1   0   1
20   0   1   0   1
21   0   1   0   1
22   0   1   0   1
23   0   1   0   1
24   0   1   0   1
25   0   1   0   1
26   0   1   0   1
27   0   1   0   1
28   0   1   0   1
29   0   1   0   1
30   0   1   0   1
31   0   1   0   1
32   0   1   0   1
33   0   1   0   1
34   0   1   0   1
35   0   1   0   1
36   0   1   0   1
37   0   1   0   1
38   0   1   0   1
39   0   1   0   1
40   0   1   0   1
41   0   1   0   1
42   0   1   0   1
43   0   1   0   1
44   0   1   0   1
45   0   1   0   1
46   0   1   0   1
47   0   1   0   1
48   0   1   0   1
49   0   1   0   1
50   0   1   0   1

 [*,2,*]
:    1   2   3   4    :=
1    0   0   1   1
2    0   0   1   1
3    0   0   1   1
4    0   0   1   1
5    0   0   1   1
6    0   0   1   1
7    0   0   1   1
8    0   0   1   1
9    0   0   1   1
10   0   0   1   1
11   0   0   1   1
12   0   0   1   1
13   0   0   1   1
14   0   0   1   1
15   0   0   1   1
16   0   0   1   1
17   0   0   1   1
18   0   0   1   1
19   0   0   1   1
20   0   0   1   1
21   0   0   1   1
22   0   0   1   1
23   0   0   1   1
24   0   0   1   1
25   0   0   1   1
26   0   0   1   1
27   0   0   1   1
28   0   0   1   1
29   0   0   1   1
30   0   0   1   1
31   0   0   1   1
32   0   0   1   1
33   0   0   1   1
34   0   0   1   1
35   0   0   1   1
36   0   0   1   1
37   0   0   1   1
38   0   0   1   1
39   0   0   1   1
40   0   0   1   1
41   0   0   1   1
42   0   0   1   1
43   0   0   1   1
44   0   0   1   1
45   0   0   1   1
46   0   0   1   1
47   0   0   1   1
48   0   0   1   1
49   0   0   1   1
50   0   0   1   1

 [*,3,*]
:    1   2   3   4    :=
1    1   0   0   1
2    1   0   0   1
3    1   0   0   1
4    1   0   0   1
5    1   0   0   1
6    1   0   0   1
7    1   0   0   1
8    1   0   0   1
9    1   0   0   1
10   1   0   0   1
11   1   0   0   1
12   1   0   0   1
13   1   0   0   1
14   1   0   0   1
15   1   0   0   1
16   1   0   0   1
17   1   0   0   1
18   1   0   0   1
19   1   0   0   1
20   1   0   0   1
21   1   0   0   1
22   1   0   0   1
23   1   0   0   1
24   1   0   0   1
25   1   0   0   1
26   1   0   0   1
27   1   0   0   1
28   1   0   0   1
29   1   0   0   1
30   1   0   0   1
31   1   0   0   1
32   1   0   0   1
33   1   0   0   1
34   1   0   0   1
35   1   0   0   1
36   1   0   0   1
37   1   0   0   1
38   1   0   0   1
39   1   0   0   1
40   1   0   0   1
41   1   0   0   1
42   1   0   0   1
43   1   0   0   1
44   1   0   0   1
45   1   0   0   1
46   1   0   0   1
47   1   0   0   1
48   1   0   0   1
49   1   0   0   1
50   1   0   0   1

 [*,4,*]
:    1   2   3   4    :=
1    1   1   1   0
2    1   1   1   0
3    1   1   1   0
4    1   1   1   0
5    1   1   1   0
6    1   1   1   0
7    1   1   1   0
8    1   1   1   0
9    1   1   1   0
10   1   1   1   0
11   1   1   1   0
12   1   1   1   0
13   1   1   1   0
14   1   1   1   0
15   1   1   1   0
16   1   1   1   0
17   1   1   1   0
18   1   1   1   0
19   1   1   1   0
20   1   1   1   0
21   1   1   1   0
22   1   1   1   0
23   1   1   1   0
24   1   1   1   0
25   1   1   1   0
26   1   1   1   0
27   1   1   1   0
28   1   1   1   0
29   1   1   1   0
30   1   1   1   0
31   1   1   1   0
32   1   1   1   0
33   1   1   1   0
34   1   1   1   0
35   1   1   1   0
36   1   1   1   0
37   1   1   1   0
38   1   1   1   0
39   1   1   1   0
40   1   1   1   0
41   1   1   1   0
42   1   1   1   0
43   1   1   1   0
44   1   1   1   0
45   1   1   1   0
46   1   1   1   0
47   1   1   1   0
48   1   1   1   0
49   1   1   1   0
50   1   1   1   0
;

---------------------------- Solution stats data ----------------------------
_ampl_time = 0.06461
_total_solve_time = 12541.5
_ampl_elapsed_time = 0.060907
_ampl_user_time = 0.045422

Total time elapsed: $12541.51.
_total_solve_time = 12541.5

---------------------------- Solution miscs data ----------------------------
tetrahedron_volume [*] :=
 1 0.117851   11 0.117851   21 0.117851   31 0.117851   41 0.117851
 2 0.117851   12 0.117851   22 0.117851   32 0.117851   42 0.117851
 3 0.117851   13 0.117851   23 0.117851   33 0.117851   43 0.117851
 4 0.117851   14 0.117851   24 0.117851   34 0.117851   44 0.117851
 5 0.117851   15 0.117851   25 0.117851   35 0.117851   45 0.117851
 6 0.117851   16 0.117851   26 0.117851   36 0.117851   46 0.117851
 7 0.117851   17 0.117851   27 0.117851   37 0.117851   47 0.117851
 8 0.117851   18 0.117851   28 0.117851   38 0.117851   48 0.117851
 9 0.117851   19 0.117851   29 0.117851   39 0.117851   49 0.117851
10 0.117851   20 0.117851   30 0.117851   40 0.117851   50 0.117851
;

---------------------------- Solution miscs data ----------------------------
tetrahedron_surface_area [*] :=
 1 1.73205   10 1.73205   19 1.73205   28 1.73205   37 1.73205   46 1.73205
 2 1.73205   11 1.73205   20 1.73205   29 1.73205   38 1.73205   47 1.73205
 3 1.73205   12 1.73205   21 1.73205   30 1.73205   39 1.73205   48 1.73205
 4 1.73205   13 1.73205   22 1.73205   31 1.73205   40 1.73205   49 1.73205
 5 1.73205   14 1.73205   23 1.73205   32 1.73205   41 1.73205   50 1.73205
 6 1.73205   15 1.73205   24 1.73205   33 1.73205   42 1.73205
 7 1.73205   16 1.73205   25 1.73205   34 1.73205   43 1.73205
 8 1.73205   17 1.73205   26 1.73205   35 1.73205   44 1.73205
 9 1.73205   18 1.73205   27 1.73205   36 1.73205   45 1.73205
;

