Error at _cmdno 5 executing "solve" command
(file amplin, line 2277, offset 55457):
error processing param distances:
	3200 invalid subscripts discarded:
	distances[101,1,1]
	distances[101,1,2]
	distances[101,1,3]
	and 3197 more.
##### This license is only intended for use by NEOS. #####
##### License is valid until Jan 16, 2026 #####

--- ERROR evaluating gradient for constraint 45753

--- ERROR evaluating gradient for constraint 45755

--- ERROR evaluating gradient for constraint 45757

--- ERROR evaluating gradient for constraint 45759

--- ERROR evaluating gradient for constraint 45760

--- ERROR evaluating gradient for constraint 45765

--- ERROR evaluating gradient for constraint 45768

--- ERROR evaluating gradient for constraint 45769

--- ERROR evaluating gradient for constraint 45772

--- ERROR evaluating gradient for constraint 45775

--- ERROR evaluating gradient for constraint 45778

--- ERROR evaluating gradient for constraint 45779

--- ERROR evaluating gradient for constraint 45781

--- ERROR evaluating gradient for constraint 45782

--- ERROR evaluating gradient for constraint 45785

--- ERROR evaluating gradient for constraint 45786

--- ERROR evaluating gradient for constraint 45788

--- ERROR evaluating gradient for calgorithm                1
bar_initpt               3
bar_murule               6
bar_penaltyrule          2
bar_refinement           1
concurrent_evals         0
datacheck                0
feastol                  1e-05
findiff_numthreads       1
hessian_no_f             1
hessopt                  1
honorbnds                1
maxtime_real             28800
ms_enable                1
ms_maxsolves             50
ms_savetol               0.01
ms_terminate             1
numthreads               4
opttol                   1e-05
outlev                   3
presolve                 0
scale                    3

Problem Characteristics
-----------------------
Objective goal:  Minimize
Objective type:  linear
Number of variables:                              25951
    bounded below only:                            1201
    bounded above only:                               0
    bounded below and above:                          0
    fixed:                                            0
    free:                                         24750
Number of constraints:                            53200
    linear equalities:                                0
    quadratic equalities:                          4950
    gen. nonlinear equalities:                     
--- ERROR evaluating gradient for constraint 45753

--- ERROR evaluating gradient for constraint 45755

--- ERROR evaluating gradient for constraint 45757

--- ERROR evaluating gradient for constraint 45759

--- ERROR evaluating gradient for constraint 45760

--- ERROR evaluating gradient for constraint 45765

--- ERROR evaluating gradient for constraint 45768

--- ERROR evaluating gradient for constraint 45769

--- ERROR evaluating gradient for constraint 45772

--- ERROR evaluating gradient for constraint 45775

--- ERROR evaluating gradient for constraint 45778

--- ERROR evaluating gradient for constraint 45779

--- ERROR evaluating gradient for constraint 45781

--- ERROR evaluating gradient for constraint 45782

--- ERROR evaluating gradient for constraint 45785

--- ERROR evaluating gradient for constraint 45786

--- ERROR evaluating gradient for constraint 45788

--- ERROR evaluating gradient for constraint 45792

--- ERROR evaluating gradient for constraint 45794

--- ERROR evaluating gradient for constraint 45795

--- ERROR evaluating gradient for constraint 45800

--- ERROR evaluating gradient for constraint 45802

--- ERROR evaluating gradient for constraint 45805

--- ERROR evaluating gradient for constraint 45806

--- ERROR evaluating gradient for constraint 45807

--- ERROR evaluating gradient for constraint 45808

--- ERROR evaluating gradient for constraint 45811

--- ERROR evaluating gradie      0          0       0         1.09791  4.38650e-05  9.84886e-06      421.200
     15          0    -410         8568.94  2.07083e-02     0.104870      4806.01
     14          3    -202         7613.03      3.47065     0.999990      4225.02
     13          1    -410         4423.66     0.130290      2.94753      5036.52
      2          1    -202         7038.44      64649.5      1.14398      2611.03
      9          1    -410         7403.83      16.7092      3.93784      5181.00
      4          0    -410         4839.10      4.87061     0.999672      4414.46
      3          3    -410         1833.36     0.477961      3.54574      4158.18
     12          2    -410         532.724  2.28839e-02  2.99894e-03      4794.00

MULTISTART: Best locally optimal solution is returned.
EXIT: Locally optimal solution found.

Final Statistics
----------------
Final objective value               =   1.09791077219779e+00
Final feasibility error (abs / rel) =   4.39e-05 / 2.19e-06
Final optimality error  (abs / rel) =   9.85e-06 / 9.85e-06
# of iterations                     =      75105 
# of CG iterations                  =          0 
# of function evaluations           =      81527
# of gradient evaluations           =      75280
# of Hessian evaluations            =      75157
Total program time (secs)           =   19103.75195 ( 69010.391 CPU time)

===============================================================================

Knitro 14.2.0: Locally optimal or satisfactory solution.
objective 1.097910772; feasibility error 4.39e-05
75105 iterations; 81527 function evaluations

suffix feaserror OUT;
suffix opterror OUT;
suffix numfcevals OUT;
suffix numiters OUT;
---------------------------- Container and geometric considerations  ----------------------------
Container type: cylinder
Structural conservation type: volume & surface
---------------------------- Solution execution data ----------------------------
solve_result_num = 0
solve_result = solved

---------------------------- Solution data ----------------------------
card(figures) = 100

coords [*,*,1]
:        1         2         3         4       :=
1     19.452    20.5481   20.3466   19.7015
2     20.3297   19.4511   19.5603   19.4641
3     20.2666   20.2444   19.4521   19.4638
4     19.4521   20.3521   19.7095   20.5481
5     20.3575   19.4521   19.7175   20.5481
6     19.7256   20.3629   20.5481   19.4522
7     20.0585   20.5489   19.4511   20.4558
8     20.4632   19.4511   20.5489   20.0439
9     19.4522   20.5481   20.3682   19.7337
10    19.4512   20.0561   19.4511   20.5488
11    19.4522   20.5481   19.7417   20.3733
12    20.5489   19.4511   20.0578   20.457
13    19.4511   20.3297   19.4641   19.5603
14    20.4583   20.0571   20.5489   19.4511
15    19.4641   20.3297   19.4511   19.5603
16    19.4521   19.4571   20.5462   20.3359
17    20.4545   20.5489   19.4511   20.0593
18    20.2436   19.4514   20.2667   19.4639
19    20.549    20.2579   20.549    19.4511
20    20.5489   19.4511   20.4626   20.0445
21    20.341    20.5482   19.6935   19.4519
22    20.0552   19.4511   20.5489   19.4511
23    20.5489   20.5489   20.2589   19.4511
24    20.5489   20.0601   20.4533   19.4511
25    19.4519   19.4638   20.2442   20.2666
26    20.5481   19.7646   20.3871   19.4523
27    20.4321   19.4515   19.9726   20.5487
28    20.5481   19.7497   20.3782   19.4523
29    20.2666   20.2443   19.4638   19.452
30    19.7573   19.4523   20.5481   20.3828
31    19.4518   20.3352   19.6836   20.5482
32    20.549    19.451    19.451    19.451
33    19.4516   20.3532   19.4847   19.5424
34    19.9733   19.4515   20.4309   20.5487
35    19.4517   19.4638   20.2667   20.244
36    20.5489   19.4511   20.0558   19.4511
37    19.8063   19.4524   20.3732   20.5482
38    20.5472   19.4518   19.5449   20.4292
39    19.4638   20.2445   20.2666   19.4522
40    20.2437   19.4515   19.4638   20.2667
41    19.4809   20.2713   20.2245   19.4534
42    19.451    20.549    20.2573   20.549
43    19.4601   20.3416   20.5485   19.4513
44    20.549    19.451    20.2571   20.549
45    19.7864   20.5481   19.4525   20.3975
46    19.4525   20.5481   19.7905   20.3986
47    20.5487   19.4514   20.4289   19.9741
48    20.3992   19.4525   19.7942   20.5481
49    20.0549   19.4511   19.4511   20.5489
50    20.0574   19.4513   20.5486   19.4512
51    20.0679   20.549    19.451    20.4467
52    19.9754   20.5487   19.4514   20.4263
53    19.549    20.5489   20.549    19.5389
54    20.2439   20.2667   19.4516   19.4638
55    20.5485   20.5488   19.5112   19.4511
56    20.2708   20.2246   19.4534   19.4809
57    20.2667   19.4638   20.2438   19.4515
58    20.0576   19.4514   20.5486   19.4512
59    20.2262   19.4534   19.4808   20.2667
60    20.5488   20.5489   19.4511   19.5111
61    19.4514   19.4561   20.5484   20.3304
62    19.451    20.4468   20.0678   20.549
63    20.2248   20.2702   19.4809   19.4535
64    19.4809   19.4534   20.2711   20.2246
65    20.3664   19.4806   19.451    20.549
66    19.7711   19.4524   20.5481   20.3908
67    20.5482   19.4525   20.3844   19.8061
68    19.5632   19.4804   20.3662   19.451
69    20.257    20.549    19.4511   20.549
70    20.5489   20.5484   20.2894   19.4513
71    19.4534   20.2691   20.2251   19.4809
72    19.4514   20.2667   19.4639   20.2437
73    20.5489   19.4511   19.4511   20.0553
74    19.8059   19.4525   20.5482   20.391
75    20.0562   19.451    19.451    19.451
76    19.4511   20.549    20.549    20.257
77    19.8031   20.3975   20.5482   19.4525
78    19.7769   20.3937   20.5481   19.4524
79    20.5482   19.5115   19.4511   20.5488
80    20.0572   19.4512   19.4513   20.5486
81    20.5488   19.4512   20.0564   19.4511
82    20.5481   19.4525   20.396    19.7819
83    19.4534   20.2288   20.2631   19.4808
84    20.0562   19.5572   20.364    19.451
85    20.2767   20.5489   20.5489   19.4511
86    20.5482   20.5489   19.6565   19.6302
87    20.5489   20.549    19.5853   19.5763
88    19.8048   20.5482   20.3951   19.4525
89    19.7976   19.4525   20.3993   20.5482
90    20.5489   19.5323   20.549    19.4973
91    19.4511   20.549    19.5186   20.5489
92    20.548    20.5472   20.5468   19.6539
93    19.5065   20.5489   20.548    19.8724
94    19.4514   19.4639   20.2667   20.2435
95    20.549    20.3616   20.549    19.451
96    20.5489   19.4511   20.2634   20.5489
97    19.4639   20.2435   20.2667   19.4514
98    20.2434   19.4513   20.2667   19.4639
99    20.2435   19.4639   19.4514   20.2667
100   20.5482   19.4525   19.8006   20.3988

 [*,*,2]
:        1         2         3         4       :=
1     19.922    19.4518   20.3543   19.4518
2     20.4686   19.5099   19.4512   20.5127
3     20.3312   20.5489   19.4511   20.5124
4     19.9219   20.353    19.4518   19.4518
5     20.3519   19.9218   19.4519   19.4519
6     19.4519   20.3509   19.4519   19.922
7     19.4511   19.4511   19.9777   20.3472
8     20.3319   19.9814   19.4511   19.4512
9     19.9222   19.452    20.3501   19.4519
10    20.3594   20.5484   19.5379   19.4736
11    19.9227   19.452    19.4519   20.3492
12    19.4511   19.9781   19.4511   20.3462
13    19.5099   20.4686   20.5127   19.4512
14    20.3452   19.4511   19.4511   19.9786
15    20.5127   20.4686   19.5099   19.4512
16    19.8336   19.4517   19.4518   20.3518
17    20.3482   19.4511   19.9773   19.4511
18    20.5489   19.4511   20.3311   20.5123
19    20.1159   20.4747   19.451    19.8827
20    19.4511   19.981    20.3328   19.4512
21    20.3559   19.4517   19.4517   19.9223
22    20.5489   20.3554   19.4699   19.5379
23    19.451    20.1151   20.4744   19.8833
24    19.4511   19.4512   20.3492   19.9768
25    19.4511   20.5123   20.5489   20.3312
26    19.452    19.452    20.3465   19.9254
27    20.3446   19.9669   19.4517   19.4516
28    19.452    19.452    20.3484   19.9233
29    20.3312   20.5489   20.5124   19.4511
30    19.452    19.9242   19.452    20.3475
31    19.9229   20.3584   19.4517   19.4517
32    19.6632   19.451    19.451    20.549
33    19.6685   20.5476   20.5482   19.4678
34    19.4517   19.9658   20.3469   19.4515
35    19.4511   20.5123   20.3312   20.5489
36    19.4727   20.3585   20.5486   19.5379
37    19.4519   19.9167   20.3496   19.452
38    20.0453   19.5502   20.547    19.4521
39    20.5124   20.5489   20.3313   19.4511
40    20.5489   19.4511   20.5123   20.3312
41    20.5487   20.3445   20.5487   19.4513
42    19.8824   20.1155   20.4747   19.451
43    20.5486   19.4514   20.0392   19.5494
44    19.451    19.8823   20.4746   20.1152
45    19.452    19.4521   19.9326   20.3409
46    19.9342   19.4521   19.452    20.3396
47    19.4515   19.9643   20.3501   19.4517
48    20.3386   19.9355   19.452    19.4521
49    20.5489   20.3439   19.538    19.4586
50    20.5475   20.3635   19.4773   19.538
51    19.451    19.451    19.9744   20.356
52    19.4516   19.4515   19.9624   20.3539
53    20.4266   19.4511   20.4479   19.8111
54    20.5489   20.3312   19.4511   20.5123
55    20.1157   19.4511   20.4066   19.5409
56    20.3439   20.5487   19.4513   20.5487
57    20.3312   20.5123   20.5489   19.4511
58    20.5474   20.3641   19.4778   19.538
59    20.5487   19.4513   20.5487   20.3386
60    20.116    19.4511   19.5415   20.4064
61    19.5533   20.5484   20.0238   19.4515
62    19.9744   20.3558   19.451    19.451
63    20.5487   20.3432   20.5487   19.4513
64    20.5487   19.4513   20.3443   20.5487
65    20.549    20.549    19.9261   20.549
66    19.452    19.927    19.4521   20.3452
67    19.452    19.9267   20.3437   19.452
68    19.451    20.549    20.549    20.549
69    20.4745   19.451    19.8822   20.1151
70    19.8737   19.4511   20.4695   19.8994
71    19.4513   20.3416   20.5487   20.5487
72    19.4511   20.3311   20.5123   20.5489
73    19.4712   19.5379   20.3568   20.5489
74    19.452    19.9322   19.4521   20.3402
75    20.549    20.549    19.451    20.549
76    19.8822   19.451    20.115    20.4745
77    19.452    20.3375   19.4521   19.9366
78    19.452    20.3438   19.4521   19.9288
79    20.1153   20.407    19.5405   19.4511
80    20.5477   19.538    20.3627   19.4765
81    19.4745   20.3604   20.5481   19.5379
82    19.4521   19.9308   20.3423   19.452
83    19.4513   20.5488   20.3342   20.5487
84    20.549    19.451    20.5439   20.549
85    20.4708   19.4511   20.0776   19.8943
86    19.4512   20.4502   19.7271   20.5044
87    19.4511   20.4479   19.7794   20.4532
88    19.452    19.4521   20.3383   19.9352
89    19.452    19.9365   20.3378   19.4521
90    19.451    20.4098   20.4479   19.8394
91    19.8709   20.4479   20.3955   19.451
92    19.5157   20.5444   20.5431   20.0319
93    20.4032   20.4472   19.455    19.5397
94    19.4511   20.5123   20.3311   20.5489
95    20.448    19.451    20.549    20.5285
96    19.451    19.8855   20.4753   20.1073
97    20.5123   20.5489   20.3311   19.4511
98    20.5489   19.4511   20.331    20.5123
99    20.5489   20.5123   19.4511   20.3311
100   19.4521   19.9369   19.452    20.3374

 [*,*,3]
:        1         2         3         4       :=
1     19.6531   20.3487   20.5412   19.6717
2     20.5489   20.0024   20.1709   19.4511
3     20.5487   20.398    20.0372   19.4511
4     19.6452   20.541    19.6684   20.342
5     20.541    19.6377   19.6654   20.3348
6     19.6625   20.541    20.3272   19.6306
7     19.4512   19.7429   19.5472   20.4657
8     20.473    19.5557   19.7595   19.4539
9     19.6238   20.3191   20.5411   19.6597
10    20.3705   20.5489   20.1671   20.3902
11    19.6175   20.3106   19.6569   20.5412
12    19.7432   19.5481   19.4512   20.4658
13    20.0024   20.5489   19.4511   20.1709
14    20.4658   19.4512   19.7433   19.5489
15    19.4511   20.5489   20.0024   20.1709
16    19.6535   19.9204   20.3645   20.5462
17    20.4657   19.7426   19.5464   19.4513
18    20.3969   20.0362   20.5487   19.4511
19    20.3171   20.4568   19.7366   19.4626
20    19.7599   19.556    20.4736   19.4548
21    20.5417   20.355    19.6756   19.6616
22    20.549    20.3695   20.3894   20.1671
23    19.7369   20.319    20.458    19.4641
24    19.7421   19.4513   20.4656   19.5456
25    20.0369   19.4511   20.3976   20.5487
26    20.2828   19.6471   20.5405   19.6005
27    20.4886   19.5513   19.4984   19.8787
28    20.3017   19.654    20.5412   19.6114
29    20.5487   20.3978   19.4511   20.0371
30    19.6507   19.6058   20.2924   20.541
31    19.6712   20.5426   19.682    20.3608
32    20.549    20.549    20.1343   20.549
33    19.9136   20.5336   19.4568   20.1397
34    19.5012   19.553    20.4902   19.8801
35    20.0367   19.4511   20.5487   20.3975
36    20.39     20.3703   20.5489   20.1671
37    19.5732   19.5322   20.5001   20.1797
38    20.5488   20.1716   20.4535   20.3681
39    19.4511   20.3981   20.5487   20.0373
40    20.3971   20.0363   19.4511   20.5487
41    19.4518   20.547    20.3734   20.0387
42    19.4616   20.3161   20.4561   19.7366
43    20.4406   20.3484   20.5489   20.1714
44    19.7366   19.4611   20.4558   20.3157
45    19.6268   20.2423   19.5826   20.5336
46    19.5785   20.2322   19.6209   20.5309
47    19.8817   19.5544   20.4919   19.5045
48    20.5281   19.5744   19.6149   20.2224
49    20.549    20.3688   20.1672   20.3967
50    20.5489   20.3715   20.3909   20.1671
51    19.451    19.7365   19.5411   20.4648
52    19.5079   19.8829   19.5558   20.4937
53    19.5401   19.7361   19.8928   19.451
54    20.3973   20.5487   20.0365   19.4511
55    20.549    20.3846   20.3952   20.1679
56    20.5468   20.3736   20.0388   19.4518
57    20.5487   19.4511   20.3972   20.0364
58    20.5489   20.3716   20.391    20.1671
59    20.3756   20.0388   19.4517   20.5447
60    20.549    20.3845   20.168    20.3951
61    20.1729   20.5482   20.5489   20.4006
62    19.5413   20.4648   19.451    19.7366
63    20.3738   20.5465   19.4518   20.0389
64    19.4518   20.0388   20.5469   20.3735
65    20.549    19.4511   19.7668   19.8398
66    19.6429   19.5956   20.2729   20.5396
67    20.1817   19.5428   20.507    19.5815
68    20.175    19.451    20.549    19.5784
69    20.4557   19.7365   19.4609   20.3155
70    20.3975   19.8828   20.493    19.512
71    20.0389   20.5459   20.3743   19.4518
72    20.0362   20.5487   19.4511   20.3969
73    20.3897   20.1671   20.3699   20.549
74    19.5872   19.5502   20.1852   20.5118
75    20.549    19.5784   20.0358   20.4358
76    19.4609   19.7365   20.3155   20.4557
77    19.5979   20.5191   20.1967   19.5613
78    19.638    20.5381   20.2628   19.5911
79    20.5489   20.3954   20.1678   20.3847
80    20.5489   20.1671   20.3713   20.3908
81    20.3904   20.3707   20.5489   20.1671
82    20.2526   19.5868   20.536    19.6326
83    20.0388   20.3788   20.5427   19.4517
84    20.549    20.1687   20.549    19.5784
85    20.4813   19.76     20.3601   19.4934
86    19.7161   19.8931   19.451    19.5213
87    19.7356   19.8928   19.451    19.5361
88    19.5925   20.1902   20.5157   19.5562
89    19.6091   19.5702   20.5252   20.2131
90    19.7362   19.5429   19.8928   19.451
91    19.451    19.8928   19.5454   19.7363
92    19.7535   19.9286   20.5091   19.5482
93    19.4512   19.8925   19.5291   19.4511
94    20.0361   19.4511   20.5487   20.3968
95    19.8928   19.451    19.451    19.451
96    19.7433   19.472    20.4631   20.3296
97    19.4511   20.3966   20.5487   20.0361
98    20.3965   20.036    20.5487   19.4511
99    20.3967   19.4511   20.0361   20.5487
100   20.2044   19.5659   19.6034   20.5222
;

side = 1.09791
softness = 0.99

---------------------------- Solution coords data ----------------------------
distances [*,1,*]
:     1   2   3   4    :=
1     0   1   0   1
2     0   1   0   1
3     0   1   0   1
4     0   1   0   1
5     0   1   0   1
6     0   1   0   1
7     0   1   0   1
8     0   1   0   1
9     0   1   0   1
10    0   1   0   1
11    0   1   0   1
12    0   1   0   1
13    0   1   0   1
14    0   1   0   1
15    0   1   0   1
16    0   1   0   1
17    0   1   0   1
18    0   1   0   1
19    0   1   0   1
20    0   1   0   1
21    0   1   0   1
22    0   1   0   1
23    0   1   0   1
24    0   1   0   1
25    0   1   0   1
26    0   1   0   1
27    0   1   0   1
28    0   1   0   1
29    0   1   0   1
30    0   1   0   1
31    0   1   0   1
32    0   1   0   1
33    0   1   0   1
34    0   1   0   1
35    0   1   0   1
36    0   1   0   1
37    0   1   0   1
38    0   1   0   1
39    0   1   0   1
40    0   1   0   1
41    0   1   0   1
42    0   1   0   1
43    0   1   0   1
44    0   1   0   1
45    0   1   0   1
46    0   1   0   1
47    0   1   0   1
48    0   1   0   1
49    0   1   0   1
50    0   1   0   1
51    0   1   0   1
52    0   1   0   1
53    0   1   0   1
54    0   1   0   1
55    0   1   0   1
56    0   1   0   1
57    0   1   0   1
58    0   1   0   1
59    0   1   0   1
60    0   1   0   1
61    0   1   0   1
62    0   1   0   1
63    0   1   0   1
64    0   1   0   1
65    0   1   0   1
66    0   1   0   1
67    0   1   0   1
68    0   1   0   1
69    0   1   0   1
70    0   1   0   1
71    0   1   0   1
72    0   1   0   1
73    0   1   0   1
74    0   1   0   1
75    0   1   0   1
76    0   1   0   1
77    0   1   0   1
78    0   1   0   1
79    0   1   0   1
80    0   1   0   1
81    0   1   0   1
82    0   1   0   1
83    0   1   0   1
84    0   1   0   1
85    0   1   0   1
86    0   1   0   1
87    0   1   0   1
88    0   1   0   1
89    0   1   0   1
90    0   1   0   1
91    0   1   0   1
92    0   1   0   1
93    0   1   0   1
94    0   1   0   1
95    0   1   0   1
96    0   1   0   1
97    0   1   0   1
98    0   1   0   1
99    0   1   0   1
100   0   1   0   1

 [*,2,*]
:     1   2   3   4    :=
1     0   0   1   1
2     0   0   1   1
3     0   0   1   1
4     0   0   1   1
5     0   0   1   1
6     0   0   1   1
7     0   0   1   1
8     0   0   1   1
9     0   0   1   1
10    0   0   1   1
11    0   0   1   1
12    0   0   1   1
13    0   0   1   1
14    0   0   1   1
15    0   0   1   1
16    0   0   1   1
17    0   0   1   1
18    0   0   1   1
19    0   0   1   1
20    0   0   1   1
21    0   0   1   1
22    0   0   1   1
23    0   0   1   1
24    0   0   1   1
25    0   0   1   1
26    0   0   1   1
27    0   0   1   1
28    0   0   1   1
29    0   0   1   1
30    0   0   1   1
31    0   0   1   1
32    0   0   1   1
33    0   0   1   1
34    0   0   1   1
35    0   0   1   1
36    0   0   1   1
37    0   0   1   1
38    0   0   1   1
39    0   0   1   1
40    0   0   1   1
41    0   0   1   1
42    0   0   1   1
43    0   0   1   1
44    0   0   1   1
45    0   0   1   1
46    0   0   1   1
47    0   0   1   1
48    0   0   1   1
49    0   0   1   1
50    0   0   1   1
51    0   0   1   1
52    0   0   1   1
53    0   0   1   1
54    0   0   1   1
55    0   0   1   1
56    0   0   1   1
57    0   0   1   1
58    0   0   1   1
59    0   0   1   1
60    0   0   1   1
61    0   0   1   1
62    0   0   1   1
63    0   0   1   1
64    0   0   1   1
65    0   0   1   1
66    0   0   1   1
67    0   0   1   1
68    0   0   1   1
69    0   0   1   1
70    0   0   1   1
71    0   0   1   1
72    0   0   1   1
73    0   0   1   1
74    0   0   1   1
75    0   0   1   1
76    0   0   1   1
77    0   0   1   1
78    0   0   1   1
79    0   0   1   1
80    0   0   1   1
81    0   0   1   1
82    0   0   1   1
83    0   0   1   1
84    0   0   1   1
85    0   0   1   1
86    0   0   1   1
87    0   0   1   1
88    0   0   1   1
89    0   0   1   1
90    0   0   1   1
91    0   0   1   1
92    0   0   1   1
93    0   0   1   1
94    0   0   1   1
95    0   0   1   1
96    0   0   1   1
97    0   0   1   1
98    0   0   1   1
99    0   0   1   1
100   0   0   1   1

 [*,3,*]
:     1   2   3   4    :=
1     1   0   0   1
2     1   0   0   1
3     1   0   0   1
4     1   0   0   1
5     1   0   0   1
6     1   0   0   1
7     1   0   0   1
8     1   0   0   1
9     1   0   0   1
10    1   0   0   1
11    1   0   0   1
12    1   0   0   1
13    1   0   0   1
14    1   0   0   1
15    1   0   0   1
16    1   0   0   1
17    1   0   0   1
18    1   0   0   1
19    1   0   0   1
20    1   0   0   1
21    1   0   0   1
22    1   0   0   1
23    1   0   0   1
24    1   0   0   1
25    1   0   0   1
26    1   0   0   1
27    1   0   0   1
28    1   0   0   1
29    1   0   0   1
30    1   0   0   1
31    1   0   0   1
32    1   0   0   1
33    1   0   0   1
34    1   0   0   1
35    1   0   0   1
36    1   0   0   1
37    1   0   0   1
38    1   0   0   1
39    1   0   0   1
40    1   0   0   1
41    1   0   0   1
42    1   0   0   1
43    1   0   0   1
44    1   0   0   1
45    1   0   0   1
46    1   0   0   1
47    1   0   0   1
48    1   0   0   1
49    1   0   0   1
50    1   0   0   1
51    1   0   0   1
52    1   0   0   1
53    1   0   0   1
54    1   0   0   1
55    1   0   0   1
56    1   0   0   1
57    1   0   0   1
58    1   0   0   1
59    1   0   0   1
60    1   0   0   1
61    1   0   0   1
62    1   0   0   1
63    1   0   0   1
64    1   0   0   1
65    1   0   0   1
66    1   0   0   1
67    1   0   0   1
68    1   0   0   1
69    1   0   0   1
70    1   0   0   1
71    1   0   0   1
72    1   0   0   1
73    1   0   0   1
74    1   0   0   1
75    1   0   0   1
76    1   0   0   1
77    1   0   0   1
78    1   0   0   1
79    1   0   0   1
80    1   0   0   1
81    1   0   0   1
82    1   0   0   1
83    1   0   0   1
84    1   0   0   1
85    1   0   0   1
86    1   0   0   1
87    1   0   0   1
88    1   0   0   1
89    1   0   0   1
90    1   0   0   1
91    1   0   0   1
92    1   0   0   1
93    1   0   0   1
94    1   0   0   1
95    1   0   0   1
96    1   0   0   1
97    1   0   0   1
98    1   0   0   1
99    1   0   0   1
100   1   0   0   1

 [*,4,*]
:     1   2   3   4    :=
1     1   1   1   0
2     1   1   1   0
3     1   1   1   0
4     1   1   1   0
5     1   1   1   0
6     1   1   1   0
7     1   1   1   0
8     1   1   1   0
9     1   1   1   0
10    1   1   1   0
11    1   1   1   0
12    1   1   1   0
13    1   1   1   0
14    1   1   1   0
15    1   1   1   0
16    1   1   1   0
17    1   1   1   0
18    1   1   1   0
19    1   1   1   0
20    1   1   1   0
21    1   1   1   0
22    1   1   1   0
23    1   1   1   0
24    1   1   1   0
25    1   1   1   0
26    1   1   1   0
27    1   1   1   0
28    1   1   1   0
29    1   1   1   0
30    1   1   1   0
31    1   1   1   0
32    1   1   1   0
33    1   1   1   0
34    1   1   1   0
35    1   1   1   0
36    1   1   1   0
37    1   1   1   0
38    1   1   1   0
39    1   1   1   0
40    1   1   1   0
41    1   1   1   0
42    1   1   1   0
43    1   1   1   0
44    1   1   1   0
45    1   1   1   0
46    1   1   1   0
47    1   1   1   0
48    1   1   1   0
49    1   1   1   0
50    1   1   1   0
51    1   1   1   0
52    1   1   1   0
53    1   1   1   0
54    1   1   1   0
55    1   1   1   0
56    1   1   1   0
57    1   1   1   0
58    1   1   1   0
59    1   1   1   0
60    1   1   1   0
61    1   1   1   0
62    1   1   1   0
63    1   1   1   0
64    1   1   1   0
65    1   1   1   0
66    1   1   1   0
67    1   1   1   0
68    1   1   1   0
69    1   1   1   0
70    1   1   1   0
71    1   1   1   0
72    1   1   1   0
73    1   1   1   0
74    1   1   1   0
75    1   1   1   0
76    1   1   1   0
77    1   1   1   0
78    1   1   1   0
79    1   1   1   0
80    1   1   1   0
81    1   1   1   0
82    1   1   1   0
83    1   1   1   0
84    1   1   1   0
85    1   1   1   0
86    1   1   1   0
87    1   1   1   0
88    1   1   1   0
89    1   1   1   0
90    1   1   1   0
91    1   1   1   0
92    1   1   1   0
93    1   1   1   0
94    1   1   1   0
95    1   1   1   0
96    1   1   1   0
97    1   1   1   0
98    1   1   1   0
99    1   1   1   0
100   1   1   1   0
;

---------------------------- Solution stats data ----------------------------
_ampl_time = 0.153451
_total_solve_time = 69010.8
_ampl_elapsed_time = 0.150454
_ampl_user_time = 0.12256

Total time elapsed: $69010.80.
_total_solve_time = 69010.8

---------------------------- Solution miscs data ----------------------------
tetrahedron_volume [*] :=
  1 0    11 0    21 0    31 0    41 0    51 0    61 0    71 0    81 0    91 0
  2 0    12 0    22 0    32 0    42 0    52 0    62 0    72 0    82 0    92 0
  3 0    13 0    23 0    33 0    43 0    53 0    63 0    73 0    83 0    93 0
  4 0    14 0    24 0    34 0    44 0    54 0    64 0    74 0    84 0    94 0
  5 0    15 0    25 0    35 0    45 0    55 0    65 0    75 0    85 0    95 0
  6 0    16 0    26 0    36 0    46 0    56 0    66 0    76 0    86 0    96 0
  7 0    17 0    27 0    37 0    47 0    57 0    67 0    77 0    87 0    97 0
  8 0    18 0    28 0    38 0    48 0    58 0    68 0    78 0    88 0    98 0
  9 0    19 0    29 0    39 0    49 0    59 0    69 0    79 0    89 0    99 0
 10 0    20 0    30 0    40 0    50 0    60 0    70 0    80 0    90 0   100 0
;

---------------------------- Solution miscs data ----------------------------
tetrahedron_surface_area [*] :=
  1 1.73205    21 1.73205    41 1.73205    61 1.73205    81 1.73205
  2 1.73205    22 1.73205    42 1.73205    62 1.73205    82 1.73205
  3 1.73205    23 1.73205    43 1.73205    63 1.73205    83 1.73205
  4 1.73205    24 1.73205    44 1.73205    64 1.73205    84 1.73205
  5 1.73205    25 1.73205    45 1.73205    65 1.73205    85 1.73205
  6 1.73205    26 1.73205    46 1.73205    66 1.73205    86 1.73205
  7 1.73205    27 1.73205    47 1.73205    67 1.73205    87 1.73205
  8 1.73205    28 1.73205    48 1.73205    68 1.73205    88 1.73205
  9 1.73205    29 1.73205    49 1.73205    69 1.73205    89 1.73205
 10 1.73205    30 1.73205    50 1.73205    70 1.73205    90 1.73205
 11 1.73205    31 1.73205    51 1.73205    71 1.73205    91 1.73205
 12 1.73205    32 1.73205    52 1.73205    72 1.73205    92 1.73205
 13 1.73205    33 1.73205    53 1.73205    73 1.73205    93 1.73205
 14 1.73205    34 1.73205    54 1.73205    74 1.73205    94 1.73205
 15 1.73205    35 1.73205    55 1.73205    75 1.73205    95 1.73205
 16 1.73205    36 1.73205    56 1.73205    76 1.73205    96 1.73205
 17 1.73205    37 1.73205    57 1.73205    77 1.73205    97 1.73205
 18 1.73205    38 1.73205    58 1.73205    78 1.73205    98 1.73205
 19 1.73205    39 1.73205    59 1.73205    79 1.73205    99 1.73205
 20 1.73205    40 1.73205    60 1.73205    80 1.73205   100 1.73205
;

