Error at _cmdno 5 executing "solve" command
(file amplin, line 1961, offset 37048):
error processing param distances:
	4000 invalid subscripts discarded:
	distances[51,1,1]
	distances[51,1,2]
	distances[51,1,3]
	and 3997 more.
##### This license is only intended for use by NEOS. #####
##### License is valid until Jan 16, 2026 #####
riables.
Substitution eliminates 1 variable.
Adjusted problem:
6728 variables:
	4278 nonlinear variables
	2450 linear variables
13503 constraints; 80331 nonzeros
	11875 nonlinear constraints
	1628 linear constraints
	1276 equality constraints
	12227 inequality constraints
1 nonlinear objective; 3 nonzeros.

Artelys Knitro 14.2.0: threads=4
algorithm=1
ms_enable=1
ms_maxsolves=10
feastol=1e-5
opttol=1e-5
honorbnds=1
bar_initpt=3
bar_murule=4
scale=1
outlev=2
maxtime_real=1200
WARNING:  Option 'threads' is deprecated, please use 'numthreads'.
WARNING: 1 constraint is constant or undefined and will be ignored.

=======================================
           Academic License
       (NOT FOR COMMERCIAL USE)
         Artelys Knitro 14.2.0
=======================================

No start point provided -- Knitro computing one.

Knitro presolve eliminated 0 variables and 1 constraint.

algorithm                1
bar_initpt               3
bar_murule               4
concurrent_evals         0
datacheck                0
feastol                  1e-05
findiff_numthreads       1
hessian_no_f             1
hessopt                  1
honorbnds                1
maxtime_real             1200
ms_enable                1
ms_maxsolves             10
numthreads               4
opttol                   1e-05

Problem Characteristics                                 (   Presolved)
-----------------------
Objective goal:  Minimize
Objective type:  general
Number of variables:                               6728 (        6728)
    bounded below only:                               1 (           1)
    bounded above only:                               0 (           0)
    bounded below and above:                          0 (           0)
    fixed:                                            0 (           0)
    free:                                          6727 (        6727)
Number of constraints:                            13503 (       13502)
    linear equalities:                                1 (           0)
    quadratic equalities:                          1225 (        1225)
    gen. nonlinear equalities:                       50 (          50)
    linear one-sided inequalities:                 1627 (        1627)
    quadratic one-sided inequalities:             10600 (       10600)
    gen. nonlinear one-sided inequalities:            0 (           0)
    linear two-sided inequalities:                    0 (           0)
    quadratic two-sided inequalities:                 0 (           0)
    gen. nonlinear two-sided inequalities:            0 (           0)
Number of nonzeros in Jacobian:                   80331 (       80331)
Number of nonzeros in Hessian:                    36978 (       36978)

Knitro parallel multistart will run with 4 threads.

Return codes description
------------------------
  0:  The final solution satisfies the termination conditions for verifying optimality.
  -100 to -199:  A feasible approximate solution was found.
  -200 to -299:  Knitro terminated at an infeasible point.
  -300 to -301:  The problem was determined to be unbounded.
  -400 to -499:  Knitro terminated because it reached a pre-defined limit.
    -400 to -409:  A feasible point was found.
    -410 to -419:  No feasible point was found.
  -500 to -599:  Knitro terminated with an input error or some non-standard error.
A more detailed description of individual return codes and their corresponding
termination messages is provided at
https://www.artelys.com/app/docs/knitro/3_referenceManual/returnCodes.html

 Solve #  ThreadID  Status     Objective      FeasError    OptError    Real Time 
--------  --------  ------  --------------   ----------   ----------  ----------
      0          0       0         3.44440  4.21033e-05  1.90057e-05      97.7166
      2          2    -410     2.10483e+09      115962.      2616.03      1248.25
      9          3    -410     3.67127e+11      25566.1      98417.6      1214.48
      1          1    -410     2.77928e+08      1.18875      934.570      1261.04
      7          1    -410     5.31490e+09      1.98672      2424.79      1344.73
      5          3    -410     2.89762e+08     0.171612      255.565      1264.99
      4          0    -410     2.58439e+11      1.17714      211058.      1382.29
      3          3    -410     2.82378e+08     0.292345      12.0730      1201.73
      6          2    -410     1.21709e+09  4.10150e-03      420.752      1277.98
      8          0    -410     3.56290e+10     0.935367      599.674      1340.33

MULTISTART: Best locally optimal solution is returned.
EXIT: Locally optimal solution found.

Final Statistics
----------------
Final objective value               =   3.44440186708718e+00
Final feasibility error (abs / rel) =   4.21e-05 / 9.50e-06
Final optimality error  (abs / rel) =   1.90e-05 / 3.02e-06
# of iterations                     =      90891 
# of CG iterations                  =          0 
# of function evaluations           =     111212
# of gradient evaluations           =      91041
# of Hessian evaluations            =      90969
Total program time (secs)           =    3681.87622 ( 11592.496 CPU time)

===============================================================================

Knitro 14.2.0: Locally optimal or satisfactory solution.
objective 3.444401867; feasibility error 4.21e-05
90891 iterations; 111212 function evaluations

suffix feaserror OUT;
suffix opterror OUT;
suffix numfcevals OUT;
suffix numiters OUT;
---------------------------- Solver Status Report ----------------------------
solve_result_num = 0
solve_result = solved
solve_message = 'Knitro 14.2.0: Locally optimal or satisfactory solution.\
objective 3.444401867; feasibility error 4.21e-05\
90891 iterations; 111212 function evaluations'


---------------------------- Problem Dimensions ----------------------------
Variables: 13154
Constraints: 13554
---------------------------- Container and geometric considerations  ----------------------------
Container type: cylinder
Structural conservation type: volume
---------------------------- Solution execution data ----------------------------
solve_result_num = 0
solve_result = solved

---------------------------- Solution data ----------------------------
card(figures) = 50

coords [*,*,1]
:        1            2            3             4         :=
1    -0.836083     0.0381421   -0.84844     -0.447639
2    -1.01734     -0.189861    -1.06765     -0.922485
3    -1.07543     -1.09584     -0.285817    -0.513201
4     0.0512218    0.038647     0.114107    -0.742212
5    -1.02399     -0.654999    -0.153373    -0.192154
6     0.198206    -0.144316    -0.422591    -0.721835
7     0.387294     0.787315    -0.186885     0.118835
8    -0.0649195    0.0427981    0.719029    -0.241674
9    -0.725036    -0.680152     0.120699    -0.0675134
10   -0.91275     -0.0866059   -0.913132    -0.413487
11   -0.597953     0.0310357    0.344266     0.00257507
12   -0.363002    -1.03071     -0.193269    -0.0796618
13   -0.158478    -0.90341     -0.895952    -1.08941
14   -0.187455    -1.08261     -1.03728     -0.911129
15   -0.303942    -0.472003    -0.172939    -1.08267
16   -1.07017     -0.897507    -0.413936    -0.187455
17    0.0256895    0.0193553    0.526258    -0.447639
18    0.0126749    0.86443      0.0797382    0.526258
19   -0.507607    -1.07859     -0.161469    -0.824454
20    0.0356493    0.134642     0.899586     0.0825714
21   -0.239817     0.138979    -0.0756703   -0.820271
22   -1.08936     -0.892796    -0.156437    -0.562993
23   -1.06399     -1.07508     -0.193636    -0.830418
24    0.132424     1.08557      0.918202     0.526258
25   -0.920062    -0.11691     -0.423311    -0.0110018
26   -0.562993    -0.892796    -0.0354264   -0.165367
27   -0.0298952    0.843567     0.315433     0.025036
28    0.0142953    0.396612     0.065977    -0.56526
29    0.69756      1.02623      1.09226      0.234414
30    0.873815     0.90017      0.127473     0.155553
31   -0.171797    -0.527922    -0.839792     0.0520197
32    0.0273706   -0.141632    -0.432303     0.571482
33    0.228755     1.00756      0.952538     1.09519
34    0.44536      0.491281     1.08559      0.114725
35    0.0576261   -0.742642    -0.179712     0.23009
36    0.315035     0.843176     0.176601     1.01795
37    0.438497     0.0426943    0.0474792   -0.528395
38   -0.411203    -0.215824     0.493748     0.101099
39    0.148317     0.411444    -0.0182395    0.883109
40    0.242442    -0.0529133    0.418092    -0.516266
41   -0.303172    -0.0234571   -0.0963386    0.656677
42    0.177686     0.810578     1.08059      1.01122
43    0.982754     0.0703044    0.42994      0.113975
44    1.00239      1.08116      0.188784     0.961679
45    0.994477     0.403245     0.862885     0.143526
46    0.49366      0.698391    -0.216504     0.111086
47    0.535623     1.05095      0.962359     0.193999
48    0.466574     1.06947      0.117735     0.74263
49    0.89005      0.305376     0.415082    -0.0933717
50    0.873091     0.959171     0.0336573    0.452231

 [*,*,2]
:        1             2             3             4         :=
1    -0.691891    -0.301024     -0.103819     -1.00026
2     0.407342    -0.0543513    -0.247035     -0.591547
3    -0.210623    -0.00700104    0.220195     -0.758196
4     0.488935    -0.472242     -0.16337      -0.0680008
5    -0.390323    -0.878568     -0.0513417    -0.901828
6    -1.07779     -0.175884     -1.0111       -0.824537
7    -1.02514     -0.762261     -1.07981      -0.193943
8    -1.09393     -0.180159     -0.462505     -0.252264
9    -0.393625     0.531216     -0.0864775     0.194943
10   -0.189663    -0.208825     -0.605884     -1.01486
11   -0.918345    -0.198639     -1.04038      -1.09586
12    0.286599    -0.290444     -0.677284     -0.0974999
13    0.137833    -0.393656      0.631012      0.118744
14    0.0875798    0.169859     -0.353496      0.608892
15    0.34152     -0.65635      -0.0847075    -0.00648578
16    0.235885     0.628798      1.01467       0.0875799
17   -0.179755    -1.09569      -0.961228     -1.00026
18   -1.0252      -0.551715     -0.124195     -0.961228
19    0.971206     0.193803      0.125072      0.72193
20   -0.908375    -0.00528566   -0.45853      -0.0554945
21   -0.701817    -1.08701      -0.097735     -0.726678
22    0.119122     0.63547       0.131196      0.940183
23   -0.26236      0.212378      0.0796234     0.715061
24   -0.1529      -0.149667     -0.598173     -0.961228
25    0.595307     1.0896        1.0108        0.226778
26    0.940183     0.63547       1.09529       0.168075
27   -1.08212     -0.6995       -1.04948      -0.213643
28    0.0855705    0.507405     -0.462481      0.344699
29   -0.845172    -0.384385      0.0887918     0.00263954
30    0.388133    -0.584729     -0.145364     -0.0518404
31    0.146334     0.960315      0.704028      1.06712
32    0.237333     0.870252     -0.0714111     0.134543
33   -0.0498728   -0.430958      0.541828      0.0383544
34    0.650402     0.0934478    -0.149663     -0.319484
35    0.061623     0.599215      0.0881118     0.894618
36   -1.0496      -0.699971     -0.116006     -0.405818
37    1.0043       0.198311      1.09483       0.960054
38    0.705857     1.0744        0.978324      0.179653
39    0.170115     1.01569       1.03547       0.648864
40    0.197392     1.09458       1.01297       0.753032
41   -0.134411    -0.918589     -0.00247884   -0.191776
42   -0.136865    -0.737475      0.182276     -0.422293
43    0.194103     0.186155      0.991788      0.156701
44   -0.442846     0.178902      0.0384916     0.525433
45    0.25075      1.01897       0.675526      0.128284
46    0.978369     0.844486      1.07426       0.151607
47    0.956041     0.146607      0.524186      0.0702392
48    0.991572     0.239049      0.182297      0.805857
49    0.63931      0.0791893     1.01421       0.828117
50   -0.60447      0.318771     -0.121029      0.191851

 [*,*,3]
:        1            2            3            4         :=
1     0.205261    -0.159369    -0.633798    -0.633798
2     1.12343      1.35173      1.84403      0.915526
3     0.778809    -0.181594     0.403428     0.200824
4     0.274058     0.112874     1.0618       0.606149
5     0.582244     1.34084      1.0031       0.466118
6     0.41747      0.0721397   -0.346163     0.615943
7     0.10702      0.963947     0.953973     0.539506
8     0.983842     1.43485      0.79221      0.504376
9     0.99367      1.31937      1.48397      0.569978
10    1.80975      1.20384      0.873393     1.66907
11    1.16157      1.42731      0.944019     1.90847
12    1.38456      1.90531      1.45917      2.23437
13    1.77329      2.23437      2.23437      1.42121
14    0.647265     0.1913       1.0123       1.10116
15    0.395642     0.234367    -0.513194    -0.172221
16    0.256739     1.15017      0.370075     0.647265
17   -0.242993     0.216385    -0.633798    -0.633798
18    0.19212      0.210182    -0.291301    -0.633798
19    0.382047     0.24194     -0.0808212   -0.56001
20    0.134198    -0.339754     0.169589     0.632238
21    1.42311      2.23437      2.23437      2.23437
22    1.42177      2.23437      1.76444      1.3133
23   -0.633798     0.217379    -0.214831    -0.633798
24   -0.257631    -0.633798     0.226399    -0.633798
25    1.19018      1.43638      0.461749     0.893874
26    1.3133       2.23437      2.17532      1.75891
27    1.99159      1.78993      1.02739      1.45054
28    0.170546    -0.633798    -0.633798    -0.633798
29    0.758164    -0.0353404    0.871161     0.416534
30    0.893062     0.83972      1.34952      0.379747
31   -0.072324     0.328439    -0.613397    -0.462276
32    1.43226      2.22021      2.23437      2.23437
33    0.316503    -0.128732    -0.103055     0.777947
34   -0.633798     0.164759    -0.633798    -0.633798
35    0.832107     1.17933      1.78915      1.3079
36    1.02693      1.7892       1.33139      0.823314
37    0.443888    -0.0497877   -0.469248     0.329164
38    0.195902     1.13185      0.43428      0.910505
39   -0.0587006    0.34845     -0.581593    -0.484
40    1.7505       2.14777      1.24654      1.34353
41    1.29107      1.88842      2.23437      1.64519
42    1.37641      1.91374      1.73724      0.959587
43    0.458224     0.889424     0.368255    -0.0838315
44    0.933521     1.73285      1.29395      0.829712
45    0.482962     0.360392    -0.439366    -0.074608
46    0.434364     1.37785      1.13255      0.903514
47    1.61059      1.78164      0.833178     1.22504
48    0.351177     0.493401     0.868878     1.28201
49    2.23437      1.65982      1.40741      2.23437
50    1.90025      2.23437      2.23437      1.41163
;

radius = 1.09586
height = 2.86817
softness = 0.05

---------------------------- Solution coords data ----------------------------
distances [*,1,*]
:    1   2   3   4    :=
1    0   1   0   1
2    0   1   0   1
3    0   1   0   1
4    0   1   0   1
5    0   1   0   1
6    0   1   0   1
7    0   1   0   1
8    0   1   0   1
9    0   1   0   1
10   0   1   0   1
11   0   1   0   1
12   0   1   0   1
13   0   1   0   1
14   0   1   0   1
15   0   1   0   1
16   0   1   0   1
17   0   1   0   1
18   0   1   0   1
19   0   1   0   1
20   0   1   0   1
21   0   1   0   1
22   0   1   0   1
23   0   1   0   1
24   0   1   0   1
25   0   1   0   1
26   0   1   0   1
27   0   1   0   1
28   0   1   0   1
29   0   1   0   1
30   0   1   0   1
31   0   1   0   1
32   0   1   0   1
33   0   1   0   1
34   0   1   0   1
35   0   1   0   1
36   0   1   0   1
37   0   1   0   1
38   0   1   0   1
39   0   1   0   1
40   0   1   0   1
41   0   1   0   1
42   0   1   0   1
43   0   1   0   1
44   0   1   0   1
45   0   1   0   1
46   0   1   0   1
47   0   1   0   1
48   0   1   0   1
49   0   1   0   1
50   0   1   0   1

 [*,2,*]
:    1   2   3   4    :=
1    0   0   1   1
2    0   0   1   1
3    0   0   1   1
4    0   0   1   1
5    0   0   1   1
6    0   0   1   1
7    0   0   1   1
8    0   0   1   1
9    0   0   1   1
10   0   0   1   1
11   0   0   1   1
12   0   0   1   1
13   0   0   1   1
14   0   0   1   1
15   0   0   1   1
16   0   0   1   1
17   0   0   1   1
18   0   0   1   1
19   0   0   1   1
20   0   0   1   1
21   0   0   1   1
22   0   0   1   1
23   0   0   1   1
24   0   0   1   1
25   0   0   1   1
26   0   0   1   1
27   0   0   1   1
28   0   0   1   1
29   0   0   1   1
30   0   0   1   1
31   0   0   1   1
32   0   0   1   1
33   0   0   1   1
34   0   0   1   1
35   0   0   1   1
36   0   0   1   1
37   0   0   1   1
38   0   0   1   1
39   0   0   1   1
40   0   0   1   1
41   0   0   1   1
42   0   0   1   1
43   0   0   1   1
44   0   0   1   1
45   0   0   1   1
46   0   0   1   1
47   0   0   1   1
48   0   0   1   1
49   0   0   1   1
50   0   0   1   1

 [*,3,*]
:    1   2   3   4    :=
1    1   0   0   1
2    1   0   0   1
3    1   0   0   1
4    1   0   0   1
5    1   0   0   1
6    1   0   0   1
7    1   0   0   1
8    1   0   0   1
9    1   0   0   1
10   1   0   0   1
11   1   0   0   1
12   1   0   0   1
13   1   0   0   1
14   1   0   0   1
15   1   0   0   1
16   1   0   0   1
17   1   0   0   1
18   1   0   0   1
19   1   0   0   1
20   1   0   0   1
21   1   0   0   1
22   1   0   0   1
23   1   0   0   1
24   1   0   0   1
25   1   0   0   1
26   1   0   0   1
27   1   0   0   1
28   1   0   0   1
29   1   0   0   1
30   1   0   0   1
31   1   0   0   1
32   1   0   0   1
33   1   0   0   1
34   1   0   0   1
35   1   0   0   1
36   1   0   0   1
37   1   0   0   1
38   1   0   0   1
39   1   0   0   1
40   1   0   0   1
41   1   0   0   1
42   1   0   0   1
43   1   0   0   1
44   1   0   0   1
45   1   0   0   1
46   1   0   0   1
47   1   0   0   1
48   1   0   0   1
49   1   0   0   1
50   1   0   0   1

 [*,4,*]
:    1   2   3   4    :=
1    1   1   1   0
2    1   1   1   0
3    1   1   1   0
4    1   1   1   0
5    1   1   1   0
6    1   1   1   0
7    1   1   1   0
8    1   1   1   0
9    1   1   1   0
10   1   1   1   0
11   1   1   1   0
12   1   1   1   0
13   1   1   1   0
14   1   1   1   0
15   1   1   1   0
16   1   1   1   0
17   1   1   1   0
18   1   1   1   0
19   1   1   1   0
20   1   1   1   0
21   1   1   1   0
22   1   1   1   0
23   1   1   1   0
24   1   1   1   0
25   1   1   1   0
26   1   1   1   0
27   1   1   1   0
28   1   1   1   0
29   1   1   1   0
30   1   1   1   0
31   1   1   1   0
32   1   1   1   0
33   1   1   1   0
34   1   1   1   0
35   1   1   1   0
36   1   1   1   0
37   1   1   1   0
38   1   1   1   0
39   1   1   1   0
40   1   1   1   0
41   1   1   1   0
42   1   1   1   0
43   1   1   1   0
44   1   1   1   0
45   1   1   1   0
46   1   1   1   0
47   1   1   1   0
48   1   1   1   0
49   1   1   1   0
50   1   1   1   0
;

---------------------------- Solution stats data ----------------------------
_ampl_time = 0.068621
_total_solve_time = 11592.7
_ampl_elapsed_time = 0.065
_ampl_user_time = 0.053714

Total time elapsed: $11592.75.
_total_solve_time = 11592.7

---------------------------- Solution miscs data ----------------------------
tetrahedron_volume [*] :=
 1 0.117851   11 0.117851   21 0.117851   31 0.117851   41 0.117851
 2 0.117851   12 0.117851   22 0.117851   32 0.117851   42 0.117851
 3 0.117851   13 0.117851   23 0.117851   33 0.117851   43 0.117851
 4 0.117851   14 0.117851   24 0.117851   34 0.117851   44 0.117851
 5 0.117851   15 0.117851   25 0.117851   35 0.117851   45 0.117851
 6 0.117851   16 0.117851   26 0.117851   36 0.117851   46 0.117851
 7 0.117851   17 0.117851   27 0.117851   37 0.117851   47 0.117851
 8 0.117851   18 0.117851   28 0.117851   38 0.117851   48 0.117851
 9 0.117851   19 0.117851   29 0.117851   39 0.117851   49 0.117851
10 0.117851   20 0.117851   30 0.117851   40 0.117851   50 0.117851
;

---------------------------- Solution miscs data ----------------------------
tetrahedron_surface_area [*] :=
 1 0    6 0   11 0   16 0   21 0   26 0   31 0   36 0   41 0   46 0
 2 0    7 0   12 0   17 0   22 0   27 0   32 0   37 0   42 0   47 0
 3 0    8 0   13 0   18 0   23 0   28 0   33 0   38 0   43 0   48 0
 4 0    9 0   14 0   19 0   24 0   29 0   34 0   39 0   44 0   49 0
 5 0   10 0   15 0   20 0   25 0   30 0   35 0   40 0   45 0   50 0
;

