Error at _cmdno 5 executing "solve" command
(file amplin, line 1961, offset 37058):
error processing param distances:
	3680 invalid subscripts discarded:
	distances[71,1,1]
	distances[71,1,2]
	distances[71,1,3]
	and 3677 more.
##### This license is only intended for use by NEOS. #####
##### License is valid until Jan 16, 2026 #####
ariables.
Substitution eliminates 1 variable.
Adjusted problem:
12918 variables:
	8088 nonlinear variables
	4830 linear variables
25903 constraints; 155161 nonzeros
	22925 nonlinear constraints
	2978 linear constraints
	2486 equality constraints
	23417 inequality constraints
1 nonlinear objective; 3 nonzeros.

Artelys Knitro 14.2.0: threads=4
algorithm=1
ms_enable=1
ms_maxsolves=10
feastol=1e-5
opttol=1e-5
honorbnds=1
bar_initpt=3
bar_murule=4
scale=1
outlev=2
maxtime_real=1200
WARNING:  Option 'threads' is deprecated, please use 'numthreads'.
WARNING: 1 constraint is constant or undefined and will be ignored.

=======================================
           Academic License
       (NOT FOR COMMERCIAL USE)
         Artelys Knitro 14.2.0
=======================================

No start point provided -- Knitro computing one.

Knitro presolve eliminated 0 variables and 1 constraint.

algorithm                1
bar_initpt               3
bar_murule               4
concurrent_evals         0
datacheck                0
feastol                  1e-05
findiff_numthreads       1
hessian_no_f             1
hessopt                  1
honorbnds                1
maxtime_real             1200
ms_enable                1
ms_maxsolves             10
numthreads               4
opttol                   1e-05

Problem Characteristics                                 (   Presolved)
-----------------------
Objective goal:  Minimize
Objective type:  general
Number of variables:                              12918 (       12918)
    bounded below only:                               1 (           1)
    bounded above only:                               0 (           0)
    bounded below and above:                          0 (           0)
    fixed:                                            0 (           0)
    free:                                         12917 (       12917)
Number of constraints:                            25903 (       25902)
    linear equalities:                                1 (           0)
    quadratic equalities:                          2415 (        2415)
    gen. nonlinear equalities:                       70 (          70)
    linear one-sided inequalities:                 2977 (        2977)
    quadratic one-sided inequalities:             20440 (       20440)
    gen. nonlinear one-sided inequalities:            0 (           0)
    linear two-sided inequalities:                    0 (           0)
    quadratic two-sided inequalities:                 0 (           0)
    gen. nonlinear two-sided inequalities:            0 (           0)
Number of nonzeros in Jacobian:                  155161 (      155161)
Number of nonzeros in Hessian:                    70668 (       70668)

Knitro parallel multistart will run with 4 threads.

Return codes description
------------------------
  0:  The final solution satisfies the termination conditions for verifying optimality.
  -100 to -199:  A feasible approximate solution was found.
  -200 to -299:  Knitro terminated at an infeasible point.
  -300 to -301:  The problem was determined to be unbounded.
  -400 to -499:  Knitro terminated because it reached a pre-defined limit.
    -400 to -409:  A feasible point was found.
    -410 to -419:  No feasible point was found.
  -500 to -599:  Knitro terminated with an input error or some non-standard error.
A more detailed description of individual return codes and their corresponding
termination messages is provided at
https://www.artelys.com/app/docs/knitro/3_referenceManual/returnCodes.html

 Solve #  ThreadID  Status     Objective      FeasError    OptError    Real Time 
--------  --------  ------  --------------   ----------   ----------  ----------
      0          0       0         3.35095  4.57301e-05  2.14230e-06      400.815
      3          1    -410     1.41363e+10      244985.      10417.2      2389.90
      2          3    -410     2.90919e+11      6.51840      13869.1      2433.19
      1          2    -410     1.59087e+10  7.88539e+06      5108.24      2512.34
      5          1    -410     1.31451e+12  1.27282e+06      104026.      2540.62
      6          3    -410     9.02577e+11      999769.      111834.      2664.76
      4          0    -410     7.25982e+13  1.14398e+06  3.82264e+06      2442.01
      9          1    -410     1.81978e+08      91524.2      291.249      2374.43
      7          2    -410     1.29837e+13      171.003      437458.      2573.82
      8          0    -410     5.08393e+13      736696.  3.24908e+06      2524.39

MULTISTART: Best locally optimal solution is returned.
EXIT: Locally optimal solution found.

Final Statistics
----------------
Final objective value               =   3.35095363576467e+00
Final feasibility error (abs / rel) =   4.57e-05 / 8.29e-06
Final optimality error  (abs / rel) =   2.14e-06 / 3.52e-07
# of iterations                     =      91972 
# of CG iterations                  =          0 
# of function evaluations           =      92563
# of gradient evaluations           =      92010
# of Hessian evaluations            =      91998
Total program time (secs)           =    7305.32715 ( 22754.441 CPU time)

===============================================================================

Knitro 14.2.0: Locally optimal or satisfactory solution.
objective 3.350953636; feasibility error 4.57e-05
91972 iterations; 92563 function evaluations

suffix feaserror OUT;
suffix opterror OUT;
suffix numfcevals OUT;
suffix numiters OUT;
---------------------------- Solver Status Report ----------------------------
solve_result_num = 0
solve_result = solved
solve_message = 'Knitro 14.2.0: Locally optimal or satisfactory solution.\
objective 3.350953636; feasibility error 4.57e-05\
91972 iterations; 92563 function evaluations'


---------------------------- Problem Dimensions ----------------------------
Variables: 25414
Constraints: 25974
---------------------------- Container and geometric considerations  ----------------------------
Container type: cylinder
Structural conservation type: volume & surface
---------------------------- Solution execution data ----------------------------
solve_result_num = 0
solve_result = solved

---------------------------- Solution data ----------------------------
card(figures) = 70

coords [*,*,1]
:         1            2            3             4         :=
1    -0.0172784    -0.270915    -1.07281     -0.753409
2     1.01458       0.607558     0.45384     -0.0564437
3     1.09138       0.0902342    0.992755     1.0856
4     0.207594      1.06948     -0.196597    -0.0648014
5    -0.129273      0.913935     0.0215863    0.590001
6     0.637131      1.03159     -0.086352     0.622366
7    -1.07526      -0.873849    -0.940405    -0.164068
8    -0.804598     -0.159792    -0.287123    -1.0476
9     0.468571     -0.0778734    1.01457      0.992754
10   -0.0728923     0.304008     0.680742     0.231369
11   -0.819746      0.324391    -1.00175     -0.489637
12    0.363522      0.815837     0.178585     0.128442
13   -1.02785      -1.07615     -1.10053     -0.172682
14   -0.270912     -0.177492     0.59        -0.129212
15    0.100903     -0.708875    -0.209224    -0.471157
16    0.442538      1.01458      0.613702     1.09542
17    0.0493944     0.0102825    0.56068     -0.130581
18   -1.00175      -0.489633     0.325226    -0.535459
19   -0.159977      0.481125     0.805606     0.00110021
20    0.0493919    -1.03395     -0.0561345   -0.206354
21   -0.107618     -0.142609     0.498162    -0.458198
22    0.363523      0.579552     0.953614     1.08895
23   -1.07281      -0.172861    -0.0172792   -0.477776
24    0.363521      0.150086    -0.643934     0.228298
25    1.01458       0.882777     0.427579     1.10209
26    0.100901      0.174575     0.155838    -0.471157
27   -0.491619     -0.819746    -0.352641     0.332937
28   -0.966543     -0.903675    -0.123737    -0.486038
29   -0.713974     -0.0277999   -0.873847    -0.430595
30    0.0493939    -0.489183     0.0109162   -0.162839
31   -0.0659765     1.07824      1.03159      0.242568
32   -0.905867      0.0493935   -0.489184    -0.538386
33   -0.0880412    -0.668009     0.0433587    0.226238
34   -0.0844098    -0.353227     0.703988     0.00134821
35   -0.804578     -0.159775    -0.123772    -0.28338
36   -0.123738     -0.903676    -0.966543    -1.10066
37   -1.0579       -1.07654     -0.764964    -0.287843
38   -0.270912     -0.230195    -0.804596    -0.0911343
39   -0.086352      0.609235     1.03159      0.550037
40    1.01457       1.0865       0.992753    -0.070353
41   -0.186333     -0.37739     -1.02832     -0.965023
42   -0.0872317     0.521384     0.307137    -0.468098
43   -1.02832      -0.965024    -0.191175    -1.08902
44   -0.162841      0.0493927   -0.538385    -0.489185
45   -0.419454      0.367232     0.493726    -0.457212
46   -0.156396      0.825851     0.933599    -0.0222152
47   -0.00876843   -0.873848    -0.430595     0.0680501
48    0.570659      0.579552     0.0465009    0.363522
49   -0.00876818   -0.873849    -1.09534     -1.07281
50    0.776121     -0.27091     -0.129212    -0.0241994
51   -0.143779      0.481089     1.07065      0.560681
52   -0.120733     -0.15984     -0.804639    -1.04027
53   -1.07291      -0.210724    -0.0561302   -0.819747
54    0.502112      1.03159      0.678611     1.07147
55    0.59          0.0504823   -0.177492    -0.270911
56    0.00133939    0.703981     0.750079     0.138484
57    0.348959      0.0215883   -0.0994311    0.80981
58    0.703988     -0.352641    -0.0929935    0.382597
59    0.527504     -0.255368    -0.120826    -0.156424
60    0.415563      0.226186    -0.0831861    0.881755
61   -0.0564445     0.566095     1.01458      0.518972
62   -0.179017     -0.30765     -0.966767    -1.06801
63   -0.964397     -0.501229    -0.186085    -0.982202
64   -0.147819     -0.0148006    0.463587     0.506151
65    1.0856        0.864823     0.090239     1.09138
66    0.953614      0.579552     0.57066      0.363522
67    0.138484      0.750079     1.07751      0.703989
68    0.174575     -0.209223    -0.471156     0.100901
69   -0.0863089    -1.10123     -0.913625    -1.0805
70   -0.819747     -0.0872329   -0.316829     0.557609

 [*,*,2]
:        1            2            3            4         :=
1     0.0109651    1.06878      0.254466     0.805017
2     0.431639     0.920082    -0.161949     0.342853
3    -0.156719     0.275693     0.479705    -0.192744
4     1.08286      0.268123     0.0285328    0.0964961
5     0.581178     0.616766    -0.320625     0.931439
6    -0.899857     0.389219     0.0909548   -0.449589
7     0.243911    -0.67236     -0.52915     -0.11819
8     0.753857     0.169286    -0.0650691    0.343806
9     0.998058     0.310163     0.431653     0.479706
10   -0.514442     0.226641    -0.626926    -1.07803
11   -0.737357    -0.319048    -0.460618    -0.987894
12   -1.04093     -0.741679    -1.08802     -0.104034
13    0.398991    -0.239952    -0.0671423   -0.251834
14    1.06878     -0.0151948    0.931439     0.581982
15   -0.0116224   -0.844497    -1.08254     -0.99684
16   -0.173912     0.431631     0.915996     0.125393
17    1.10147      1.10253      0.949377     0.155718
18   -0.460629    -0.987896    -0.318256    -0.20683
19    0.137622     0.992068     0.55898      0.277394
20    1.10147      0.249195     0.127381     0.0944856
21    0.292813     0.185867     0.150048    -0.842371
22   -1.04093      0.320443    -0.553443    -0.17281
23    0.254464    -0.105645     0.0109648    0.856834
24   -1.04093     -1.09232     -0.895001    -0.428295
25    0.43163     -0.660593    -0.155805     0.0327718
26   -0.0116267   -1.08867     -0.386595    -0.99684
27   -0.986909    -0.737357    -1.04466     -0.315924
28    0.530542     0.631704    -0.0237464    0.98967
29   -0.84019     -0.565325    -0.672361    -0.11897
30    1.10147      0.988119     1.10252      0.021565
31    0.0963917    0.230383     0.389221     1.07556
32    0.628556     1.10147      0.988118     0.265895
33    0.324121    -0.821778    -0.536821     0.151027
34   -0.588761    -1.04447     -0.848575    -1.10258
35    0.753879     0.169314     1.09561     -0.0581661
36   -0.0237465    0.631704     0.530541    -0.0650107
37    0.310684     0.238191     0.794046    -0.0647183
38    1.06878      0.250785     0.75386      1.05296
39    0.0909552   -0.476505     0.38922     -0.0399631
40    0.431654    -0.1876       0.479706     0.31061
41    0.0397666   -0.0610974    0.3978      -0.5333
42    0.0921579    0.122446    -0.448022    -0.142877
43    0.3978      -0.5333       0.0418251    0.172409
44    0.0215557    1.10147      0.265895     0.988118
45   -0.139687    -0.290124     0.151065    -0.846654
46    0.139185     0.567814     0.0512071    0.265735
47   -0.0245313   -0.67236     -0.118974    -0.67154
48   -0.377513     0.320442    -0.284897    -1.04093
49   -0.0245301   -0.672359     0.12609      0.254464
50    0.783144     1.06878      0.581983     1.10231
51    0.140564     0.992085     0.263425     0.949376
52    1.09595      0.169242     0.753813     0.365399
53    0.254049     0.0955924    0.12738     -0.737355
54   -0.0826773    0.389219    -0.869002    -0.260073
55    0.931439    -0.271636    -0.0151955    1.06878
56   -1.10258     -0.848581    -0.808121    -0.364537
57   -0.364246    -0.320631     0.402788     0.507386
58   -0.848575    -1.04466     -0.60331     -0.275325
59    0.968204     0.131009     1.09594      0.166084
60   -0.159319     0.0736193   -0.534677    -0.661957
61    0.342853     0.946158     0.431639     0.972804
62   -0.143088    -0.02316     -0.530132     0.27392
63   -0.534432    -0.982063     0.0406919   -0.500957
64    0.135996     1.10248      1.00038      0.971494
65   -0.192745    -0.68393      0.27569     -0.156719
66   -0.553442     0.320442    -0.377512    -1.04093
67   -0.364537    -0.808121    -0.233788    -0.848574
68   -1.08867     -1.08255     -0.99684     -0.0116263
69   -0.275399    -0.0544301   -0.617226    -0.219552
70   -0.737356     0.0921581   -0.0495282   -0.7911

 [*,*,3]
:        1            2             3            4         :=
1     1.4022       1.4022       1.4022        0.731823
2     0.349314    -0.472008     0.136749      0.556814
3     1.40219      0.55915      1.4022        0.202533
4    -1.35425     -0.651859    -0.766861     -1.35351
5     0.357828     1.25808      1.38933       1.4022
6    -1.35425     -1.35425     -1.35425      -0.819965
7     0.561434     1.4022       0.322091      1.38436
8     0.654002    -0.414877     0.793544     -0.280925
9     0.657833     0.550721     0.349321      1.4022
10   -0.272958     0.812007    -0.0334529     0.373226
11   -1.35425     -0.96274     -0.82897      -0.0763387
12    1.4022       0.13497      0.402305      0.798404
13   -0.550367     0.114806    -1.25251      -0.749595
14    1.4022       0.76507      1.4022        0.357274
15    0.259176     0.096471    -0.315449      1.03512
16    0.132464     0.349323    -0.461996     -0.69601
17   -1.35425      0.0235956   -1.19434      -0.834066
18   -0.828954    -0.0763357   -0.963796     -0.242708
19   -0.830042    -0.448986    -0.570497      0.512776
20   -1.35425     -1.35425     -1.35425      -0.621749
21    0.638273    -0.384289    -0.038782     -0.0606168
22    1.4022       1.4022       0.518354      1.4022
23    1.4022       0.699798     1.4022        0.416068
24    1.4022       0.25021      1.35953       1.10422
25    0.349321     0.159524     0.220002     -0.967209
26    0.259181     0.229711     1.23885       1.03512
27   -0.0823826   -1.35425     -1.35425      -0.959815
28   -0.31151     -1.34616     -0.495888     -0.0822651
29    0.0740069    1.17918      1.4022        0.242006
30   -1.35425     -0.0904871    0.00133399   -0.524341
31   -1.35425     -0.639157    -1.35425      -1.33724
32   -1.35425     -1.35425     -0.0904895    -1.01502
33    0.648566     0.148039     1.29379       0.208616
34   -0.0763608   -1.34918     -1.17678      -0.0184292
35    0.653855    -0.415029     0.0208756     0.75798
36   -0.49589     -1.34617     -0.311512     -1.2712
37   -0.118218     1.25815      0.750519      0.792694
38    1.4022       1.14794      0.653878      0.0356581
39   -1.35425     -0.80282     -1.35425      -0.294117
40    0.349328     0.212538     1.4022        0.541259
41    0.206855    -0.735723    -0.548766      0.290969
42   -1.35425     -0.117857    -1.35425      -0.361799
43   -0.548765     0.290969     0.20251       0.548453
44   -0.524334    -1.35424     -1.01502      -0.0904839
45   -0.372539    -1.01233     -0.0415376    -0.0580896
46   -0.829078    -0.565055    -0.490663      0.478751
47    1.4022       1.4022       0.242014      1.4022
48    0.213597     1.4022       1.4022        1.4022
49    1.4022       1.4022       0.642415      1.4022
50    1.13521      1.4022       0.357274      0.0592847
51   -0.827187    -0.448985    -0.648613     -1.19434
52   -0.0127021   -0.414985     0.653898     -0.387533
53   -1.35425     -0.629735    -1.35425      -1.35425
54   -0.18861     -1.35425     -1.30689      -0.556365
55    1.4022       1.4022       0.76507       1.4022
56   -0.0184154   -1.17677      0.200269     -0.496366
57    0.671564     1.38933      0.561873      1.27339
58   -1.17678     -1.35425     -0.116997     -1.01142
59    0.432847     0.616573    -0.011684     -0.455323
60   -0.728533     0.587979    -0.302584      0.0243417
61    0.556815    -0.51485      0.349314      0.638313
62    1.35538      0.222406     0.292531      0.584487
63    0.329492    -0.09255      0.188807     -0.797503
64   -0.462129     0.0732866   -0.959649      0.417795
65    0.20253      0.15943      0.559148      1.40219
66    0.518354     1.4022       0.213593      1.4022
67   -0.496366     0.20026     -0.521586     -1.17678
68    0.22971     -0.315452     1.03512       0.25918
69   -0.651415    -1.35425     -1.35425      -0.0450481
70   -1.35425     -1.35425     -0.755972     -1.35425
;

radius = 1.10258
height = 2.75645
softness = 0.9

---------------------------- Solution coords data ----------------------------
distances [*,1,*]
:    1   2   3   4    :=
1    0   1   0   1
2    0   1   0   1
3    0   1   0   1
4    0   1   0   1
5    0   1   0   1
6    0   1   0   1
7    0   1   0   1
8    0   1   0   1
9    0   1   0   1
10   0   1   0   1
11   0   1   0   1
12   0   1   0   1
13   0   1   0   1
14   0   1   0   1
15   0   1   0   1
16   0   1   0   1
17   0   1   0   1
18   0   1   0   1
19   0   1   0   1
20   0   1   0   1
21   0   1   0   1
22   0   1   0   1
23   0   1   0   1
24   0   1   0   1
25   0   1   0   1
26   0   1   0   1
27   0   1   0   1
28   0   1   0   1
29   0   1   0   1
30   0   1   0   1
31   0   1   0   1
32   0   1   0   1
33   0   1   0   1
34   0   1   0   1
35   0   1   0   1
36   0   1   0   1
37   0   1   0   1
38   0   1   0   1
39   0   1   0   1
40   0   1   0   1
41   0   1   0   1
42   0   1   0   1
43   0   1   0   1
44   0   1   0   1
45   0   1   0   1
46   0   1   0   1
47   0   1   0   1
48   0   1   0   1
49   0   1   0   1
50   0   1   0   1
51   0   1   0   1
52   0   1   0   1
53   0   1   0   1
54   0   1   0   1
55   0   1   0   1
56   0   1   0   1
57   0   1   0   1
58   0   1   0   1
59   0   1   0   1
60   0   1   0   1
61   0   1   0   1
62   0   1   0   1
63   0   1   0   1
64   0   1   0   1
65   0   1   0   1
66   0   1   0   1
67   0   1   0   1
68   0   1   0   1
69   0   1   0   1
70   0   1   0   1

 [*,2,*]
:    1   2   3   4    :=
1    0   0   1   1
2    0   0   1   1
3    0   0   1   1
4    0   0   1   1
5    0   0   1   1
6    0   0   1   1
7    0   0   1   1
8    0   0   1   1
9    0   0   1   1
10   0   0   1   1
11   0   0   1   1
12   0   0   1   1
13   0   0   1   1
14   0   0   1   1
15   0   0   1   1
16   0   0   1   1
17   0   0   1   1
18   0   0   1   1
19   0   0   1   1
20   0   0   1   1
21   0   0   1   1
22   0   0   1   1
23   0   0   1   1
24   0   0   1   1
25   0   0   1   1
26   0   0   1   1
27   0   0   1   1
28   0   0   1   1
29   0   0   1   1
30   0   0   1   1
31   0   0   1   1
32   0   0   1   1
33   0   0   1   1
34   0   0   1   1
35   0   0   1   1
36   0   0   1   1
37   0   0   1   1
38   0   0   1   1
39   0   0   1   1
40   0   0   1   1
41   0   0   1   1
42   0   0   1   1
43   0   0   1   1
44   0   0   1   1
45   0   0   1   1
46   0   0   1   1
47   0   0   1   1
48   0   0   1   1
49   0   0   1   1
50   0   0   1   1
51   0   0   1   1
52   0   0   1   1
53   0   0   1   1
54   0   0   1   1
55   0   0   1   1
56   0   0   1   1
57   0   0   1   1
58   0   0   1   1
59   0   0   1   1
60   0   0   1   1
61   0   0   1   1
62   0   0   1   1
63   0   0   1   1
64   0   0   1   1
65   0   0   1   1
66   0   0   1   1
67   0   0   1   1
68   0   0   1   1
69   0   0   1   1
70   0   0   1   1

 [*,3,*]
:    1   2   3   4    :=
1    1   0   0   1
2    1   0   0   1
3    1   0   0   1
4    1   0   0   1
5    1   0   0   1
6    1   0   0   1
7    1   0   0   1
8    1   0   0   1
9    1   0   0   1
10   1   0   0   1
11   1   0   0   1
12   1   0   0   1
13   1   0   0   1
14   1   0   0   1
15   1   0   0   1
16   1   0   0   1
17   1   0   0   1
18   1   0   0   1
19   1   0   0   1
20   1   0   0   1
21   1   0   0   1
22   1   0   0   1
23   1   0   0   1
24   1   0   0   1
25   1   0   0   1
26   1   0   0   1
27   1   0   0   1
28   1   0   0   1
29   1   0   0   1
30   1   0   0   1
31   1   0   0   1
32   1   0   0   1
33   1   0   0   1
34   1   0   0   1
35   1   0   0   1
36   1   0   0   1
37   1   0   0   1
38   1   0   0   1
39   1   0   0   1
40   1   0   0   1
41   1   0   0   1
42   1   0   0   1
43   1   0   0   1
44   1   0   0   1
45   1   0   0   1
46   1   0   0   1
47   1   0   0   1
48   1   0   0   1
49   1   0   0   1
50   1   0   0   1
51   1   0   0   1
52   1   0   0   1
53   1   0   0   1
54   1   0   0   1
55   1   0   0   1
56   1   0   0   1
57   1   0   0   1
58   1   0   0   1
59   1   0   0   1
60   1   0   0   1
61   1   0   0   1
62   1   0   0   1
63   1   0   0   1
64   1   0   0   1
65   1   0   0   1
66   1   0   0   1
67   1   0   0   1
68   1   0   0   1
69   1   0   0   1
70   1   0   0   1

 [*,4,*]
:    1   2   3   4    :=
1    1   1   1   0
2    1   1   1   0
3    1   1   1   0
4    1   1   1   0
5    1   1   1   0
6    1   1   1   0
7    1   1   1   0
8    1   1   1   0
9    1   1   1   0
10   1   1   1   0
11   1   1   1   0
12   1   1   1   0
13   1   1   1   0
14   1   1   1   0
15   1   1   1   0
16   1   1   1   0
17   1   1   1   0
18   1   1   1   0
19   1   1   1   0
20   1   1   1   0
21   1   1   1   0
22   1   1   1   0
23   1   1   1   0
24   1   1   1   0
25   1   1   1   0
26   1   1   1   0
27   1   1   1   0
28   1   1   1   0
29   1   1   1   0
30   1   1   1   0
31   1   1   1   0
32   1   1   1   0
33   1   1   1   0
34   1   1   1   0
35   1   1   1   0
36   1   1   1   0
37   1   1   1   0
38   1   1   1   0
39   1   1   1   0
40   1   1   1   0
41   1   1   1   0
42   1   1   1   0
43   1   1   1   0
44   1   1   1   0
45   1   1   1   0
46   1   1   1   0
47   1   1   1   0
48   1   1   1   0
49   1   1   1   0
50   1   1   1   0
51   1   1   1   0
52   1   1   1   0
53   1   1   1   0
54   1   1   1   0
55   1   1   1   0
56   1   1   1   0
57   1   1   1   0
58   1   1   1   0
59   1   1   1   0
60   1   1   1   0
61   1   1   1   0
62   1   1   1   0
63   1   1   1   0
64   1   1   1   0
65   1   1   1   0
66   1   1   1   0
67   1   1   1   0
68   1   1   1   0
69   1   1   1   0
70   1   1   1   0
;

---------------------------- Solution stats data ----------------------------
_ampl_time = 0.104702
_total_solve_time = 22754.7
_ampl_elapsed_time = 0.101871
_ampl_user_time = 0.078525

Total time elapsed: $22754.74.
_total_solve_time = 22754.7

---------------------------- Solution miscs data ----------------------------
tetrahedron_volume [*] :=
 1 0.117851   15 0.117851   29 0.117851   43 0.117851   57 0.117851
 2 0.117851   16 0.117851   30 0.117851   44 0.117851   58 0.117851
 3 0.117851   17 0.117851   31 0.117851   45 0.117851   59 0.117851
 4 0.117851   18 0.117851   32 0.117851   46 0.117851   60 0.117851
 5 0.117851   19 0.117851   33 0.117851   47 0.117851   61 0.117851
 6 0.117851   20 0.117851   34 0.117851   48 0.117851   62 0.117851
 7 0.117851   21 0.117851   35 0.117851   49 0.117851   63 0.117851
 8 0.117851   22 0.117851   36 0.117851   50 0.117851   64 0.117851
 9 0.117851   23 0.117851   37 0.117851   51 0.117851   65 0.117851
10 0.117851   24 0.117851   38 0.117851   52 0.117851   66 0.117851
11 0.117851   25 0.117851   39 0.117851   53 0.117851   67 0.117851
12 0.117851   26 0.117851   40 0.117851   54 0.117851   68 0.117851
13 0.117851   27 0.117851   41 0.117851   55 0.117851   69 0.117851
14 0.117851   28 0.117851   42 0.117851   56 0.117851   70 0.117851
;

---------------------------- Solution miscs data ----------------------------
tetrahedron_surface_area [*] :=
 1 0    8 0   15 0   22 0   29 0   36 0   43 0   50 0   57 0   64 0
 2 0    9 0   16 0   23 0   30 0   37 0   44 0   51 0   58 0   65 0
 3 0   10 0   17 0   24 0   31 0   38 0   45 0   52 0   59 0   66 0
 4 0   11 0   18 0   25 0   32 0   39 0   46 0   53 0   60 0   67 0
 5 0   12 0   19 0   26 0   33 0   40 0   47 0   54 0   61 0   68 0
 6 0   13 0   20 0   27 0   34 0   41 0   48 0   55 0   62 0   69 0
 7 0   14 0   21 0   28 0   35 0   42 0   49 0   56 0   63 0   70 0
;

