Error at _cmdno 5 executing "solve" command
(file amplin, line 1967, offset 38012):
error processing param distances:
	3200 invalid subscripts discarded:
	distances[101,1,1]
	distances[101,1,2]
	distances[101,1,3]
	and 3197 more.
##### This license is only intended for use by NEOS. #####
##### License is valid until Jan 16, 2026 #####
iables.
Substitution eliminates 1 variable.
Adjusted problem:
25953 variables:
	16053 nonlinear variables
	9900 linear variables
52003 constraints; 313156 nonzeros
	46250 nonlinear constraints
	5753 linear constraints
	5051 equality constraints
	46952 inequality constraints
1 nonlinear objective; 3 nonzeros.

Artelys Knitro 14.2.0: threads=4
algorithm=1
ms_enable=1
ms_maxsolves=10
feastol=1e-5
opttol=1e-5
honorbnds=1
bar_initpt=3
bar_murule=4
scale=1
outlev=2
maxtime_real=1200
WARNING:  Option 'threads' is deprecated, please use 'numthreads'.
WARNING: 1 constraint is constant or undefined and will be ignored.

=======================================
           Academic License
       (NOT FOR COMMERCIAL USE)
         Artelys Knitro 14.2.0
=======================================

No start point provided -- Knitro computing one.

Knitro presolve eliminated 0 variables and 1 constraint.

algorithm                1
bar_initpt               3
bar_murule               4
concurrent_evals         0
datacheck                0
feastol                  1e-05
findiff_numthreads       1
hessian_no_f             1
hessopt                  1
honorbnds                1
maxtime_real             1200
ms_enable                1
ms_maxsolves             10
numthreads               4
opttol                   1e-05

Problem Characteristics                                 (   Presolved)
-----------------------
Objective goal:  Minimize
Objective type:  general
Number of variables:                              25953 (       25953)
    bounded below only:                               1 (           1)
    bounded above only:                               0 (           0)
    bounded below and above:                          0 (           0)
    fixed:                                            0 (           0)
    free:                                         25952 (       25952)
Number of constraints:                            52003 (       52002)
    linear equalities:                                1 (           0)
    quadratic equalities:                          4950 (        4950)
    gen. nonlinear equalities:                      100 (         100)
    linear one-sided inequalities:                 5752 (        5752)
    quadratic one-sided inequalities:             41200 (       41200)
    gen. nonlinear one-sided inequalities:            0 (           0)
    linear two-sided inequalities:                    0 (           0)
    quadratic two-sided inequalities:                 0 (           0)
    gen. nonlinear two-sided inequalities:            0 (           0)
Number of nonzeros in Jacobian:                  313156 (      313156)
Number of nonzeros in Hessian:                   141453 (      141453)

Knitro parallel multistart will run with 4 threads.

Return codes description
------------------------
  0:  The final solution satisfies the termination conditions for verifying optimality.
  -100 to -199:  A feasible approximate solution was found.
  -200 to -299:  Knitro terminated at an infeasible point.
  -300 to -301:  The problem was determined to be unbounded.
  -400 to -499:  Knitro terminated because it reached a pre-defined limit.
    -400 to -409:  A feasible point was found.
    -410 to -419:  No feasible point was found.
  -500 to -599:  Knitro terminated with an input error or some non-standard error.
A more detailed description of individual return codes and their corresponding
termination messages is provided at
https://www.artelys.com/app/docs/knitro/3_referenceManual/returnCodes.html

 Solve #  ThreadID  Status     Objective      FeasError    OptError    Real Time 
--------  --------  ------  --------------   ----------   ----------  ----------
      0          0       0        0.747664  2.53961e-05  1.85898e-05      2321.78
      5          3    -410     7.02222e+08      996412.      456.138      6221.57
      2          2    -410     4.65175e+08      7497.80      1344.60      6183.89
      9          1    -410     8.32541e+08  1.18862e+06      2123.29      5991.21
      6          1    -410     1.26389e+08      24.2689      476.669      5840.82
      7          2    -410     2.82317e+08      38.7727      902.462      6000.00
      8          0    -410     1.58575e+09      145309.      6091.78      6129.53
      1          1    -410     1.99405e+08      33.1975      174.603      5991.00
      3          3    -410     1.07443e+09  5.79950e-02      734.863      5905.62
      4          0    -410     1.96757e+11      3.10468      35129.8      5874.69

MULTISTART: Best locally optimal solution is returned.
EXIT: Locally optimal solution found.

Final Statistics
----------------
Final objective value               =   7.47664234318323e-01
Final feasibility error (abs / rel) =   2.54e-05 / 4.37e-06
Final optimality error  (abs / rel) =   1.86e-05 / 8.31e-06
# of iterations                     =      94583 
# of CG iterations                  =          0 
# of function evaluations           =      96174
# of gradient evaluations           =      94761
# of Hessian evaluations            =      94622
Total program time (secs)           =   17823.63672 ( 56291.824 CPU time)

===============================================================================

Knitro 14.2.0: Locally optimal or satisfactory solution.
objective 0.7476642343; feasibility error 2.54e-05
94583 iterations; 96174 function evaluations

suffix feaserror OUT;
suffix opterror OUT;
suffix numfcevals OUT;
suffix numiters OUT;
---------------------------- Solver Status Report ----------------------------
solve_result_num = 0
solve_result = solved
solve_message = 'Knitro 14.2.0: Locally optimal or satisfactory solution.\
objective 0.7476642343; feasibility error 2.54e-05\
94583 iterations; 96174 function evaluations'


---------------------------- Problem Dimensions ----------------------------
Variables: 51304
Constraints: 52104
---------------------------- Container and geometric considerations  ----------------------------
Container type: cylinder
Structural conservation type: surface
---------------------------- Solution execution data ----------------------------
solve_result_num = 0
solve_result = solved

---------------------------- Solution data ----------------------------
card(figures) = 100

coords [*,*,1]
:          1            2            3             4         :=
1     -0.150667      0.511639     0.668731     0.0985197
2     -0.579465     -0.0128088    0.616201     0.352562
3      0.416505     -0.389453    -0.611279     0.61763
4     -0.223219     -0.645985    -0.658754     0.118123
5     -0.570823      0.352604    -0.303287     0.61621
6     -0.523974     -0.224702    -0.653334     0.133972
7      0.375956      0.0457395    0.650889    -0.14655
8     -0.658699     -0.396234     0.063175    -0.645992
9     -0.41405      -0.54845      0.584908     0.0892439
10    -0.108055      0.616148     0.436617    -0.374575
11    -0.559682      0.134249    -0.0189578    0.491675
12    -0.480771     -0.665203    -0.155875     0.446583
13     0.668464      0.484491     0.13643     -0.00767138
14    -0.138227      0.626399     0.153115     0.668052
15    -0.543873      0.086209     0.585298    -0.416783
16     0.0631671    -0.658698    -0.396233    -0.645995
17    -0.57947       0.616195     0.352557    -0.0128172
18    -0.150665      0.668731     0.511761     0.0983537
19     0.0140118    -0.627366    -0.320792     0.657823
20    -0.523545     -0.653247     0.134075    -0.224911
21    -0.556097      0.503389     0.616468    -0.434484
22     0.668654      0.290785    -0.571905    -0.480841
23    -0.588738      0.133969    -0.351932    -0.585224
24     0.511956      0.668733    -0.150683     0.097685
25    -0.376198     -0.578699     0.616211     0.556197
26    -0.578492      0.582813    -0.388708     0.113109
27     0.0936327    -0.150673     0.66872      0.528124
28     0.584351      0.0937149   -0.409767    -0.555414
29    -0.150695     -0.537026    -0.647502    -0.256742
30     0.616213     -0.615218    -0.34538      0.583076
31     0.528633     -0.150668     0.66872      0.0934572
32    -0.667506     -0.150701    -0.286093    -0.647507
33    -0.275486     -0.553156     0.0428125    0.13519
34     0.135104      0.668714     0.459272    -0.0157153
35    -0.275463     -0.553149     0.0428235    0.135192
36    -0.374582      0.616153    -0.108101     0.436639
37     0.582684      0.113617    -0.579356    -0.388605
38    -0.647506     -0.28609     -0.667505    -0.150699
39     0.66872      -0.15067      0.0935515    0.528364
40     0.65961       0.135166     0.471658    -0.0153977
41    -0.0128056     0.352563    -0.579463     0.616204
42     0.0976104    -0.150677     0.51653      0.668732
43     0.616211      0.560275    -0.579616    -0.371571
44    -0.00575641    0.111562    -0.551234    -0.52333
45    -0.64599      -0.396239     0.0631807   -0.658699
46    -0.582654      0.13462     -0.585079    -0.345333
47    -0.150689      0.0982998    0.512181     0.668732
48     0.135192      0.464782     0.668729    -0.0158035
49     0.616679      0.66686      0.0996171   -0.509337
50    -0.544641     -0.478649     0.61621      0.535902
51     0.063202     -0.396211    -0.658724    -0.645986
52    -0.3962       -0.645986    -0.658727     0.0632011
53    -0.647509     -0.667507    -0.286097    -0.150704
54     0.668729      0.135194    -0.0157974    0.464783
55    -0.438963      0.0849379    0.135188    -0.567402
56     0.098827      0.24454     -0.100744     0.658593
57    -0.374579     -0.108078     0.61615      0.436628
58     0.582912      0.11403     -0.388554    -0.580142
59    -0.521811      0.13425     -0.224882    -0.652894
60     0.118124     -0.645986     0.668412     0.076888
61     0.616198     -0.579467     0.35256     -0.0128127
62    -0.645988     -0.396243     0.0631864   -0.658698
63     0.666897      0.663563     0.196628     0.122121
64     0.097563      0.668733    -0.150681     0.511929
65     0.657758     -0.124229    -0.347185    -0.666058
66    -0.108035     -0.37457      0.436609     0.616147
67    -0.150705     -0.286098    -0.667507    -0.647509
68     0.621702     -0.485988     0.345033    -0.52424
69    -0.584932     -0.527792    -0.0604005    0.123787
70     0.668413      0.0769066    0.118124    -0.645986
71     0.135191     -0.27546     -0.553152     0.0428184
72     0.134195     -0.225076    -0.653146    -0.523368
73     0.616211      0.311227    -0.49182      0.654093
74     0.06317      -0.396232    -0.658699    -0.645994
75     0.66872       0.0933793    0.528829    -0.150666
76    -0.48661       0.616108     0.0801081    0.668463
77    -0.0155178     0.659676     0.475214     0.13519
78     0.668729     -0.015802     0.464778     0.135193
79     0.55729       0.616211    -0.57885     -0.374943
80     0.583578      0.10799     -0.392856    -0.573289
81    -0.345451      0.616212    -0.615422     0.582705
82     0.668649     -0.571971     0.290681    -0.480833
83     0.588109     -0.150685     0.6191       0.0705808
84     0.668733     -0.150685     0.511985     0.0977648
85     0.0936105    -0.150676     0.527773     0.668718
86     0.583855      0.105697    -0.570659    -0.394241
87    -0.408309     -0.557103     0.584287     0.0947455
88    -0.396254     -0.645988    -0.658703     0.0631923
89     0.616211      0.387616    -0.439341    -0.374587
90    -0.537027     -0.150692    -0.256743    -0.242989
91     0.511677      0.668731    -0.150666     0.0984632
92    -0.653203      0.134143    -0.523514    -0.225037
93     0.0982135     0.668732     0.512097    -0.150684
94     0.244543     -0.100741    -0.41061      0.0988262
95     0.668732     -0.15069      0.0982295    0.512145
96    -0.647508     -0.667506    -0.150702    -0.286095
97     0.282855     -0.579717     0.667496    -0.480817
98     0.0933532    -0.150664     0.529178     0.66872
99     0.0987963    -0.15034      0.668718     0.546881
100   -0.15071      -0.286099    -0.652204    -0.64751

 [*,*,2]
:          1             2             3             4         :=
1     -0.651493      0.0131744     0.00242511   -0.661387
2      0.329517      0.533234      0.259812      0.56825
3     -0.107415      0.446921      0.269437      0.255713
4      0.630383     -0.17295      -0.115119      0.658222
5      0.348382      0.568223      0.380252      0.259798
6     -0.232465      0.627393     -0.105894      0.655174
7     -0.406963     -0.667007      0.152305     -0.647395
8      0.115425      0.473046      0.665745     -0.172918
9     -0.525119      0.211037     -0.0956334    -0.569423
10     0.659949      0.259939      0.506531      0.553986
11    -0.364054      0.619171     -0.622336      0.0480004
12     0.464829      0.0675491    -0.227094      0.284757
13    -0.0180703     0.460858      0.654636     -0.668433
14    -0.654252     -0.233822     -0.650859     -0.029334
15     0.210286     -0.572078     -0.0951639    -0.522944
16     0.665747      0.115436      0.473057     -0.172914
17     0.329518      0.259826      0.568253      0.533235
18    -0.651468      0.00243       0.0133676    -0.661417
19    -0.66859      -0.0806348     0.161456     -0.120325
20    -0.232794     -0.105764      0.655154      0.627159
21     0.207239     -0.0736126     0.258954      0.456564
22     0.0105356     0.320627     -0.0690203     0.464759
23    -0.317129      0.65517       0.48702       0.113701
24     0.0140084     0.00230028   -0.651539     -0.661549
25     0.445807      0.222149      0.259785     -0.0856712
26     0.220157     -0.0934423    -0.544154     -0.544512
27    -0.662132     -0.651542     -0.00470911    0.0250208
28    -0.096248     -0.565417     -0.528477      0.212109
29    -0.651535     -0.209354      0.167182      0.422895
30     0.259789      0.242701      0.44003      -0.0933251
31     0.0255341    -0.651543     -0.00471562   -0.662159
32     0.0405541    -0.651533     -0.60445       0.167161
33     0.0652328    -0.375803      0.342605      0.65493
34     0.654726      0.00522054    0.486036     -0.66831
35     0.0651691    -0.375813      0.342601      0.654929
36     0.553977      0.259925      0.65994       0.50651
37    -0.0936241    -0.545074      0.219779     -0.544232
38     0.167164     -0.604451      0.0405549    -0.651533
39    -0.00471212   -0.651542     -0.662144      0.0252623
40    -0.0249848     0.654882      0.474067     -0.664745
41     0.533233      0.568249      0.329515      0.259805
42    -0.661535     -0.65154       0.0140901     0.00226034
43     0.259786     -0.0866568     0.222808      0.444949
44     0.286723      0.578611     -0.308112      0.339522
45    -0.17292       0.47304       0.665744      0.115416
46     0.114086      0.655        -0.323729      0.489096
47    -0.651536     -0.661457      0.0137426     0.00243405
48     0.654929      0.480818     -0.00321859   -0.668549
49     0.257436      0.0397846    -0.140854      0.431971
50     0.182611      0.465032      0.259793     -0.0448228
51     0.665743      0.473046      0.115288     -0.172943
52     0.473055     -0.172945      0.115276      0.665744
53     0.167157      0.0405493    -0.604448     -0.651535
54    -0.00322084    0.654929     -0.66855       0.480818
55     0.391678      0.663321      0.654929     -0.353926
56     0.0407674    -0.622422     -0.661105      0.0528576
57     0.553981      0.659944      0.259932      0.506521
58    -0.0963943    -0.545688     -0.544273      0.219358
59    -0.23227       0.65512       0.627458     -0.105311
60     0.658222     -0.172951     -0.0208381    -0.664302
61     0.259819      0.329518      0.568251      0.533234
62    -0.172922      0.473034      0.665743      0.11541
63    -0.041034      0.0800289     0.638353     -0.654789
64    -0.661571      0.00229478   -0.65154       0.0140549
65    -0.120682     -0.657097      0.169103      0.0597982
66     0.659953      0.553991      0.506539      0.259945
67    -0.651534     -0.604448      0.0405469     0.167155
68     0.246088      0.459236     -0.572767     -0.415069
69    -0.324136      0.273862      0.666003      0.640539
70    -0.0208228    -0.6643        0.658222     -0.17295
71     0.65493       0.0651887    -0.375809      0.342603
72     0.655129      0.627044     -0.105633     -0.232735
73     0.259789     -0.211895      0.324402      0.139175
74     0.665746      0.473052      0.115432     -0.172916
75    -0.00471867   -0.662174      0.0257365    -0.651544
76     0.458348      0.259655     -0.116511      0.0149417
77    -0.665727     -0.0248667     0.47051       0.654926
78    -0.00321952   -0.668549      0.480822      0.654929
79    -0.0859395     0.259786      0.222275      0.445578
80    -0.095677     -0.551096     -0.541171      0.217464
81     0.439578      0.259788      0.242916     -0.0934803
82     0.0107846    -0.0690164     0.320647      0.464767
83     0.0908498    -0.651536     -0.0734969    -0.664993
84     0.00230345   -0.651538      0.0139818    -0.661535
85    -0.662138     -0.651541      0.0247559    -0.00470899
86    -0.0952329    -0.552885      0.216919     -0.540157
87    -0.529601      0.212537     -0.0962745    -0.564272
88     0.473024     -0.172924      0.115389      0.665742
89     0.259795      0.527346      0.504171      0.553975
90    -0.209357     -0.651537      0.422892     -0.62303
91     0.0132463     0.0024205    -0.651498     -0.661395
92    -0.105715      0.655139     -0.232848      0.627038
93    -0.66147       0.00245307    0.0137017    -0.651507
94    -0.622421     -0.661105     -0.527834      0.040768
95     0.00244599   -0.651534     -0.66147       0.0137381
96     0.167158      0.0405519    -0.651534     -0.604449
97     0.320693     -0.0690822     0.0399525     0.464756
98    -0.662183     -0.651544      0.0258748    -0.00472131
99    -0.661305     -0.651616     -0.00473199    0.00894173
100   -0.651533     -0.604448     -0.147749      0.167153

 [*,*,3]
:         1            2            3            4         :=
1      0.784894     0.781044     0.061824    -0.325434
2      0.423127    -0.389849     0.784697    -0.513506
3     -0.162955     0.781653     0.268514     0.775946
4      0.125935    -0.886945    -0.222279    -0.886946
5      0.345229    -0.513347     0.663289     0.784876
6     -0.886763     0.123715    -0.218059    -0.886903
7     -0.429503    -0.123292     0.777565     0.784542
8      0.125992     0.283683    -0.886942    -0.886934
9     -0.760484     0.17281     -0.0503478   -0.74052
10    -0.259355     0.784894    -0.305844     0.784892
11    -0.880886    -0.870184    -0.881926    -0.194817
12     0.784895     0.019475    -0.334517     0.772298
13     0.0550664   -0.30973     -0.886834    -0.886287
14     0.784815     0.779951    -0.425012     0.0638197
15     0.172543    -0.744423    -0.0496765   -0.758082
16    -0.886945     0.126004     0.283671    -0.886944
17     0.423139     0.78472     -0.513487    -0.38983
18     0.784894     0.0618116    0.781301    -0.324934
19    -0.880623    -0.217478     0.14355     -0.0711406
20    -0.886749    -0.218017    -0.8869       0.123837
21     0.147046    -0.045634     0.783022     0.784461
22     0.360179     0.784897    -0.191802     0.784897
23    -0.877824    -0.885983     0.193256     0.0643031
24     0.783483     0.0618108    0.784896    -0.321959
25     0.784891     0.172063     0.784883    -0.0506684
26     0.179704    -0.0537464   -0.78133     -0.707392
27    -0.305727     0.784897     0.0556229    0.784703
28    -0.0512329   -0.734649    -0.764182     0.173126
29     0.784895    -0.386304     0.784895     0.784893
30     0.784897     0.207588     0.784897    -0.0538519
31     0.784751     0.784897     0.0556072   -0.305065
32    -0.176134     0.784894    -0.275309     0.784877
33    -0.886943    -0.583274     0.406019    -0.886945
34    -0.886922     0.06977     -0.346346    -0.886591
35    -0.886943    -0.583282     0.406009    -0.886944
36     0.784887     0.78489     -0.259277    -0.305822
37    -0.0539702   -0.706777     0.179096    -0.781406
38     0.784877    -0.275306    -0.176132     0.784892
39     0.0556156    0.784897    -0.305418     0.784724
40     0.0534801   -0.886942    -0.324857    -0.886891
41    -0.389857    -0.513515     0.42312      0.784686
42    -0.320917     0.784896     0.782729     0.0618357
43     0.784873    -0.0512001    0.173198     0.784891
44     0.327308    -0.575975    -0.767312     0.371852
45    -0.88692      0.2837      -0.886941     0.125985
46     0.0637625   -0.885087    -0.885599     0.178144
47     0.784897    -0.324541     0.781265     0.061928
48    -0.886945    -0.341035     0.0638422   -0.886922
49     0.7796       0.292716    -0.378133     0.694312
50     0.0943831    0.784895     0.784871     0.0360742
51    -0.886944     0.283676     0.125723    -0.886923
52     0.283654    -0.886938     0.125686    -0.886945
53     0.784883    -0.176139    -0.275308     0.784896
54     0.063841    -0.886946    -0.886933    -0.341042
55     0.243433    -0.351659    -0.886924    -0.886866
56     0.0517103   -0.785308     0.529713     0.320359
57     0.784889    -0.259315     0.784892    -0.305833
58    -0.0533891   -0.706337    -0.78144      0.178437
59    -0.886836    -0.886921     0.124447    -0.217751
60    -0.886946    -0.886946    -0.886944    -0.886943
61     0.784708     0.423133    -0.513497    -0.38984
62    -0.886905     0.283717    -0.886939     0.12598
63    -0.883004     0.0124652   -0.880512    -0.882944
64    -0.321461     0.0618069    0.784897     0.783903
65    -0.0716022   -0.886946     0.149464    -0.0412523
66    -0.259388     0.784895    -0.305854     0.784896
67     0.784897    -0.275304    -0.176142     0.784889
68     0.784896     0.784896     0.784897     0.784897
69    -0.886945     0.249849    -0.28174     -0.886369
70    -0.886946    -0.886946    -0.886946    -0.886946
71    -0.886944    -0.886943    -0.583278     0.406015
72    -0.886898     0.124093    -0.217985    -0.886743
73     0.784819    -0.453926     0.449696     0.0227029
74    -0.886944     0.283675     0.126       -0.886941
75     0.0556001   -0.304781     0.784789     0.784897
76     0.767125     0.784593    -0.327471     0.236147
77    -0.886937     0.0535584   -0.322891    -0.886945
78     0.0638416   -0.886926    -0.341043    -0.886945
79    -0.0508244    0.78488      0.172291     0.784891
80    -0.0524163   -0.714689    -0.778079     0.177025
81     0.784897     0.784896     0.208016    -0.0543732
82     0.359975    -0.19183      0.784896     0.784896
83     0.784786     0.784896    -0.0487286   -0.220631
84     0.0618136    0.784896     0.783227    -0.322259
85    -0.306005     0.784897     0.784719     0.0556256
86    -0.0519361   -0.717662     0.176713    -0.776979
87    -0.765423     0.173414    -0.0512795   -0.733019
88     0.283747    -0.886882     0.125953    -0.886939
89     0.784897    -0.341309     0.155918     0.784895
90    -0.386312     0.784897     0.784884    -0.0845174
91     0.781209     0.0618261    0.784894    -0.325186
92    -0.218018    -0.886896    -0.886735     0.123954
93    -0.324514     0.0619118    0.781309     0.784896
94    -0.785321     0.5297      -0.763453     0.0517109
95     0.0619385    0.784897    -0.324459     0.781329
96     0.784879    -0.176136     0.784895    -0.27531
97     0.78183     -0.194881     0.335578     0.784672
98    -0.304488     0.784897     0.784839     0.0555936
99    -0.311798     0.784894     0.0559013    0.783639
100    0.784891    -0.275302    -0.374724     0.784893
;

radius = 0.668737
height = 1.67184
softness = 0.85

---------------------------- Solution coords data ----------------------------
distances [*,1,*]
:     1   2   3   4    :=
1     0   1   0   1
2     0   1   0   1
3     0   1   0   1
4     0   1   0   1
5     0   1   0   1
6     0   1   0   1
7     0   1   0   1
8     0   1   0   1
9     0   1   0   1
10    0   1   0   1
11    0   1   0   1
12    0   1   0   1
13    0   1   0   1
14    0   1   0   1
15    0   1   0   1
16    0   1   0   1
17    0   1   0   1
18    0   1   0   1
19    0   1   0   1
20    0   1   0   1
21    0   1   0   1
22    0   1   0   1
23    0   1   0   1
24    0   1   0   1
25    0   1   0   1
26    0   1   0   1
27    0   1   0   1
28    0   1   0   1
29    0   1   0   1
30    0   1   0   1
31    0   1   0   1
32    0   1   0   1
33    0   1   0   1
34    0   1   0   1
35    0   1   0   1
36    0   1   0   1
37    0   1   0   1
38    0   1   0   1
39    0   1   0   1
40    0   1   0   1
41    0   1   0   1
42    0   1   0   1
43    0   1   0   1
44    0   1   0   1
45    0   1   0   1
46    0   1   0   1
47    0   1   0   1
48    0   1   0   1
49    0   1   0   1
50    0   1   0   1
51    0   1   0   1
52    0   1   0   1
53    0   1   0   1
54    0   1   0   1
55    0   1   0   1
56    0   1   0   1
57    0   1   0   1
58    0   1   0   1
59    0   1   0   1
60    0   1   0   1
61    0   1   0   1
62    0   1   0   1
63    0   1   0   1
64    0   1   0   1
65    0   1   0   1
66    0   1   0   1
67    0   1   0   1
68    0   1   0   1
69    0   1   0   1
70    0   1   0   1
71    0   1   0   1
72    0   1   0   1
73    0   1   0   1
74    0   1   0   1
75    0   1   0   1
76    0   1   0   1
77    0   1   0   1
78    0   1   0   1
79    0   1   0   1
80    0   1   0   1
81    0   1   0   1
82    0   1   0   1
83    0   1   0   1
84    0   1   0   1
85    0   1   0   1
86    0   1   0   1
87    0   1   0   1
88    0   1   0   1
89    0   1   0   1
90    0   1   0   1
91    0   1   0   1
92    0   1   0   1
93    0   1   0   1
94    0   1   0   1
95    0   1   0   1
96    0   1   0   1
97    0   1   0   1
98    0   1   0   1
99    0   1   0   1
100   0   1   0   1

 [*,2,*]
:     1   2   3   4    :=
1     0   0   1   1
2     0   0   1   1
3     0   0   1   1
4     0   0   1   1
5     0   0   1   1
6     0   0   1   1
7     0   0   1   1
8     0   0   1   1
9     0   0   1   1
10    0   0   1   1
11    0   0   1   1
12    0   0   1   1
13    0   0   1   1
14    0   0   1   1
15    0   0   1   1
16    0   0   1   1
17    0   0   1   1
18    0   0   1   1
19    0   0   1   1
20    0   0   1   1
21    0   0   1   1
22    0   0   1   1
23    0   0   1   1
24    0   0   1   1
25    0   0   1   1
26    0   0   1   1
27    0   0   1   1
28    0   0   1   1
29    0   0   1   1
30    0   0   1   1
31    0   0   1   1
32    0   0   1   1
33    0   0   1   1
34    0   0   1   1
35    0   0   1   1
36    0   0   1   1
37    0   0   1   1
38    0   0   1   1
39    0   0   1   1
40    0   0   1   1
41    0   0   1   1
42    0   0   1   1
43    0   0   1   1
44    0   0   1   1
45    0   0   1   1
46    0   0   1   1
47    0   0   1   1
48    0   0   1   1
49    0   0   1   1
50    0   0   1   1
51    0   0   1   1
52    0   0   1   1
53    0   0   1   1
54    0   0   1   1
55    0   0   1   1
56    0   0   1   1
57    0   0   1   1
58    0   0   1   1
59    0   0   1   1
60    0   0   1   1
61    0   0   1   1
62    0   0   1   1
63    0   0   1   1
64    0   0   1   1
65    0   0   1   1
66    0   0   1   1
67    0   0   1   1
68    0   0   1   1
69    0   0   1   1
70    0   0   1   1
71    0   0   1   1
72    0   0   1   1
73    0   0   1   1
74    0   0   1   1
75    0   0   1   1
76    0   0   1   1
77    0   0   1   1
78    0   0   1   1
79    0   0   1   1
80    0   0   1   1
81    0   0   1   1
82    0   0   1   1
83    0   0   1   1
84    0   0   1   1
85    0   0   1   1
86    0   0   1   1
87    0   0   1   1
88    0   0   1   1
89    0   0   1   1
90    0   0   1   1
91    0   0   1   1
92    0   0   1   1
93    0   0   1   1
94    0   0   1   1
95    0   0   1   1
96    0   0   1   1
97    0   0   1   1
98    0   0   1   1
99    0   0   1   1
100   0   0   1   1

 [*,3,*]
:     1   2   3   4    :=
1     1   0   0   1
2     1   0   0   1
3     1   0   0   1
4     1   0   0   1
5     1   0   0   1
6     1   0   0   1
7     1   0   0   1
8     1   0   0   1
9     1   0   0   1
10    1   0   0   1
11    1   0   0   1
12    1   0   0   1
13    1   0   0   1
14    1   0   0   1
15    1   0   0   1
16    1   0   0   1
17    1   0   0   1
18    1   0   0   1
19    1   0   0   1
20    1   0   0   1
21    1   0   0   1
22    1   0   0   1
23    1   0   0   1
24    1   0   0   1
25    1   0   0   1
26    1   0   0   1
27    1   0   0   1
28    1   0   0   1
29    1   0   0   1
30    1   0   0   1
31    1   0   0   1
32    1   0   0   1
33    1   0   0   1
34    1   0   0   1
35    1   0   0   1
36    1   0   0   1
37    1   0   0   1
38    1   0   0   1
39    1   0   0   1
40    1   0   0   1
41    1   0   0   1
42    1   0   0   1
43    1   0   0   1
44    1   0   0   1
45    1   0   0   1
46    1   0   0   1
47    1   0   0   1
48    1   0   0   1
49    1   0   0   1
50    1   0   0   1
51    1   0   0   1
52    1   0   0   1
53    1   0   0   1
54    1   0   0   1
55    1   0   0   1
56    1   0   0   1
57    1   0   0   1
58    1   0   0   1
59    1   0   0   1
60    1   0   0   1
61    1   0   0   1
62    1   0   0   1
63    1   0   0   1
64    1   0   0   1
65    1   0   0   1
66    1   0   0   1
67    1   0   0   1
68    1   0   0   1
69    1   0   0   1
70    1   0   0   1
71    1   0   0   1
72    1   0   0   1
73    1   0   0   1
74    1   0   0   1
75    1   0   0   1
76    1   0   0   1
77    1   0   0   1
78    1   0   0   1
79    1   0   0   1
80    1   0   0   1
81    1   0   0   1
82    1   0   0   1
83    1   0   0   1
84    1   0   0   1
85    1   0   0   1
86    1   0   0   1
87    1   0   0   1
88    1   0   0   1
89    1   0   0   1
90    1   0   0   1
91    1   0   0   1
92    1   0   0   1
93    1   0   0   1
94    1   0   0   1
95    1   0   0   1
96    1   0   0   1
97    1   0   0   1
98    1   0   0   1
99    1   0   0   1
100   1   0   0   1

 [*,4,*]
:     1   2   3   4    :=
1     1   1   1   0
2     1   1   1   0
3     1   1   1   0
4     1   1   1   0
5     1   1   1   0
6     1   1   1   0
7     1   1   1   0
8     1   1   1   0
9     1   1   1   0
10    1   1   1   0
11    1   1   1   0
12    1   1   1   0
13    1   1   1   0
14    1   1   1   0
15    1   1   1   0
16    1   1   1   0
17    1   1   1   0
18    1   1   1   0
19    1   1   1   0
20    1   1   1   0
21    1   1   1   0
22    1   1   1   0
23    1   1   1   0
24    1   1   1   0
25    1   1   1   0
26    1   1   1   0
27    1   1   1   0
28    1   1   1   0
29    1   1   1   0
30    1   1   1   0
31    1   1   1   0
32    1   1   1   0
33    1   1   1   0
34    1   1   1   0
35    1   1   1   0
36    1   1   1   0
37    1   1   1   0
38    1   1   1   0
39    1   1   1   0
40    1   1   1   0
41    1   1   1   0
42    1   1   1   0
43    1   1   1   0
44    1   1   1   0
45    1   1   1   0
46    1   1   1   0
47    1   1   1   0
48    1   1   1   0
49    1   1   1   0
50    1   1   1   0
51    1   1   1   0
52    1   1   1   0
53    1   1   1   0
54    1   1   1   0
55    1   1   1   0
56    1   1   1   0
57    1   1   1   0
58    1   1   1   0
59    1   1   1   0
60    1   1   1   0
61    1   1   1   0
62    1   1   1   0
63    1   1   1   0
64    1   1   1   0
65    1   1   1   0
66    1   1   1   0
67    1   1   1   0
68    1   1   1   0
69    1   1   1   0
70    1   1   1   0
71    1   1   1   0
72    1   1   1   0
73    1   1   1   0
74    1   1   1   0
75    1   1   1   0
76    1   1   1   0
77    1   1   1   0
78    1   1   1   0
79    1   1   1   0
80    1   1   1   0
81    1   1   1   0
82    1   1   1   0
83    1   1   1   0
84    1   1   1   0
85    1   1   1   0
86    1   1   1   0
87    1   1   1   0
88    1   1   1   0
89    1   1   1   0
90    1   1   1   0
91    1   1   1   0
92    1   1   1   0
93    1   1   1   0
94    1   1   1   0
95    1   1   1   0
96    1   1   1   0
97    1   1   1   0
98    1   1   1   0
99    1   1   1   0
100   1   1   1   0
;

---------------------------- Solution stats data ----------------------------
_ampl_time = 0.338707
_total_solve_time = 56292.4
_ampl_elapsed_time = 0.334936
_ampl_user_time = 0.290075

Total time elapsed: $56292.44.
_total_solve_time = 56292.4

---------------------------- Solution miscs data ----------------------------
tetrahedron_volume [*] :=
  1 0    11 0    21 0    31 0    41 0    51 0    61 0    71 0    81 0    91 0
  2 0    12 0    22 0    32 0    42 0    52 0    62 0    72 0    82 0    92 0
  3 0    13 0    23 0    33 0    43 0    53 0    63 0    73 0    83 0    93 0
  4 0    14 0    24 0    34 0    44 0    54 0    64 0    74 0    84 0    94 0
  5 0    15 0    25 0    35 0    45 0    55 0    65 0    75 0    85 0    95 0
  6 0    16 0    26 0    36 0    46 0    56 0    66 0    76 0    86 0    96 0
  7 0    17 0    27 0    37 0    47 0    57 0    67 0    77 0    87 0    97 0
  8 0    18 0    28 0    38 0    48 0    58 0    68 0    78 0    88 0    98 0
  9 0    19 0    29 0    39 0    49 0    59 0    69 0    79 0    89 0    99 0
 10 0    20 0    30 0    40 0    50 0    60 0    70 0    80 0    90 0   100 0
;

---------------------------- Solution miscs data ----------------------------
tetrahedron_surface_area [*] :=
  1 1.73205    21 1.73205    41 1.73205    61 1.73205    81 1.73205
  2 1.73205    22 1.73205    42 1.73205    62 1.73205    82 1.73205
  3 1.73205    23 1.73205    43 1.73205    63 1.73205    83 1.73205
  4 1.73205    24 1.73205    44 1.73205    64 1.73205    84 1.73205
  5 1.73205    25 1.73205    45 1.73205    65 1.73205    85 1.73205
  6 1.73205    26 1.73205    46 1.73205    66 1.73205    86 1.73205
  7 1.73205    27 1.73205    47 1.73205    67 1.73205    87 1.73205
  8 1.73205    28 1.73205    48 1.73205    68 1.73205    88 1.73205
  9 1.73205    29 1.73205    49 1.73205    69 1.73205    89 1.73205
 10 1.73205    30 1.73205    50 1.73205    70 1.73205    90 1.73205
 11 1.73205    31 1.73205    51 1.73205    71 1.73205    91 1.73205
 12 1.73205    32 1.73205    52 1.73205    72 1.73205    92 1.73205
 13 1.73205    33 1.73205    53 1.73205    73 1.73205    93 1.73205
 14 1.73205    34 1.73205    54 1.73205    74 1.73205    94 1.73205
 15 1.73205    35 1.73205    55 1.73205    75 1.73205    95 1.73205
 16 1.73205    36 1.73205    56 1.73205    76 1.73205    96 1.73205
 17 1.73205    37 1.73205    57 1.73205    77 1.73205    97 1.73205
 18 1.73205    38 1.73205    58 1.73205    78 1.73205    98 1.73205
 19 1.73205    39 1.73205    59 1.73205    79 1.73205    99 1.73205
 20 1.73205    40 1.73205    60 1.73205    80 1.73205   100 1.73205
;

