Error at _cmdno 5 executing "solve" command
(file amplin, line 1945, offset 37257):
error processing param distances:
	4000 invalid subscripts discarded:
	distances[51,1,1]
	distances[51,1,2]
	distances[51,1,3]
	and 3997 more.
##### This license is only intended for use by NEOS. #####
##### License is valid until Jan 16, 2026 #####
riables.
Adjusted problem:
6726 variables:
	4276 nonlinear variables
	2450 linear variables
13100 constraints; 79725 nonzeros
	11875 nonlinear constraints
	1225 linear constraints
	1275 equality constraints
	11825 inequality constraints
1 linear objective; 1 nonzero.

Artelys Knitro 14.2.0: threads=4
algorithm=1
ms_enable=1
ms_maxsolves=10
feastol=1e-5
opttol=1e-5
honorbnds=1
bar_initpt=3
bar_murule=4
scale=1
outlev=2
maxtime_real=3600
WARNING:  Option 'threads' is deprecated, please use 'numthreads'.

=======================================
           Academic License
       (NOT FOR COMMERCIAL USE)
         Artelys Knitro 14.2.0
=======================================

No start point provided -- Knitro computing one.

Knitro presolve eliminated 0 variables and 0 constraints.

algorithm                1
bar_initpt               3
bar_murule               4
concurrent_evals         0
datacheck                0
feastol                  1e-05
findiff_numthreads       1
hessian_no_f             1
hessopt                  1
honorbnds                1
maxtime_real             3600
ms_enable                1
ms_maxsolves             10
numthreads               4
opttol                   1e-05

Problem Characteristics                                 (   Presolved)
-----------------------
Objective goal:  Minimize
Objective type:  linear
Number of variables:                               6726 (        6726)
    bounded below only:                             601 (         601)
    bounded above only:                               0 (           0)
    bounded below and above:                          0 (           0)
    fixed:                                            0 (           0)
    free:                                          6125 (        6125)
Number of constraints:                            13100 (       13100)
    linear equalities:                                0 (           0)
    quadratic equalities:                          1225 (        1225)
    gen. nonlinear equalities:                       50 (          50)
    linear one-sided inequalities:                 1225 (        1225)
    quadratic one-sided inequalities:             10600 (       10600)
    gen. nonlinear one-sided inequalities:            0 (           0)
    linear two-sided inequalities:                    0 (           0)
    quadratic two-sided inequalities:                 0 (           0)
    gen. nonlinear two-sided inequalities:            0 (           0)
Number of nonzeros in Jacobian:                   79725 (       79725)
Number of nonzeros in Hessian:                    36976 (       36976)

Knitro parallel multistart will run with 4 threads.

Return codes description
------------------------
  0:  The final solution satisfies the termination conditions for verifying optimality.
  -100 to -199:  A feasible approximate solution was found.
  -200 to -299:  Knitro terminated at an infeasible point.
  -300 to -301:  The problem was determined to be unbounded.
  -400 to -499:  Knitro terminated because it reached a pre-defined limit.
    -400 to -409:  A feasible point was found.
    -410 to -419:  No feasible point was found.
  -500 to -599:  Knitro terminated with an input error or some non-standard error.
A more detailed description of individual return codes and their corresponding
termination messages is provided at
https://www.artelys.com/app/docs/knitro/3_referenceManual/returnCodes.html

 Solve #  ThreadID  Status     Objective      FeasError    OptError    Real Time 
--------  --------  ------  --------------   ----------   ----------  ----------
      5          0    -202         1300.66      19870.6      1.00000      90.6473
      4          1    -202         1406.70      41382.7      99.1654      176.161
      2          1    -202         488.489      59740.1      129.455      217.268
      0          0       0         1.23153  4.65840e-05  3.84316e-06      224.386
      9          0    -410         16405.6  3.10872e-03     0.230248      2223.61
      8          2    -201         21208.7      3.19218     0.999999      2243.38
      7          1    -410         19253.5      11.0926     0.999971      2092.34
      6          0    -410         1345.77  2.81036e-02      1.26499      1651.58
      3          3    -410         12919.5      1.79451     0.999981      1975.21
      1          2    -410         2615.49  2.89109e-02  9.24013e-02      1485.68

MULTISTART: Best locally optimal solution is returned.
EXIT: Locally optimal solution found.

Final Statistics
----------------
Final objective value               =   1.23152942639767e+00
Final feasibility error (abs / rel) =   4.66e-05 / 4.34e-08
Final optimality error  (abs / rel) =   3.84e-06 / 3.84e-06
# of iterations                     =      64853 
# of CG iterations                  =          0 
# of function evaluations           =     101655
# of gradient evaluations           =      65229
# of Hessian evaluations            =      64899
Total program time (secs)           =    4191.64307 ( 11983.926 CPU time)

===============================================================================

Knitro 14.2.0: Locally optimal or satisfactory solution.
objective 1.231529426; feasibility error 4.66e-05
64853 iterations; 101655 function evaluations

suffix feaserror OUT;
suffix opterror OUT;
suffix numfcevals OUT;
suffix numiters OUT;
---------------------------- Container and geometric considerations  ----------------------------
Container type: sphere
Structural conservation type: surface
---------------------------- Solution execution data ----------------------------
solve_result_num = 0
solve_result = solved

---------------------------- Solution data ----------------------------
card(figures) = 50

coords [*,*,1]
:       1         2         3         4       :=
1    20.1959   19.9743   19.2415   19.6886
2    20.5752   20.738    20.0798   19.8177
3    19.6934   20.5262   19.9656   20.4782
4    20.0857   19.9302   19.0981   19.3186
5    20.1002   20.2902   19.292    19.4575
6    19.6937   19.7623   20.5265   19.9382
7    20.8927   20.983    19.974    20.055
8    20.3604   20.1032   20.9898   20.2804
9    21.1629   20.7397   20.0815   20.5752
10   20.3141   19.5016   19.8093   19.907
11   19.7612   20.0703   20.3578   20.9305
12   19.7469   20.1762   20.9181   20.537
13   19.8727   20.3476   20.0389   20.9583
14   20.2763   21.1572   20.909    20.6728
15   19.685    18.8414   19.7847   19.4566
16   19.3424   19.8273   19.9843   20.084
17   19.935    19.4594   19.2444   19.1101
18   19.0851   19.4591   19.7563   19.9198
19   20.0839   19.8176   19.9843   20.6419
20   20.0018   20.135    20.5374   19.365
21   18.8432   19.9145   19.0977   19.432
22   19.7153   19.7747   19.446    20.3616
23   20.2017   20.3074   19.9752   20.9084
24   20.908    21.1577   20.3844   20.9715
25   21.1173   19.9721   20.4236   20.8949
26   19.292    19.9913   18.8801   19.472
27   19.496    19.7384   20.5155   19.919
28   20.4777   20.0345   19.9506   20.9734
29   20.5558   21.0501   20.7414   19.9925
30   21.0102   20.9712   21.1578   20.375
31   20.3744   19.6895   20.1703   19.9743
32   19.5014   19.9591   18.8192   19.1168
33   19.9299   19.5066   20.2933   20.5265
34   20.7414   20.2089   19.9526   21.0535
35   19.9746   18.8726   19.7214   19.4285
36   19.9089   19.756    19.6928   18.9887
37   20.5449   20.2063   19.9495   20.8367
38   19.8599   20.3174   19.9892   19.4341
39   19.9767   19.428    18.8326   19.3765
40   20.0002   20.168    19.2375   19.8992
41   18.907    19.9363   18.7934   19.0649
42   19.4865   20.1024   20.2804   19.3771
43   19.8093   19.907    19.2375   19.5217
44   19.9355   18.8244   19.1101   19.2443
45   20.2076   20.0348   19.9459   20.8466
46   20.3594   20.2804   20.1024   19.4865
47   19.59     18.8139   19.3426   19.9679
48   20.8367   20.4914   21.0591   19.9968
49   19.9761   20.2763   20.909    20.6791
50   19.5741   18.8192   19.3764   18.8575

 [*,*,2]
:       1         2         3         4       :=
1    19.1646   19.9501   19.3531   19.7553
2    20.592    20.9507   19.9754   20.7468
3    20.1355   19.3447   19.8698   20.0823
4    20.4262   20.229    19.9744   20.9153
5    19.9047   20.4931   20.1913   20.0391
6    20.1351   19.3781   19.3444   19.8956
7    19.9654   20.5162   20.5061   19.7989
8    21.1754   20.0425   20.7116   20.9746
9    20.3945   20.9532   19.9775   20.592
10   18.8593   18.9611   18.8863   19.8529
11   20.0395   19.812    20.7025   19.9164
12   20.0235   20.1385   19.92     20.9016
13   20.9797   21.1795   20.1356   20.7333
14   20.1673   20.4198   19.495    20.6025
15   21.129    20.415    20.361    20.9394
16   19.6118   20.6904   19.9553   19.9613
17   19.9505   18.9153   19.1572   19.4536
18   19.5633   18.9156   19.4173   19.9166
19   19.9667   20.7468   19.9551   20.5604
20   20.5386   20.0845   20.9061   20.8041
21   20.4204   20.3378   19.9759   21.0198
22   21.0982   20.3373   20.8901   21.1763
23   19.0969   20.157    19.9478   19.495
24   19.4942   20.4186   20.1955   19.2537
25   20.5176   20.5061   21.0006   19.974
26   20.1913   19.931    19.5449   20.0258
27   18.9619   19.3831   19.3547   19.9136
28   20.0706   19.0755   19.6939   19.3441
29   20.162    19.698    19.0878   19.6318
30   20.0543   19.2534   20.4182   20.188
31   20.1138   19.7532   19.2145   19.95
32   19.5594   19.9859   19.9803   19.2598
33   19.9034   18.9605   18.8552   19.3444
34   19.0878   18.794    19.6608   19.5571
35   19.9255   20.2237   20.4319   20.9271
36   19.8833   19.4174   20.1797   19.6133
37   19.5281   18.7934   19.8978   19.1763
38   20.4506   21.0284   19.9191   20.8759
39   19.9321   20.9269   20.0175   20.2952
40   19.165    18.804    19.3551   19.8471
41   20.477    19.9257   19.7881   19.3259
42   20.9349   20.0386   20.9746   20.2832
43   18.8863   19.8529   19.3551   18.9177
44   19.9508   19.6358   19.4536   19.1571
45   18.7936   19.0755   19.6854   19.2596
46   21.1771   20.9746   20.0386   20.9349
47   20.333    19.9898   19.6135   19.9035
48   19.1763   20.0173   19.8807   19.8593
49   19.9471   20.1673   19.495    20.5924
50   20.4987   20.3332   19.9038   19.5598

 [*,*,3]
:       1         2         3         4       :=
1    19.1166   18.7698   19.2769   19.9013
2    19.086    19.753    19.8775   19.0379
3    21.185    20.9002   20.0868   21.1319
4    20.3686   21.208    20.8382   20.4632
5    19.9803   20.4588   19.8998   20.9647
6    21.1852   21.0361   20.8999   20.0564
7    20.7036   20.0401   20.19     19.8847
8    20.0729   19.8481   20.1747   19.3013
9    20.0938   19.753    19.8748   19.086
10   20.3418   20.4348   19.5101   20.0654
11   20.5778   19.9049   20.6291   20.7106
12   20.5766   21.211    20.7091   20.6445
13   20.647    20.0686   19.8347   20.2461
14   19.6738   20.0352   19.3402   19.1627
15   20.378    19.9554   20.3965   19.4178
16   19.0338   18.9949   18.7694   19.8739
17   20.013    20.2189   19.5151   20.6527
18   20.6992   20.2193   21.0573   20.0194
19   19.8867   19.0379   18.7694   19.1109
20   20.2159   21.2212   20.6378   20.6833
21   19.9576   20.4532   20.8378   20.3923
22   20.4791   20.347    19.3539   20.0465
23   19.1873   19.7022   18.7698   19.3393
24   19.3394   20.0345   19.7162   20.1267
25   20.0202   20.1903   20.5796   20.7053
26   19.8998   20.1078   20.2355   21.0575
27   20.4301   21.0333   20.8842   20.0288
28   19.6491   19.1871   20.0737   19.6272
29   20.0023   20.5681   19.6326   20.0417
30   20.7022   20.1266   20.0346   19.713
31   19.8712   19.9012   19.1298   18.7698
32   18.9637   19.968    19.6506   19.5656
33   20.0444   20.4389   20.3464   20.8999
34   19.6326   20.136    20.0635   20.459
35   19.7391   19.5577   20.2677   19.4251
36   20.0887   21.0572   21.179    20.5868
37   20.9985   20.1351   20.0679   20.3718
38   20.3132   20.0131   19.7648   19.3449
39   19.7375   19.4252   19.608    18.9798
40   19.0948   19.7593   19.2793   20.0563
41   19.7905   19.9817   20.1258   19.5666
42   19.3845   19.8504   19.3013   18.9761
43   19.5101   20.0654   19.2793   20.3413
44   20.0126   19.9562   20.6527   19.5152
45   20.1352   19.1871   20.0611   19.4983
46   20.0448   19.3013   19.8504   19.3845
47   18.8875   19.6689   19.0329   19.7999
48   20.3718   21.1291   20.6048   20.0841
49   18.7698   19.6738   19.3402   19.1606
50   20.0541   20.1063   21.0576   20.1248
;

radius = 1.23153
softness = 0.4

---------------------------- Solution coords data ----------------------------
distances [*,1,*]
:    1   2   3   4    :=
1    0   1   0   1
2    0   1   0   1
3    0   1   0   1
4    0   1   0   1
5    0   1   0   1
6    0   1   0   1
7    0   1   0   1
8    0   1   0   1
9    0   1   0   1
10   0   1   0   1
11   0   1   0   1
12   0   1   0   1
13   0   1   0   1
14   0   1   0   1
15   0   1   0   1
16   0   1   0   1
17   0   1   0   1
18   0   1   0   1
19   0   1   0   1
20   0   1   0   1
21   0   1   0   1
22   0   1   0   1
23   0   1   0   1
24   0   1   0   1
25   0   1   0   1
26   0   1   0   1
27   0   1   0   1
28   0   1   0   1
29   0   1   0   1
30   0   1   0   1
31   0   1   0   1
32   0   1   0   1
33   0   1   0   1
34   0   1   0   1
35   0   1   0   1
36   0   1   0   1
37   0   1   0   1
38   0   1   0   1
39   0   1   0   1
40   0   1   0   1
41   0   1   0   1
42   0   1   0   1
43   0   1   0   1
44   0   1   0   1
45   0   1   0   1
46   0   1   0   1
47   0   1   0   1
48   0   1   0   1
49   0   1   0   1
50   0   1   0   1

 [*,2,*]
:    1   2   3   4    :=
1    0   0   1   1
2    0   0   1   1
3    0   0   1   1
4    0   0   1   1
5    0   0   1   1
6    0   0   1   1
7    0   0   1   1
8    0   0   1   1
9    0   0   1   1
10   0   0   1   1
11   0   0   1   1
12   0   0   1   1
13   0   0   1   1
14   0   0   1   1
15   0   0   1   1
16   0   0   1   1
17   0   0   1   1
18   0   0   1   1
19   0   0   1   1
20   0   0   1   1
21   0   0   1   1
22   0   0   1   1
23   0   0   1   1
24   0   0   1   1
25   0   0   1   1
26   0   0   1   1
27   0   0   1   1
28   0   0   1   1
29   0   0   1   1
30   0   0   1   1
31   0   0   1   1
32   0   0   1   1
33   0   0   1   1
34   0   0   1   1
35   0   0   1   1
36   0   0   1   1
37   0   0   1   1
38   0   0   1   1
39   0   0   1   1
40   0   0   1   1
41   0   0   1   1
42   0   0   1   1
43   0   0   1   1
44   0   0   1   1
45   0   0   1   1
46   0   0   1   1
47   0   0   1   1
48   0   0   1   1
49   0   0   1   1
50   0   0   1   1

 [*,3,*]
:    1   2   3   4    :=
1    1   0   0   1
2    1   0   0   1
3    1   0   0   1
4    1   0   0   1
5    1   0   0   1
6    1   0   0   1
7    1   0   0   1
8    1   0   0   1
9    1   0   0   1
10   1   0   0   1
11   1   0   0   1
12   1   0   0   1
13   1   0   0   1
14   1   0   0   1
15   1   0   0   1
16   1   0   0   1
17   1   0   0   1
18   1   0   0   1
19   1   0   0   1
20   1   0   0   1
21   1   0   0   1
22   1   0   0   1
23   1   0   0   1
24   1   0   0   1
25   1   0   0   1
26   1   0   0   1
27   1   0   0   1
28   1   0   0   1
29   1   0   0   1
30   1   0   0   1
31   1   0   0   1
32   1   0   0   1
33   1   0   0   1
34   1   0   0   1
35   1   0   0   1
36   1   0   0   1
37   1   0   0   1
38   1   0   0   1
39   1   0   0   1
40   1   0   0   1
41   1   0   0   1
42   1   0   0   1
43   1   0   0   1
44   1   0   0   1
45   1   0   0   1
46   1   0   0   1
47   1   0   0   1
48   1   0   0   1
49   1   0   0   1
50   1   0   0   1

 [*,4,*]
:    1   2   3   4    :=
1    1   1   1   0
2    1   1   1   0
3    1   1   1   0
4    1   1   1   0
5    1   1   1   0
6    1   1   1   0
7    1   1   1   0
8    1   1   1   0
9    1   1   1   0
10   1   1   1   0
11   1   1   1   0
12   1   1   1   0
13   1   1   1   0
14   1   1   1   0
15   1   1   1   0
16   1   1   1   0
17   1   1   1   0
18   1   1   1   0
19   1   1   1   0
20   1   1   1   0
21   1   1   1   0
22   1   1   1   0
23   1   1   1   0
24   1   1   1   0
25   1   1   1   0
26   1   1   1   0
27   1   1   1   0
28   1   1   1   0
29   1   1   1   0
30   1   1   1   0
31   1   1   1   0
32   1   1   1   0
33   1   1   1   0
34   1   1   1   0
35   1   1   1   0
36   1   1   1   0
37   1   1   1   0
38   1   1   1   0
39   1   1   1   0
40   1   1   1   0
41   1   1   1   0
42   1   1   1   0
43   1   1   1   0
44   1   1   1   0
45   1   1   1   0
46   1   1   1   0
47   1   1   1   0
48   1   1   1   0
49   1   1   1   0
50   1   1   1   0
;

---------------------------- Solution stats data ----------------------------
_ampl_time = 0.059476
_total_solve_time = 11984.1
_ampl_elapsed_time = 0.056281
_ampl_user_time = 0.048389

Total time elapsed: $11984.11.
_total_solve_time = 11984.1

---------------------------- Solution miscs data ----------------------------
tetrahedron_volume [*] :=
 1 0    6 0   11 0   16 0   21 0   26 0   31 0   36 0   41 0   46 0
 2 0    7 0   12 0   17 0   22 0   27 0   32 0   37 0   42 0   47 0
 3 0    8 0   13 0   18 0   23 0   28 0   33 0   38 0   43 0   48 0
 4 0    9 0   14 0   19 0   24 0   29 0   34 0   39 0   44 0   49 0
 5 0   10 0   15 0   20 0   25 0   30 0   35 0   40 0   45 0   50 0
;

---------------------------- Solution miscs data ----------------------------
tetrahedron_surface_area [*] :=
 1 1.73205   10 1.73205   19 1.73205   28 1.73205   37 1.73205   46 1.73205
 2 1.73205   11 1.73205   20 1.73205   29 1.73205   38 1.73205   47 1.73205
 3 1.73205   12 1.73205   21 1.73205   30 1.73205   39 1.73205   48 1.73205
 4 1.73205   13 1.73205   22 1.73205   31 1.73205   40 1.73205   49 1.73205
 5 1.73205   14 1.73205   23 1.73205   32 1.73205   41 1.73205   50 1.73205
 6 1.73205   15 1.73205   24 1.73205   33 1.73205   42 1.73205
 7 1.73205   16 1.73205   25 1.73205   34 1.73205   43 1.73205
 8 1.73205   17 1.73205   26 1.73205   35 1.73205   44 1.73205
 9 1.73205   18 1.73205   27 1.73205   36 1.73205   45 1.73205
;

