Error at _cmdno 5 executing "solve" command
(file amplin, line 1977, offset 37909):
error processing param distances:
	3600 invalid subscripts discarded:
	distances[76,1,1]
	distances[76,1,2]
	distances[76,1,3]
	and 3597 more.
##### This license is only intended for use by NEOS. #####
##### License is valid until Jan 16, 2026 #####
ariables.
Adjusted problem:
14776 variables:
	9225 nonlinear variables
	5551 linear variables
30525 constraints; 179175 nonzeros
	25950 nonlinear constraints
	4575 linear constraints
	2850 equality constraints
	27675 inequality constraints
1 linear objective; 1 nonzero.

Artelys Knitro 14.2.0: threads=4
algorithm=1
ms_enable=1
ms_maxsolves=10
feastol=1e-5
opttol=1e-5
honorbnds=1
bar_initpt=3
bar_murule=4
scale=1
outlev=2
maxtime_real=1200
WARNING:  Option 'threads' is deprecated, please use 'numthreads'.

=======================================
           Academic License
       (NOT FOR COMMERCIAL USE)
         Artelys Knitro 14.2.0
=======================================

No start point provided -- Knitro computing one.

Knitro presolve eliminated 0 variables and 0 constraints.

algorithm                1
bar_initpt               3
bar_murule               4
concurrent_evals         0
datacheck                0
feastol                  1e-05
findiff_numthreads       1
hessian_no_f             1
hessopt                  1
honorbnds                1
maxtime_real             1200
ms_enable                1
ms_maxsolves             10
numthreads               4
opttol                   1e-05

Problem Characteristics                                 (   Presolved)
-----------------------
Objective goal:  Minimize
Objective type:  linear
Number of variables:                              14776 (       14776)
    bounded below only:                             901 (         901)
    bounded above only:                               0 (           0)
    bounded below and above:                          0 (           0)
    fixed:                                            0 (           0)
    free:                                         13875 (       13875)
Number of constraints:                            30525 (       30525)
    linear equalities:                                0 (           0)
    quadratic equalities:                          2775 (        2775)
    gen. nonlinear equalities:                       75 (          75)
    linear one-sided inequalities:                 4575 (        4575)
    quadratic one-sided inequalities:             23100 (       23100)
    gen. nonlinear one-sided inequalities:            0 (           0)
    linear two-sided inequalities:                    0 (           0)
    quadratic two-sided inequalities:                 0 (           0)
    gen. nonlinear two-sided inequalities:            0 (           0)
Number of nonzeros in Jacobian:                  179175 (      179175)
Number of nonzeros in Hessian:                    80775 (       80775)

Knitro parallel multistart will run with 4 threads.

Return codes description
------------------------
  0:  The final solution satisfies the termination conditions for verifying optimality.
  -100 to -199:  A feasible approximate solution was found.
  -200 to -299:  Knitro terminated at an infeasible point.
  -300 to -301:  The problem was determined to be unbounded.
  -400 to -499:  Knitro terminated because it reached a pre-defined limit.
    -400 to -409:  A feasible point was found.
    -410 to -419:  No feasible point was found.
  -500 to -599:  Knitro terminated with an input error or some non-standard error.
A more detailed description of individual return codes and their corresponding
termination messages is provided at
https://www.artelys.com/app/docs/knitro/3_referenceManual/returnCodes.html

 Solve #  ThreadID  Status     Objective      FeasError    OptError    Real Time 
--------  --------  ------  --------------   ----------   ----------  ----------
      4          0    -202         2778.56      55557.7      3.88724      711.612
      9          0    -202         2984.84      59813.5      49.9026      1030.58
      0          0       0         1.96044  2.78975e-05  8.28195e-07      1999.73
      5          0    -410         700.565     0.154042     0.866385      5478.61
      6          1    -410         1425.77  2.86091e-03     0.154360      3702.37
      7          2    -410         956.573  2.15626e-02  9.08260e-02      3664.75
      1          1    -410         909.415  9.91148e-03     0.853847      6208.16
      2          2    -410         3706.21     0.163231      8.90728      6478.76
      8          3    -410         4225.92  4.52700e-02     0.326731      3481.29
      3          3    -410         35834.9  3.57199e-02      1.00000      7670.79

MULTISTART: Best locally optimal solution is returned.
EXIT: Locally optimal solution found.

Final Statistics
----------------
Final objective value               =   1.96043833275775e+00
Final feasibility error (abs / rel) =   2.79e-05 / 1.54e-06
Final optimality error  (abs / rel) =   8.28e-07 / 8.28e-07
# of iterations                     =      77751 
# of CG iterations                  =          0 
# of function evaluations           =     111520
# of gradient evaluations           =      78073
# of Hessian evaluations            =      77814
Total program time (secs)           =   11156.56836 ( 35721.891 CPU time)

===============================================================================

Knitro 14.2.0: Locally optimal or satisfactory solution.
objective 1.960438333; feasibility error 2.79e-05
77751 iterations; 111520 function evaluations

suffix feaserror OUT;
suffix opterror OUT;
suffix numfcevals OUT;
suffix numiters OUT;
---------------------------- Container and geometric considerations  ----------------------------
Container type: cube
Structural conservation type: volume & surface
---------------------------- Solution execution data ----------------------------
solve_result_num = 0
solve_result = solved

---------------------------- Solution data ----------------------------
card(figures) = 75

coords [*,*,1]
:       1         2         3         4       :=
1    20.6126   20.0546   20.4414   20.9802
2    20.1342   19.9255   20.8483   19.6298
3    19.0198   19.4224   20.2774   19.0417
4    19.8034   19.0841   19.0198   19.4159
5    20.0673   20.9802   20.9802   20.2928
6    20.1943   20.583    19.6834   20.6308
7    19.0198   19.217    19.0198   19.8523
8    20.72     20.8269   20.9614   20.1222
9    19.274    20.5051   20.0531   19.5892
10   19.5267   19.2423   19.0532   19.8875
11   19.0198   19.0198   19.5193   19.0198
12   19.8351   19.5806   19.2889   19.905
13   19.0262   19.4139   20.2206   19.6341
14   19.9273   20.5555   19.6973   20.5031
15   19.8772   19.0198   19.0198   19.0198
16   20.1815   20.9802   20.3614   19.7565
17   19.9672   19.7793   19.6474   20.1999
18   19.5718   19.9054   19.0198   20.0115
19   20.0667   20.9802   20.9802   20.3165
20   19.4026   20.0335   20.6769   20.081
21   19.6301   19.9992   20.5822   19.8909
22   19.7259   20.2217   19.2234   19.1057
23   20.9802   20.8703   20.9802   20.5369
24   20.9616   20.4026   20.7578   20.9802
25   20.9802   20.3738   20.9802   20.8771
26   20.1941   19.0198   19.8628   19.3697
27   19.8885   20.0723   19.3789   20.2864
28   20.3929   19.3311   20.1491   19.424
29   20.8122   20.7562   20.0096   20.7664
30   20.1257   20.8809   20.9495   20.8714
31   20.0877   19.2946   20.5549   20.5259
32   19.9054   19.5718   19.2296   19.0198
33   20.9802   20.9802   20.7751   20.9802
34   20.2094   20.9802   20.7803   20.0333
35   19.3023   19.8628   19.5314   20.4514
36   20.7184   19.5755   19.8787   20.4371
37   19.9731   20.9802   20.5706   20.6926
38   20.4093   19.8575   19.7096   19.2323
39   20.9802   19.9747   20.2685   20.5556
40   19.6081   19.9905   20.0743   19.5405
41   19.3969   20.0717   20.0993   19.5734
42   19.6112   19.0198   19.0376   19.0198
43   20.9802   20.7554   20.012    20.6816
44   20.906    20.6257   20.0068   20.2435
45   20.1193   19.5858   19.0198   19.0465
46   19.0198   19.6129   20.0433   19.0198
47   20.2461   20.9802   20.9802   20.0521
48   20.1485   20.4768   20.9627   20.7961
49   19.7103   20.4072   19.2713   20.1877
50   19.0198   19.2906   20.1864   19.0198
51   20.917    20.9802   20.9802   20.4268
52   20.1513   19.6421   20.2244   20.5905
53   20.772    20.7792   20.5875   19.8724
54   20.9801   20.9802   20.9802   20.1961
55   19.6677   19.0198   19.0198   19.0198
56   19.6772   20.1609   20.032    20.3314
57   19.0198   19.0198   19.3961   20.2602
58   20.9802   20.2638   20.0136   19.8021
59   19.0198   19.0382   19.3996   19.8628
60   19.768    19.934    20.2243   20.9462
61   20.4067   20.6977   19.8358   20.2243
62   20.4808   20.051    19.2967   20.3251
63   20.9494   20.5194   20.1257   20.8714
64   20.0257   19.0198   20.0053   19.2576
65   20.0914   20.7121   19.5892   20.5869
66   19.106    20.1301   19.0198   19.078
67   20.9802   20.9802   20.5061   20.9802
68   20.0996   20.2017   20.2703   19.0561
69   19.5817   19.0198   19.0198   20.1437
70   19.033    19.6677   20.0469   19.0198
71   19.5281   20.1331   20.0995   19.0609
72   19.5822   19.027    20.2188   19.2862
73   20.1875   19.8938   20.6115   20.0051
74   20.2173   20.8134   20.8705   20.1639
75   20.2625   19.0198   19.2664   19.3473

 [*,*,2]
:       1         2         3         4       :=
1    20.2693   19.4324   19.0198   19.0385
2    20.9802   20.9802   20.9802   20.679
3    19.0198   19.9658   19.2299   19.5788
4    19.883    19.0198   19.2594   19.0198
5    20.9802   20.3639   20.1981   20.0499
6    19.0198   20.2441   19.7781   19.4192
7    19.9316   20.209    19.4449   19.5672
8    20.7062   19.5352   20.8126   20.2629
9    20.6575   20.505    20.52     19.8333
10   20.722    19.9968   20.1868   19.5514
11   20.2259   20.2405   19.6936   19.2571
12   19.0198   19.1763   19.0198   20.1028
13   19.8512   19.0353   19.3791   19.8841
14   20.3131   20.9802   20.9628   20.9174
15   19.9514   19.2697   19.3392   19.0198
16   20.9118   20.8179   19.961    20.4538
17   20.2903   19.0198   19.2736   19.1024
18   20.8899   19.6495   20.077    20.231
19   20.9802   20.1985   20.9802   20.0489
20   19.8653   19.0198   19.7456   19.7665
21   19.3265   20.2177   19.0733   19.0198
22   20.9802   20.9802   20.2173   20.9801
23   20.9802   20.894    20.163    19.9167
24   20.3042   19.1477   19.3884   19.0198
25   19.2034   19.2314   20.279    19.0198
26   19.0198   19.0198   19.526    19.0198
27   20.2894   19.8613   19.1193   19.319
28   20.1513   19.6265   19.6293   20.5859
29   20.8373   20.2735   20.1759   19.556
30   19.2934   20.1296   20.2791   19.5073
31   19.0708   19.8526   19.8734   19.6321
32   19.6496   20.8899   20.2323   20.077
33   19.7707   20.3703   19.3586   19.0867
34   19.4323   20.0357   19.4132   20.2529
35   20.3202   20.7131   20.9009   20.8472
36   20.1019   19.9084   20.3083   19.5815
37   20.2431   20.9802   20.9802   20.4632
38   20.8666   20.7532   19.8763   20.632
39   20.9802   20.2514   20.6675   20.9802
40   20.2389   19.7093   20.9802   19.9046
41   20.2146   20.9802   20.1239   20.9005
42   20.9694   20.98     20.187    19.8292
43   20.0274   19.4366   20.2785   20.7147
44   19.1732   19.02     19.0897   20.2178
45   19.2406   20.1106   19.3945   19.9389
46   20.9802   20.9802   20.9802   20.3354
47   20.4477   20.979    20.9315   20.9078
48   19.4352   19.0683   20.2567   19.4209
49   19.8749   20.8662   20.6397   20.5578
50   20.9464   20.0171   20.7463   20.2115
51   19.6832   19.0684   20.144    19.0198
52   19.3204   19.6194   20.2468   19.0462
53   20.7597   19.6629   20.3968   19.9619
54   19.0198   19.0198   19.5858   19.0198
55   20.9802   20.2386   20.9802   20.9802
56   20.3279   20.9802   19.7041   20.2135
57   20.9802   20.6721   20.0764   20.8274
58   20.0349   19.7812   20.7381   20.235
59   19.0198   19.8645   19.0505   19.526
60   20.244    20.8057   20.9603   20.0239
61   19.6888   20.6055   20.3505   20.9603
62   19.492    19.0198   19.0198   19.0198
63   20.279    19.142    19.2934   19.5072
64   19.3933   19.0198   19.0408   19.8438
65   19.2114   19.924    19.8333   20.3965
66   20.9802   20.8207   20.8793   20.1067
67   20.9471   20.3863   19.7621   20.1299
68   20.2381   19.0198   19.5922   19.601
69   19.8251   20.9802   20.4056   20.9802
70   20.2516   20.9802   20.9802   20.9802
71   20.1165   19.2451   20.2506   19.9442
72   19.8249   20.1552   20.5956   20.639
73   19.0198   19.0407   19.3172   20.2496
74   19.0198   19.0198   20.1181   19.1428
75   19.9697   20.1228   20.6253   19.6324

 [*,*,3]
:       1         2         3         4       :=
1    20.9802   20.1814   20.7367   20.9802
2    19.0225   20.2899   19.3964   19.1234
3    19.0268   19.7968   19.1823   19.2193
4    19.9928   20.4487   19.1884   19.5568
5    20.6989   20.8811   20.2463   19.8424
6    20.9802   20.9802   20.1905   20.9802
7    19.7416   20.9802   20.5037   20.6244
8    19.4814   19.9984   20.0109   19.2086
9    19.9533   19.6197   20.0012   19.0198
10   20.6992   19.6778   20.2052   20.6953
11   19.9978   19.209    20.2543   19.1543
12   20.551    19.3819   19.8983   20.2104
13   20.9549   20.0416   20.9802   20.9802
14   19.3429   20.243    20.4268   19.4275
15   20.0283   19.3877   20.6704   20.1724
16   20.6085   20.1177   19.7637   19.9761
17   20.2941   20.3163   19.5771   20.7241
18   20.9802   20.9793   20.153    20.9547
19   20.6987   20.2467   20.4349   19.85
20   19.763    19.0301   19.8723   20.0742
21   19.5102   20.3585   20.3344   19.9436
22   20.9802   20.3442   20.0772   20.9802
23   19.2089   19.7838   20.2      19.0198
24   19.0198   19.0198   19.8487   19.0198
25   20.8921   19.7601   20.19     20.3393
26   20.9799   20.9802   20.9802   19.9949
27   20.2355   20.8767   20.0903   20.9771
28   19.6134   19.1162   19.4786   19.936
29   19.8563   20.143    19.1023   19.9347
30   19.0198   19.6367   19.0198   20.0436
31   19.0909   19.731    19.9783   19.4389
32   20.9794   20.9802   20.9802   20.153
33   20.1558   19.0198   19.7842   19.0686
34   19.9079   20.5175   20.8932   20.271
35   19.1665   19.0624   20.2891   19.3943
36   20.4528   19.8994   20.2126   19.3126
37   19.3235   19.0198   20.1893   19.0198
38   19.4736   19.9766   19.0497   19.9314
39   19.0198   19.3481   19.0198   20.2321
40   19.7354   20.8414   20.6752   20.2188
41   19.9086   20.6714   20.9802   20.9802
42   20.9675   20.9802   20.1255   20.9802
43   20.5228   20.8754   20.2522   20.9802
44   20.9466   20.3368   20.033    20.6001
45   19.1435   19.9236   19.0198   19.2497
46   20.3509   20.3884   19.5747   19.449
47   19.4579   19.7562   20.3944   20.6413
48   19.8018   20.1298   20.1707   20.9111
49   19.0482   19.4744   19.9162   19.0198
50   20.4345   19.5901   20.1521   20.0966
51   20.9802   20.9802   20.278    19.9956
52   19.7144   19.6787   20.6012   20.3282
53   19.5048   19.9123   19.0198   19.053
54   20.3331   19.0486   20.161    19.3156
55   19.8596   19.3135   20.3509   19.0664
56   19.8807   20.876    20.9461   20.9802
57   20.4644   19.9199   19.6328   20.2154
58   20.4998   19.546    20.3657   20.0287
59   20.9802   20.9802   20.0546   20.9802
60   20.0165   20.3592   20.9802   20.4783
61   20.9802   20.9802   20.1598   20.9802
62   19.6253   19.0198   19.4676   20.2372
63   19.0198   19.4346   19.0198   20.0436
64   19.7328   19.0268   19.031    19.6989
65   19.0198   19.5954   19.0198   19.0198
66   20.9802   20.2215   20.4037   20.0389
67   19.2491   19.0198   19.1044   20.2401
68   19.4137   19.0198   19.439    19.0198
69   19.0198   19.0198   19.2579   19.0198
70   19.3217   19.8596   19.0198   19.0198
71   19.8852   19.1609   19.9595   19.2686
72   19.0198   19.2089   19.0199   19.9021
73   20.6943   19.9514   20.9802   20.3712
74   19.7581   20.2832   19.6283   19.1818
75   19.456    19.1696   19.9331   19.1221
;

side = 1.96044
softness = 0.65

---------------------------- Solution coords data ----------------------------
distances [*,1,*]
:    1   2   3   4    :=
1    0   1   0   1
2    0   1   0   1
3    0   1   0   1
4    0   1   0   1
5    0   1   0   1
6    0   1   0   1
7    0   1   0   1
8    0   1   0   1
9    0   1   0   1
10   0   1   0   1
11   0   1   0   1
12   0   1   0   1
13   0   1   0   1
14   0   1   0   1
15   0   1   0   1
16   0   1   0   1
17   0   1   0   1
18   0   1   0   1
19   0   1   0   1
20   0   1   0   1
21   0   1   0   1
22   0   1   0   1
23   0   1   0   1
24   0   1   0   1
25   0   1   0   1
26   0   1   0   1
27   0   1   0   1
28   0   1   0   1
29   0   1   0   1
30   0   1   0   1
31   0   1   0   1
32   0   1   0   1
33   0   1   0   1
34   0   1   0   1
35   0   1   0   1
36   0   1   0   1
37   0   1   0   1
38   0   1   0   1
39   0   1   0   1
40   0   1   0   1
41   0   1   0   1
42   0   1   0   1
43   0   1   0   1
44   0   1   0   1
45   0   1   0   1
46   0   1   0   1
47   0   1   0   1
48   0   1   0   1
49   0   1   0   1
50   0   1   0   1
51   0   1   0   1
52   0   1   0   1
53   0   1   0   1
54   0   1   0   1
55   0   1   0   1
56   0   1   0   1
57   0   1   0   1
58   0   1   0   1
59   0   1   0   1
60   0   1   0   1
61   0   1   0   1
62   0   1   0   1
63   0   1   0   1
64   0   1   0   1
65   0   1   0   1
66   0   1   0   1
67   0   1   0   1
68   0   1   0   1
69   0   1   0   1
70   0   1   0   1
71   0   1   0   1
72   0   1   0   1
73   0   1   0   1
74   0   1   0   1
75   0   1   0   1

 [*,2,*]
:    1   2   3   4    :=
1    0   0   1   1
2    0   0   1   1
3    0   0   1   1
4    0   0   1   1
5    0   0   1   1
6    0   0   1   1
7    0   0   1   1
8    0   0   1   1
9    0   0   1   1
10   0   0   1   1
11   0   0   1   1
12   0   0   1   1
13   0   0   1   1
14   0   0   1   1
15   0   0   1   1
16   0   0   1   1
17   0   0   1   1
18   0   0   1   1
19   0   0   1   1
20   0   0   1   1
21   0   0   1   1
22   0   0   1   1
23   0   0   1   1
24   0   0   1   1
25   0   0   1   1
26   0   0   1   1
27   0   0   1   1
28   0   0   1   1
29   0   0   1   1
30   0   0   1   1
31   0   0   1   1
32   0   0   1   1
33   0   0   1   1
34   0   0   1   1
35   0   0   1   1
36   0   0   1   1
37   0   0   1   1
38   0   0   1   1
39   0   0   1   1
40   0   0   1   1
41   0   0   1   1
42   0   0   1   1
43   0   0   1   1
44   0   0   1   1
45   0   0   1   1
46   0   0   1   1
47   0   0   1   1
48   0   0   1   1
49   0   0   1   1
50   0   0   1   1
51   0   0   1   1
52   0   0   1   1
53   0   0   1   1
54   0   0   1   1
55   0   0   1   1
56   0   0   1   1
57   0   0   1   1
58   0   0   1   1
59   0   0   1   1
60   0   0   1   1
61   0   0   1   1
62   0   0   1   1
63   0   0   1   1
64   0   0   1   1
65   0   0   1   1
66   0   0   1   1
67   0   0   1   1
68   0   0   1   1
69   0   0   1   1
70   0   0   1   1
71   0   0   1   1
72   0   0   1   1
73   0   0   1   1
74   0   0   1   1
75   0   0   1   1

 [*,3,*]
:    1   2   3   4    :=
1    1   0   0   1
2    1   0   0   1
3    1   0   0   1
4    1   0   0   1
5    1   0   0   1
6    1   0   0   1
7    1   0   0   1
8    1   0   0   1
9    1   0   0   1
10   1   0   0   1
11   1   0   0   1
12   1   0   0   1
13   1   0   0   1
14   1   0   0   1
15   1   0   0   1
16   1   0   0   1
17   1   0   0   1
18   1   0   0   1
19   1   0   0   1
20   1   0   0   1
21   1   0   0   1
22   1   0   0   1
23   1   0   0   1
24   1   0   0   1
25   1   0   0   1
26   1   0   0   1
27   1   0   0   1
28   1   0   0   1
29   1   0   0   1
30   1   0   0   1
31   1   0   0   1
32   1   0   0   1
33   1   0   0   1
34   1   0   0   1
35   1   0   0   1
36   1   0   0   1
37   1   0   0   1
38   1   0   0   1
39   1   0   0   1
40   1   0   0   1
41   1   0   0   1
42   1   0   0   1
43   1   0   0   1
44   1   0   0   1
45   1   0   0   1
46   1   0   0   1
47   1   0   0   1
48   1   0   0   1
49   1   0   0   1
50   1   0   0   1
51   1   0   0   1
52   1   0   0   1
53   1   0   0   1
54   1   0   0   1
55   1   0   0   1
56   1   0   0   1
57   1   0   0   1
58   1   0   0   1
59   1   0   0   1
60   1   0   0   1
61   1   0   0   1
62   1   0   0   1
63   1   0   0   1
64   1   0   0   1
65   1   0   0   1
66   1   0   0   1
67   1   0   0   1
68   1   0   0   1
69   1   0   0   1
70   1   0   0   1
71   1   0   0   1
72   1   0   0   1
73   1   0   0   1
74   1   0   0   1
75   1   0   0   1

 [*,4,*]
:    1   2   3   4    :=
1    1   1   1   0
2    1   1   1   0
3    1   1   1   0
4    1   1   1   0
5    1   1   1   0
6    1   1   1   0
7    1   1   1   0
8    1   1   1   0
9    1   1   1   0
10   1   1   1   0
11   1   1   1   0
12   1   1   1   0
13   1   1   1   0
14   1   1   1   0
15   1   1   1   0
16   1   1   1   0
17   1   1   1   0
18   1   1   1   0
19   1   1   1   0
20   1   1   1   0
21   1   1   1   0
22   1   1   1   0
23   1   1   1   0
24   1   1   1   0
25   1   1   1   0
26   1   1   1   0
27   1   1   1   0
28   1   1   1   0
29   1   1   1   0
30   1   1   1   0
31   1   1   1   0
32   1   1   1   0
33   1   1   1   0
34   1   1   1   0
35   1   1   1   0
36   1   1   1   0
37   1   1   1   0
38   1   1   1   0
39   1   1   1   0
40   1   1   1   0
41   1   1   1   0
42   1   1   1   0
43   1   1   1   0
44   1   1   1   0
45   1   1   1   0
46   1   1   1   0
47   1   1   1   0
48   1   1   1   0
49   1   1   1   0
50   1   1   1   0
51   1   1   1   0
52   1   1   1   0
53   1   1   1   0
54   1   1   1   0
55   1   1   1   0
56   1   1   1   0
57   1   1   1   0
58   1   1   1   0
59   1   1   1   0
60   1   1   1   0
61   1   1   1   0
62   1   1   1   0
63   1   1   1   0
64   1   1   1   0
65   1   1   1   0
66   1   1   1   0
67   1   1   1   0
68   1   1   1   0
69   1   1   1   0
70   1   1   1   0
71   1   1   1   0
72   1   1   1   0
73   1   1   1   0
74   1   1   1   0
75   1   1   1   0
;

---------------------------- Solution stats data ----------------------------
_ampl_time = 0.266777
_total_solve_time = 35722.6
_ampl_elapsed_time = 0.261301
_ampl_user_time = 0.227197

Total time elapsed: $35722.58.
_total_solve_time = 35722.6

---------------------------- Solution miscs data ----------------------------
tetrahedron_volume [*] :=
 1 0    8 0   15 0   22 0   29 0   36 0   43 0   50 0   57 0   64 0   71 0
 2 0    9 0   16 0   23 0   30 0   37 0   44 0   51 0   58 0   65 0   72 0
 3 0   10 0   17 0   24 0   31 0   38 0   45 0   52 0   59 0   66 0   73 0
 4 0   11 0   18 0   25 0   32 0   39 0   46 0   53 0   60 0   67 0   74 0
 5 0   12 0   19 0   26 0   33 0   40 0   47 0   54 0   61 0   68 0   75 0
 6 0   13 0   20 0   27 0   34 0   41 0   48 0   55 0   62 0   69 0
 7 0   14 0   21 0   28 0   35 0   42 0   49 0   56 0   63 0   70 0
;

---------------------------- Solution miscs data ----------------------------
tetrahedron_surface_area [*] :=
 1 1.73205   14 1.73205   27 1.73205   40 1.73205   53 1.73205   66 1.73205
 2 1.73205   15 1.73205   28 1.73205   41 1.73205   54 1.73205   67 1.73205
 3 1.73205   16 1.73205   29 1.73205   42 1.73205   55 1.73205   68 1.73205
 4 1.73205   17 1.73205   30 1.73205   43 1.73205   56 1.73205   69 1.73205
 5 1.73205   18 1.73205   31 1.73205   44 1.73205   57 1.73205   70 1.73205
 6 1.73205   19 1.73205   32 1.73205   45 1.73205   58 1.73205   71 1.73205
 7 1.73205   20 1.73205   33 1.73205   46 1.73205   59 1.73205   72 1.73205
 8 1.73205   21 1.73205   34 1.73205   47 1.73205   60 1.73205   73 1.73205
 9 1.73205   22 1.73205   35 1.73205   48 1.73205   61 1.73205   74 1.73205
10 1.73205   23 1.73205   36 1.73205   49 1.73205   62 1.73205   75 1.73205
11 1.73205   24 1.73205   37 1.73205   50 1.73205   63 1.73205
12 1.73205   25 1.73205   38 1.73205   51 1.73205   64 1.73205
13 1.73205   26 1.73205   39 1.73205   52 1.73205   65 1.73205
;

