Error at _cmdno 5 executing "solve" command
(file amplin, line 1977, offset 37909):
error processing param distances:
	4000 invalid subscripts discarded:
	distances[51,1,1]
	distances[51,1,2]
	distances[51,1,3]
	and 3997 more.
##### This license is only intended for use by NEOS. #####
##### License is valid until Jan 16, 2026 #####
riables.
Adjusted problem:
6726 variables:
	4275 nonlinear variables
	2451 linear variables
14100 constraints; 81325 nonzeros
	11675 nonlinear constraints
	2425 linear constraints
	1275 equality constraints
	12825 inequality constraints
1 linear objective; 1 nonzero.

Artelys Knitro 14.2.0: threads=4
algorithm=1
ms_enable=1
ms_maxsolves=10
feastol=1e-5
opttol=1e-5
honorbnds=1
bar_initpt=3
bar_murule=4
scale=1
outlev=2
maxtime_real=1200
WARNING:  Option 'threads' is deprecated, please use 'numthreads'.

=======================================
           Academic License
       (NOT FOR COMMERCIAL USE)
         Artelys Knitro 14.2.0
=======================================

No start point provided -- Knitro computing one.

Knitro presolve eliminated 0 variables and 0 constraints.

algorithm                1
bar_initpt               3
bar_murule               4
concurrent_evals         0
datacheck                0
feastol                  1e-05
findiff_numthreads       1
hessian_no_f             1
hessopt                  1
honorbnds                1
maxtime_real             1200
ms_enable                1
ms_maxsolves             10
numthreads               4
opttol                   1e-05

Problem Characteristics                                 (   Presolved)
-----------------------
Objective goal:  Minimize
Objective type:  linear
Number of variables:                               6726 (        6726)
    bounded below only:                             601 (         601)
    bounded above only:                               0 (           0)
    bounded below and above:                          0 (           0)
    fixed:                                            0 (           0)
    free:                                          6125 (        6125)
Number of constraints:                            14100 (       14100)
    linear equalities:                                0 (           0)
    quadratic equalities:                          1225 (        1225)
    gen. nonlinear equalities:                       50 (          50)
    linear one-sided inequalities:                 2425 (        2425)
    quadratic one-sided inequalities:             10400 (       10400)
    gen. nonlinear one-sided inequalities:            0 (           0)
    linear two-sided inequalities:                    0 (           0)
    quadratic two-sided inequalities:                 0 (           0)
    gen. nonlinear two-sided inequalities:            0 (           0)
Number of nonzeros in Jacobian:                   81325 (       81325)
Number of nonzeros in Hessian:                    36975 (       36975)

Knitro parallel multistart will run with 4 threads.

Return codes description
------------------------
  0:  The final solution satisfies the termination conditions for verifying optimality.
  -100 to -199:  A feasible approximate solution was found.
  -200 to -299:  Knitro terminated at an infeasible point.
  -300 to -301:  The problem was determined to be unbounded.
  -400 to -499:  Knitro terminated because it reached a pre-defined limit.
    -400 to -409:  A feasible point was found.
    -410 to -419:  No feasible point was found.
  -500 to -599:  Knitro terminated with an input error or some non-standard error.
A more detailed description of individual return codes and their corresponding
termination messages is provided at
https://www.artelys.com/app/docs/knitro/3_referenceManual/returnCodes.html

 Solve #  ThreadID  Status     Objective      FeasError    OptError    Real Time 
--------  --------  ------  --------------   ----------   ----------  ----------
      0          0       0         2.05018  5.20895e-05  1.54764e-07      1401.89
      1          1    -410         350.420  1.28935e-02     0.157103      3777.28
      8          0    -410         534.743  4.74380e-02     0.840407      3661.99
      6          1    -400         280.008  1.53390e-04  1.23199e-02      3810.55
      7          2    -410         1155.66     0.107131      3.08255      4261.33
      2          2    -410         217.235     0.445642     0.131209      3986.95
      3          3    -410         1119.31  1.85237e-03  1.91346e-02      3685.29
      4          0    -410         1725.44  4.92769e-02      4.94704      3706.27
      5          3    -410         1471.90  4.12924e-04  1.36030e-02      4263.78
      9          1    -410         1584.79  7.30037e-03      1.83604      2811.73

MULTISTART: Best locally optimal solution is returned.
EXIT: Locally optimal solution found.

Final Statistics
----------------
Final objective value               =   2.05017762425253e+00
Final feasibility error (abs / rel) =   5.21e-05 / 2.85e-06
Final optimality error  (abs / rel) =   1.55e-07 / 1.55e-07
# of iterations                     =      93690 
# of CG iterations                  =          0 
# of function evaluations           =     113473
# of gradient evaluations           =      93941
# of Hessian evaluations            =      93773
Total program time (secs)           =   10400.67383 ( 24373.701 CPU time)

===============================================================================

Knitro 14.2.0: Locally optimal or satisfactory solution.
objective 2.050177624; feasibility error 5.21e-05
93690 iterations; 113473 function evaluations

suffix feaserror OUT;
suffix opterror OUT;
suffix numfcevals OUT;
suffix numiters OUT;
---------------------------- Container and geometric considerations  ----------------------------
Container type: cube
Structural conservation type: volume & surface
---------------------------- Solution execution data ----------------------------
solve_result_num = 0
solve_result = solved

---------------------------- Solution data ----------------------------
card(figures) = 50

coords [*,*,1]
:       1         2         3         4       :=
1    20.2301   20.0288   20.968    20.1044
2    19.7807   20.0069   20.5683   19.9126
3    19.2396   19.8935   20.0671   19.7811
4    20.144    19.5446   19.3698   20.1548
5    19.5763   19.4281   19.7535   20.2628
6    19.8121   18.9749   19.2498   19.7811
7    19.7339   20.1307   18.987    19.3677
8    19.9123   20.8643   20.7671   20.4575
9    20.5261   20.3852   20.2073   19.7341
10   19.4569   19.702    18.9749   20.0445
11   21.0172   20.1506   20.9716   20.2323
12   18.9749   18.9749   18.987    19.7339
13   19.2855   18.9749   20.1146   19.6964
14   20.2371   20.1933   20.7398   21.0101
15   19.2924   19.9282   20.1601   19.9118
16   20.2316   21.0251   20.9961   21.0251
17   18.9749   18.9749   18.9749   19.6752
18   20.0445   18.9749   18.9749   19.3945
19   21.0251   20.9706   21.0251   20.252
20   19.6869   20.2819   20.154    20.6682
21   19.6522   19.6097   20.2806   20.5417
22   20.2819   20.0829   19.2021   19.5712
23   20.0836   21.0251   21.0251   21.0251
24   20.9716   20.1506   21.0251   21.0251
25   21.0025   21.0251   20.2367   21.013
26   18.9749   19.7942   19.1844   18.9749
27   19.4532   19.6142   18.9749   19.7389
28   20.2323   20.1216   19.7811   20.9427
29   20.3247   20.47     20.9447   19.7879
30   21.0251   20.2019   21.0251   21.0251
31   19.7665   18.9749   19.0913   18.9749
32   19.924    19.4308   19.6806   19.1291
33   20.9059   20.2333   20.2735   19.752
34   20.5263   19.4476   19.7726   20.0887
35   19.2106   19.41     20.1467   20.1296
36   18.9749   19.7808   18.9749   19.2621
37   19.7472   20.3852   20.1464   19.298
38   20.8379   20.495    19.676    19.9557
39   20.5915   20.1838   19.9541   21.0251
40   18.9749   19.6019   18.9749   18.9749
41   19.7806   19.7808   18.9749   19.2758
42   20.0169   21.0251   21.0251   20.6495
43   20.1225   21.0172   20.9999   20.224
44   20.205    20.0002   21.0251   20.6611
45   18.9749   19.4809   18.9749   19.3689
46   19.7058   20.0472   20.3045   20.8643
47   21.0251   21.0251   20.7657   20.4573
48   21.0251   21.0251   21.0251   20.0872
49   19.987    20.594    21.0251   20.921
50   20.505    19.5496   20.3452   19.7021

 [*,*,2]
:       1         2         3         4       :=
1    21.0251   20.3411   21.0251   21.0251
2    21.0251   20.4209   21.0251   20.2435
3    18.9749   19.7306   18.9749   18.9749
4    19.6456   19.838    20.308    20.6926
5    19.6976   20.4739   19.3994   20.022
6    19.7716   18.9749   19.254    18.9749
7    20.1032   20.805    20.9932   20.2746
8    20.285    19.9682   21.0251   20.8767
9    20.1527   21.0251   20.9553   20.0846
10   19.8713   18.9749   18.9749   18.9749
11   19.6278   18.9749   18.9749   19.6431
12   20.1901   19.8314   20.9932   20.1032
13   20.2117   21.0251   21.0251   21.0251
14   19.9233   20.7246   20.1135   20.7907
15   20.4237   19.7873   20.6842   20.8941
16   20.0509   20.1947   20.1762   19.4219
17   20.138    20.986    21.0251   20.9769
18   18.9749   18.9749   18.9749   19.7554
19   19.7112   20.4185   20.8074   19.94
20   20.0164   19.5184   20.6732   20.2354
21   19.0502   20.028    19.5233   19.5116
22   19.5184   20.2734   19.9474   19.258
23   19.273    19.7799   18.9749   19.766
24   18.9749   18.9749   19.6337   18.9749
25   21.0003   20.1947   20.1275   20.179
26   19.8314   19.7547   19.191    18.9749
27   20.3471   19.4916   19.2952   19.7368
28   19.6431   18.9749   18.9749   18.9749
29   20.0815   19.5396   20.2657   20.3557
30   20.4491   19.7151   19.7798   19.7815
31   19.7528   19.8314   20.3054   19.2952
32   20.6109   20.3188   19.4751   19.8884
33   19.7227   20.2318   19.4429   19.5864
34   19.578    19.7049   18.9749   19.2275
35   20.3507   21.0251   20.7083   21.0197
36   21.0251   21.0251   21.0251   20.0485
37   20.054    21.0251   20.8473   20.7235
38   18.9749   19.7094   18.9749   19.0103
39   20.708    20.0367   20.3465   20.2605
40   19.7637   20.2706   20.8939   19.929
41   21.0251   21.0251   21.0251   20.0837
42   19.1207   19.6318   18.9749   19.8435
43   19.4103   19.6278   20.1617   20.052
44   18.9749   19.1231   18.9749   19.8168
45   19.304    19.7547   20.3199   20.3784
46   20.0413   19.6989   20.7106   19.9682
47   20.1663   21.0251   21.0251   20.4746
48   18.9899   18.9749   19.781    19.2709
49   20.3721   20.7079   20.2493   21.0251
50   19.5781   19.2259   20.0207   19.7775

 [*,*,3]
:       1         2         3         4       :=
1    21.0251   20.6487   20.6473   19.87
2    19.5835   20.5498   19.9921   19.4361
3    20.1746   20.7675   19.9021   21.0251
4    20.5215   21.0251   20.2965   21.0251
5    19.5247   20.1602   20.4594   20.4043
6    20.9053   21.0251   20.0302   21.0251
7    21.0251   21.0251   21.0251   20.3276
8    20.1007   19.9147   20.3682   19.6388
9    19.7293   18.9749   19.7855   19.1788
10   19.7698   19.1073   19.4556   19.9095
11   20.5542   20.203    21.0251   21.0251
12   20.2797   21.0251   21.0251   21.0251
13   19.9444   19.9444   19.976    20.6653
14   18.9749   19.0523   19.8757   18.9749
15   20.2974   20.4384   21.0248   20.0851
16   20.7779   21.0251   19.912    20.7953
17   20.2308   21.0251   19.9444   20.6257
18   19.9096   20.2618   19.4556   19.7291
19   18.9749   19.7525   18.9749   18.9749
20   19.1936   18.9749   18.9749   19.7758
21   19.1559   19.7821   18.9789   19.7439
22   18.9749   19.5813   18.9749   19.3421
23   19.4988   19.045    19.0001   19.8511
24   21.0251   20.203    20.5574   19.8829
25   20.8293   21.0251   20.8705   20.0075
26   21.0251   20.8963   20.0836   21.0251
27   20.1186   19.7901   20.2404   20.8712
28   21.0251   20.174    21.0251   20.9961
29   20.6957   19.6783   20.0805   20.1414
30   19.7577   19.3923   19.0477   20.2096
31   20.894    21.0251   20.1268   20.2404
32   19.4177   20.0111   19.3932   18.9749
33   21.0251   20.9835   20.1314   21.0251
34   19.7824   19.5185   19.2726   20.3618
35   20.3532   21.0251   20.9412   20.1128
36   19.1298   19.9667   19.9444   19.6101
37   18.9749   18.9749   19.7241   18.9749
38   18.9749   18.9749   18.9749   19.7302
39   21.0251   20.8431   20.1234   20.0736
40   18.9749   18.9749   19.2444   19.8915
41   19.1605   19.9667   19.1298   19.6178
42   20.4011   20.5554   19.8829   19.8742
43   20.051    20.5542   19.9259   20.7837
44   19.494    20.4097   19.8829   19.8744
45   20.2384   19.4016   19.6745   20.3755
46   19.9661   19.2583   19.7684   19.9147
47   20.0154   19.2328   20.3654   19.3897
48   19.0162   19.8829   19.8672   19.4959
49   20.1336   21.0251   20.0484   20.3599
50   19.7813   20.341    20.5845   19.6479
;

side = 2.05018
softness = 0.35

---------------------------- Solution coords data ----------------------------
distances [*,1,*]
:    1   2   3   4    :=
1    0   1   0   1
2    0   1   0   1
3    0   1   0   1
4    0   1   0   1
5    0   1   0   1
6    0   1   0   1
7    0   1   0   1
8    0   1   0   1
9    0   1   0   1
10   0   1   0   1
11   0   1   0   1
12   0   1   0   1
13   0   1   0   1
14   0   1   0   1
15   0   1   0   1
16   0   1   0   1
17   0   1   0   1
18   0   1   0   1
19   0   1   0   1
20   0   1   0   1
21   0   1   0   1
22   0   1   0   1
23   0   1   0   1
24   0   1   0   1
25   0   1   0   1
26   0   1   0   1
27   0   1   0   1
28   0   1   0   1
29   0   1   0   1
30   0   1   0   1
31   0   1   0   1
32   0   1   0   1
33   0   1   0   1
34   0   1   0   1
35   0   1   0   1
36   0   1   0   1
37   0   1   0   1
38   0   1   0   1
39   0   1   0   1
40   0   1   0   1
41   0   1   0   1
42   0   1   0   1
43   0   1   0   1
44   0   1   0   1
45   0   1   0   1
46   0   1   0   1
47   0   1   0   1
48   0   1   0   1
49   0   1   0   1
50   0   1   0   1

 [*,2,*]
:    1   2   3   4    :=
1    0   0   1   1
2    0   0   1   1
3    0   0   1   1
4    0   0   1   1
5    0   0   1   1
6    0   0   1   1
7    0   0   1   1
8    0   0   1   1
9    0   0   1   1
10   0   0   1   1
11   0   0   1   1
12   0   0   1   1
13   0   0   1   1
14   0   0   1   1
15   0   0   1   1
16   0   0   1   1
17   0   0   1   1
18   0   0   1   1
19   0   0   1   1
20   0   0   1   1
21   0   0   1   1
22   0   0   1   1
23   0   0   1   1
24   0   0   1   1
25   0   0   1   1
26   0   0   1   1
27   0   0   1   1
28   0   0   1   1
29   0   0   1   1
30   0   0   1   1
31   0   0   1   1
32   0   0   1   1
33   0   0   1   1
34   0   0   1   1
35   0   0   1   1
36   0   0   1   1
37   0   0   1   1
38   0   0   1   1
39   0   0   1   1
40   0   0   1   1
41   0   0   1   1
42   0   0   1   1
43   0   0   1   1
44   0   0   1   1
45   0   0   1   1
46   0   0   1   1
47   0   0   1   1
48   0   0   1   1
49   0   0   1   1
50   0   0   1   1

 [*,3,*]
:    1   2   3   4    :=
1    1   0   0   1
2    1   0   0   1
3    1   0   0   1
4    1   0   0   1
5    1   0   0   1
6    1   0   0   1
7    1   0   0   1
8    1   0   0   1
9    1   0   0   1
10   1   0   0   1
11   1   0   0   1
12   1   0   0   1
13   1   0   0   1
14   1   0   0   1
15   1   0   0   1
16   1   0   0   1
17   1   0   0   1
18   1   0   0   1
19   1   0   0   1
20   1   0   0   1
21   1   0   0   1
22   1   0   0   1
23   1   0   0   1
24   1   0   0   1
25   1   0   0   1
26   1   0   0   1
27   1   0   0   1
28   1   0   0   1
29   1   0   0   1
30   1   0   0   1
31   1   0   0   1
32   1   0   0   1
33   1   0   0   1
34   1   0   0   1
35   1   0   0   1
36   1   0   0   1
37   1   0   0   1
38   1   0   0   1
39   1   0   0   1
40   1   0   0   1
41   1   0   0   1
42   1   0   0   1
43   1   0   0   1
44   1   0   0   1
45   1   0   0   1
46   1   0   0   1
47   1   0   0   1
48   1   0   0   1
49   1   0   0   1
50   1   0   0   1

 [*,4,*]
:    1   2   3   4    :=
1    1   1   1   0
2    1   1   1   0
3    1   1   1   0
4    1   1   1   0
5    1   1   1   0
6    1   1   1   0
7    1   1   1   0
8    1   1   1   0
9    1   1   1   0
10   1   1   1   0
11   1   1   1   0
12   1   1   1   0
13   1   1   1   0
14   1   1   1   0
15   1   1   1   0
16   1   1   1   0
17   1   1   1   0
18   1   1   1   0
19   1   1   1   0
20   1   1   1   0
21   1   1   1   0
22   1   1   1   0
23   1   1   1   0
24   1   1   1   0
25   1   1   1   0
26   1   1   1   0
27   1   1   1   0
28   1   1   1   0
29   1   1   1   0
30   1   1   1   0
31   1   1   1   0
32   1   1   1   0
33   1   1   1   0
34   1   1   1   0
35   1   1   1   0
36   1   1   1   0
37   1   1   1   0
38   1   1   1   0
39   1   1   1   0
40   1   1   1   0
41   1   1   1   0
42   1   1   1   0
43   1   1   1   0
44   1   1   1   0
45   1   1   1   0
46   1   1   1   0
47   1   1   1   0
48   1   1   1   0
49   1   1   1   0
50   1   1   1   0
;

---------------------------- Solution stats data ----------------------------
_ampl_time = 0.173581
_total_solve_time = 24374.1
_ampl_elapsed_time = 0.22876
_ampl_user_time = 0.144796

Total time elapsed: $24374.06.
_total_solve_time = 24374.1

---------------------------- Solution miscs data ----------------------------
tetrahedron_volume [*] :=
 1 0    6 0   11 0   16 0   21 0   26 0   31 0   36 0   41 0   46 0
 2 0    7 0   12 0   17 0   22 0   27 0   32 0   37 0   42 0   47 0
 3 0    8 0   13 0   18 0   23 0   28 0   33 0   38 0   43 0   48 0
 4 0    9 0   14 0   19 0   24 0   29 0   34 0   39 0   44 0   49 0
 5 0   10 0   15 0   20 0   25 0   30 0   35 0   40 0   45 0   50 0
;

---------------------------- Solution miscs data ----------------------------
tetrahedron_surface_area [*] :=
 1 1.73205   10 1.73205   19 1.73205   28 1.73205   37 1.73205   46 1.73205
 2 1.73205   11 1.73205   20 1.73205   29 1.73205   38 1.73205   47 1.73205
 3 1.73205   12 1.73205   21 1.73205   30 1.73205   39 1.73205   48 1.73205
 4 1.73205   13 1.73205   22 1.73205   31 1.73205   40 1.73205   49 1.73205
 5 1.73205   14 1.73205   23 1.73205   32 1.73205   41 1.73205   50 1.73205
 6 1.73205   15 1.73205   24 1.73205   33 1.73205   42 1.73205
 7 1.73205   16 1.73205   25 1.73205   34 1.73205   43 1.73205
 8 1.73205   17 1.73205   26 1.73205   35 1.73205   44 1.73205
 9 1.73205   18 1.73205   27 1.73205   36 1.73205   45 1.73205
;

