Error at _cmdno 5 executing "solve" command
(file amplin, line 1977, offset 37900):
error processing param distances:
	4000 invalid subscripts discarded:
	distances[51,1,1]
	distances[51,1,2]
	distances[51,1,3]
	and 3997 more.
##### This license is only intended for use by NEOS. #####
##### License is valid until Jan 16, 2026 #####
riables.
Adjusted problem:
6726 variables:
	4275 nonlinear variables
	2451 linear variables
14100 constraints; 81325 nonzeros
	11675 nonlinear constraints
	2425 linear constraints
	1275 equality constraints
	12825 inequality constraints
1 linear objective; 1 nonzero.

Artelys Knitro 14.2.0: threads=4
algorithm=1
ms_enable=1
ms_maxsolves=10
feastol=1e-5
opttol=1e-5
honorbnds=1
bar_initpt=3
bar_murule=4
scale=1
outlev=2
maxtime_real=1200
WARNING:  Option 'threads' is deprecated, please use 'numthreads'.

=======================================
           Academic License
       (NOT FOR COMMERCIAL USE)
         Artelys Knitro 14.2.0
=======================================

No start point provided -- Knitro computing one.

Knitro presolve eliminated 0 variables and 0 constraints.

algorithm                1
bar_initpt               3
bar_murule               4
concurrent_evals         0
datacheck                0
feastol                  1e-05
findiff_numthreads       1
hessian_no_f             1
hessopt                  1
honorbnds                1
maxtime_real             1200
ms_enable                1
ms_maxsolves             10
numthreads               4
opttol                   1e-05

Problem Characteristics                                 (   Presolved)
-----------------------
Objective goal:  Minimize
Objective type:  linear
Number of variables:                               6726 (        6726)
    bounded below only:                             601 (         601)
    bounded above only:                               0 (           0)
    bounded below and above:                          0 (           0)
    fixed:                                            0 (           0)
    free:                                          6125 (        6125)
Number of constraints:                            14100 (       14100)
    linear equalities:                                0 (           0)
    quadratic equalities:                          1225 (        1225)
    gen. nonlinear equalities:                       50 (          50)
    linear one-sided inequalities:                 2425 (        2425)
    quadratic one-sided inequalities:             10400 (       10400)
    gen. nonlinear one-sided inequalities:            0 (           0)
    linear two-sided inequalities:                    0 (           0)
    quadratic two-sided inequalities:                 0 (           0)
    gen. nonlinear two-sided inequalities:            0 (           0)
Number of nonzeros in Jacobian:                   81325 (       81325)
Number of nonzeros in Hessian:                    36975 (       36975)

Knitro parallel multistart will run with 4 threads.

Return codes description
------------------------
  0:  The final solution satisfies the termination conditions for verifying optimality.
  -100 to -199:  A feasible approximate solution was found.
  -200 to -299:  Knitro terminated at an infeasible point.
  -300 to -301:  The problem was determined to be unbounded.
  -400 to -499:  Knitro terminated because it reached a pre-defined limit.
    -400 to -409:  A feasible point was found.
    -410 to -419:  No feasible point was found.
  -500 to -599:  Knitro terminated with an input error or some non-standard error.
A more detailed description of individual return codes and their corresponding
termination messages is provided at
https://www.artelys.com/app/docs/knitro/3_referenceManual/returnCodes.html

 Solve #  ThreadID  Status     Objective      FeasError    OptError    Real Time 
--------  --------  ------  --------------   ----------   ----------  ----------
      4          2    -202         2707.39      46340.2      84.4290      69.8659
      7          3    -202         3778.13      21064.2      4.81950      75.3940
      9          3    -202         2997.18      56380.5      43.6692      386.710
      0          2       0         1.02787  7.44685e-06  6.88927e-06      380.546
      6          1    -410         342.258  4.10074e-02     0.128520      986.755
      1          1    -410         349.239  2.24513e-02     0.285910      1125.16
      8          0    -410         580.986  6.79633e-03  5.41790e-02      1093.98
      2          3    -410         450.110  1.22059e-02     0.179424      1171.20
      5          2    -410         3011.57  9.75218e-03     0.203872      1126.71
      3          0    -410         4140.34      1.80280      1.23169      1237.20

MULTISTART: Best locally optimal solution is returned.
EXIT: Locally optimal solution found.

Final Statistics
----------------
Final objective value               =   1.02786794642235e+00
Final feasibility error (abs / rel) =   7.45e-06 / 4.07e-07
Final optimality error  (abs / rel) =   6.89e-06 / 6.89e-06
# of iterations                     =      68238 
# of CG iterations                  =          0 
# of function evaluations           =      92016
# of gradient evaluations           =      68457
# of Hessian evaluations            =      68303
Total program time (secs)           =    2332.03784 (  7632.192 CPU time)

===============================================================================

Knitro 14.2.0: Locally optimal or satisfactory solution.
objective 1.027867946; feasibility error 7.45e-06
68238 iterations; 92016 function evaluations

suffix feaserror OUT;
suffix opterror OUT;
suffix numfcevals OUT;
suffix numiters OUT;
---------------------------- Container and geometric considerations  ----------------------------
Container type: cube
Structural conservation type: surface
---------------------------- Solution execution data ----------------------------
solve_result_num = 0
solve_result = solved

---------------------------- Solution data ----------------------------
card(figures) = 50

coords [*,*,1]
:       1         2         3         4       :=
1    20.5139   19.4861   20.4404   19.4861
2    19.5143   19.81     19.4861   20.0034
3    19.4875   20.4412   20.5139   19.4861
4    19.4861   20.4404   19.4861   20.5139
5    19.4861   19.4861   19.4861   20.5139
6    20.5139   19.9263   19.9943   20.5139
7    19.5143   20.0034   19.4861   19.81
8    19.5014   20.5139   19.9986   20.5139
9    19.81     19.5143   20.0034   19.4861
10   19.4967   20.5139   19.4863   20.4468
11   19.5039   20.5139   19.9988   19.9302
12   20.0034   19.4861   19.5143   19.81
13   19.5143   19.4861   19.81     20.0034
14   19.5014   19.9265   19.9986   20.5139
15   20.5139   19.4861   20.4404   19.4861
16   19.9903   20.5139   19.5374   20.5139
17   19.4861   19.4861   19.4861   20.0048
18   19.5374   20.5139   20.5139   19.9903
19   20.0034   19.5143   19.81     19.4861
20   19.5039   19.9988   20.5139   19.9302
21   19.4861   20.4404   20.5139   19.4861
22   20.5139   20.4404   19.4861   19.4861
23   20.0034   19.4861   19.5143   19.81
24   19.9302   19.9988   20.5139   19.5039
25   20.0034   19.5143   19.81     19.4861
26   20.5139   19.9988   19.5039   19.9302
27   20.5139   19.4861   20.4404   19.4861
28   19.4861   19.4861   20.5139   20.4404
29   19.9986   19.5014   20.5139   19.4861
30   20.5139   19.5039   19.9302   19.9988
31   19.4861   19.4861   20.5139   20.4405
32   19.4872   20.5139   19.4873   20.4514
33   19.9988   19.5039   19.9302   20.5139
34   19.9302   19.5039   20.5139   19.9988
35   19.81     20.0034   19.4861   19.5143
36   20.0034   19.5143   19.4861   19.81
37   19.81     20.0034   19.5143   19.4861
38   19.81     20.0034   19.4861   19.5143
39   20.4404   20.5139   19.4861   19.4861
40   19.4861   20.4404   19.4861   20.5139
41   19.5143   19.81     19.4861   20.0034
42   19.4861   20.5139   19.4861   20.4404
43   20.5139   20.5139   19.9903   19.5374
44   20.5139   19.5039   19.9302   19.9988
45   20.4404   19.4861   20.5139   19.4861
46   19.81     19.4861   20.0034   19.5143
47   19.9903   20.5139   19.5374   20.5139
48   19.9302   19.5039   20.5139   19.9988
49   19.4861   20.0034   19.81     19.5143
50   20.5139   20.4406   19.4863   19.4861

 [*,*,2]
:       1         2         3         4       :=
1    19.9764   19.4861   19.4861   20.5139
2    19.5094   19.4861   20.5139   20.3426
3    20.5139   19.4861   19.9757   19.4861
4    20.5139   19.4861   19.4861   19.9764
5    19.4861   20.5139   19.4861   19.5478
6    19.4861   19.4905   20.5097   20.015
7    19.5094   20.3426   20.5139   19.4861
8    19.9666   20.015    20.5139   20.5139
9    19.4861   19.5094   20.3426   20.5139
10   20.5139   19.9717   19.4861   19.4861
11   19.8774   19.4861   20.5049   19.4861
12   20.3426   20.5139   19.5094   19.4861
13   19.5094   20.5139   19.4861   20.3426
14   19.9666   19.4929   20.5139   20.015
15   19.9764   19.4861   19.4861   20.5139
16   20.5139   19.9414   19.8419   19.4861
17   19.4861   20.5139   20.5139   20.29
18   19.8419   19.9414   19.4861   20.5139
19   20.3426   19.5094   19.4861   20.5139
20   19.8774   20.5049   19.4861   19.4861
21   20.5139   19.4861   19.9764   19.4861
22   19.9764   19.4861   19.4861   20.5139
23   20.3426   20.5139   19.5094   19.4861
24   19.4861   20.5049   19.4861   19.8774
25   20.3426   19.5094   19.4861   20.5139
26   19.4861   20.5049   19.8774   19.4861
27   19.9764   19.4861   19.4861   20.5139
28   20.5139   19.4861   19.9764   19.4861
29   20.5139   19.9666   20.5139   20.5139
30   19.4861   19.8774   19.4861   20.5049
31   20.5139   19.4861   19.9764   19.4861
32   20.5139   19.9499   19.4861   19.4861
33   20.5049   19.8774   19.4861   19.4861
34   19.4861   19.8774   19.4861   20.5049
35   19.4861   20.3426   20.5139   19.5094
36   20.3426   19.5094   20.5139   19.4861
37   19.4861   20.3426   19.5094   20.5139
38   19.4861   20.3426   20.5139   19.5094
39   19.4861   19.9764   19.4861   20.5139
40   20.5139   19.4861   19.4861   19.9764
41   19.5094   19.4861   20.5139   20.3426
42   19.4861   19.9764   20.5139   19.4861
43   19.4861   19.9414   20.5139   19.8419
44   19.4861   19.8774   19.4861   20.5049
45   19.4861   19.4861   19.9764   20.5139
46   19.4861   20.5139   20.3426   19.5094
47   20.5139   19.4861   19.8419   19.9414
48   19.4861   19.8774   19.4861   20.5049
49   20.5139   20.3426   19.4861   19.5094
50   19.9763   19.4861   20.5139   19.4861

 [*,*,3]
:       1         2         3         4       :=
1    20.5139   19.976    20.2759   20.4264
2    19.4861   20.0778   19.4861   20.5139
3    20.431    20.2763   20.5139   19.976
4    20.4264   20.2759   19.976    20.5139
5    19.976    20.5139   20.5139   20.5139
6    20.0933   19.541    20.5139   19.4861
7    19.4861   20.5139   19.4861   20.0778
8    19.4861   19.4861   20.5139   19.4861
9    20.0778   19.4861   20.5139   19.4861
10   20.4541   20.5139   19.9761   20.2786
11   19.4861   20.0933   20.5139   19.5406
12   20.5139   19.4861   19.4861   20.0778
13   19.4861   19.4861   20.0778   20.5139
14   19.4861   19.5432   20.5139   19.4861
15   20.5139   19.976    20.2759   20.4264
16   20.5139   20.4992   19.4861   20.0933
17   19.4861   20.4264   19.4861   20.5139
18   19.4861   20.4992   20.0933   20.5139
19   20.5139   19.4861   20.0778   19.4861
20   19.4861   20.5139   20.0933   19.5406
21   20.4264   20.2759   20.5139   19.976
22   20.5139   20.2759   19.976    20.4264
23   20.5139   19.4861   19.4861   20.0778
24   19.5406   20.5139   20.0933   19.4861
25   20.5139   19.4861   20.0778   19.4861
26   20.0933   20.5139   19.4861   19.5406
27   20.5139   19.976    20.2759   20.4264
28   20.4264   19.976    20.5139   20.2759
29   20.5139   19.4861   19.4861   19.4861
30   20.0933   19.4861   19.5406   20.5139
31   20.4266   19.976    20.5139   20.276
32   20.5138   20.5139   19.9766   20.4507
33   20.5139   19.4861   19.5406   20.0933
34   19.5406   19.4861   20.0933   20.5139
35   20.0778   20.5139   19.4861   19.4861
36   20.5139   19.4861   19.4861   20.0778
37   20.0778   20.5139   19.4861   19.4861
38   20.0778   20.5139   19.4861   19.4861
39   20.2759   20.5139   19.976    20.4264
40   20.4264   20.2759   19.976    20.5139
41   19.4861   20.0778   19.4861   20.5139
42   19.976    20.5139   20.4265   20.2759
43   20.0933   20.4992   20.5139   19.4861
44   20.0933   19.4861   19.5406   20.5139
45   20.276    19.976    20.5139   20.4265
46   20.0778   19.4861   20.5139   19.4861
47   20.5139   20.0933   19.4861   20.4992
48   19.5406   19.4861   20.0933   20.5139
49   19.4861   20.5139   20.0778   19.4861
50   20.5139   20.276    20.4272   19.976
;

side = 1.02787
softness = 0.99

---------------------------- Solution coords data ----------------------------
distances [*,1,*]
:    1   2   3   4    :=
1    0   1   0   1
2    0   1   0   1
3    0   1   0   1
4    0   1   0   1
5    0   1   0   1
6    0   1   0   1
7    0   1   0   1
8    0   1   0   1
9    0   1   0   1
10   0   1   0   1
11   0   1   0   1
12   0   1   0   1
13   0   1   0   1
14   0   1   0   1
15   0   1   0   1
16   0   1   0   1
17   0   1   0   1
18   0   1   0   1
19   0   1   0   1
20   0   1   0   1
21   0   1   0   1
22   0   1   0   1
23   0   1   0   1
24   0   1   0   1
25   0   1   0   1
26   0   1   0   1
27   0   1   0   1
28   0   1   0   1
29   0   1   0   1
30   0   1   0   1
31   0   1   0   1
32   0   1   0   1
33   0   1   0   1
34   0   1   0   1
35   0   1   0   1
36   0   1   0   1
37   0   1   0   1
38   0   1   0   1
39   0   1   0   1
40   0   1   0   1
41   0   1   0   1
42   0   1   0   1
43   0   1   0   1
44   0   1   0   1
45   0   1   0   1
46   0   1   0   1
47   0   1   0   1
48   0   1   0   1
49   0   1   0   1
50   0   1   0   1

 [*,2,*]
:    1   2   3   4    :=
1    0   0   1   1
2    0   0   1   1
3    0   0   1   1
4    0   0   1   1
5    0   0   1   1
6    0   0   1   1
7    0   0   1   1
8    0   0   1   1
9    0   0   1   1
10   0   0   1   1
11   0   0   1   1
12   0   0   1   1
13   0   0   1   1
14   0   0   1   1
15   0   0   1   1
16   0   0   1   1
17   0   0   1   1
18   0   0   1   1
19   0   0   1   1
20   0   0   1   1
21   0   0   1   1
22   0   0   1   1
23   0   0   1   1
24   0   0   1   1
25   0   0   1   1
26   0   0   1   1
27   0   0   1   1
28   0   0   1   1
29   0   0   1   1
30   0   0   1   1
31   0   0   1   1
32   0   0   1   1
33   0   0   1   1
34   0   0   1   1
35   0   0   1   1
36   0   0   1   1
37   0   0   1   1
38   0   0   1   1
39   0   0   1   1
40   0   0   1   1
41   0   0   1   1
42   0   0   1   1
43   0   0   1   1
44   0   0   1   1
45   0   0   1   1
46   0   0   1   1
47   0   0   1   1
48   0   0   1   1
49   0   0   1   1
50   0   0   1   1

 [*,3,*]
:    1   2   3   4    :=
1    1   0   0   1
2    1   0   0   1
3    1   0   0   1
4    1   0   0   1
5    1   0   0   1
6    1   0   0   1
7    1   0   0   1
8    1   0   0   1
9    1   0   0   1
10   1   0   0   1
11   1   0   0   1
12   1   0   0   1
13   1   0   0   1
14   1   0   0   1
15   1   0   0   1
16   1   0   0   1
17   1   0   0   1
18   1   0   0   1
19   1   0   0   1
20   1   0   0   1
21   1   0   0   1
22   1   0   0   1
23   1   0   0   1
24   1   0   0   1
25   1   0   0   1
26   1   0   0   1
27   1   0   0   1
28   1   0   0   1
29   1   0   0   1
30   1   0   0   1
31   1   0   0   1
32   1   0   0   1
33   1   0   0   1
34   1   0   0   1
35   1   0   0   1
36   1   0   0   1
37   1   0   0   1
38   1   0   0   1
39   1   0   0   1
40   1   0   0   1
41   1   0   0   1
42   1   0   0   1
43   1   0   0   1
44   1   0   0   1
45   1   0   0   1
46   1   0   0   1
47   1   0   0   1
48   1   0   0   1
49   1   0   0   1
50   1   0   0   1

 [*,4,*]
:    1   2   3   4    :=
1    1   1   1   0
2    1   1   1   0
3    1   1   1   0
4    1   1   1   0
5    1   1   1   0
6    1   1   1   0
7    1   1   1   0
8    1   1   1   0
9    1   1   1   0
10   1   1   1   0
11   1   1   1   0
12   1   1   1   0
13   1   1   1   0
14   1   1   1   0
15   1   1   1   0
16   1   1   1   0
17   1   1   1   0
18   1   1   1   0
19   1   1   1   0
20   1   1   1   0
21   1   1   1   0
22   1   1   1   0
23   1   1   1   0
24   1   1   1   0
25   1   1   1   0
26   1   1   1   0
27   1   1   1   0
28   1   1   1   0
29   1   1   1   0
30   1   1   1   0
31   1   1   1   0
32   1   1   1   0
33   1   1   1   0
34   1   1   1   0
35   1   1   1   0
36   1   1   1   0
37   1   1   1   0
38   1   1   1   0
39   1   1   1   0
40   1   1   1   0
41   1   1   1   0
42   1   1   1   0
43   1   1   1   0
44   1   1   1   0
45   1   1   1   0
46   1   1   1   0
47   1   1   1   0
48   1   1   1   0
49   1   1   1   0
50   1   1   1   0
;

---------------------------- Solution stats data ----------------------------
_ampl_time = 0.057383
_total_solve_time = 7632.35
_ampl_elapsed_time = 0.054196
_ampl_user_time = 0.046493

Total time elapsed: $7632.35.
_total_solve_time = 7632.35

---------------------------- Solution miscs data ----------------------------
tetrahedron_volume [*] :=
 1 0    6 0   11 0   16 0   21 0   26 0   31 0   36 0   41 0   46 0
 2 0    7 0   12 0   17 0   22 0   27 0   32 0   37 0   42 0   47 0
 3 0    8 0   13 0   18 0   23 0   28 0   33 0   38 0   43 0   48 0
 4 0    9 0   14 0   19 0   24 0   29 0   34 0   39 0   44 0   49 0
 5 0   10 0   15 0   20 0   25 0   30 0   35 0   40 0   45 0   50 0
;

---------------------------- Solution miscs data ----------------------------
tetrahedron_surface_area [*] :=
 1 1.73205   10 1.73205   19 1.73205   28 1.73205   37 1.73205   46 1.73205
 2 1.73205   11 1.73205   20 1.73205   29 1.73205   38 1.73205   47 1.73205
 3 1.73205   12 1.73205   21 1.73205   30 1.73205   39 1.73205   48 1.73205
 4 1.73205   13 1.73205   22 1.73205   31 1.73205   40 1.73205   49 1.73205
 5 1.73205   14 1.73205   23 1.73205   32 1.73205   41 1.73205   50 1.73205
 6 1.73205   15 1.73205   24 1.73205   33 1.73205   42 1.73205
 7 1.73205   16 1.73205   25 1.73205   34 1.73205   43 1.73205
 8 1.73205   17 1.73205   26 1.73205   35 1.73205   44 1.73205
 9 1.73205   18 1.73205   27 1.73205   36 1.73205   45 1.73205
;

