Error at _cmdno 5 executing "solve" command
(file amplin, line 1977, offset 37900):
error processing param distances:
	3600 invalid subscripts discarded:
	distances[76,1,1]
	distances[76,1,2]
	distances[76,1,3]
	and 3597 more.
##### This license is only intended for use by NEOS. #####
##### License is valid until Jan 16, 2026 #####
ariables.
Adjusted problem:
14776 variables:
	9225 nonlinear variables
	5551 linear variables
30525 constraints; 179175 nonzeros
	25950 nonlinear constraints
	4575 linear constraints
	2850 equality constraints
	27675 inequality constraints
1 linear objective; 1 nonzero.

Artelys Knitro 14.2.0: threads=4
algorithm=1
ms_enable=1
ms_maxsolves=10
feastol=1e-5
opttol=1e-5
honorbnds=1
bar_initpt=3
bar_murule=4
scale=1
outlev=2
maxtime_real=1200
WARNING:  Option 'threads' is deprecated, please use 'numthreads'.

=======================================
           Academic License
       (NOT FOR COMMERCIAL USE)
         Artelys Knitro 14.2.0
=======================================

No start point provided -- Knitro computing one.

Knitro presolve eliminated 0 variables and 0 constraints.

algorithm                1
bar_initpt               3
bar_murule               4
concurrent_evals         0
datacheck                0
feastol                  1e-05
findiff_numthreads       1
hessian_no_f             1
hessopt                  1
honorbnds                1
maxtime_real             1200
ms_enable                1
ms_maxsolves             10
numthreads               4
opttol                   1e-05

Problem Characteristics                                 (   Presolved)
-----------------------
Objective goal:  Minimize
Objective type:  linear
Number of variables:                              14776 (       14776)
    bounded below only:                             901 (         901)
    bounded above only:                               0 (           0)
    bounded below and above:                          0 (           0)
    fixed:                                            0 (           0)
    free:                                         13875 (       13875)
Number of constraints:                            30525 (       30525)
    linear equalities:                                0 (           0)
    quadratic equalities:                          2775 (        2775)
    gen. nonlinear equalities:                       75 (          75)
    linear one-sided inequalities:                 4575 (        4575)
    quadratic one-sided inequalities:             23100 (       23100)
    gen. nonlinear one-sided inequalities:            0 (           0)
    linear two-sided inequalities:                    0 (           0)
    quadratic two-sided inequalities:                 0 (           0)
    gen. nonlinear two-sided inequalities:            0 (           0)
Number of nonzeros in Jacobian:                  179175 (      179175)
Number of nonzeros in Hessian:                    80775 (       80775)

Knitro parallel multistart will run with 4 threads.

Return codes description
------------------------
  0:  The final solution satisfies the termination conditions for verifying optimality.
  -100 to -199:  A feasible approximate solution was found.
  -200 to -299:  Knitro terminated at an infeasible point.
  -300 to -301:  The problem was determined to be unbounded.
  -400 to -499:  Knitro terminated because it reached a pre-defined limit.
    -400 to -409:  A feasible point was found.
    -410 to -419:  No feasible point was found.
  -500 to -599:  Knitro terminated with an input error or some non-standard error.
A more detailed description of individual return codes and their corresponding
termination messages is provided at
https://www.artelys.com/app/docs/knitro/3_referenceManual/returnCodes.html

 Solve #  ThreadID  Status     Objective      FeasError    OptError    Real Time 
--------  --------  ------  --------------   ----------   ----------  ----------
      0          0       0         2.43302  1.05652e-04  7.63560e-06      946.901
      8          0    -202         22628.0      1.61052     0.999990      1741.85
      3          1    -410         5419.24      35335.7      9.62439      2500.83
      4          0    -410         3911.89  2.26959e-02      1.78854      2567.99
      6          1    -410         2329.81  2.05284e-03     0.371759      2476.35
      2          3    -410         4854.72  3.20135e-02     0.112490      2667.91
      1          2    -410         2259.22  3.83963e-02      1.36619      2320.00
      9          1    -410         1704.88  2.79738e-04     0.459949      2521.29
      7          3    -410         23909.5  6.30487e-02      5.33637      2900.65
      5          2    -410         26326.4  4.63126e-03  6.12358e-02      2796.79

MULTISTART: Best locally optimal solution is returned.
EXIT: Locally optimal solution found.

Final Statistics
----------------
Final objective value               =   2.43302312884874e+00
Final feasibility error (abs / rel) =   1.06e-04 / 5.84e-06
Final optimality error  (abs / rel) =   7.64e-06 / 7.64e-06
# of iterations                     =      91188 
# of CG iterations                  =          0 
# of function evaluations           =     135341
# of gradient evaluations           =      91484
# of Hessian evaluations            =      91266
Total program time (secs)           =    7501.18506 ( 23348.445 CPU time)

===============================================================================

Knitro 14.2.0: Locally optimal or satisfactory solution.
objective 2.433023129; feasibility error 0.000106
91188 iterations; 135341 function evaluations

suffix feaserror OUT;
suffix opterror OUT;
suffix numfcevals OUT;
suffix numiters OUT;
---------------------------- Container and geometric considerations  ----------------------------
Container type: cube
Structural conservation type: surface
---------------------------- Solution execution data ----------------------------
solve_result_num = 0
solve_result = solved

---------------------------- Solution data ----------------------------
card(figures) = 75

coords [*,*,1]
:       1         2         3         4       :=
1    21.2165   20.3864   20.3645   20.4186
2    18.8764   18.7835   19.5919   19.6094
3    19.8185   19.6014   20.429    20.3823
4    19.4963   19.3165   18.7835   18.7835
5    20.3485   21.2165   21.2165   20.8137
6    19.4032   18.7835   19.8323   19.2849
7    19.6175   20.4229   20.3903   19.7963
8    20.0112   20.0653   20.6452   19.7484
9    21.2165   20.4781   21.2165   21.2165
10   18.9461   19.6337   18.7835   18.7835
11   19.6143   19.7836   20.5042   19.8525
12   18.7835   18.7835   18.7835   19.5722
13   20.2403   19.8217   20.3875   20.8437
14   19.7111   19.6403   19.1632   18.7835
15   20.1535   19.4136   19.497    20.2922
16   20.8437   21.2165   20.5891   20.2934
17   19.5786   18.7835   19.5421   18.8302
18   19.855    20.4811   19.7836   20.4401
19   20.4199   20.4255   21.1752   21.06
20   21.2165   21.2165   20.9393   20.3594
21   21.0784   21.2165   21.2165   20.3872
22   18.7835   18.7835   19.3352   19.6709
23   20.5937   20.2936   21.2165   20.446
24   19.3282   19.6494   20.1759   20.2557
25   21.2165   20.4006   21.2165   21.1247
26   19.5499   20.1494   19.3101   19.2937
27   18.7835   18.7835   18.7835   19.6118
28   20.4145   21.2165   21.2165   21.2165
29   20.2465   20.9035   21.2165   20.4219
30   20.8935   19.9989   20.8209   20.484
31   19.6438   19.6989   20.448    19.5722
32   19.7166   19.5505   18.9655   18.8799
33   21.2165   21.2165   20.4031   21.2165
34   19.4875   20.0399   20.3247   20.362
35   19.2414   19.8781   20.2119   19.5437
36   19.6396   20.4256   19.792    19.4193
37   20.0535   19.1967   19.6961   19.9221
38   20.0229   20.6644   19.9871   20.6126
39   21.1695   20.342    20.3173   20.8056
40   20.485    19.6194   19.949    20.3276
41   19.0567   19.6585   18.7835   18.7835
42   20.2557   20.6474   20.2158   19.6494
43   20.1572   20.433    21.0493   20.319
44   19.7688   20.3149   19.2717   19.7945
45   20.8587   19.9296   20.2428   20.7945
46   20.4832   20.7176   21.2165   21.2165
47   21.0545   21.0356   20.2562   20.2783
48   20.3464   21.2165   21.2165   21.2165
49   20.0089   20.1237   20.6756   19.6579
50   18.7835   18.7835   19.5437   19.2162
51   20.9114   20.4347   20.3315   21.0954
52   20.564    19.9442   20.993    20.4457
53   20.2428   20.8587   20.0273   19.9641
54   19.246    19.9564   20.2315   20.0211
55   19.0423   19.2659   20.0152   19.3062
56   19.2162   18.7835   19.5437   19.7413
57   20.8314   20.583    19.8821   20.281
58   20.5314   20.3124   21.2165   20.3461
59   18.7835   18.7835   19.6154   18.7835
60   19.6699   19.6947   19.3387   18.7859
61   19.4196   19.6282   19.8954   20.3788
62   19.9374   20.3133   20.4071   20.9739
63   19.3395   20.0583   19.4833   19.0375
64   19.4579   19.5729   19.0026   20.0514
65   20.6386   20.7533   21.2165   20.1677
66   19.5981   20.3647   20.4199   20.3847
67   21.2165   21.2165   20.4148   21.2165
68   19.8383   20.1978   20.8352   20.2859
69   18.9029   18.7835   18.7835   19.6285
70   19.1791   19.7984   19.6279   20.1244
71   18.8099   19.7105   19.5831   19.6436
72   19.0719   18.7835   18.8349   19.67
73   19.6511   19.5348   19.728    18.8886
74   21.2165   20.398    21.2165   20.5404
75   18.9712   19.4421   19.7295   19.9638

 [*,*,2]
:       1         2         3         4       :=
1    20.3108   20.208    20.6833   19.6566
2    19.5921   20.1687   20.3518   19.6537
3    19.4748   20.0928   19.6077   20.2375
4    20.7567   19.9242   20.1523   20.7089
5    20.0257   20.6138   19.6541   20.3474
6    19.6296   18.7835   18.7835   18.948
7    20.0473   20.2138   20.6995   20.8929
8    21.2165   20.3723   21.2165   21.2165
9    20.9383   20.5316   19.9444   20.7314
10   19.5348   19.6413   19.0272   20.076
11   19.9147   18.8796   19.5861   19.4822
12   18.7835   19.6296   18.7835   19.0843
13   20.7484   21.1491   20.3473   21.2165
14   20.6659   20.1353   21.0693   20.316
15   20.4732   21.2165   20.6688   21.2165
16   21.2165   20.5352   21.2165   20.4022
17   19.0764   19.7427   19.7356   18.9656
18   19.5041   18.794    18.8796   19.5785
19   20.2744   19.6708   20.2498   19.576
20   18.7835   19.5808   18.7835   19.1318
21   20.389    19.4536   19.7393   19.6235
22   19.7731   20.1231   20.5391   19.7066
23   21.2165   20.4027   20.5334   20.4169
24   19.5691   18.7835   19.0416   19.6388
25   19.1906   19.6697   20.2394   19.7019
26   20.6249   20.4761   20.0339   21.0825
27   19.573    20.1203   19.0715   19.6913
28   20.067    19.6541   20.6397   19.9278
29   21.2165   21.2165   20.8509   20.4042
30   19.8042   19.2568   18.7835   19.3863
31   19.5088   19.9339   19.3451   18.9083
32   19.6801   18.9935   18.9515   19.7445
33   18.7835   19.6049   18.9429   18.7835
34   19.2397   19.1517   19.8296   18.7835
35   20.438    21.1708   20.5519   21.2165
36   19.9882   20.2121   20.8936   20.1839
37   20.0019   19.907    20.8198   20.0872
38   21.2165   21.2018   20.5389   20.3533
39   19.569    20.0299   19.436    20.3395
40   19.2857   19.5947   20.0478   20.2027
41   20.2981   21.0321   21.2165   20.7089
42   19.6388   18.7835   18.9352   18.7835
43   19.1587   19.6341   19.5637   20.1922
44   19.5803   18.7835   18.7835   18.8698
45   19.7829   20.2599   19.6691   20.4699
46   20.3752   21.2165   20.9091   20.4113
47   20.0693   20.8635   20.61     20.1609
48   19.2854   19.6629   18.7835   19.579
49   20.4698   21.0821   20.2983   20.2153
50   21.2165   20.7186   21.2165   20.3731
51   18.8003   19.6349   19.1486   19.662
52   18.8656   18.7835   18.7835   19.5841
53   19.6691   19.7829   20.2602   19.2355
54   19.6656   19.1116   19.6382   20.1584
55   20.8881   20.3827   20.6125   19.8902
56   20.3731   21.2165   21.2165   21.1722
57   21.1983   21.2165   21.2165   20.3839
58   19.5536   20.1747   19.7601   19.2285
59   19.1395   20.1629   19.7297   19.8035
60   19.7      19.9039   20.5402   19.7756
61   20.1942   19.9848   19.4015   20.2102
62   18.7835   19.5683   18.7835   18.7835
63   18.7835   18.7835   19.5219   18.7835
64   19.5984   18.7835   18.7835   18.7835
65   20.4079   21.2054   21.2165   21.2165
66   20.0994   20.6796   19.6323   20.238
67   20.9141   20.4638   20.3233   19.8653
68   20.33     20.3892   20.4759   19.6003
69   19.7212   20.6686   20.0841   20.3934
70   21.1043   20.6634   20.1595   21.0833
71   19.7671   20.0181   19.0844   19.7585
72   20.3882   21.2165   21.2165   21.2165
73   19.8817   18.9795   19.6802   19.7418
74   19.58     18.9486   18.7835   19.4263
75   21.2165   20.373    21.1996   21.2165

 [*,*,3]
:       1         2         3         4       :=
1    21.0285   20.3958   21.2165   21.2165
2    19.5311   18.7835   19.4261   18.7835
3    20.3595   21.0643   21.2018   20.3793
4    20.5895   21.2016   20.3276   21.2165
5    20.1313   20.1568   19.8075   19.3005
6    21.2165   21.2165   21.2165   20.4282
7    20.9384   20.2875   21.2165   20.5025
8    20.174    19.6943   19.4682   19.1586
9    21.1136   20.6785   20.7787   20.0854
10   19.5682   18.7835   18.7835   18.7835
11   21.2165   21.2165   21.2165   20.4064
12   18.9636   19.5833   20.0124   19.3965
13   21.0362   20.285    20.1041   20.4734
14   19.5667   18.7835   18.7835   19.2245
15   21.2165   21.2165   20.4443   20.6436
16   20.4734   19.7704   19.5595   20.1075
17   19.3965   19.551    20.1206   20.1017
18   20.377    20.438    21.2165   21.1329
19   20.3414   21.1214   21.0687   20.2917
20   20.085    20.6636   21.0965   20.295
21   19.4608   19.7926   18.7835   19.2704
22   20.7057   19.8221   20.6112   20.195
23   19.5582   20.1071   19.7715   19.0695
24   19.1044   19.5293   18.7835   19.5603
25   21.2165   21.1473   21.2165   20.3892
26   20.426    21.2165   21.2165   21.2165
27   20.4112   21.2165   21.2165   21.0436
28   20.132    19.8075   20.1662   20.7933
29   21.2165   20.399    21.2165   20.7589
30   18.7835   18.7835   18.799    19.5884
31   20.205    19.2951   19.6939   19.4741
32   20.0829   20.8192   20.0119   20.5255
33   19.8323   19.2581   19.2449   18.7835
34   20.3734   19.6043   20.3522   20.4171
35   20.3371   20.7342   19.9561   19.8476
36   20.9434   20.2861   20.5054   19.9969
37   20.0067   19.5539   19.6854   18.9697
38   18.7835   19.4823   19.5832   18.8679
39   19.7345   20.1338   19.2809   19.3175
40   19.7744   20.0583   19.2928   20.2585
41   20.291    20.7371   20.4151   21.2165
42   19.5603   19.683    18.7835   19.5293
43   20.4039   21.1771   20.3314   20.3294
44   20.4379   20.4123   20.3038   21.2089
45   18.7835   18.8796   19.5799   19.4345
46   19.0818   19.6626   18.7927   19.7159
47   20.6283   20.1098   20.7643   19.929
48   20.1556   19.7079   20.0639   20.6623
49   19.6273   18.7835   18.836    18.7835
50   20.4151   19.492    19.8476   20.378
51   21.0579   21.1768   20.2564   20.4891
52   20.3744   21.2165   21.2165   21.1292
53   19.5799   18.7835   18.7835   18.7835
54   19.192    18.7835   19.55     18.7835
55   19.613    20.4261   19.8915   19.6163
56   20.378    20.4151   19.8476   20.8087
57   20.4652   19.5374   20.3177   20.0993
58   19.5146   20.3308   20.2662   20.3895
59   19.9514   19.7218   20.1791   20.6291
60   20.1938   21.2165   20.6096   20.7089
61   19.9519   20.9536   20.1642   20.2754
62   19.5736   19.9514   20.5068   19.7333
63   19.3546   20.1183   19.9634   20.359
64   18.9525   19.6027   18.7835   18.7835
65   18.9398   19.6113   18.7835   18.7835
66   21.0569   21.2165   21.2165   20.3772
67   18.7835   19.6185   19.1127   18.7835
68   19.1599   20.1435   19.4462   19.6239
69   19.7664   19.7497   18.8789   19.4177
70   18.861    19.5836   18.7835   18.7835
71   19.5988   19.3002   19.4091   20.2103
72   19.3586   18.7835   19.7559   19.1214
73   21.1115   20.8413   20.0852   20.5229
74   19.2755   19.238    19.8727   20.0452
75   19.6523   19.6498   19.0717   19.9908
;

side = 2.43302
softness = 0.1

---------------------------- Solution coords data ----------------------------
distances [*,1,*]
:    1   2   3   4    :=
1    0   1   0   1
2    0   1   0   1
3    0   1   0   1
4    0   1   0   1
5    0   1   0   1
6    0   1   0   1
7    0   1   0   1
8    0   1   0   1
9    0   1   0   1
10   0   1   0   1
11   0   1   0   1
12   0   1   0   1
13   0   1   0   1
14   0   1   0   1
15   0   1   0   1
16   0   1   0   1
17   0   1   0   1
18   0   1   0   1
19   0   1   0   1
20   0   1   0   1
21   0   1   0   1
22   0   1   0   1
23   0   1   0   1
24   0   1   0   1
25   0   1   0   1
26   0   1   0   1
27   0   1   0   1
28   0   1   0   1
29   0   1   0   1
30   0   1   0   1
31   0   1   0   1
32   0   1   0   1
33   0   1   0   1
34   0   1   0   1
35   0   1   0   1
36   0   1   0   1
37   0   1   0   1
38   0   1   0   1
39   0   1   0   1
40   0   1   0   1
41   0   1   0   1
42   0   1   0   1
43   0   1   0   1
44   0   1   0   1
45   0   1   0   1
46   0   1   0   1
47   0   1   0   1
48   0   1   0   1
49   0   1   0   1
50   0   1   0   1
51   0   1   0   1
52   0   1   0   1
53   0   1   0   1
54   0   1   0   1
55   0   1   0   1
56   0   1   0   1
57   0   1   0   1
58   0   1   0   1
59   0   1   0   1
60   0   1   0   1
61   0   1   0   1
62   0   1   0   1
63   0   1   0   1
64   0   1   0   1
65   0   1   0   1
66   0   1   0   1
67   0   1   0   1
68   0   1   0   1
69   0   1   0   1
70   0   1   0   1
71   0   1   0   1
72   0   1   0   1
73   0   1   0   1
74   0   1   0   1
75   0   1   0   1

 [*,2,*]
:    1   2   3   4    :=
1    0   0   1   1
2    0   0   1   1
3    0   0   1   1
4    0   0   1   1
5    0   0   1   1
6    0   0   1   1
7    0   0   1   1
8    0   0   1   1
9    0   0   1   1
10   0   0   1   1
11   0   0   1   1
12   0   0   1   1
13   0   0   1   1
14   0   0   1   1
15   0   0   1   1
16   0   0   1   1
17   0   0   1   1
18   0   0   1   1
19   0   0   1   1
20   0   0   1   1
21   0   0   1   1
22   0   0   1   1
23   0   0   1   1
24   0   0   1   1
25   0   0   1   1
26   0   0   1   1
27   0   0   1   1
28   0   0   1   1
29   0   0   1   1
30   0   0   1   1
31   0   0   1   1
32   0   0   1   1
33   0   0   1   1
34   0   0   1   1
35   0   0   1   1
36   0   0   1   1
37   0   0   1   1
38   0   0   1   1
39   0   0   1   1
40   0   0   1   1
41   0   0   1   1
42   0   0   1   1
43   0   0   1   1
44   0   0   1   1
45   0   0   1   1
46   0   0   1   1
47   0   0   1   1
48   0   0   1   1
49   0   0   1   1
50   0   0   1   1
51   0   0   1   1
52   0   0   1   1
53   0   0   1   1
54   0   0   1   1
55   0   0   1   1
56   0   0   1   1
57   0   0   1   1
58   0   0   1   1
59   0   0   1   1
60   0   0   1   1
61   0   0   1   1
62   0   0   1   1
63   0   0   1   1
64   0   0   1   1
65   0   0   1   1
66   0   0   1   1
67   0   0   1   1
68   0   0   1   1
69   0   0   1   1
70   0   0   1   1
71   0   0   1   1
72   0   0   1   1
73   0   0   1   1
74   0   0   1   1
75   0   0   1   1

 [*,3,*]
:    1   2   3   4    :=
1    1   0   0   1
2    1   0   0   1
3    1   0   0   1
4    1   0   0   1
5    1   0   0   1
6    1   0   0   1
7    1   0   0   1
8    1   0   0   1
9    1   0   0   1
10   1   0   0   1
11   1   0   0   1
12   1   0   0   1
13   1   0   0   1
14   1   0   0   1
15   1   0   0   1
16   1   0   0   1
17   1   0   0   1
18   1   0   0   1
19   1   0   0   1
20   1   0   0   1
21   1   0   0   1
22   1   0   0   1
23   1   0   0   1
24   1   0   0   1
25   1   0   0   1
26   1   0   0   1
27   1   0   0   1
28   1   0   0   1
29   1   0   0   1
30   1   0   0   1
31   1   0   0   1
32   1   0   0   1
33   1   0   0   1
34   1   0   0   1
35   1   0   0   1
36   1   0   0   1
37   1   0   0   1
38   1   0   0   1
39   1   0   0   1
40   1   0   0   1
41   1   0   0   1
42   1   0   0   1
43   1   0   0   1
44   1   0   0   1
45   1   0   0   1
46   1   0   0   1
47   1   0   0   1
48   1   0   0   1
49   1   0   0   1
50   1   0   0   1
51   1   0   0   1
52   1   0   0   1
53   1   0   0   1
54   1   0   0   1
55   1   0   0   1
56   1   0   0   1
57   1   0   0   1
58   1   0   0   1
59   1   0   0   1
60   1   0   0   1
61   1   0   0   1
62   1   0   0   1
63   1   0   0   1
64   1   0   0   1
65   1   0   0   1
66   1   0   0   1
67   1   0   0   1
68   1   0   0   1
69   1   0   0   1
70   1   0   0   1
71   1   0   0   1
72   1   0   0   1
73   1   0   0   1
74   1   0   0   1
75   1   0   0   1

 [*,4,*]
:    1   2   3   4    :=
1    1   1   1   0
2    1   1   1   0
3    1   1   1   0
4    1   1   1   0
5    1   1   1   0
6    1   1   1   0
7    1   1   1   0
8    1   1   1   0
9    1   1   1   0
10   1   1   1   0
11   1   1   1   0
12   1   1   1   0
13   1   1   1   0
14   1   1   1   0
15   1   1   1   0
16   1   1   1   0
17   1   1   1   0
18   1   1   1   0
19   1   1   1   0
20   1   1   1   0
21   1   1   1   0
22   1   1   1   0
23   1   1   1   0
24   1   1   1   0
25   1   1   1   0
26   1   1   1   0
27   1   1   1   0
28   1   1   1   0
29   1   1   1   0
30   1   1   1   0
31   1   1   1   0
32   1   1   1   0
33   1   1   1   0
34   1   1   1   0
35   1   1   1   0
36   1   1   1   0
37   1   1   1   0
38   1   1   1   0
39   1   1   1   0
40   1   1   1   0
41   1   1   1   0
42   1   1   1   0
43   1   1   1   0
44   1   1   1   0
45   1   1   1   0
46   1   1   1   0
47   1   1   1   0
48   1   1   1   0
49   1   1   1   0
50   1   1   1   0
51   1   1   1   0
52   1   1   1   0
53   1   1   1   0
54   1   1   1   0
55   1   1   1   0
56   1   1   1   0
57   1   1   1   0
58   1   1   1   0
59   1   1   1   0
60   1   1   1   0
61   1   1   1   0
62   1   1   1   0
63   1   1   1   0
64   1   1   1   0
65   1   1   1   0
66   1   1   1   0
67   1   1   1   0
68   1   1   1   0
69   1   1   1   0
70   1   1   1   0
71   1   1   1   0
72   1   1   1   0
73   1   1   1   0
74   1   1   1   0
75   1   1   1   0
;

---------------------------- Solution stats data ----------------------------
_ampl_time = 0.095184
_total_solve_time = 23348.7
_ampl_elapsed_time = 0.092489
_ampl_user_time = 0.074355

Total time elapsed: $23348.74.
_total_solve_time = 23348.7

---------------------------- Solution miscs data ----------------------------
tetrahedron_volume [*] :=
 1 0    8 0   15 0   22 0   29 0   36 0   43 0   50 0   57 0   64 0   71 0
 2 0    9 0   16 0   23 0   30 0   37 0   44 0   51 0   58 0   65 0   72 0
 3 0   10 0   17 0   24 0   31 0   38 0   45 0   52 0   59 0   66 0   73 0
 4 0   11 0   18 0   25 0   32 0   39 0   46 0   53 0   60 0   67 0   74 0
 5 0   12 0   19 0   26 0   33 0   40 0   47 0   54 0   61 0   68 0   75 0
 6 0   13 0   20 0   27 0   34 0   41 0   48 0   55 0   62 0   69 0
 7 0   14 0   21 0   28 0   35 0   42 0   49 0   56 0   63 0   70 0
;

---------------------------- Solution miscs data ----------------------------
tetrahedron_surface_area [*] :=
 1 1.73205   14 1.73205   27 1.73205   40 1.73205   53 1.73205   66 1.73205
 2 1.73205   15 1.73205   28 1.73205   41 1.73205   54 1.73205   67 1.73205
 3 1.73205   16 1.73205   29 1.73205   42 1.73205   55 1.73205   68 1.73205
 4 1.73205   17 1.73205   30 1.73205   43 1.73205   56 1.73205   69 1.73205
 5 1.73205   18 1.73205   31 1.73205   44 1.73205   57 1.73205   70 1.73205
 6 1.73205   19 1.73205   32 1.73205   45 1.73205   58 1.73205   71 1.73205
 7 1.73205   20 1.73205   33 1.73205   46 1.73205   59 1.73205   72 1.73205
 8 1.73205   21 1.73205   34 1.73205   47 1.73205   60 1.73205   73 1.73205
 9 1.73205   22 1.73205   35 1.73205   48 1.73205   61 1.73205   74 1.73205
10 1.73205   23 1.73205   36 1.73205   49 1.73205   62 1.73205   75 1.73205
11 1.73205   24 1.73205   37 1.73205   50 1.73205   63 1.73205
12 1.73205   25 1.73205   38 1.73205   51 1.73205   64 1.73205
13 1.73205   26 1.73205   39 1.73205   52 1.73205   65 1.73205
;

