Error at _cmdno 5 executing "solve" command
(file amplin, line 1977, offset 37900):
error processing param distances:
	3600 invalid subscripts discarded:
	distances[76,1,1]
	distances[76,1,2]
	distances[76,1,3]
	and 3597 more.
##### This license is only intended for use by NEOS. #####
##### License is valid until Jan 16, 2026 #####
ariables.
Adjusted problem:
14776 variables:
	9225 nonlinear variables
	5551 linear variables
30525 constraints; 179175 nonzeros
	25950 nonlinear constraints
	4575 linear constraints
	2850 equality constraints
	27675 inequality constraints
1 linear objective; 1 nonzero.

Artelys Knitro 14.2.0: threads=4
algorithm=1
ms_enable=1
ms_maxsolves=10
feastol=1e-5
opttol=1e-5
honorbnds=1
bar_initpt=3
bar_murule=4
scale=1
outlev=2
maxtime_real=1200
WARNING:  Option 'threads' is deprecated, please use 'numthreads'.

=======================================
           Academic License
       (NOT FOR COMMERCIAL USE)
         Artelys Knitro 14.2.0
=======================================

No start point provided -- Knitro computing one.

Knitro presolve eliminated 0 variables and 0 constraints.

algorithm                1
bar_initpt               3
bar_murule               4
concurrent_evals         0
datacheck                0
feastol                  1e-05
findiff_numthreads       1
hessian_no_f             1
hessopt                  1
honorbnds                1
maxtime_real             1200
ms_enable                1
ms_maxsolves             10
numthreads               4
opttol                   1e-05

Problem Characteristics                                 (   Presolved)
-----------------------
Objective goal:  Minimize
Objective type:  linear
Number of variables:                              14776 (       14776)
    bounded below only:                             901 (         901)
    bounded above only:                               0 (           0)
    bounded below and above:                          0 (           0)
    fixed:                                            0 (           0)
    free:                                         13875 (       13875)
Number of constraints:                            30525 (       30525)
    linear equalities:                                0 (           0)
    quadratic equalities:                          2775 (        2775)
    gen. nonlinear equalities:                       75 (          75)
    linear one-sided inequalities:                 4575 (        4575)
    quadratic one-sided inequalities:             23100 (       23100)
    gen. nonlinear one-sided inequalities:            0 (           0)
    linear two-sided inequalities:                    0 (           0)
    quadratic two-sided inequalities:                 0 (           0)
    gen. nonlinear two-sided inequalities:            0 (           0)
Number of nonzeros in Jacobian:                  179175 (      179175)
Number of nonzeros in Hessian:                    80775 (       80775)

Knitro parallel multistart will run with 4 threads.

Return codes description
------------------------
  0:  The final solution satisfies the termination conditions for verifying optimality.
  -100 to -199:  A feasible approximate solution was found.
  -200 to -299:  Knitro terminated at an infeasible point.
  -300 to -301:  The problem was determined to be unbounded.
  -400 to -499:  Knitro terminated because it reached a pre-defined limit.
    -400 to -409:  A feasible point was found.
    -410 to -419:  No feasible point was found.
  -500 to -599:  Knitro terminated with an input error or some non-standard error.
A more detailed description of individual return codes and their corresponding
termination messages is provided at
https://www.artelys.com/app/docs/knitro/3_referenceManual/returnCodes.html

 Solve #  ThreadID  Status     Objective      FeasError    OptError    Real Time 
--------  --------  ------  --------------   ----------   ----------  ----------
      1          2    -202         4014.81      60031.9      62.3209      685.223
      0          0       0         2.29110  1.52723e-04  8.32568e-06      2030.31
      2          3    -202         3606.14      67086.1      24.7257      4067.66
      6          3    -410         494.791  6.51433e-02     0.410543      5248.52
      4          2    -410         1258.75  2.59099e-03     0.454094      6471.57
      3          1    -410         7909.04  2.21173e-02      12.7068      6695.58
      9          0    -410         1355.47      7.49860     0.999062      5148.73
      8          2    -410         13359.7  1.75571e-03      1.00000      5625.78
      7          1    -410         2268.84  3.20694e-03     0.648538      4456.69
      5          0    -410         2185.45  7.77621e-02      4.24364      7134.49

MULTISTART: Best locally optimal solution is returned.
EXIT: Locally optimal solution found.

Final Statistics
----------------
Final objective value               =   2.29110198439847e+00
Final feasibility error (abs / rel) =   1.53e-04 / 8.44e-06
Final optimality error  (abs / rel) =   8.33e-06 / 8.33e-06
# of iterations                     =      81603 
# of CG iterations                  =          0 
# of function evaluations           =     105559
# of gradient evaluations           =      81875
# of Hessian evaluations            =      81666
Total program time (secs)           =   14314.33789 ( 47092.586 CPU time)

===============================================================================

Knitro 14.2.0: Locally optimal or satisfactory solution.
objective 2.291101984; feasibility error 0.000153
81603 iterations; 105559 function evaluations

suffix feaserror OUT;
suffix opterror OUT;
suffix numfcevals OUT;
suffix numiters OUT;
---------------------------- Container and geometric considerations  ----------------------------
Container type: cube
Structural conservation type: surface
---------------------------- Solution execution data ----------------------------
solve_result_num = 0
solve_result = solved

---------------------------- Solution data ----------------------------
card(figures) = 75

coords [*,*,1]
:       1         2         3         4       :=
1    20.2045   20.3491   19.5935   20.4338
2    20.3495   20.6084   21.1456   20.1227
3    19.5492   19.7098   20.3573   20.3236
4    19.9992   18.8812   19.6469   19.5287
5    20.0107   20.0616   20.5627   19.5342
6    18.8544   18.8544   18.8545   19.6771
7    20.2793   20.179    19.7222   20.4855
8    20.244    20.732    19.7699   20.0358
9    20.9425   21.1456   20.139    20.852
10   19.7664   18.8544   18.8545   18.8544
11   19.5735   18.8917   19.6394   18.8544
12   19.8238   18.9936   18.8544   19.5151
13   19.2414   20.0999   19.3841   19.9825
14   20.0964   20.0275   19.3232   20.3512
15   19.7063   19.724    20.2831   19.1651
16   21.1456   21.1456   20.4509   21.1067
17   19.5627   18.8544   18.8544   18.8544
18   19.4939   18.8632   18.8545   19.6751
19   20.1642   20.1312   20.9178   20.9017
20   19.8449   19.5668   18.8556   19.3051
21   20.9428   20.1962   20.1869   20.0939
22   18.8544   19.5953   18.8934   18.8544
23   21.1456   21.1456   21.1254   20.3992
24   21.1456   20.118    20.9335   20.8258
25   21.1456   20.3748   21.1456   21.1456
26   19.6455   19.6636   20.3669   19.4419
27   18.8544   18.8609   18.8544   19.6394
28   20.926    20.2277   20.4144   21.1454
29   19.6678   20.2969   20.2739   19.6272
30   20.1868   20.9297   20.2249   20.9135
31   21.1455   20.1456   21.1456   20.6561
32   18.8588   19.7621   18.9129   19.4322
33   20.9135   20.1862   21.1456   20.9297
34   20.6691   19.8058   20.0714   19.9992
35   19.5948   20.041    20.0117   19.0478
36   19.5086   18.8544   19.512    19.5666
37   20.0682   19.2561   20.2276   19.8023
38   20.2787   21.1456   20.1784   20.453
39   21.1456   21.1455   20.361    21.1456
40   19.1737   19.54     19.2817   20.128
41   18.9029   19.5469   18.8614   19.6785
42   20.2179   20.3591   20.8514   19.7554
43   21.0067   21.1456   20.3454   21.1455
44   20.878    20.0193   20.0713   20.641
45   19.3051   18.8731   18.8544   19.6289
46   19.7557   20.286    20.8507   20.5344
47   20.2334   21.0769   20.2706   21.0222
48   19.3265   19.9922   20.1141   20.188
49   20.2061   19.3735   19.655    20.1471
50   18.8544   18.8544   19.7243   18.8544
51   21.1456   21.1456   20.2763   20.6095
52   19.7851   19.8484   19.6212   18.8544
53   19.4684   20.1119   19.7838   19.0105
54   21.1456   21.1455   21.1456   20.2236
55   20.0117   19.5883   19.2724   18.9678
56   19.5164   19.5707   20.3434   19.5035
57   20.3772   20.0275   20.6084   21.1456
58   20.6452   20.4458   20.3813   19.8025
59   18.8544   19.6239   18.8544   18.8544
60   19.1818   18.8544   19.9626   19.2414
61   19.6027   20.4435   20.3496   19.8335
62   19.6265   19.9562   19.5409   20.4319
63   19.5089   19.814    19.4237   18.9053
64   20.6465   20.4432   21.1456   20.3749
65   19.9784   20.932    20.1952   20.1559
66   20.31     20.433    21.0638   21.0681
67   21.1456   21.1456   20.3772   20.6084
68   20.237    21.0774   21.1456   21.0679
69   19.507    18.8544   18.8545   19.2943
70   18.8544   19.3862   19.1881   19.97
71   20.4312   21.1456   20.177    20.5444
72   19.3924   20.0982   20.0275   19.3251
73   20.2676   19.9992   19.769    19.4092
74   20.9622   20.1967   20.4154   19.8496
75   18.8544   18.8544   19.6532   18.8544

 [*,*,2]
:       1         2         3         4       :=
1    20.9213   20.1341   20.0868   19.8771
2    21.1456   20.4097   20.7502   20.3015
3    19.6704   19.4695   20.2344   19.2823
4    18.8544   18.8544   18.8544   19.6118
5    20.1873   20.2487   19.3325   19.5399
6    19.9835   19.6557   19.1175   19.8392
7    21.1456   21.1456   20.4868   20.3543
8    20.2606   20.3366   20.906    19.8201
9    21.1456   21.1456   21.1456   20.3135
10   18.967    18.8544   18.8544   19.5159
11   21.1151   20.3708   20.3494   21.1455
12   18.9923   18.8544   19.4936   19.5959
13   21.1456   21.1456   20.4606   20.8601
14   20.2938   21.1456   21.0946   21.1456
15   20.237    21.1052   21.1435   21.1456
16   20.0338   21.0551   20.4955   21.0374
17   19.6649   19.6123   19.9861   18.8695
18   19.6634   19.0027   20.1193   19.5414
19   21.1368   20.3889   21.1456   20.3394
20   18.8544   19.6739   18.8545   18.8544
21   19.6919   19.6361   18.8759   19.8632
22   21.1456   21.1456   20.3362   21.1456
23   19.699    20.7907   19.8684   20.1362
24   18.8544   18.8545   18.8544   19.6564
25   18.8544   19.3849   19.7209   19.6587
26   19.4244   20.19     20.2409   20.047
27   20.3721   21.0925   19.9835   20.3493
28   19.8193   20.2476   19.4024   19.7002
29   20.1858   20.239    21.1253   20.9354
30   18.8669   19.7008   19.4735   18.9415
31   20.9531   20.4947   20.0513   19.9885
32   19.2162   19.0318   19.5142   20.0821
33   18.9415   18.8662   18.8544   19.7008
34   18.9283   18.8544   19.665    18.8544
35   19.6181   20.4987   20.189    20.3163
36   19.9491   20.0763   20.9676   20.2373
37   19.6875   19.834    20.1852   20.7734
38   21.1456   21.1456   21.1456   20.4797
39   19.9468   20.6793   19.9639   19.5971
40   19.7657   20.5085   20.5247   20.2478
41   20.1206   21.0075   21.1455   20.3863
42   18.9781   19.9867   19.011    19.204
43   19.829    19.4596   19.7909   20.5718
44   19.5704   18.8544   19.665    18.9629
45   18.8544   18.8769   19.6123   19.6517
46   19.8515   20.3343   19.6846   19.5223
47   19.8357   19.9457   20.272    20.6281
48   18.9216   19.0401   19.7151   18.8544
49   20.2131   20.5308   20.6158   21.1456
50   21.1076   20.3553   20.406    20.0864
51   18.8544   19.6459   19.037    18.8544
52   18.8544   18.8544   19.6343   18.8544
53   19.0346   19.6798   19.751    19.8724
54   19.7183   19.6059   18.8544   19.458
55   20.189    19.6093   19.8156   20.3268
56   20.9084   20.0709   20.2413   20.1623
57   21.1424   21.1456   20.4097   21.1456
58   19.0436   20.1057   19.8302   19.2287
59   19.4682   20.2281   20.3214   19.9997
60   20.3441   21.1456   21.1437   21.1456
61   20.0851   19.8779   20.1367   19.2781
62   19.1597   18.8544   19.7941   19.5618
63   19.5938   19.0443   20.0804   19.5055
64   19.0364   20.1196   19.6138   19.7786
65   20.4118   20.3066   21.1032   19.9861
66   20.3116   19.8805   20.4734   19.7837
67   21.1456   20.7499   21.1424   20.4097
68   20.3332   19.899    20.7597   20.6085
69   20.8187   20.6926   19.9616   19.8993
70   21.1456   21.1456   20.3464   21.1455
71   19.888    20.7481   20.9768   20.4333
72   20.5552   20.2919   21.1456   21.0927
73   19.9186   18.8544   19.2661   19.8041
74   18.8544   18.8545   19.5239   18.8544
75   20.6926   20.0305   20.8126   21.1456

 [*,*,3]
:       1         2         3         4       :=
1    21.1035   20.3229   21.1455   21.1456
2    19.6554   18.8544   19.7471   19.6963
3    19.8335   20.6604   20.3616   19.8065
4    21.1456   21.1456   20.3544   21.1456
5    19.4327   20.2951   19.8958   19.7548
6    21.1456   20.1907   21.1456   20.9167
7    19.9126   21.0261   20.2468   20.6751
8    19.6305   18.8544   18.8544   18.8544
9    20.4595   19.6176   19.6821   19.904
10   20.3608   19.8797   20.9977   20.4387
11   20.6638   20.4081   21.1456   21.1456
12   20.2934   21.0294   20.4619   21.1456
13   20.3674   19.6512   19.857    20.7129
14   19.5116   18.8544   19.6168   19.6685
15   21.1455   20.4853   21.1456   21.1456
16   20.6544   20.1995   20.4202   21.1456
17   19.35     18.8544   19.7459   19.6901
18   19.387    19.6962   19.752    20.2445
19   19.7015   20.3589   20.4356   19.9667
20   19.5317   19.5654   19.8265   18.8545
21   18.8544   19.6839   18.8641   18.8544
22   21.1456   20.6782   20.3752   20.0275
23   19.592    19.8332   20.4411   19.6343
24   19.6785   19.7532   20.5181   19.7466
25   20.5126   20.0206   20.7575   19.736
26   20.6189   21.139    20.3682   20.0525
27   20.3716   21.1391   21.1456   21.1456
28   19.329    20.0898   20.0625   20.4188
29   21.1385   20.4644   21.1455   20.4998
30   18.8545   18.8797   19.4721   19.7002
31   20.2145   20.4146   20.646    19.9318
32   19.7051   20.3141   20.5164   20.1191
33   19.7002   18.8544   18.8544   18.8797
34   20.2535   20.147    20.8451   21.1456
35   20.1815   20.2027   19.3945   19.7415
36   21.1455   20.5326   20.6846   20.0669
37   18.8544   19.1175   19.545    18.8544
38   19.9192   20.6253   21.0327   20.5518
39   19.6467   18.8545   18.8544   18.8544
40   19.1074   18.8544   19.9212   19.4343
41   20.4695   20.69     20.0247   20.1011
42   19.7431   20.2045   20.3327   20.4396
43   20.3744   21.1456   21.1456   21.1456
44   21.1456   21.1456   20.8451   20.2814
45   18.8544   19.6964   18.8544   19.4166
46   19.1536   19.7149   19.0013   19.8851
47   18.8544   19.58     19.6017   18.8544
48   18.9127   19.8031   18.9203   18.8544
49   19.5113   19.3829   20.3968   19.906
50   20.0439   19.6041   20.0777   20.499
51   21.1456   20.794    21.1456   20.2142
52   20.4464   19.5307   19.831    19.8268
53   18.8544   18.8544   19.6528   18.8544
54   19.7402   18.8744   19.6785   19.4893
55   19.3945   20.1937   19.1412   19.7703
56   20.6345   20.0639   20.416    21.1456
57   19.6666   18.8544   18.8544   18.8545
58   20.3535   20.1695   21.025    20.4285
59   19.8654   20.1031   19.7168   20.7875
60   19.6166   19.5926   19.6488   20.3674
61   21.1436   21.1344   20.3133   20.4146
62   19.0182   20.042    19.6388   19.6813
63   21.1369   20.2889   20.1339   20.5222
64   20.3548   20.167    20.7641   21.1456
65   20.4255   19.9776   19.7127   19.6925
66   20.3116   21.1456   21.1213   20.2413
67   18.8545   19.7451   19.6666   18.8545
68   19.5501   19.6312   19.8264   18.8545
69   19.4541   18.8544   19.6873   18.8544
70   18.8545   19.6045   18.8544   18.8545
71   21.1456   21.1456   21.1456   20.4517
72   18.8544   19.5113   18.8544   19.6166
73   21.1456   21.1456   20.3869   21.1456
74   19.6694   18.8545   19.7228   19.7799
75   18.8544   19.6088   19.6275   19.5926
;

side = 2.2911
softness = 0.25

---------------------------- Solution coords data ----------------------------
distances [*,1,*]
:    1   2   3   4    :=
1    0   1   0   1
2    0   1   0   1
3    0   1   0   1
4    0   1   0   1
5    0   1   0   1
6    0   1   0   1
7    0   1   0   1
8    0   1   0   1
9    0   1   0   1
10   0   1   0   1
11   0   1   0   1
12   0   1   0   1
13   0   1   0   1
14   0   1   0   1
15   0   1   0   1
16   0   1   0   1
17   0   1   0   1
18   0   1   0   1
19   0   1   0   1
20   0   1   0   1
21   0   1   0   1
22   0   1   0   1
23   0   1   0   1
24   0   1   0   1
25   0   1   0   1
26   0   1   0   1
27   0   1   0   1
28   0   1   0   1
29   0   1   0   1
30   0   1   0   1
31   0   1   0   1
32   0   1   0   1
33   0   1   0   1
34   0   1   0   1
35   0   1   0   1
36   0   1   0   1
37   0   1   0   1
38   0   1   0   1
39   0   1   0   1
40   0   1   0   1
41   0   1   0   1
42   0   1   0   1
43   0   1   0   1
44   0   1   0   1
45   0   1   0   1
46   0   1   0   1
47   0   1   0   1
48   0   1   0   1
49   0   1   0   1
50   0   1   0   1
51   0   1   0   1
52   0   1   0   1
53   0   1   0   1
54   0   1   0   1
55   0   1   0   1
56   0   1   0   1
57   0   1   0   1
58   0   1   0   1
59   0   1   0   1
60   0   1   0   1
61   0   1   0   1
62   0   1   0   1
63   0   1   0   1
64   0   1   0   1
65   0   1   0   1
66   0   1   0   1
67   0   1   0   1
68   0   1   0   1
69   0   1   0   1
70   0   1   0   1
71   0   1   0   1
72   0   1   0   1
73   0   1   0   1
74   0   1   0   1
75   0   1   0   1

 [*,2,*]
:    1   2   3   4    :=
1    0   0   1   1
2    0   0   1   1
3    0   0   1   1
4    0   0   1   1
5    0   0   1   1
6    0   0   1   1
7    0   0   1   1
8    0   0   1   1
9    0   0   1   1
10   0   0   1   1
11   0   0   1   1
12   0   0   1   1
13   0   0   1   1
14   0   0   1   1
15   0   0   1   1
16   0   0   1   1
17   0   0   1   1
18   0   0   1   1
19   0   0   1   1
20   0   0   1   1
21   0   0   1   1
22   0   0   1   1
23   0   0   1   1
24   0   0   1   1
25   0   0   1   1
26   0   0   1   1
27   0   0   1   1
28   0   0   1   1
29   0   0   1   1
30   0   0   1   1
31   0   0   1   1
32   0   0   1   1
33   0   0   1   1
34   0   0   1   1
35   0   0   1   1
36   0   0   1   1
37   0   0   1   1
38   0   0   1   1
39   0   0   1   1
40   0   0   1   1
41   0   0   1   1
42   0   0   1   1
43   0   0   1   1
44   0   0   1   1
45   0   0   1   1
46   0   0   1   1
47   0   0   1   1
48   0   0   1   1
49   0   0   1   1
50   0   0   1   1
51   0   0   1   1
52   0   0   1   1
53   0   0   1   1
54   0   0   1   1
55   0   0   1   1
56   0   0   1   1
57   0   0   1   1
58   0   0   1   1
59   0   0   1   1
60   0   0   1   1
61   0   0   1   1
62   0   0   1   1
63   0   0   1   1
64   0   0   1   1
65   0   0   1   1
66   0   0   1   1
67   0   0   1   1
68   0   0   1   1
69   0   0   1   1
70   0   0   1   1
71   0   0   1   1
72   0   0   1   1
73   0   0   1   1
74   0   0   1   1
75   0   0   1   1

 [*,3,*]
:    1   2   3   4    :=
1    1   0   0   1
2    1   0   0   1
3    1   0   0   1
4    1   0   0   1
5    1   0   0   1
6    1   0   0   1
7    1   0   0   1
8    1   0   0   1
9    1   0   0   1
10   1   0   0   1
11   1   0   0   1
12   1   0   0   1
13   1   0   0   1
14   1   0   0   1
15   1   0   0   1
16   1   0   0   1
17   1   0   0   1
18   1   0   0   1
19   1   0   0   1
20   1   0   0   1
21   1   0   0   1
22   1   0   0   1
23   1   0   0   1
24   1   0   0   1
25   1   0   0   1
26   1   0   0   1
27   1   0   0   1
28   1   0   0   1
29   1   0   0   1
30   1   0   0   1
31   1   0   0   1
32   1   0   0   1
33   1   0   0   1
34   1   0   0   1
35   1   0   0   1
36   1   0   0   1
37   1   0   0   1
38   1   0   0   1
39   1   0   0   1
40   1   0   0   1
41   1   0   0   1
42   1   0   0   1
43   1   0   0   1
44   1   0   0   1
45   1   0   0   1
46   1   0   0   1
47   1   0   0   1
48   1   0   0   1
49   1   0   0   1
50   1   0   0   1
51   1   0   0   1
52   1   0   0   1
53   1   0   0   1
54   1   0   0   1
55   1   0   0   1
56   1   0   0   1
57   1   0   0   1
58   1   0   0   1
59   1   0   0   1
60   1   0   0   1
61   1   0   0   1
62   1   0   0   1
63   1   0   0   1
64   1   0   0   1
65   1   0   0   1
66   1   0   0   1
67   1   0   0   1
68   1   0   0   1
69   1   0   0   1
70   1   0   0   1
71   1   0   0   1
72   1   0   0   1
73   1   0   0   1
74   1   0   0   1
75   1   0   0   1

 [*,4,*]
:    1   2   3   4    :=
1    1   1   1   0
2    1   1   1   0
3    1   1   1   0
4    1   1   1   0
5    1   1   1   0
6    1   1   1   0
7    1   1   1   0
8    1   1   1   0
9    1   1   1   0
10   1   1   1   0
11   1   1   1   0
12   1   1   1   0
13   1   1   1   0
14   1   1   1   0
15   1   1   1   0
16   1   1   1   0
17   1   1   1   0
18   1   1   1   0
19   1   1   1   0
20   1   1   1   0
21   1   1   1   0
22   1   1   1   0
23   1   1   1   0
24   1   1   1   0
25   1   1   1   0
26   1   1   1   0
27   1   1   1   0
28   1   1   1   0
29   1   1   1   0
30   1   1   1   0
31   1   1   1   0
32   1   1   1   0
33   1   1   1   0
34   1   1   1   0
35   1   1   1   0
36   1   1   1   0
37   1   1   1   0
38   1   1   1   0
39   1   1   1   0
40   1   1   1   0
41   1   1   1   0
42   1   1   1   0
43   1   1   1   0
44   1   1   1   0
45   1   1   1   0
46   1   1   1   0
47   1   1   1   0
48   1   1   1   0
49   1   1   1   0
50   1   1   1   0
51   1   1   1   0
52   1   1   1   0
53   1   1   1   0
54   1   1   1   0
55   1   1   1   0
56   1   1   1   0
57   1   1   1   0
58   1   1   1   0
59   1   1   1   0
60   1   1   1   0
61   1   1   1   0
62   1   1   1   0
63   1   1   1   0
64   1   1   1   0
65   1   1   1   0
66   1   1   1   0
67   1   1   1   0
68   1   1   1   0
69   1   1   1   0
70   1   1   1   0
71   1   1   1   0
72   1   1   1   0
73   1   1   1   0
74   1   1   1   0
75   1   1   1   0
;

---------------------------- Solution stats data ----------------------------
_ampl_time = 0.183906
_total_solve_time = 47093.2
_ampl_elapsed_time = 0.18005
_ampl_user_time = 0.157069

Total time elapsed: $47093.18.
_total_solve_time = 47093.2

---------------------------- Solution miscs data ----------------------------
tetrahedron_volume [*] :=
 1 0    8 0   15 0   22 0   29 0   36 0   43 0   50 0   57 0   64 0   71 0
 2 0    9 0   16 0   23 0   30 0   37 0   44 0   51 0   58 0   65 0   72 0
 3 0   10 0   17 0   24 0   31 0   38 0   45 0   52 0   59 0   66 0   73 0
 4 0   11 0   18 0   25 0   32 0   39 0   46 0   53 0   60 0   67 0   74 0
 5 0   12 0   19 0   26 0   33 0   40 0   47 0   54 0   61 0   68 0   75 0
 6 0   13 0   20 0   27 0   34 0   41 0   48 0   55 0   62 0   69 0
 7 0   14 0   21 0   28 0   35 0   42 0   49 0   56 0   63 0   70 0
;

---------------------------- Solution miscs data ----------------------------
tetrahedron_surface_area [*] :=
 1 1.73205   14 1.73205   27 1.73205   40 1.73205   53 1.73205   66 1.73205
 2 1.73205   15 1.73205   28 1.73205   41 1.73205   54 1.73205   67 1.73205
 3 1.73205   16 1.73205   29 1.73205   42 1.73205   55 1.73205   68 1.73205
 4 1.73205   17 1.73205   30 1.73205   43 1.73205   56 1.73205   69 1.73205
 5 1.73205   18 1.73205   31 1.73205   44 1.73205   57 1.73205   70 1.73205
 6 1.73205   19 1.73205   32 1.73205   45 1.73205   58 1.73205   71 1.73205
 7 1.73205   20 1.73205   33 1.73205   46 1.73205   59 1.73205   72 1.73205
 8 1.73205   21 1.73205   34 1.73205   47 1.73205   60 1.73205   73 1.73205
 9 1.73205   22 1.73205   35 1.73205   48 1.73205   61 1.73205   74 1.73205
10 1.73205   23 1.73205   36 1.73205   49 1.73205   62 1.73205   75 1.73205
11 1.73205   24 1.73205   37 1.73205   50 1.73205   63 1.73205
12 1.73205   25 1.73205   38 1.73205   51 1.73205   64 1.73205
13 1.73205   26 1.73205   39 1.73205   52 1.73205   65 1.73205
;

