Error at _cmdno 5 executing "solve" command
(file amplin, line 1977, offset 37909):
error processing param distances:
	3600 invalid subscripts discarded:
	distances[76,1,1]
	distances[76,1,2]
	distances[76,1,3]
	and 3597 more.
##### This license is only intended for use by NEOS. #####
##### License is valid until Jan 16, 2026 #####
ariables.
Adjusted problem:
14776 variables:
	9225 nonlinear variables
	5551 linear variables
30525 constraints; 179175 nonzeros
	25950 nonlinear constraints
	4575 linear constraints
	2850 equality constraints
	27675 inequality constraints
1 linear objective; 1 nonzero.

Artelys Knitro 14.2.0: threads=4
algorithm=1
ms_enable=1
ms_maxsolves=10
feastol=1e-5
opttol=1e-5
honorbnds=1
bar_initpt=3
bar_murule=4
scale=1
outlev=2
maxtime_real=1200
WARNING:  Option 'threads' is deprecated, please use 'numthreads'.

=======================================
           Academic License
       (NOT FOR COMMERCIAL USE)
         Artelys Knitro 14.2.0
=======================================

No start point provided -- Knitro computing one.

Knitro presolve eliminated 0 variables and 0 constraints.

algorithm                1
bar_initpt               3
bar_murule               4
concurrent_evals         0
datacheck                0
feastol                  1e-05
findiff_numthreads       1
hessian_no_f             1
hessopt                  1
honorbnds                1
maxtime_real             1200
ms_enable                1
ms_maxsolves             10
numthreads               4
opttol                   1e-05

Problem Characteristics                                 (   Presolved)
-----------------------
Objective goal:  Minimize
Objective type:  linear
Number of variables:                              14776 (       14776)
    bounded below only:                             901 (         901)
    bounded above only:                               0 (           0)
    bounded below and above:                          0 (           0)
    fixed:                                            0 (           0)
    free:                                         13875 (       13875)
Number of constraints:                            30525 (       30525)
    linear equalities:                                0 (           0)
    quadratic equalities:                          2775 (        2775)
    gen. nonlinear equalities:                       75 (          75)
    linear one-sided inequalities:                 4575 (        4575)
    quadratic one-sided inequalities:             23100 (       23100)
    gen. nonlinear one-sided inequalities:            0 (           0)
    linear two-sided inequalities:                    0 (           0)
    quadratic two-sided inequalities:                 0 (           0)
    gen. nonlinear two-sided inequalities:            0 (           0)
Number of nonzeros in Jacobian:                  179175 (      179175)
Number of nonzeros in Hessian:                    80775 (       80775)

Knitro parallel multistart will run with 4 threads.

Return codes description
------------------------
  0:  The final solution satisfies the termination conditions for verifying optimality.
  -100 to -199:  A feasible approximate solution was found.
  -200 to -299:  Knitro terminated at an infeasible point.
  -300 to -301:  The problem was determined to be unbounded.
  -400 to -499:  Knitro terminated because it reached a pre-defined limit.
    -400 to -409:  A feasible point was found.
    -410 to -419:  No feasible point was found.
  -500 to -599:  Knitro terminated with an input error or some non-standard error.
A more detailed description of individual return codes and their corresponding
termination messages is provided at
https://www.artelys.com/app/docs/knitro/3_referenceManual/returnCodes.html

 Solve #  ThreadID  Status     Objective      FeasError    OptError    Real Time 
--------  --------  ------  --------------   ----------   ----------  ----------
      3          2    -202         3479.66      51994.2      1.03881      669.137
      0          0       0         2.30679  1.06997e-04  8.88822e-06      2028.57
      9          0    -202         3149.27      62796.8      159.379      1218.03
      8          2    -202         4355.99      64529.6      126.870      2694.80
      2          1    -410         3306.03      149.444      1.00000      6777.23
      7          3    -410         840.069  1.09924e-02     0.350164      4587.17
      6          1    -410         504.896  2.74358e-02     0.223334      4929.28
      5          0    -410         2924.99  8.56477e-02     0.663012      7091.65
      1          3    -410         7062.05     0.320225     0.566123      7732.68
      4          2    -410         19341.9  7.17724e-03      1.16660      8089.58

MULTISTART: Best locally optimal solution is returned.
EXIT: Locally optimal solution found.

Final Statistics
----------------
Final objective value               =   2.30679321250278e+00
Final feasibility error (abs / rel) =   1.07e-04 / 5.91e-06
Final optimality error  (abs / rel) =   8.89e-06 / 8.89e-06
# of iterations                     =      71758 
# of CG iterations                  =          0 
# of function evaluations           =     112938
# of gradient evaluations           =      72010
# of Hessian evaluations            =      71807
Total program time (secs)           =   12324.37793 ( 36739.145 CPU time)

===============================================================================

Knitro 14.2.0: Locally optimal or satisfactory solution.
objective 2.306793213; feasibility error 0.000107
71758 iterations; 112938 function evaluations

suffix feaserror OUT;
suffix opterror OUT;
suffix numfcevals OUT;
suffix numiters OUT;
---------------------------- Container and geometric considerations  ----------------------------
Container type: cube
Structural conservation type: volume & surface
---------------------------- Solution execution data ----------------------------
solve_result_num = 0
solve_result = solved

---------------------------- Solution data ----------------------------
card(figures) = 75

coords [*,*,1]
:       1         2         3         4       :=
1    20.7993   21.1534   20.199    21.1534
2    20.4237   20.1181   20.2687   20.8915
3    20.2368   19.1824   19.8779   19.7169
4    19.7288   18.8466   19.1654   19.7552
5    21.1399   20.8888   20.0914   20.4373
6    19.2941   19.578    18.8466   19.963
7    20.7882   21.0958   20.2132   20.1364
8    21.1534   20.5229   20.4247   20.4416
9    21.1534   20.4123   21.1534   21.1534
10   18.8996   18.8466   19.7367   18.8466
11   20.2339   19.8811   19.4518   19.1856
12   19.5992   19.5289   19.9721   18.8466
13   20.0812   19.4492   19.9248   20.5268
14   20.1772   19.5619   19.7187   20.2379
15   19.483    19.3127   19.9777   20.2199
16   20.5498   21.1534   21.1358   21.1534
17   18.8466   18.8996   19.2469   19.7368
18   18.8466   18.8466   18.866    19.6692
19   20.1994   20.5503   21.1534   21.0938
20   20.2703   21.0216   21.1534   21.1534
21   20.0562   19.0596   19.2108   19.8002
22   18.8466   19.7329   18.8466   19.0408
23   21.1534   21.1534   20.3226   21.1534
24   21.1534   20.393    21.1534   21.1534
25   21.1534   20.2001   20.3646   20.8033
26   20.8073   20.1863   20.0159   19.8373
27   18.9216   19.442    18.8466   19.805
28   20.4007   19.7023   20.1214   20.4462
29   20.79     20.1906   21.128    20.25
30   20.065    19.6685   19.0945   20.1999
31   21.1534   20.4536   20.9297   21.1534
32   18.8466   18.8466   19.5637   18.8831
33   21.1458   21.1534   20.4508   21.1534
34   20.1248   19.7169   20.0075   20.8563
35   18.8466   19.5166   19.708    18.855
36   20.6213   20.1      21.1212   20.3016
37   19.3542   18.8466   18.8466   19.7848
38   20.1694   19.7667   19.5315   20.4488
39   20.6577   21.1534   20.0906   20.8606
40   19.5765   19.8547   18.8506   19.3386
41   19.7892   20.317    19.2051   19.9544
42   19.1954   20.3007   19.812    19.9368
43   19.865    20.8988   20.0142   20.43
44   18.8496   19.6732   19.4513   18.8466
45   20.195    19.7899   19.5895   20.6821
46   20.1842   20.5311   21.1534   20.3672
47   21.0342   21.1534   20.3959   21.1534
48   20.081    20.5986   21.1534   20.3168
49   19.7036   20.5211   19.7194   19.8404
50   19.9571   19.263    19.1327   19.9166
51   20.5991   19.9305   20.9572   20.4158
52   20.2442   19.1261   19.4739   19.9857
53   19.8258   20.4575   19.3188   20.0777
54   20.1092   21.0112   20.4507   20.3256
55   19.6294   18.8529   18.847    18.8466
56   18.8466   18.8466   18.8466   19.6778
57   19.7071   20.4857   20.2612   20.1622
58   20.2088   19.4732   19.8919   20.4492
59   19.2941   19.8283   19.961    20.189
60   19.9686   19.5877   20.1867   20.5277
61   18.8466   19.7223   18.8466   18.9058
62   21.1534   21.1534   20.196    20.8547
63   18.8466   18.9416   19.67     19.5306
64   20.4114   19.8332   20.594    20.1448
65   20.3189   20.8205   21.1534   21.1534
66   20.0861   21.109    20.219    20.1808
67   21.1534   20.9309   20.1023   20.2783
68   20.0102   20.7433   21.1504   20.3171
69   19.6695   18.8772   19.0867   18.8466
70   18.8748   19.8404   19.4082   19.6695
71   18.8466   19.4513   18.8466   18.9308
72   18.8466   19.5658   19.8201   19.5551
73   18.8466   19.8352   19.1824   19.3859
74   21.1534   21.0112   20.3039   20.1456
75   18.8466   19.5957   19.7546   19.638

 [*,*,2]
:       1         2         3         4       :=
1    20.5256   20.08     20.1426   19.77
2    20.9888   20.0777   20.4203   19.99
3    18.8466   18.8466   19.6399   18.8466
4    19.5145   19.4782   20.3091   20.1115
5    20.085    19.8503   20.1862   19.5376
6    20.4447   19.7603   19.7377   19.5571
7    21.1534   20.8608   21.1534   20.5268
8    21.1534   21.1269   21.1534   20.2963
9    21.1241   20.4572   21.1534   20.0788
10   19.5172   18.8466   19.5033   19.4771
11   18.8506   19.6436   19.5909   18.8502
12   19.7479   18.8466   19.5556   19.7377
13   21.0967   21.1534   20.2083   21.1488
14   20.0712   20.1282   20.891    20.5749
15   20.524    21.006    20.0811   20.9202
16   20.6457   21.1534   20.087    20.2684
17   19.4771   19.5172   20.1942   19.5033
18   21.1534   20.4651   20.0134   20.8227
19   20.7963   20.6462   21.1534   20.0923
20   18.8466   19.7024   18.8466   18.8466
21   18.866    18.8466   19.6311   19.5871
22   21.1534   21.0484   20.482    21.1534
23   20.1433   20.3167   19.6535   19.4311
24   18.8466   19.5019   19.1528   19.9169
25   19.0529   18.8466   19.5606   19.6442
26   19.8531   20.8093   20.2088   19.7238
27   20.6918   20.5931   20.0057   20.1582
28   19.6237   19.8826   18.9358   19.6116
29   20.5197   20.1363   20.0827   20.7816
30   18.8466   19.5726   18.8466   18.8466
31   20.0976   19.5481   19.8244   19.1528
32   19.1195   19.8182   19.6716   19.015
33   19.918    19.7136   19.2465   18.8466
34   18.8466   18.8466   19.6504   18.8891
35   20.3521   21.1422   20.3773   21.1309
36   20.1394   21.1534   21.0371   20.5424
37   20.3292   19.4801   20.5913   19.9434
38   20.5297   19.6392   20.1122   19.6887
39   19.4914   20.1146   19.8046   19.4109
40   19.4309   19.9775   19.4374   20.2891
41   19.8247   20.8351   20.8028   20.3679
42   18.8466   18.8509   18.8466   19.6193
43   19.7085   19.8782   20.2067   19.5566
44   19.0817   18.8466   19.7704   18.8466
45   19.5786   20.3106   19.8499   19.9165
46   20.4841   19.4566   20.0256   20.1074
47   20.3139   20.0244   20.3675   20.9949
48   18.8532   19.8691   18.9241   19.3729
49   20.3822   21.1534   21.1534   21.1534
50   20.4062   19.5377   20.4888   19.8303
51   19.1198   19.7195   19.8759   19.5608
52   19.0648   18.9977   19.9006   19.6749
53   19.6282   19.5921   19.5334   18.8466
54   18.9241   18.8466   19.6459   18.8466
55   20.3086   19.9991   21.1375   20.4276
56   20.0773   20.5761   19.4361   20.1953
57   20.9443   21.1534   20.5294   20.0978
58   18.9643   19.5326   19.8305   19.7107
59   20.4447   19.7358   20.024    20.8174
60   20.378    21.1534   21.1534   21.1534
61   19.4361   20.1509   19.9935   20.549
62   18.8466   18.8466   18.8907   19.6643
63   18.9839   18.8466   18.8466   19.6427
64   19.5862   19.7517   19.1244   18.8606
65   20.3767   20.7192   20.3167   21.1534
66   20.2566   20.0979   20.782    19.6462
67   20.3167   20.1971   20.4099   19.5929
68   21.1534   20.6753   21.1534   20.3751
69   21.1534   21.1534   20.3129   21.1534
70   21.0961   21.1534   20.3205   21.1534
71   19.8542   20.2299   20.4393   19.3957
72   20.5913   20.0946   21.0683   20.2442
73   18.8466   18.9323   18.8466   19.6598
74   19.0494   18.8466   19.5959   18.8466
75   21.1534   20.3098   21.1534   21.0057

 [*,*,3]
:       1         2         3         4       :=
1    21.0923   20.1207   20.6531   21.1534
2    19.2857   18.8538   19.9308   19.5746
3    20.2225   20.5097   20.942    21.1534
4    20.0173   20.3836   19.8292   20.6544
5    20.1148   21.0913   20.5511   20.0921
6    21.1534   20.3802   21.1534   21.1534
7    20.0045   20.9576   20.989    20.4399
8    19.6081   19.0588   20.1944   19.8357
9    19.5963   19.924    20.4325   20.0515
10   19.2459   19.7434   20.0199   20.3841
11   20.2265   20.944    20.2278   20.5117
12   20.4296   21.1244   21.1534   21.1534
13   21.1534   20.5913   20.4561   20.4472
14   19.8201   19.0552   19.8112   18.8466
15   21.1534   20.4682   20.4204   21.1534
16   20.7138   20.4346   20.0556   21.1534
17   20.3842   19.2459   19.8564   20.0199
18   21.1534   20.4494   21.1534   21.1534
19   19.969    20.7136   20.4325   20.0353
20   19.2767   19.2199   18.8466   19.7711
21   18.8466   19.095    18.8466   19.5457
22   21.1303   20.9067   20.4667   20.0068
23   19.738    18.8466   19.2155   18.8477
24   19.7856   19.9289   20.6999   20.1786
25   20.4881   20.4984   19.997    21.0461
26   21.1534   21.1534   20.4955   21.1534
27   20.225    21.1534   21.1325   20.534
28   18.9162   19.7795   19.302    20.05
29   21.0855   20.6453   20.1368   20.1161
30   19.6864   19.5611   19.0879   18.8607
31   20.0616   20.1473   21.1458   20.6999
32   20.0207   20.9218   20.5165   21.1534
33   20.1752   19.2009   19.5702   19.7856
34   20.4229   21.1534   21.1534   21.1534
35   20.1052   20.5814   19.8657   19.7997
36   21.1534   21.1534   21.113    20.4936
37   19.4579   18.8909   18.8466   18.8466
38   20.0221   20.3418   19.3313   19.8598
39   19.9589   19.7021   19.4293   18.8541
40   19.615    18.8466   18.8466   19.4267
41   20.4294   20.4066   20.3834   19.8148
42   20.4895   20.2095   19.5304   20.0979
43   21.1534   21.138    20.498    20.1748
44   18.8615   19.6141   19.5424   19.7434
45   18.8466   18.8466   19.756    19.437
46   19.993    20.1074   20.0586   19.2369
47   19.0206   20.0553   19.9638   19.6526
48   18.8466   18.8466   18.8466   19.4584
49   19.1407   19.3332   19.9803   18.8466
50   19.7736   19.5211   19.8901   20.392
51   21.1534   21.1534   21.1534   20.2007
52   19.5968   19.8093   19.5071   20.1293
53   19.6376   18.8466   18.8466   18.8466
54   19.1434   19.6915   19.8191   20.2601
55   19.7711   19.7361   19.8005   19.0175
56   19.7352   20.4069   20.4291   20.5067
57   19.7592   19.5355   18.8533   19.8203
58   20.3669   20.1684   21.0115   20.0241
59   21.1534   21.1534   20.3639   21.1504
60   19.8292   20.5733   19.6031   20.4505
61   20.4291   20.5781   21.1479   20.414
62   20.3167   21.1534   20.5358   21.053
63   21.1534   20.2198   21.0969   20.5224
64   20.1271   21.0958   21.1534   20.4563
65   18.8466   19.7893   18.8466   18.8466
66   20.6144   20.1363   19.9769   20.0501
67   18.8466   19.6442   18.8905   18.9307
68   18.8466   19.5773   18.8466   18.8466
69   19.6665   18.8466   19.1625   19.8175
70   18.8509   18.8466   19.4943   19.6665
71   19.9766   19.5371   18.998    18.9598
72   18.8466   18.8466   18.9276   19.6697
73   19.7434   19.5789   20.5097   20.3331
74   20.4907   19.6915   19.962    20.4336
75   19.8175   19.6526   19.6508   20.5548
;

side = 2.30679
softness = 0.3

---------------------------- Solution coords data ----------------------------
distances [*,1,*]
:    1   2   3   4    :=
1    0   1   0   1
2    0   1   0   1
3    0   1   0   1
4    0   1   0   1
5    0   1   0   1
6    0   1   0   1
7    0   1   0   1
8    0   1   0   1
9    0   1   0   1
10   0   1   0   1
11   0   1   0   1
12   0   1   0   1
13   0   1   0   1
14   0   1   0   1
15   0   1   0   1
16   0   1   0   1
17   0   1   0   1
18   0   1   0   1
19   0   1   0   1
20   0   1   0   1
21   0   1   0   1
22   0   1   0   1
23   0   1   0   1
24   0   1   0   1
25   0   1   0   1
26   0   1   0   1
27   0   1   0   1
28   0   1   0   1
29   0   1   0   1
30   0   1   0   1
31   0   1   0   1
32   0   1   0   1
33   0   1   0   1
34   0   1   0   1
35   0   1   0   1
36   0   1   0   1
37   0   1   0   1
38   0   1   0   1
39   0   1   0   1
40   0   1   0   1
41   0   1   0   1
42   0   1   0   1
43   0   1   0   1
44   0   1   0   1
45   0   1   0   1
46   0   1   0   1
47   0   1   0   1
48   0   1   0   1
49   0   1   0   1
50   0   1   0   1
51   0   1   0   1
52   0   1   0   1
53   0   1   0   1
54   0   1   0   1
55   0   1   0   1
56   0   1   0   1
57   0   1   0   1
58   0   1   0   1
59   0   1   0   1
60   0   1   0   1
61   0   1   0   1
62   0   1   0   1
63   0   1   0   1
64   0   1   0   1
65   0   1   0   1
66   0   1   0   1
67   0   1   0   1
68   0   1   0   1
69   0   1   0   1
70   0   1   0   1
71   0   1   0   1
72   0   1   0   1
73   0   1   0   1
74   0   1   0   1
75   0   1   0   1

 [*,2,*]
:    1   2   3   4    :=
1    0   0   1   1
2    0   0   1   1
3    0   0   1   1
4    0   0   1   1
5    0   0   1   1
6    0   0   1   1
7    0   0   1   1
8    0   0   1   1
9    0   0   1   1
10   0   0   1   1
11   0   0   1   1
12   0   0   1   1
13   0   0   1   1
14   0   0   1   1
15   0   0   1   1
16   0   0   1   1
17   0   0   1   1
18   0   0   1   1
19   0   0   1   1
20   0   0   1   1
21   0   0   1   1
22   0   0   1   1
23   0   0   1   1
24   0   0   1   1
25   0   0   1   1
26   0   0   1   1
27   0   0   1   1
28   0   0   1   1
29   0   0   1   1
30   0   0   1   1
31   0   0   1   1
32   0   0   1   1
33   0   0   1   1
34   0   0   1   1
35   0   0   1   1
36   0   0   1   1
37   0   0   1   1
38   0   0   1   1
39   0   0   1   1
40   0   0   1   1
41   0   0   1   1
42   0   0   1   1
43   0   0   1   1
44   0   0   1   1
45   0   0   1   1
46   0   0   1   1
47   0   0   1   1
48   0   0   1   1
49   0   0   1   1
50   0   0   1   1
51   0   0   1   1
52   0   0   1   1
53   0   0   1   1
54   0   0   1   1
55   0   0   1   1
56   0   0   1   1
57   0   0   1   1
58   0   0   1   1
59   0   0   1   1
60   0   0   1   1
61   0   0   1   1
62   0   0   1   1
63   0   0   1   1
64   0   0   1   1
65   0   0   1   1
66   0   0   1   1
67   0   0   1   1
68   0   0   1   1
69   0   0   1   1
70   0   0   1   1
71   0   0   1   1
72   0   0   1   1
73   0   0   1   1
74   0   0   1   1
75   0   0   1   1

 [*,3,*]
:    1   2   3   4    :=
1    1   0   0   1
2    1   0   0   1
3    1   0   0   1
4    1   0   0   1
5    1   0   0   1
6    1   0   0   1
7    1   0   0   1
8    1   0   0   1
9    1   0   0   1
10   1   0   0   1
11   1   0   0   1
12   1   0   0   1
13   1   0   0   1
14   1   0   0   1
15   1   0   0   1
16   1   0   0   1
17   1   0   0   1
18   1   0   0   1
19   1   0   0   1
20   1   0   0   1
21   1   0   0   1
22   1   0   0   1
23   1   0   0   1
24   1   0   0   1
25   1   0   0   1
26   1   0   0   1
27   1   0   0   1
28   1   0   0   1
29   1   0   0   1
30   1   0   0   1
31   1   0   0   1
32   1   0   0   1
33   1   0   0   1
34   1   0   0   1
35   1   0   0   1
36   1   0   0   1
37   1   0   0   1
38   1   0   0   1
39   1   0   0   1
40   1   0   0   1
41   1   0   0   1
42   1   0   0   1
43   1   0   0   1
44   1   0   0   1
45   1   0   0   1
46   1   0   0   1
47   1   0   0   1
48   1   0   0   1
49   1   0   0   1
50   1   0   0   1
51   1   0   0   1
52   1   0   0   1
53   1   0   0   1
54   1   0   0   1
55   1   0   0   1
56   1   0   0   1
57   1   0   0   1
58   1   0   0   1
59   1   0   0   1
60   1   0   0   1
61   1   0   0   1
62   1   0   0   1
63   1   0   0   1
64   1   0   0   1
65   1   0   0   1
66   1   0   0   1
67   1   0   0   1
68   1   0   0   1
69   1   0   0   1
70   1   0   0   1
71   1   0   0   1
72   1   0   0   1
73   1   0   0   1
74   1   0   0   1
75   1   0   0   1

 [*,4,*]
:    1   2   3   4    :=
1    1   1   1   0
2    1   1   1   0
3    1   1   1   0
4    1   1   1   0
5    1   1   1   0
6    1   1   1   0
7    1   1   1   0
8    1   1   1   0
9    1   1   1   0
10   1   1   1   0
11   1   1   1   0
12   1   1   1   0
13   1   1   1   0
14   1   1   1   0
15   1   1   1   0
16   1   1   1   0
17   1   1   1   0
18   1   1   1   0
19   1   1   1   0
20   1   1   1   0
21   1   1   1   0
22   1   1   1   0
23   1   1   1   0
24   1   1   1   0
25   1   1   1   0
26   1   1   1   0
27   1   1   1   0
28   1   1   1   0
29   1   1   1   0
30   1   1   1   0
31   1   1   1   0
32   1   1   1   0
33   1   1   1   0
34   1   1   1   0
35   1   1   1   0
36   1   1   1   0
37   1   1   1   0
38   1   1   1   0
39   1   1   1   0
40   1   1   1   0
41   1   1   1   0
42   1   1   1   0
43   1   1   1   0
44   1   1   1   0
45   1   1   1   0
46   1   1   1   0
47   1   1   1   0
48   1   1   1   0
49   1   1   1   0
50   1   1   1   0
51   1   1   1   0
52   1   1   1   0
53   1   1   1   0
54   1   1   1   0
55   1   1   1   0
56   1   1   1   0
57   1   1   1   0
58   1   1   1   0
59   1   1   1   0
60   1   1   1   0
61   1   1   1   0
62   1   1   1   0
63   1   1   1   0
64   1   1   1   0
65   1   1   1   0
66   1   1   1   0
67   1   1   1   0
68   1   1   1   0
69   1   1   1   0
70   1   1   1   0
71   1   1   1   0
72   1   1   1   0
73   1   1   1   0
74   1   1   1   0
75   1   1   1   0
;

---------------------------- Solution stats data ----------------------------
_ampl_time = 0.236568
_total_solve_time = 36739.8
_ampl_elapsed_time = 0.232195
_ampl_user_time = 0.201782

Total time elapsed: $36739.84.
_total_solve_time = 36739.8

---------------------------- Solution miscs data ----------------------------
tetrahedron_volume [*] :=
 1 0    8 0   15 0   22 0   29 0   36 0   43 0   50 0   57 0   64 0   71 0
 2 0    9 0   16 0   23 0   30 0   37 0   44 0   51 0   58 0   65 0   72 0
 3 0   10 0   17 0   24 0   31 0   38 0   45 0   52 0   59 0   66 0   73 0
 4 0   11 0   18 0   25 0   32 0   39 0   46 0   53 0   60 0   67 0   74 0
 5 0   12 0   19 0   26 0   33 0   40 0   47 0   54 0   61 0   68 0   75 0
 6 0   13 0   20 0   27 0   34 0   41 0   48 0   55 0   62 0   69 0
 7 0   14 0   21 0   28 0   35 0   42 0   49 0   56 0   63 0   70 0
;

---------------------------- Solution miscs data ----------------------------
tetrahedron_surface_area [*] :=
 1 1.73205   14 1.73205   27 1.73205   40 1.73205   53 1.73205   66 1.73205
 2 1.73205   15 1.73205   28 1.73205   41 1.73205   54 1.73205   67 1.73205
 3 1.73205   16 1.73205   29 1.73205   42 1.73205   55 1.73205   68 1.73205
 4 1.73205   17 1.73205   30 1.73205   43 1.73205   56 1.73205   69 1.73205
 5 1.73205   18 1.73205   31 1.73205   44 1.73205   57 1.73205   70 1.73205
 6 1.73205   19 1.73205   32 1.73205   45 1.73205   58 1.73205   71 1.73205
 7 1.73205   20 1.73205   33 1.73205   46 1.73205   59 1.73205   72 1.73205
 8 1.73205   21 1.73205   34 1.73205   47 1.73205   60 1.73205   73 1.73205
 9 1.73205   22 1.73205   35 1.73205   48 1.73205   61 1.73205   74 1.73205
10 1.73205   23 1.73205   36 1.73205   49 1.73205   62 1.73205   75 1.73205
11 1.73205   24 1.73205   37 1.73205   50 1.73205   63 1.73205
12 1.73205   25 1.73205   38 1.73205   51 1.73205   64 1.73205
13 1.73205   26 1.73205   39 1.73205   52 1.73205   65 1.73205
;

