Error at _cmdno 5 executing "solve" command
(file amplin, line 1977, offset 37909):
error processing param distances:
	4080 invalid subscripts discarded:
	distances[46,1,1]
	distances[46,1,2]
	distances[46,1,3]
	and 4077 more.
##### This license is only intended for use by NEOS. #####
##### License is valid until Jan 16, 2026 #####
riables.
Adjusted problem:
5491 variables:
	3510 nonlinear variables
	1981 linear variables
11565 constraints; 66330 nonzeros
	9495 nonlinear constraints
	2070 linear constraints
	1035 equality constraints
	10530 inequality constraints
1 linear objective; 1 nonzero.

Artelys Knitro 14.2.0: threads=4
algorithm=1
ms_enable=1
ms_maxsolves=10
feastol=1e-5
opttol=1e-5
honorbnds=1
bar_initpt=3
bar_murule=4
scale=1
outlev=2
maxtime_real=1200
WARNING:  Option 'threads' is deprecated, please use 'numthreads'.

=======================================
           Academic License
       (NOT FOR COMMERCIAL USE)
         Artelys Knitro 14.2.0
=======================================

No start point provided -- Knitro computing one.

Knitro presolve eliminated 0 variables and 0 constraints.

algorithm                1
bar_initpt               3
bar_murule               4
concurrent_evals         0
datacheck                0
feastol                  1e-05
findiff_numthreads       1
hessian_no_f             1
hessopt                  1
honorbnds                1
maxtime_real             1200
ms_enable                1
ms_maxsolves             10
numthreads               4
opttol                   1e-05

Problem Characteristics                                 (   Presolved)
-----------------------
Objective goal:  Minimize
Objective type:  linear
Number of variables:                               5491 (        5491)
    bounded below only:                             541 (         541)
    bounded above only:                               0 (           0)
    bounded below and above:                          0 (           0)
    fixed:                                            0 (           0)
    free:                                          4950 (        4950)
Number of constraints:                            11565 (       11565)
    linear equalities:                                0 (           0)
    quadratic equalities:                           990 (         990)
    gen. nonlinear equalities:                       45 (          45)
    linear one-sided inequalities:                 2070 (        2070)
    quadratic one-sided inequalities:              8460 (        8460)
    gen. nonlinear one-sided inequalities:            0 (           0)
    linear two-sided inequalities:                    0 (           0)
    quadratic two-sided inequalities:                 0 (           0)
    gen. nonlinear two-sided inequalities:            0 (           0)
Number of nonzeros in Jacobian:                   66330 (       66330)
Number of nonzeros in Hessian:                    30240 (       30240)

Knitro parallel multistart will run with 4 threads.

Return codes description
------------------------
  0:  The final solution satisfies the termination conditions for verifying optimality.
  -100 to -199:  A feasible approximate solution was found.
  -200 to -299:  Knitro terminated at an infeasible point.
  -300 to -301:  The problem was determined to be unbounded.
  -400 to -499:  Knitro terminated because it reached a pre-defined limit.
    -400 to -409:  A feasible point was found.
    -410 to -419:  No feasible point was found.
  -500 to -599:  Knitro terminated with an input error or some non-standard error.
A more detailed description of individual return codes and their corresponding
termination messages is provided at
https://www.artelys.com/app/docs/knitro/3_referenceManual/returnCodes.html

 Solve #  ThreadID  Status     Objective      FeasError    OptError    Real Time 
--------  --------  ------  --------------   ----------   ----------  ----------
      0          0       0         1.19414  2.05763e-06  1.60450e-06      223.645
      4          0    -410         1822.83  7.68721e-02  3.87281e-02      2010.57
      5          3    -410         404.574  3.86216e-03  8.04831e-02      2126.09
      3          3    -410         404.286  3.15856e-02  9.42265e-02      1816.36
      9          3    -410         721.114  1.00317e-03  8.57296e-03      1784.43
      2          2    -410         287.069  2.95251e-02     0.107392      1861.05
      8          0    -410         722.739  5.63547e-03  6.95520e-02      2261.16
      1          1    -410         1413.19  3.56294e-02      1.85604      1924.95
      7          1    -410         3371.25     0.106085      3.72395      2564.08
      6          2    -410         29078.2     0.399100     0.328365      2668.28

MULTISTART: Best locally optimal solution is returned.
EXIT: Locally optimal solution found.

Final Statistics
----------------
Final objective value               =   1.19413695985293e+00
Final feasibility error (abs / rel) =   2.06e-06 / 1.12e-07
Final optimality error  (abs / rel) =   1.60e-06 / 1.60e-06
# of iterations                     =      91547 
# of CG iterations                  =          0 
# of function evaluations           =     134187
# of gradient evaluations           =      91829
# of Hessian evaluations            =      91635
Total program time (secs)           =    5729.07031 ( 15091.780 CPU time)

===============================================================================

Knitro 14.2.0: Locally optimal or satisfactory solution.
objective 1.19413696; feasibility error 2.06e-06
91547 iterations; 134187 function evaluations

suffix feaserror OUT;
suffix opterror OUT;
suffix numfcevals OUT;
suffix numiters OUT;
---------------------------- Container and geometric considerations  ----------------------------
Container type: cube
Structural conservation type: volume & surface
---------------------------- Solution execution data ----------------------------
solve_result_num = 0
solve_result = solved

---------------------------- Solution data ----------------------------
card(figures) = 45

coords [*,*,1]
:       1         2         3         4       :=
1    19.6258   20.4098   20.5971   20.0373
2    20.5971   20.5971   20.5971   19.548
3    19.9394   20.5954   19.7098   20.4684
4    20.1339   19.4192   19.4035   19.5952
5    19.6624   20.5971   19.666    20.1881
6    19.5972   19.4029   20.0218   19.5239
7    19.5248   20.5971   20.4861   19.5732
8    20.4861   19.6878   20.5971   19.882
9    20.2342   20.597    20.585    19.463
10   20.5971   19.8821   19.6877   20.4861
11   19.5972   19.4029   20.0218   19.5239
12   19.4029   20.1469   19.5128   19.4383
13   19.6007   20.5967   19.7709   20.5968
14   20.5971   19.4446   20.2843   20.597
15   20.4861   19.8822   19.6876   20.5971
16   19.4979   20.2253   19.5239   20.1104
17   20.5885   19.6899   19.6277   20.2683
18   19.7887   20.3833   19.6975   20.5945
19   20.4814   19.5566   20.5971   20.024
20   20.5857   19.625    20.2657   19.6872
21   19.7619   20.3417   19.7084   20.5032
22   20.0218   19.5239   19.5972   19.4029
23   20.5971   20.5971   20.5971   20.024
24   19.6223   19.6833   20.2611   20.583
25   20.5971   19.8822   19.6876   20.4861
26   20.1476   19.4029   19.5238   19.4029
27   19.4029   19.4029   19.403    20.125
28   19.4359   19.4029   19.4029   20.0374
29   20.5051   19.7331   20.358    19.7542
30   19.4442   20.5971   20.5971   20.2841
31   20.5139   19.7425   20.3714   19.77
32   19.9752   20.5672   20.4071   19.647
33   20.1476   19.5239   19.4029   19.4029
34   19.8579   19.6639   20.4251   20.4263
35   19.7011   20.4573   20.5836   19.9169
36   20.4132   19.5239   20.127    19.6058
37   20.127    20.5971   19.4029   20.5971
38   20.5971   20.2848   20.5968   19.4444
39   20.4311   20.597    19.9963   20.597
40   19.6451   20.4697   20.1295   20.5952
41   19.4029   20.5971   20.5971   20.127
42   19.9563   20.5308   20.5971   19.5133
43   19.666    20.1881   19.6624   20.5971
44   20.3606   19.7533   19.6723   20.486
45   19.4442   20.5971   20.5971   20.284

 [*,*,2]
:       1         2         3         4       :=
1    19.8344   20.4502   20.5971   19.916
2    20.5971   19.403    20.5201   19.7743
3    19.8181   20.5689   19.6943   20.3477
4    20.5952   20.3163   19.6116   19.6035
5    19.6858   20.5908   19.6156   20.0701
6    19.4029   19.8498   20.5971   20.5971
7    19.4029   19.4029   20.3652   19.5137
8    20.3652   19.6104   20.5682   19.8802
9    20.0995   19.4029   20.1145   19.4029
10   20.568    19.8802   19.6103   20.3652
11   19.4029   19.8498   20.5971   20.5971
12   19.5874   20.596    20.5286   19.9392
13   20.2098   20.5042   19.4258   19.4132
14   19.9891   19.4032   20.1785   19.4029
15   20.3652   19.8801   19.6102   20.5678
16   19.5871   20.5971   20.5971   20.3669
17   20.4678   19.6367   19.506    20.2554
18   19.7988   20.2636   19.6278   20.5658
19   20.3227   19.4875   19.4029   19.4029
20   20.465    19.5032   20.2527   19.634
21   19.6445   20.2274   19.7183   20.4627
22   20.5971   20.5971   19.4029   19.8498
23   20.3169   19.4596   19.4029   19.4029
24   19.5005   19.6296   20.2485   20.4623
25   20.5677   19.88     19.6101   20.3652
26   20.5971   20.5971   20.5971   19.9163
27   19.9163   20.5971   19.4029   20.5556
28   20.0534   19.4029   19.4029   19.9161
29   20.4618   19.7407   20.2403   19.6358
30   19.403    19.9886   19.4029   20.1784
31   20.4713   19.7501   20.2541   19.651
32   20.1093   20.5971   20.597    19.7894
33   20.5971   20.5971   19.5873   20.2237
34   19.8592   19.5501   20.3967   20.3062
35   19.687    20.3383   20.5568   19.7964
36   20.597    20.5971   20.5971   19.7447
37   20.5971   20.4868   19.8356   19.4029
38   19.9957   20.1789   19.403    19.4036
39   20.2594   19.4479   19.403    20.566
40   19.5935   20.3363   19.6583   20.563
41   19.8363   20.4875   19.4029   20.5971
42   19.4029   20.2505   19.4029   19.4579
43   19.6156   20.0702   19.6859   20.5908
44   20.2409   19.7612   19.5517   20.4265
45   19.403    19.4029   19.9888   20.1784

 [*,*,3]
:       1         2         3         4       :=
1    20.3282   19.4029   20.5971   20.5971
2    19.4029   19.4029   19.7825   19.4029
3    20.5951   19.7802   19.6773   20.5949
4    20.5715   19.4516   20.2028   20.5951
5    19.4029   19.7997   19.9791   20.5971
6    19.9133   19.4029   20.3562   19.4029
7    20.5971   20.5971   20.5971   20.0571
8    20.5971   20.1243   19.7988   19.4791
9    20.4462   19.403    20.2826   19.9915
10   19.7988   19.4791   20.1242   20.5971
11   19.9133   19.4029   20.3562   19.4029
12   20.2285   20.5964   19.4029   19.6391
13   19.4029   19.4029   19.4029   19.4029
14   20.1251   19.7026   20.4399   19.4029
15   20.5971   19.4791   20.1242   19.7987
16   19.6661   20.2145   19.4029   20.5971
17   20.5966   20.0047   20.5968   19.6611
18   19.4556   20.5853   20.1468   19.7992
19   20.5919   20.0467   20.5971   19.7003
20   20.5966   20.5967   19.6612   20.0043
21   20.5608   20.5384   19.4566   19.9005
22   20.3562   19.4029   19.9133   19.4029
23   20.5288   19.4728   20.5971   19.7003
24   20.5968   20.0084   19.6585   20.5966
25   19.7987   19.4791   20.1241   20.5971
26   20.5971   20.5971   19.4029   19.8841
27   19.8841   20.5971   20.5971   20.5971
28   19.4029   19.5414   20.597    20.5971
29   19.9256   19.4783   20.5681   20.5684
30   19.7024   20.1243   19.4029   20.4395
31   19.9196   19.4775   20.5643   20.5739
32   19.4031   19.403    20.597    19.8097
33   20.5971   19.4029   20.2286   19.5219
34   19.5335   20.5281   19.7957   20.5895
35   19.664    20.5798   19.7826   20.5885
36   20.432    19.4029   19.4029   19.7452
37   19.4029   19.4029   19.4029   19.4029
38   20.1153   20.4386   19.403    19.702
39   20.4979   19.4192   19.5353   19.7983
40   19.8837   20.583    19.4542   19.7968
41   19.4029   19.4029   19.4029   19.4029
42   19.5694   20.4646   19.4029   20.0328
43   19.9792   20.5971   19.4029   19.7998
44   20.5854   19.4754   20.587    20.0652
45   19.7022   19.4029   20.1237   20.4394
;

side = 1.19414
softness = 0.85

---------------------------- Solution coords data ----------------------------
distances [*,1,*]
:    1   2   3   4    :=
1    0   1   0   1
2    0   1   0   1
3    0   1   0   1
4    0   1   0   1
5    0   1   0   1
6    0   1   0   1
7    0   1   0   1
8    0   1   0   1
9    0   1   0   1
10   0   1   0   1
11   0   1   0   1
12   0   1   0   1
13   0   1   0   1
14   0   1   0   1
15   0   1   0   1
16   0   1   0   1
17   0   1   0   1
18   0   1   0   1
19   0   1   0   1
20   0   1   0   1
21   0   1   0   1
22   0   1   0   1
23   0   1   0   1
24   0   1   0   1
25   0   1   0   1
26   0   1   0   1
27   0   1   0   1
28   0   1   0   1
29   0   1   0   1
30   0   1   0   1
31   0   1   0   1
32   0   1   0   1
33   0   1   0   1
34   0   1   0   1
35   0   1   0   1
36   0   1   0   1
37   0   1   0   1
38   0   1   0   1
39   0   1   0   1
40   0   1   0   1
41   0   1   0   1
42   0   1   0   1
43   0   1   0   1
44   0   1   0   1
45   0   1   0   1

 [*,2,*]
:    1   2   3   4    :=
1    0   0   1   1
2    0   0   1   1
3    0   0   1   1
4    0   0   1   1
5    0   0   1   1
6    0   0   1   1
7    0   0   1   1
8    0   0   1   1
9    0   0   1   1
10   0   0   1   1
11   0   0   1   1
12   0   0   1   1
13   0   0   1   1
14   0   0   1   1
15   0   0   1   1
16   0   0   1   1
17   0   0   1   1
18   0   0   1   1
19   0   0   1   1
20   0   0   1   1
21   0   0   1   1
22   0   0   1   1
23   0   0   1   1
24   0   0   1   1
25   0   0   1   1
26   0   0   1   1
27   0   0   1   1
28   0   0   1   1
29   0   0   1   1
30   0   0   1   1
31   0   0   1   1
32   0   0   1   1
33   0   0   1   1
34   0   0   1   1
35   0   0   1   1
36   0   0   1   1
37   0   0   1   1
38   0   0   1   1
39   0   0   1   1
40   0   0   1   1
41   0   0   1   1
42   0   0   1   1
43   0   0   1   1
44   0   0   1   1
45   0   0   1   1

 [*,3,*]
:    1   2   3   4    :=
1    1   0   0   1
2    1   0   0   1
3    1   0   0   1
4    1   0   0   1
5    1   0   0   1
6    1   0   0   1
7    1   0   0   1
8    1   0   0   1
9    1   0   0   1
10   1   0   0   1
11   1   0   0   1
12   1   0   0   1
13   1   0   0   1
14   1   0   0   1
15   1   0   0   1
16   1   0   0   1
17   1   0   0   1
18   1   0   0   1
19   1   0   0   1
20   1   0   0   1
21   1   0   0   1
22   1   0   0   1
23   1   0   0   1
24   1   0   0   1
25   1   0   0   1
26   1   0   0   1
27   1   0   0   1
28   1   0   0   1
29   1   0   0   1
30   1   0   0   1
31   1   0   0   1
32   1   0   0   1
33   1   0   0   1
34   1   0   0   1
35   1   0   0   1
36   1   0   0   1
37   1   0   0   1
38   1   0   0   1
39   1   0   0   1
40   1   0   0   1
41   1   0   0   1
42   1   0   0   1
43   1   0   0   1
44   1   0   0   1
45   1   0   0   1

 [*,4,*]
:    1   2   3   4    :=
1    1   1   1   0
2    1   1   1   0
3    1   1   1   0
4    1   1   1   0
5    1   1   1   0
6    1   1   1   0
7    1   1   1   0
8    1   1   1   0
9    1   1   1   0
10   1   1   1   0
11   1   1   1   0
12   1   1   1   0
13   1   1   1   0
14   1   1   1   0
15   1   1   1   0
16   1   1   1   0
17   1   1   1   0
18   1   1   1   0
19   1   1   1   0
20   1   1   1   0
21   1   1   1   0
22   1   1   1   0
23   1   1   1   0
24   1   1   1   0
25   1   1   1   0
26   1   1   1   0
27   1   1   1   0
28   1   1   1   0
29   1   1   1   0
30   1   1   1   0
31   1   1   1   0
32   1   1   1   0
33   1   1   1   0
34   1   1   1   0
35   1   1   1   0
36   1   1   1   0
37   1   1   1   0
38   1   1   1   0
39   1   1   1   0
40   1   1   1   0
41   1   1   1   0
42   1   1   1   0
43   1   1   1   0
44   1   1   1   0
45   1   1   1   0
;

---------------------------- Solution stats data ----------------------------
_ampl_time = 0.091159
_total_solve_time = 15092
_ampl_elapsed_time = 0.087088
_ampl_user_time = 0.08113

Total time elapsed: $15092.00.
_total_solve_time = 15092

---------------------------- Solution miscs data ----------------------------
tetrahedron_volume [*] :=
 1 0    6 0   11 0   16 0   21 0   26 0   31 0   36 0   41 0
 2 0    7 0   12 0   17 0   22 0   27 0   32 0   37 0   42 0
 3 0    8 0   13 0   18 0   23 0   28 0   33 0   38 0   43 0
 4 0    9 0   14 0   19 0   24 0   29 0   34 0   39 0   44 0
 5 0   10 0   15 0   20 0   25 0   30 0   35 0   40 0   45 0
;

---------------------------- Solution miscs data ----------------------------
tetrahedron_surface_area [*] :=
 1 1.73205    9 1.73205   17 1.73205   25 1.73205   33 1.73205   41 1.73205
 2 1.73205   10 1.73205   18 1.73205   26 1.73205   34 1.73205   42 1.73205
 3 1.73205   11 1.73205   19 1.73205   27 1.73205   35 1.73205   43 1.73205
 4 1.73205   12 1.73205   20 1.73205   28 1.73205   36 1.73205   44 1.73205
 5 1.73205   13 1.73205   21 1.73205   29 1.73205   37 1.73205   45 1.73205
 6 1.73205   14 1.73205   22 1.73205   30 1.73205   38 1.73205
 7 1.73205   15 1.73205   23 1.73205   31 1.73205   39 1.73205
 8 1.73205   16 1.73205   24 1.73205   32 1.73205   40 1.73205
;

