Error at _cmdno 5 executing "solve" command
(file amplin, line 1945, offset 37257):
error processing param distances:
	4000 invalid subscripts discarded:
	distances[51,1,1]
	distances[51,1,2]
	distances[51,1,3]
	and 3997 more.
##### This license is only intended for use by NEOS. #####
##### License is valid until Jan 16, 2026 #####
riables.
Adjusted problem:
6726 variables:
	4276 nonlinear variables
	2450 linear variables
13100 constraints; 79725 nonzeros
	11875 nonlinear constraints
	1225 linear constraints
	1275 equality constraints
	11825 inequality constraints
1 linear objective; 1 nonzero.

Artelys Knitro 14.2.0: threads=4
algorithm=1
ms_enable=1
ms_maxsolves=10
feastol=1e-5
opttol=1e-5
honorbnds=1
bar_initpt=3
bar_murule=4
scale=1
outlev=2
maxtime_real=3600
WARNING:  Option 'threads' is deprecated, please use 'numthreads'.

=======================================
           Academic License
       (NOT FOR COMMERCIAL USE)
         Artelys Knitro 14.2.0
=======================================

No start point provided -- Knitro computing one.

Knitro presolve eliminated 0 variables and 0 constraints.

algorithm                1
bar_initpt               3
bar_murule               4
concurrent_evals         0
datacheck                0
feastol                  1e-05
findiff_numthreads       1
hessian_no_f             1
hessopt                  1
honorbnds                1
maxtime_real             3600
ms_enable                1
ms_maxsolves             10
numthreads               4
opttol                   1e-05

Problem Characteristics                                 (   Presolved)
-----------------------
Objective goal:  Minimize
Objective type:  linear
Number of variables:                               6726 (        6726)
    bounded below only:                             601 (         601)
    bounded above only:                               0 (           0)
    bounded below and above:                          0 (           0)
    fixed:                                            0 (           0)
    free:                                          6125 (        6125)
Number of constraints:                            13100 (       13100)
    linear equalities:                                0 (           0)
    quadratic equalities:                          1225 (        1225)
    gen. nonlinear equalities:                       50 (          50)
    linear one-sided inequalities:                 1225 (        1225)
    quadratic one-sided inequalities:             10600 (       10600)
    gen. nonlinear one-sided inequalities:            0 (           0)
    linear two-sided inequalities:                    0 (           0)
    quadratic two-sided inequalities:                 0 (           0)
    gen. nonlinear two-sided inequalities:            0 (           0)
Number of nonzeros in Jacobian:                   79725 (       79725)
Number of nonzeros in Hessian:                    36976 (       36976)

Knitro parallel multistart will run with 4 threads.

Return codes description
------------------------
  0:  The final solution satisfies the termination conditions for verifying optimality.
  -100 to -199:  A feasible approximate solution was found.
  -200 to -299:  Knitro terminated at an infeasible point.
  -300 to -301:  The problem was determined to be unbounded.
  -400 to -499:  Knitro terminated because it reached a pre-defined limit.
    -400 to -409:  A feasible point was found.
    -410 to -419:  No feasible point was found.
  -500 to -599:  Knitro terminated with an input error or some non-standard error.
A more detailed description of individual return codes and their corresponding
termination messages is provided at
https://www.artelys.com/app/docs/knitro/3_referenceManual/returnCodes.html

 Solve #  ThreadID  Status     Objective      FeasError    OptError    Real Time 
--------  --------  ------  --------------   ----------   ----------  ----------
      4          2    -202         251.926      15785.6      2.65774      97.6906
      3          2    -202         1868.68      29453.2      10.4396      111.098
      7          3    -202         1476.99      57211.6      1.00000      259.799
      0          0       0         1.29711  2.09493e-04  3.12403e-06      237.834
      9          3    -410         11801.2     0.127960      1.00000      2282.41
      2          3    -410         8689.07  3.03878e-02     0.283122      1399.50
      1          1    -410         2574.39     0.633695      1.12830      1496.74
      6          0    -410         523.337  8.07507e-03     0.376695      1553.92
      8          1    -410         25884.0     0.914472      63.9796      2272.48
      5          2    -410         18867.3      1.60907      307.011      1647.18

MULTISTART: Best locally optimal solution is returned.
EXIT: Locally optimal solution found.

Final Statistics
----------------
Final objective value               =   1.29711423726103e+00
Final feasibility error (abs / rel) =   2.09e-04 / 1.95e-07
Final optimality error  (abs / rel) =   3.12e-06 / 3.12e-06
# of iterations                     =      65638 
# of CG iterations                  =          0 
# of function evaluations           =     102147
# of gradient evaluations           =      65950
# of Hessian evaluations            =      65690
Total program time (secs)           =    3942.64307 ( 11218.552 CPU time)

===============================================================================

Knitro 14.2.0: Locally optimal or satisfactory solution.
objective 1.297114237; feasibility error 0.000209
65638 iterations; 102147 function evaluations

suffix feaserror OUT;
suffix opterror OUT;
suffix numfcevals OUT;
suffix numiters OUT;
---------------------------- Container and geometric considerations  ----------------------------
Container type: sphere
Structural conservation type: surface
---------------------------- Solution execution data ----------------------------
solve_result_num = 0
solve_result = solved

---------------------------- Solution data ----------------------------
card(figures) = 50

coords [*,*,1]
:       1         2         3         4       :=
1    20.8313   20.138    20.0849   20.6211
2    19.7623   19.3315   20.1225   20.0101
3    19.1214   20.2064   19.7571   19.8116
4    19.7589   19.2158   19.8117   19.1214
5    20.4794   20.9929   20.0526   20.1253
6    19.5405   19.8887   20.0303   20.5095
7    20.698    20.0533   20.8261   20.0828
8    20.44     19.8534   20.5905   19.965
9    20.0311   20.1719   19.8633   20.8795
10   19.6959   19.8081   19.0879   20.0792
11   20.056    21.0262   20.2907   20.5231
12   19.8828   20.2257   19.6211   20.5126
13   19.8166   20.1006   19.1895   19.5056
14   21.2234   20.3037   20.9955   20.5732
15   18.7425   19.7726   18.9449   18.8396
16   19.8797   20.9243   20.5819   20.1942
17   20.698    20.2249   20.079    19.8307
18   19.135    19.7865   18.7374   19.216
19   21.138    20.0459   20.4942   20.4745
20   19.7617   19.2226   19.0233   18.7304
21   18.8385   19.349    19.7388   19.5436
22   19.6753   19.3764   19.7966   18.9431
23   19.4      20.133    20.2861   19.9784
24   20.2486   20.0623   20.0764   20.9798
25   20.5797   21.1488   20.1301   21.0654
26   19.2038   18.7423   19.8035   18.9457
27   19.0748   18.8643   19.6973   19.354
28   20.3614   21.2236   20.9881   21.1774
29   20.9272   21.2491   21.1785   20.3625
30   20.698    21.2588   20.1851   20.8254
31   21.1634   20.5696   20.5453   20.0733
32   19.5503   20.5207   19.9028   19.6711
33   19.2095   19.0871   19.6816   19.9488
34   20.1333   20.0261   19.2977   19.4782
35   19.7979   18.8143   18.9431   19.3764
36   19.5405   19.8887   19.096    20.0303
37   20.1249   20.257    20.698    21.0172
38   19.7389   19.2955   19.5436   18.8146
39   20.4831   20.108    19.9717   19.5788
40   20.183    20.7732   21.0036   21.2596
41   19.0224   18.8648   19.7546   18.7304
42   19.3523   20.1336   19.8276   19.6164
43   20.3403   20.3004   19.8108   19.7138
44   20.0526   20.9929   20.6268   20.2539
45   20.0194   20.1353   19.8538   19.3
46   20.1829   20.1225   19.3113   20.0101
47   20.5912   19.5649   19.955    19.8542
48   20.0586   19.8267   20.0541   20.698
49   21.2107   20.831    20.1206   20.6221
50   19.6797   19.7324   18.9457   19.1945

 [*,*,2]
:       1         2         3         4       :=
1    19.8321   20.3312   20.136    20.8763
2    19.4791   20.468    20.1528   20.2
3    20.579    20.704    20.1974   19.9418
4    20.1961   19.5631   19.9417   20.579
5    21.2051   20.6603   20.4193   20.8319
6    19.9685   20.0077   19.2125   20.0259
7    19.0109   18.7197   19.1018   19.77
8    20.6621   21.1577   21.1533   20.2591
9    20.2      20.31     19.4399   19.7899
10   18.789    19.8669   19.3676   19.221
11   19.8272   19.8102   19.4675   20.5229
12   20.0421   20.8414   19.9716   20.0261
13   20.137    20.9223   20.6287   21.187
14   19.5702   19.8375   19.959    19.1707
15   19.9899   20.0932   20.7455   19.854
16   19.7348   20.0289   19.1811   19.7018
17   19.0109   19.497    19.8274   18.8887
18   20.6352   20.1077   19.9617   19.5627
19   20.4967   20.4697   19.9486   19.8826
20   19.9608   19.5602   19.1519   19.9809
21   19.9473   19.1032   19.9726   19.8016
22   21.2539   20.6968   20.1652   20.7426
23   19.4198   18.7976   19.3981   19.6983
24   19.1701   19.6864   18.7223   19.2877
25   21.1561   20.5536   20.3116   20.3462
26   20.6925   19.9909   20.0895   20.7466
27   19.1082   19.8444   19.9664   19.0989
28   19.8098   19.5707   19.9649   20.5406
29   20.164    19.6509   20.5415   19.8108
30   19.0109   19.6947   19.8437   19.1037
31   20.3645   21.1608   20.9024   20.2574
32   19.6428   19.8614   20.4192   19.6165
33   19.0369   19.3866   18.795    19.6965
34   18.7975   19.7185   18.9231   19.4363
35   20.1231   19.9563   20.7426   20.6968
36   19.9685   20.0077   19.3627   19.2125
37   19.8861   19.4581   19.0109   19.8034
38   19.9727   20.6365   19.8016   19.9572
39   21.2038   20.7624   20.3371   21.1951
40   19.8042   19.0908   20.1172   19.6976
41   19.153    19.8471   19.9641   19.9814
42   20.5086   20.9266   20.2536   21.2207
43   20.0523   20.2499   19.5129   20.5948
44   20.4193   20.6603   19.8472   20.7891
45   19.724    18.7978   18.8276   18.9219
46   20.9486   20.1528   20.4761   20.2
47   21.153    21.1895   20.2675   21.158
48   19.7839   18.8895   18.7197   19.0109
49   20.3691   19.8295   20.2621   20.8747
50   21.2551   20.1691   20.7464   20.6971

 [*,*,3]
:       1         2         3         4       :=
1    19.0185   18.7535   19.7606   19.2727
2    19.183    18.9917   18.7178   19.8064
3    20.7585   20.6745   21.2588   20.195
4    21.2593   20.9363   20.1951   20.7585
5    20.0212   20.5105   20.0029   20.9873
6    21.2126   20.2902   21.0303   21.1926
7    20.4658   19.7985   19.5603   20.0087
8    18.975    19.4336   19.9401   19.845
9    19.6287   18.7523   18.8579   19.07
10   20.3513   20.192    20.6713   21.0341
11   20.262    20.7703   21.1465   20.9675
12   20.2951   20.9611   21.2402   21.1913
13   20.1975   20.9065   20.7939   20.1707
14   19.9697   20.0101   19.1694   19.1838
15   20.3178   19.9598   19.8841   19.4391
16   19.1644   19.3135   19.1795   20.0618
17   20.4658   21.1743   20.1401   20.6473
18   20.7285   20.1763   20.2946   20.9363
19   19.8278   19.9087   20.4809   19.3876
20   20.0752   20.9406   20.0962   20.2652
21   19.425    19.3259   19.8664   18.8022
22   19.9315   19.101    19.9355   19.8821
23   19.0071   19.532    18.8872   19.8947
24   19.0346   19.9827   19.7896   19.5361
25   20.0988   19.7626   20.0847   20.6539
26   20.7544   20.3173   20.0638   19.8833
27   20.1765   19.393    19.9009   19.3268
28   20.0349   19.9682   19.1604   20.0211
29   20.8921   19.9793   20.0211   20.0349
30   20.4658   20.0682   20.0478   19.5555
31   19.7172   20.1035   19.2444   19.7323
32   19.2732   19.6337   19.961    20.2804
33   19.6393   20.6702   20.3594   20.069
34   19.5324   20.0195   19.8278   19.1139
35   19.9283   19.4759   19.8821   19.101
36   21.2126   20.2902   20.6776   21.0303
37   20.1504   21.1502   20.4658   20.7805
38   19.8664   19.1162   18.8022   19.4752
39   19.9928   20.8542   19.8539   20.2773
40   20.1586   20.508    20.8134   20.0662
41   20.0965   19.3913   20.0195   20.2653
42   18.9978   19.1194   19.9277   19.7872
43   19.7238   20.8006   20.202    20.0602
44   20.0029   20.5105   20.5807   20.9977
45   20.0241   19.532    20.5353   19.8266
46   19.1344   18.7178   19.0093   19.8064
47   19.9407   20.2797   19.835    19.434
48   20.059    20.6475   19.7993   20.4658
49   19.7165   19.0187   19.7317   19.2717
50   19.9318   19.9452   19.8823   20.74
;

radius = 1.29711
softness = 0.2

---------------------------- Solution coords data ----------------------------
distances [*,1,*]
:    1   2   3   4    :=
1    0   1   0   1
2    0   1   0   1
3    0   1   0   1
4    0   1   0   1
5    0   1   0   1
6    0   1   0   1
7    0   1   0   1
8    0   1   0   1
9    0   1   0   1
10   0   1   0   1
11   0   1   0   1
12   0   1   0   1
13   0   1   0   1
14   0   1   0   1
15   0   1   0   1
16   0   1   0   1
17   0   1   0   1
18   0   1   0   1
19   0   1   0   1
20   0   1   0   1
21   0   1   0   1
22   0   1   0   1
23   0   1   0   1
24   0   1   0   1
25   0   1   0   1
26   0   1   0   1
27   0   1   0   1
28   0   1   0   1
29   0   1   0   1
30   0   1   0   1
31   0   1   0   1
32   0   1   0   1
33   0   1   0   1
34   0   1   0   1
35   0   1   0   1
36   0   1   0   1
37   0   1   0   1
38   0   1   0   1
39   0   1   0   1
40   0   1   0   1
41   0   1   0   1
42   0   1   0   1
43   0   1   0   1
44   0   1   0   1
45   0   1   0   1
46   0   1   0   1
47   0   1   0   1
48   0   1   0   1
49   0   1   0   1
50   0   1   0   1

 [*,2,*]
:    1   2   3   4    :=
1    0   0   1   1
2    0   0   1   1
3    0   0   1   1
4    0   0   1   1
5    0   0   1   1
6    0   0   1   1
7    0   0   1   1
8    0   0   1   1
9    0   0   1   1
10   0   0   1   1
11   0   0   1   1
12   0   0   1   1
13   0   0   1   1
14   0   0   1   1
15   0   0   1   1
16   0   0   1   1
17   0   0   1   1
18   0   0   1   1
19   0   0   1   1
20   0   0   1   1
21   0   0   1   1
22   0   0   1   1
23   0   0   1   1
24   0   0   1   1
25   0   0   1   1
26   0   0   1   1
27   0   0   1   1
28   0   0   1   1
29   0   0   1   1
30   0   0   1   1
31   0   0   1   1
32   0   0   1   1
33   0   0   1   1
34   0   0   1   1
35   0   0   1   1
36   0   0   1   1
37   0   0   1   1
38   0   0   1   1
39   0   0   1   1
40   0   0   1   1
41   0   0   1   1
42   0   0   1   1
43   0   0   1   1
44   0   0   1   1
45   0   0   1   1
46   0   0   1   1
47   0   0   1   1
48   0   0   1   1
49   0   0   1   1
50   0   0   1   1

 [*,3,*]
:    1   2   3   4    :=
1    1   0   0   1
2    1   0   0   1
3    1   0   0   1
4    1   0   0   1
5    1   0   0   1
6    1   0   0   1
7    1   0   0   1
8    1   0   0   1
9    1   0   0   1
10   1   0   0   1
11   1   0   0   1
12   1   0   0   1
13   1   0   0   1
14   1   0   0   1
15   1   0   0   1
16   1   0   0   1
17   1   0   0   1
18   1   0   0   1
19   1   0   0   1
20   1   0   0   1
21   1   0   0   1
22   1   0   0   1
23   1   0   0   1
24   1   0   0   1
25   1   0   0   1
26   1   0   0   1
27   1   0   0   1
28   1   0   0   1
29   1   0   0   1
30   1   0   0   1
31   1   0   0   1
32   1   0   0   1
33   1   0   0   1
34   1   0   0   1
35   1   0   0   1
36   1   0   0   1
37   1   0   0   1
38   1   0   0   1
39   1   0   0   1
40   1   0   0   1
41   1   0   0   1
42   1   0   0   1
43   1   0   0   1
44   1   0   0   1
45   1   0   0   1
46   1   0   0   1
47   1   0   0   1
48   1   0   0   1
49   1   0   0   1
50   1   0   0   1

 [*,4,*]
:    1   2   3   4    :=
1    1   1   1   0
2    1   1   1   0
3    1   1   1   0
4    1   1   1   0
5    1   1   1   0
6    1   1   1   0
7    1   1   1   0
8    1   1   1   0
9    1   1   1   0
10   1   1   1   0
11   1   1   1   0
12   1   1   1   0
13   1   1   1   0
14   1   1   1   0
15   1   1   1   0
16   1   1   1   0
17   1   1   1   0
18   1   1   1   0
19   1   1   1   0
20   1   1   1   0
21   1   1   1   0
22   1   1   1   0
23   1   1   1   0
24   1   1   1   0
25   1   1   1   0
26   1   1   1   0
27   1   1   1   0
28   1   1   1   0
29   1   1   1   0
30   1   1   1   0
31   1   1   1   0
32   1   1   1   0
33   1   1   1   0
34   1   1   1   0
35   1   1   1   0
36   1   1   1   0
37   1   1   1   0
38   1   1   1   0
39   1   1   1   0
40   1   1   1   0
41   1   1   1   0
42   1   1   1   0
43   1   1   1   0
44   1   1   1   0
45   1   1   1   0
46   1   1   1   0
47   1   1   1   0
48   1   1   1   0
49   1   1   1   0
50   1   1   1   0
;

---------------------------- Solution stats data ----------------------------
_ampl_time = 0.058979
_total_solve_time = 11218.8
_ampl_elapsed_time = 0.055768
_ampl_user_time = 0.046773

Total time elapsed: $11218.81.
_total_solve_time = 11218.8

---------------------------- Solution miscs data ----------------------------
tetrahedron_volume [*] :=
 1 0    6 0   11 0   16 0   21 0   26 0   31 0   36 0   41 0   46 0
 2 0    7 0   12 0   17 0   22 0   27 0   32 0   37 0   42 0   47 0
 3 0    8 0   13 0   18 0   23 0   28 0   33 0   38 0   43 0   48 0
 4 0    9 0   14 0   19 0   24 0   29 0   34 0   39 0   44 0   49 0
 5 0   10 0   15 0   20 0   25 0   30 0   35 0   40 0   45 0   50 0
;

---------------------------- Solution miscs data ----------------------------
tetrahedron_surface_area [*] :=
 1 1.73205   10 1.73205   19 1.73205   28 1.73205   37 1.73205   46 1.73205
 2 1.73205   11 1.73205   20 1.73205   29 1.73205   38 1.73205   47 1.73205
 3 1.73205   12 1.73205   21 1.73205   30 1.73205   39 1.73205   48 1.73205
 4 1.73205   13 1.73205   22 1.73205   31 1.73205   40 1.73205   49 1.73205
 5 1.73205   14 1.73205   23 1.73205   32 1.73205   41 1.73205   50 1.73205
 6 1.73205   15 1.73205   24 1.73205   33 1.73205   42 1.73205
 7 1.73205   16 1.73205   25 1.73205   34 1.73205   43 1.73205
 8 1.73205   17 1.73205   26 1.73205   35 1.73205   44 1.73205
 9 1.73205   18 1.73205   27 1.73205   36 1.73205   45 1.73205
;

