Error at _cmdno 5 executing "solve" command
(file amplin, line 1977, offset 37909):
error processing param distances:
	4080 invalid subscripts discarded:
	distances[46,1,1]
	distances[46,1,2]
	distances[46,1,3]
	and 4077 more.
##### This license is only intended for use by NEOS. #####
##### License is valid until Jan 16, 2026 #####
riables.
Adjusted problem:
5491 variables:
	3510 nonlinear variables
	1981 linear variables
11565 constraints; 66330 nonzeros
	9495 nonlinear constraints
	2070 linear constraints
	1035 equality constraints
	10530 inequality constraints
1 linear objective; 1 nonzero.

Artelys Knitro 14.2.0: threads=4
algorithm=1
ms_enable=1
ms_maxsolves=10
feastol=1e-5
opttol=1e-5
honorbnds=1
bar_initpt=3
bar_murule=4
scale=1
outlev=2
maxtime_real=1200
WARNING:  Option 'threads' is deprecated, please use 'numthreads'.

=======================================
           Academic License
       (NOT FOR COMMERCIAL USE)
         Artelys Knitro 14.2.0
=======================================

No start point provided -- Knitro computing one.

Knitro presolve eliminated 0 variables and 0 constraints.

algorithm                1
bar_initpt               3
bar_murule               4
concurrent_evals         0
datacheck                0
feastol                  1e-05
findiff_numthreads       1
hessian_no_f             1
hessopt                  1
honorbnds                1
maxtime_real             1200
ms_enable                1
ms_maxsolves             10
numthreads               4
opttol                   1e-05

Problem Characteristics                                 (   Presolved)
-----------------------
Objective goal:  Minimize
Objective type:  linear
Number of variables:                               5491 (        5491)
    bounded below only:                             541 (         541)
    bounded above only:                               0 (           0)
    bounded below and above:                          0 (           0)
    fixed:                                            0 (           0)
    free:                                          4950 (        4950)
Number of constraints:                            11565 (       11565)
    linear equalities:                                0 (           0)
    quadratic equalities:                           990 (         990)
    gen. nonlinear equalities:                       45 (          45)
    linear one-sided inequalities:                 2070 (        2070)
    quadratic one-sided inequalities:              8460 (        8460)
    gen. nonlinear one-sided inequalities:            0 (           0)
    linear two-sided inequalities:                    0 (           0)
    quadratic two-sided inequalities:                 0 (           0)
    gen. nonlinear two-sided inequalities:            0 (           0)
Number of nonzeros in Jacobian:                   66330 (       66330)
Number of nonzeros in Hessian:                    30240 (       30240)

Knitro parallel multistart will run with 4 threads.

Return codes description
------------------------
  0:  The final solution satisfies the termination conditions for verifying optimality.
  -100 to -199:  A feasible approximate solution was found.
  -200 to -299:  Knitro terminated at an infeasible point.
  -300 to -301:  The problem was determined to be unbounded.
  -400 to -499:  Knitro terminated because it reached a pre-defined limit.
    -400 to -409:  A feasible point was found.
    -410 to -419:  No feasible point was found.
  -500 to -599:  Knitro terminated with an input error or some non-standard error.
A more detailed description of individual return codes and their corresponding
termination messages is provided at
https://www.artelys.com/app/docs/knitro/3_referenceManual/returnCodes.html

 Solve #  ThreadID  Status     Objective      FeasError    OptError    Real Time 
--------  --------  ------  --------------   ----------   ----------  ----------
      0          0       0         1.52662  5.49138e-06  9.89513e-06      1782.76
      2          2    -410         198.298  9.08957e-02     0.200557      7832.52
      3          1    -410         400.496     0.200090     0.619524      8028.06
      5          2    -410         520.644  1.58631e-03     0.134651      7521.71
      7          3    -410         1076.45     0.281763      1.22646      7554.80
      1          3    -410         2001.34  9.99634e-04     0.610425      8449.43
      6          1    -410         22153.1      2.85162      1.74997      8858.42
      8          0    -410         16973.3     0.153308      1.66370      6209.20
      9          2    -410         5206.03     0.617492      1.76653      4236.65
      4          0    -410         29574.2  7.56136e-02      62.1692      10380.8

MULTISTART: Best locally optimal solution is returned.
EXIT: Locally optimal solution found.

Final Statistics
----------------
Final objective value               =   1.52661887411732e+00
Final feasibility error (abs / rel) =   5.49e-06 / 2.98e-07
Final optimality error  (abs / rel) =   9.90e-06 / 9.90e-06
# of iterations                     =      92627 
# of CG iterations                  =          0 
# of function evaluations           =     151849
# of gradient evaluations           =      92871
# of Hessian evaluations            =      92700
Total program time (secs)           =   19592.14062 ( 25876.662 CPU time)

===============================================================================

Knitro 14.2.0: Locally optimal or satisfactory solution.
objective 1.526618874; feasibility error 5.49e-06
92627 iterations; 151849 function evaluations

suffix feaserror OUT;
suffix opterror OUT;
suffix numfcevals OUT;
suffix numiters OUT;
---------------------------- Container and geometric considerations  ----------------------------
Container type: cube
Structural conservation type: volume & surface
---------------------------- Solution execution data ----------------------------
solve_result_num = 0
solve_result = solved

---------------------------- Solution data ----------------------------
card(figures) = 45

coords [*,*,1]
:       1         2         3         4       :=
1    19.6399   19.7301   20.3551   20.7633
2    20.1289   20.1157   20.6925   19.5041
3    19.3601   20.456    19.6141   19.5063
4    20.1499   19.2367   19.2367   19.2367
5    20.1929   20.7633   20.7633   20.7633
6    19.6032   19.2964   19.5098   19.3105
7    20.4116   19.6733   20.7633   20.7633
8    20.7633   20.7633   20.6813   20.3298
9    20.2314   20.7633   20.7633   19.7353
10   19.7631   19.3287   19.2462   19.4224
11   19.2623   19.2367   19.2367   19.5218
12   19.2367   19.2367   19.2372   19.6886
13   19.6335   20.0409   19.3991   20.6586
14   20.1088   19.5398   20.1528   20.7633
15   20.1748   19.3991   19.6326   20.6576
16   19.9924   20.6109   19.3782   19.7989
17   20.6559   20.1098   19.661    19.4983
18   19.4291   19.2367   19.76     19.8254
19   20.6841   19.9769   20.0904   19.4993
20   20.7633   20.1342   20.7633   19.7056
21   20.3309   20.7633   20.341    20.7608
22   19.2367   20.2919   19.6731   19.2367
23   20.6555   20.7633   19.6733   20.7633
24   20.7633   19.728    20.223    20.7633
25   20.6376   19.5228   20.0887   20.7633
26   19.2367   20.1499   19.2367   20.1012
27   19.2367   19.2367   19.6337   19.6877
28   19.4596   19.3166   20.6205   20.3591
29   20.7633   19.9128   20.7633   19.8076
30   20.0566   20.7633   19.6371   20.3873
31   20.7633   19.7315   19.6531   20.3266
32   19.5894   20.7633   20.0211   19.744
33   20.2913   19.6229   19.6886   20.7633
34   20.7633   19.8018   19.9881   20.7633
35   19.8355   20.7633   19.5686   20.3175
36   20.7633   20.2358   20.7633   20.6522
37   20.213    19.389    19.5984   19.2367
38   20.7533   20.1805   19.9868   19.6067
39   20.0187   20.7633   20.7633   19.896
40   19.6172   20.2429   20.3385   20.7633
41   19.5038   20.0258   19.6045   20.5951
42   19.715    20.1137   20.7633   20.7633
43   19.3471   19.6552   19.4774   20.0567
44   20.4754   19.4857   20.6179   19.9129
45   19.239    19.2577   20.0946   19.6748

 [*,*,2]
:       1         2         3         4       :=
1    20.5892   19.5013   20.4698   19.9609
2    20.7076   20.5833   20.7324   20.2151
3    19.7358   19.5706   20.5162   19.2367
4    19.8232   19.2367   19.2367   20.3809
5    19.5162   20.3466   19.6685   20.3348
6    20.7633   20.4593   19.5133   20.7633
7    19.2367   19.2367   19.4127   19.8858
8    20.7485   20.7628   20.2179   19.7131
9    19.6547   20.0627   19.3539   19.3162
10   19.816    20.3346   19.2367   19.2367
11   20.3789   19.2367   20.4209   19.7682
12   20.7633   20.7633   19.5781   20.6515
13   20.7633   20.7633   20.452    20.7633
14   20.5886   19.8462   19.8589   20.263
15   20.7298   20.4504   20.7633   20.7633
16   19.2934   19.4813   19.3641   20.4983
17   19.6128   19.2367   20.4549   19.2367
18   20.3833   19.2367   19.7805   19.2367
19   20.7156   20.2231   20.6739   20.2134
20   19.2367   20.3787   19.8855   19.2823
21   19.7152   20.7603   20.0969   20.7563
22   20.6575   19.9157   19.4351   19.4354
23   19.2367   19.8858   19.2367   19.2367
24   19.9582   19.2367   19.2367   19.2367
25   20.5628   20.7633   20.2223   20.7633
26   20.7539   19.8232   19.5173   20.4014
27   20.7633   19.5776   19.8465   20.6517
28   19.2367   19.2367   19.2367   19.9705
29   20.1094   20.5098   19.5394   19.3271
30   19.4415   20.263    19.6235   20.5228
31   19.9799   19.4229   20.5105   19.4693
32   20.104    19.6685   20.4215   19.2956
33   20.7633   19.7134   20.6849   19.9466
34   19.5117   19.3689   20.5345   19.9254
35   20.3192   20.7633   20.7633   20.059
36   20.3339   19.5791   20.718    20.185
37   20.7633   20.7633   19.6134   20.7633
38   20.5065   20.6835   20.2043   19.94
39   20.5995   20.7597   20.7603   20.1701
40   19.9424   20.6857   20.0853   20.4954
41   19.2367   20.2921   20.3862   19.6327
42   19.4819   19.7481   20.2167   19.4027
43   20.4051   20.6829   19.5981   20.3776
44   19.2367   19.2367   19.7993   19.3794
45   19.3403   20.1764   19.3621   20.4103

 [*,*,3]
:       1         2         3         4       :=
1    20.617    19.9041   20.5134   20.4093
2    20.5353   19.2374   19.3598   19.5023
3    19.4332   20.12     19.831    19.6049
4    20.7633   20.7633   20.2156   20.7633
5    19.8814   19.2699   20.2806   20.5737
6    20.4669   19.2367   20.1081   19.7956
7    20.3114   19.2367   19.9302   19.2367
8    19.3429   20.6466   20.531    20.0062
9    19.2367   19.2941   20.3885   19.5873
10   20.3042   19.36     19.2567   20.0571
11   19.2367   19.2367   19.7822   20.3591
12   19.6256   20.4669   20.169    20.7556
13   20.5852   19.3466   19.6501   19.7794
14   20.3163   19.408    19.2367   19.2367
15   20.6555   19.6454   20.5859   19.7802
16   20.1282   20.5091   20.101    20.5872
17   20.5643   20.4117   20.532    20.0968
18   19.5677   19.2367   20.2999   20.0454
19   19.2948   19.2367   20.4548   19.5047
20   20.7633   20.7633   20.7594   20.2931
21   19.9522   19.3052   20.3452   20.6091
22   20.5769   20.7189   20.4534   20.1223
23   20.0941   19.2367   19.2367   19.2367
24   19.618    19.9115   20.5601   20.704
25   20.1175   20.7633   19.7875   20.7633
26   20.7633   20.7633   20.3499   20.7633
27   19.6256   20.1679   20.4325   20.7534
28   20.1697   20.7633   20.7633   20.7633
29   20.4787   20.5994   20.4125   20.0606
30   19.8114   19.2367   19.3874   19.9605
31   20.422    19.8518   20.5667   20.1639
32   19.9169   20.2806   20.3942   19.7978
33   20.7633   20.3747   20.7633   20.7633
34   20.4006   20.077    20.6306   20.7596
35   19.9621   20.7633   20.7633   19.9614
36   20.6716   19.7939   19.4408   19.3811
37   19.2367   19.7628   19.2367   19.2367
38   19.2759   20.4337   19.2367   19.5293
39   20.366    20.0114   19.3078   19.2367
40   19.5206   20.3901   19.2367   19.2367
41   19.6036   20.1637   19.8087   20.1972
42   19.5419   19.2367   19.2946   20.3131
43   19.4414   20.6775   19.9763   20.4639
44   20.4043   19.5554   19.2367   19.2367
45   19.2367   19.2367   19.8168   19.8409
;

side = 1.52662
softness = 0.7

---------------------------- Solution coords data ----------------------------
distances [*,1,*]
:    1   2   3   4    :=
1    0   1   0   1
2    0   1   0   1
3    0   1   0   1
4    0   1   0   1
5    0   1   0   1
6    0   1   0   1
7    0   1   0   1
8    0   1   0   1
9    0   1   0   1
10   0   1   0   1
11   0   1   0   1
12   0   1   0   1
13   0   1   0   1
14   0   1   0   1
15   0   1   0   1
16   0   1   0   1
17   0   1   0   1
18   0   1   0   1
19   0   1   0   1
20   0   1   0   1
21   0   1   0   1
22   0   1   0   1
23   0   1   0   1
24   0   1   0   1
25   0   1   0   1
26   0   1   0   1
27   0   1   0   1
28   0   1   0   1
29   0   1   0   1
30   0   1   0   1
31   0   1   0   1
32   0   1   0   1
33   0   1   0   1
34   0   1   0   1
35   0   1   0   1
36   0   1   0   1
37   0   1   0   1
38   0   1   0   1
39   0   1   0   1
40   0   1   0   1
41   0   1   0   1
42   0   1   0   1
43   0   1   0   1
44   0   1   0   1
45   0   1   0   1

 [*,2,*]
:    1   2   3   4    :=
1    0   0   1   1
2    0   0   1   1
3    0   0   1   1
4    0   0   1   1
5    0   0   1   1
6    0   0   1   1
7    0   0   1   1
8    0   0   1   1
9    0   0   1   1
10   0   0   1   1
11   0   0   1   1
12   0   0   1   1
13   0   0   1   1
14   0   0   1   1
15   0   0   1   1
16   0   0   1   1
17   0   0   1   1
18   0   0   1   1
19   0   0   1   1
20   0   0   1   1
21   0   0   1   1
22   0   0   1   1
23   0   0   1   1
24   0   0   1   1
25   0   0   1   1
26   0   0   1   1
27   0   0   1   1
28   0   0   1   1
29   0   0   1   1
30   0   0   1   1
31   0   0   1   1
32   0   0   1   1
33   0   0   1   1
34   0   0   1   1
35   0   0   1   1
36   0   0   1   1
37   0   0   1   1
38   0   0   1   1
39   0   0   1   1
40   0   0   1   1
41   0   0   1   1
42   0   0   1   1
43   0   0   1   1
44   0   0   1   1
45   0   0   1   1

 [*,3,*]
:    1   2   3   4    :=
1    1   0   0   1
2    1   0   0   1
3    1   0   0   1
4    1   0   0   1
5    1   0   0   1
6    1   0   0   1
7    1   0   0   1
8    1   0   0   1
9    1   0   0   1
10   1   0   0   1
11   1   0   0   1
12   1   0   0   1
13   1   0   0   1
14   1   0   0   1
15   1   0   0   1
16   1   0   0   1
17   1   0   0   1
18   1   0   0   1
19   1   0   0   1
20   1   0   0   1
21   1   0   0   1
22   1   0   0   1
23   1   0   0   1
24   1   0   0   1
25   1   0   0   1
26   1   0   0   1
27   1   0   0   1
28   1   0   0   1
29   1   0   0   1
30   1   0   0   1
31   1   0   0   1
32   1   0   0   1
33   1   0   0   1
34   1   0   0   1
35   1   0   0   1
36   1   0   0   1
37   1   0   0   1
38   1   0   0   1
39   1   0   0   1
40   1   0   0   1
41   1   0   0   1
42   1   0   0   1
43   1   0   0   1
44   1   0   0   1
45   1   0   0   1

 [*,4,*]
:    1   2   3   4    :=
1    1   1   1   0
2    1   1   1   0
3    1   1   1   0
4    1   1   1   0
5    1   1   1   0
6    1   1   1   0
7    1   1   1   0
8    1   1   1   0
9    1   1   1   0
10   1   1   1   0
11   1   1   1   0
12   1   1   1   0
13   1   1   1   0
14   1   1   1   0
15   1   1   1   0
16   1   1   1   0
17   1   1   1   0
18   1   1   1   0
19   1   1   1   0
20   1   1   1   0
21   1   1   1   0
22   1   1   1   0
23   1   1   1   0
24   1   1   1   0
25   1   1   1   0
26   1   1   1   0
27   1   1   1   0
28   1   1   1   0
29   1   1   1   0
30   1   1   1   0
31   1   1   1   0
32   1   1   1   0
33   1   1   1   0
34   1   1   1   0
35   1   1   1   0
36   1   1   1   0
37   1   1   1   0
38   1   1   1   0
39   1   1   1   0
40   1   1   1   0
41   1   1   1   0
42   1   1   1   0
43   1   1   1   0
44   1   1   1   0
45   1   1   1   0
;

---------------------------- Solution stats data ----------------------------
_ampl_time = 0.120691
_total_solve_time = 25877
_ampl_elapsed_time = 0.210201
_ampl_user_time = 0.095195

Total time elapsed: $25876.96.
_total_solve_time = 25877

---------------------------- Solution miscs data ----------------------------
tetrahedron_volume [*] :=
 1 0    6 0   11 0   16 0   21 0   26 0   31 0   36 0   41 0
 2 0    7 0   12 0   17 0   22 0   27 0   32 0   37 0   42 0
 3 0    8 0   13 0   18 0   23 0   28 0   33 0   38 0   43 0
 4 0    9 0   14 0   19 0   24 0   29 0   34 0   39 0   44 0
 5 0   10 0   15 0   20 0   25 0   30 0   35 0   40 0   45 0
;

---------------------------- Solution miscs data ----------------------------
tetrahedron_surface_area [*] :=
 1 1.73205    9 1.73205   17 1.73205   25 1.73205   33 1.73205   41 1.73205
 2 1.73205   10 1.73205   18 1.73205   26 1.73205   34 1.73205   42 1.73205
 3 1.73205   11 1.73205   19 1.73205   27 1.73205   35 1.73205   43 1.73205
 4 1.73205   12 1.73205   20 1.73205   28 1.73205   36 1.73205   44 1.73205
 5 1.73205   13 1.73205   21 1.73205   29 1.73205   37 1.73205   45 1.73205
 6 1.73205   14 1.73205   22 1.73205   30 1.73205   38 1.73205
 7 1.73205   15 1.73205   23 1.73205   31 1.73205   39 1.73205
 8 1.73205   16 1.73205   24 1.73205   32 1.73205   40 1.73205
;

