Error at _cmdno 5 executing "solve" command
(file amplin, line 1977, offset 37909):
error processing param distances:
	4000 invalid subscripts discarded:
	distances[51,1,1]
	distances[51,1,2]
	distances[51,1,3]
	and 3997 more.
##### This license is only intended for use by NEOS. #####
##### License is valid until Jan 16, 2026 #####
riables.
Adjusted problem:
6726 variables:
	4275 nonlinear variables
	2451 linear variables
14100 constraints; 81325 nonzeros
	11675 nonlinear constraints
	2425 linear constraints
	1275 equality constraints
	12825 inequality constraints
1 linear objective; 1 nonzero.

Artelys Knitro 14.2.0: threads=4
algorithm=1
ms_enable=1
ms_maxsolves=10
feastol=1e-5
opttol=1e-5
honorbnds=1
bar_initpt=3
bar_murule=4
scale=1
outlev=2
maxtime_real=1200
WARNING:  Option 'threads' is deprecated, please use 'numthreads'.

=======================================
           Academic License
       (NOT FOR COMMERCIAL USE)
         Artelys Knitro 14.2.0
=======================================

No start point provided -- Knitro computing one.

Knitro presolve eliminated 0 variables and 0 constraints.

algorithm                1
bar_initpt               3
bar_murule               4
concurrent_evals         0
datacheck                0
feastol                  1e-05
findiff_numthreads       1
hessian_no_f             1
hessopt                  1
honorbnds                1
maxtime_real             1200
ms_enable                1
ms_maxsolves             10
numthreads               4
opttol                   1e-05

Problem Characteristics                                 (   Presolved)
-----------------------
Objective goal:  Minimize
Objective type:  linear
Number of variables:                               6726 (        6726)
    bounded below only:                             601 (         601)
    bounded above only:                               0 (           0)
    bounded below and above:                          0 (           0)
    fixed:                                            0 (           0)
    free:                                          6125 (        6125)
Number of constraints:                            14100 (       14100)
    linear equalities:                                0 (           0)
    quadratic equalities:                          1225 (        1225)
    gen. nonlinear equalities:                       50 (          50)
    linear one-sided inequalities:                 2425 (        2425)
    quadratic one-sided inequalities:             10400 (       10400)
    gen. nonlinear one-sided inequalities:            0 (           0)
    linear two-sided inequalities:                    0 (           0)
    quadratic two-sided inequalities:                 0 (           0)
    gen. nonlinear two-sided inequalities:            0 (           0)
Number of nonzeros in Jacobian:                   81325 (       81325)
Number of nonzeros in Hessian:                    36975 (       36975)

Knitro parallel multistart will run with 4 threads.

Return codes description
------------------------
  0:  The final solution satisfies the termination conditions for verifying optimality.
  -100 to -199:  A feasible approximate solution was found.
  -200 to -299:  Knitro terminated at an infeasible point.
  -300 to -301:  The problem was determined to be unbounded.
  -400 to -499:  Knitro terminated because it reached a pre-defined limit.
    -400 to -409:  A feasible point was found.
    -410 to -419:  No feasible point was found.
  -500 to -599:  Knitro terminated with an input error or some non-standard error.
A more detailed description of individual return codes and their corresponding
termination messages is provided at
https://www.artelys.com/app/docs/knitro/3_referenceManual/returnCodes.html

 Solve #  ThreadID  Status     Objective      FeasError    OptError    Real Time 
--------  --------  ------  --------------   ----------   ----------  ----------
      3          1    -202         1999.72      32339.1      98.6923      211.492
      4          1    -202         3121.94      51579.8      1.66790      264.931
      2          2    -202         2703.18      61018.6      116.817      416.201
      0          0       0         2.26265  8.13518e-06  4.20955e-07      908.672
      6          1    -202         24537.4      1.55985      1.00000      1064.37
      1          3    -400         346.059  4.74069e-05  9.69466e-03      3227.35
      8          1    -410         364.126  1.76981e-02  4.29072e-02      3175.41
      9          3    -410         704.682  2.05392e-02     0.570415      2496.85
      7          0    -410         810.856  6.69588e-03     0.239033      3349.92
      5          2    -410         33908.0  9.61982e-03      1.00000      4196.96

MULTISTART: Best locally optimal solution is returned.
EXIT: Locally optimal solution found.

Final Statistics
----------------
Final objective value               =   2.26265038303522e+00
Final feasibility error (abs / rel) =   8.14e-06 / 4.45e-07
Final optimality error  (abs / rel) =   4.21e-07 / 4.21e-07
# of iterations                     =      58605 
# of CG iterations                  =          0 
# of function evaluations           =      75759
# of gradient evaluations           =      58886
# of Hessian evaluations            =      58658
Total program time (secs)           =    5726.49268 ( 12558.863 CPU time)

===============================================================================

Knitro 14.2.0: Locally optimal or satisfactory solution.
objective 2.262650383; feasibility error 8.14e-06
58605 iterations; 75759 function evaluations

suffix feaserror OUT;
suffix opterror OUT;
suffix numfcevals OUT;
suffix numiters OUT;
---------------------------- Container and geometric considerations  ----------------------------
Container type: cube
Structural conservation type: volume & surface
---------------------------- Solution execution data ----------------------------
solve_result_num = 0
solve_result = solved

---------------------------- Solution data ----------------------------
card(figures) = 50

coords [*,*,1]
:       1         2         3         4       :=
1    19.8137   20.8067   20.2909   20.3564
2    20.5017   19.8318   20.2859   20.8089
3    18.8687   18.8687   19.677    18.8687
4    20.1339   19.1705   19.7141   19.9071
5    20.2985   19.8254   19.513    20.3641
6    21.0914   20.4046   20.3965   21.1313
7    19.8517   20.3535   19.57     20.421
8    20.2609   20.3367   20.7922   21.1313
9    19.8103   20.3318   20.8049   20.3061
10   20.8339   19.8568   20.1441   20.2903
11   19.9454   19.9434   19.9411   20.76
12   18.9751   19.5566   18.8687   19.6702
13   18.9768   19.431    19.7631   19.8916
14   21.1313   20.2961   20.5413   21.0742
15   18.8687   19.2385   19.7218   18.8687
16   20.5221   21.0982   20.323    21.1313
17   20.3803   19.5173   19.5064   19.7487
18   19.7177   18.9358   19.8162   19.2457
19   20.6081   20.1662   20.2533   21.0696
20   20.2756   20.117    20.4825   21.0557
21   19.8723   18.9037   19.5928   19.5424
22   19.7419   18.8687   19.1695   18.8687
23   20.3191   21.1313   20.5943   21.1313
24   21.1313   20.3161   21.1313   21.1299
25   21.1313   20.3083   21.1195   21.1313
26   20.2142   19.7366   19.7098   19.219
27   19.5179   18.8687   18.8687   19.6159
28   20.4927   19.7975   19.6515   20.3371
29   20.2377   20.4998   20.7256   19.7762
30   20.9513   20.9514   20.2129   21.1313
31   19.2381   18.8687   19.7113   19.725
32   19.2661   20.2205   19.6761   19.9609
33   20.4841   19.9508   19.9453   20.7685
34   19.2109   20.2159   19.7035   19.7137
35   19.1809   19.8838   19.9087   19.1979
36   19.6856   18.8687   18.8793   18.8687
37   18.8687   19.6824   18.8687   18.8687
38   21.1313   21.1313   20.2854   20.6933
39   19.0684   19.058    19.7996   19.7537
40   18.8687   19.2253   18.8687   19.7282
41   19.3578   18.8687   19.8607   19.2905
42   18.8687   18.8687   19.5424   19.5928
43   20.2943   20.6287   21.1313   21.1313
44   20.4025   19.6662   19.6551   20.3125
45   20.0701   19.8928   19.7412   19.1293
46   19.8208   20.6332   20.0518   19.7314
47   21.1313   20.312    21.1304   21.1313
48   20.0932   20.8963   20.7211   20.1341
49   20.228    21.0274   20.9252   21.1313
50   20.4731   19.9646   19.7419   19.521

 [*,*,2]
:       1         2         3         4       :=
1    21.0745   21.1313   21.1313   20.2953
2    20.6298   19.9949   19.7768   19.7598
3    19.0969   20.0999   19.6169   19.6534
4    19.9702   20.2561   20.3226   20.9371
5    21.0339   20.9664   20.43     20.1978
6    19.5887   18.8687   19.5475   18.8687
7    19.4731   19.2953   19.9247   20.1971
8    21.0716   20.2533   21.1004   20.586
9    21.1313   21.1313   21.1313   20.3176
10   19.7538   19.9889   19.0363   19.6
11   19.7301   18.8687   18.8687   19.1492
12   19.4898   20.2962   20.2203   19.631
13   21.1313   20.2724   20.8468   21.1313
14   20.3102   19.8171   20.6247   19.7915
15   20.2192   20.2981   20.7116   21.1121
16   20.9794   20.7362   20.1498   20.1942
17   19.9153   20.4037   19.4215   20.0845
18   19.3886   18.8687   18.8687   19.6842
19   20.6136   19.9493   20.9041   20.3205
20   18.8687   18.8687   19.677    18.8687
21   19.7876   19.5812   18.8687   19.613
22   18.8687   18.8699   19.6828   18.8687
23   19.9996   20.4626   19.8998   19.462
24   20.2288   19.7268   19.2256   19.7421
25   20.1942   20.134    20.6184   19.6174
26   18.8687   19.7416   19.1598   18.8802
27   18.8833   19.6326   18.8687   19.5407
28   20.5118   19.8445   20.4225   19.6877
29   20.1372   19.8281   20.7588   20.5043
30   19.3464   19.8574   19.2022   18.8687
31   20.5097   19.5968   19.872    19.724
32   19.627    19.8842   19.4428   18.9188
33   19.6396   18.8687   19.7278   19.1513
34   18.8687   18.8687   18.8888   19.6886
35   20.4275   21.1313   20.4351   21.1313
36   20.7511   20.1881   20.9489   21.1313
37   19.6582   20.1604   20.1706   20.6632
38   18.8687   19.7      19.3766   18.8687
39   20.0215   20.7012   20.024    20.7565
40   19.605    20.5295   20.0516   19.7457
41   20.2648   21.1313   21.1313   20.8097
42   18.8707   19.5484   19.613    18.8687
43   20.1076   19.3344   19.6174   20.1942
44   19.5894   18.9214   19.7323   18.9892
45   20.6073   19.9141   20.8786   20.3838
46   19.9871   20.5615   20.5046   20.9881
47   21.1313   20.8556   20.2724   21.1313
48   19.0734   19.16     19.8367   19.8044
49   20.8244   20.6549   20.1579   21.1313
50   19.8935   19.8579   20.5556   19.6046

 [*,*,3]
:       1         2         3         4       :=
1    20.9689   20.9371   20.0863   20.6401
2    19.2411   18.8687   19.7267   18.8687
3    20.4469   20.5103   20.189    19.61
4    21.1313   21.1313   20.3006   21.072
5    20.1508   21.0349   20.2445   20.7046
6    20.3921   20.3896   21.117    21.0838
7    20.2907   21.1313   21.1313   20.6929
8    20.0692   20.6302   20.9218   20.1323
9    19.2836   20.1427   19.256    19.5707
10   18.8687   18.8687   18.8687   19.6877
11   20.2747   19.7767   20.7817   20.291
12   20.4335   20.3866   21.1154   21.1313
13   20.5921   20.3764   21.1313   20.1761
14   19.927    19.7037   19.1768   19.0681
15   21.1313   20.211    20.9891   20.67
16   21.0841   20.2973   20.5529   21.1313
17   20.3811   20.2178   20.4301   21.1313
18   20.5953   20.2372   19.7527   19.7588
19   19.2303   19.8249   20.1167   20.0617
20   18.953    19.9454   19.495    19.5866
21   19.8108   19.64     19.551    18.8777
22   19.778    19.2805   19.789    20.2755
23   20.5824   20.2416   19.621    20.3351
24   19.8055   19.5272   19.7998   18.9377
25   21.1313   20.5738   20.2313   20.3206
26   21.1313   21.1313   20.3123   21.1313
27   20.3775   20.4808   21.1313   21.1313
28   19.3346   19.0494   19.8585   19.8705
29   20.7457   19.8367   20.1412   19.932
30   19.7227   18.8687   19.0564   18.8687
31   19.626    19.4838   19.0101   19.9942
32   19.6962   19.8777   20.5839   19.775
33   21.1175   20.7778   20.276    20.2864
34   18.8687   18.8687   19.733    19.1245
35   19.4362   19.4048   20.1292   20.1393
36   20.2274   20.3026   19.6611   20.6494
37   18.8687   19.1435   19.7332   18.8687
38   19.5577   20.1215   19.6858   20.4511
39   20.3145   19.5876   19.625    20.2968
40   19.5126   19.6165   20.4129   19.9937
41   18.8687   18.8687   18.948    19.7105
42   18.8687   19.6108   18.8777   19.551
43   20.5833   21.1313   20.3206   21.1313
44   19.7967   19.7491   19.1555   18.9956
45   19.7677   19.062    18.8687   19.4938
46   18.8687   18.8687   19.6865   18.8687
47   19.4462   19.9586   19.9486   20.4512
48   19.779    20.3769   19.6647   20.4674
49   19.1511   19.7362   18.8687   18.8687
50   20.392    19.5259   20.1998   20.3914
;

side = 2.26265
softness = 0.01

---------------------------- Solution coords data ----------------------------
distances [*,1,*]
:    1   2   3   4    :=
1    0   1   0   1
2    0   1   0   1
3    0   1   0   1
4    0   1   0   1
5    0   1   0   1
6    0   1   0   1
7    0   1   0   1
8    0   1   0   1
9    0   1   0   1
10   0   1   0   1
11   0   1   0   1
12   0   1   0   1
13   0   1   0   1
14   0   1   0   1
15   0   1   0   1
16   0   1   0   1
17   0   1   0   1
18   0   1   0   1
19   0   1   0   1
20   0   1   0   1
21   0   1   0   1
22   0   1   0   1
23   0   1   0   1
24   0   1   0   1
25   0   1   0   1
26   0   1   0   1
27   0   1   0   1
28   0   1   0   1
29   0   1   0   1
30   0   1   0   1
31   0   1   0   1
32   0   1   0   1
33   0   1   0   1
34   0   1   0   1
35   0   1   0   1
36   0   1   0   1
37   0   1   0   1
38   0   1   0   1
39   0   1   0   1
40   0   1   0   1
41   0   1   0   1
42   0   1   0   1
43   0   1   0   1
44   0   1   0   1
45   0   1   0   1
46   0   1   0   1
47   0   1   0   1
48   0   1   0   1
49   0   1   0   1
50   0   1   0   1

 [*,2,*]
:    1   2   3   4    :=
1    0   0   1   1
2    0   0   1   1
3    0   0   1   1
4    0   0   1   1
5    0   0   1   1
6    0   0   1   1
7    0   0   1   1
8    0   0   1   1
9    0   0   1   1
10   0   0   1   1
11   0   0   1   1
12   0   0   1   1
13   0   0   1   1
14   0   0   1   1
15   0   0   1   1
16   0   0   1   1
17   0   0   1   1
18   0   0   1   1
19   0   0   1   1
20   0   0   1   1
21   0   0   1   1
22   0   0   1   1
23   0   0   1   1
24   0   0   1   1
25   0   0   1   1
26   0   0   1   1
27   0   0   1   1
28   0   0   1   1
29   0   0   1   1
30   0   0   1   1
31   0   0   1   1
32   0   0   1   1
33   0   0   1   1
34   0   0   1   1
35   0   0   1   1
36   0   0   1   1
37   0   0   1   1
38   0   0   1   1
39   0   0   1   1
40   0   0   1   1
41   0   0   1   1
42   0   0   1   1
43   0   0   1   1
44   0   0   1   1
45   0   0   1   1
46   0   0   1   1
47   0   0   1   1
48   0   0   1   1
49   0   0   1   1
50   0   0   1   1

 [*,3,*]
:    1   2   3   4    :=
1    1   0   0   1
2    1   0   0   1
3    1   0   0   1
4    1   0   0   1
5    1   0   0   1
6    1   0   0   1
7    1   0   0   1
8    1   0   0   1
9    1   0   0   1
10   1   0   0   1
11   1   0   0   1
12   1   0   0   1
13   1   0   0   1
14   1   0   0   1
15   1   0   0   1
16   1   0   0   1
17   1   0   0   1
18   1   0   0   1
19   1   0   0   1
20   1   0   0   1
21   1   0   0   1
22   1   0   0   1
23   1   0   0   1
24   1   0   0   1
25   1   0   0   1
26   1   0   0   1
27   1   0   0   1
28   1   0   0   1
29   1   0   0   1
30   1   0   0   1
31   1   0   0   1
32   1   0   0   1
33   1   0   0   1
34   1   0   0   1
35   1   0   0   1
36   1   0   0   1
37   1   0   0   1
38   1   0   0   1
39   1   0   0   1
40   1   0   0   1
41   1   0   0   1
42   1   0   0   1
43   1   0   0   1
44   1   0   0   1
45   1   0   0   1
46   1   0   0   1
47   1   0   0   1
48   1   0   0   1
49   1   0   0   1
50   1   0   0   1

 [*,4,*]
:    1   2   3   4    :=
1    1   1   1   0
2    1   1   1   0
3    1   1   1   0
4    1   1   1   0
5    1   1   1   0
6    1   1   1   0
7    1   1   1   0
8    1   1   1   0
9    1   1   1   0
10   1   1   1   0
11   1   1   1   0
12   1   1   1   0
13   1   1   1   0
14   1   1   1   0
15   1   1   1   0
16   1   1   1   0
17   1   1   1   0
18   1   1   1   0
19   1   1   1   0
20   1   1   1   0
21   1   1   1   0
22   1   1   1   0
23   1   1   1   0
24   1   1   1   0
25   1   1   1   0
26   1   1   1   0
27   1   1   1   0
28   1   1   1   0
29   1   1   1   0
30   1   1   1   0
31   1   1   1   0
32   1   1   1   0
33   1   1   1   0
34   1   1   1   0
35   1   1   1   0
36   1   1   1   0
37   1   1   1   0
38   1   1   1   0
39   1   1   1   0
40   1   1   1   0
41   1   1   1   0
42   1   1   1   0
43   1   1   1   0
44   1   1   1   0
45   1   1   1   0
46   1   1   1   0
47   1   1   1   0
48   1   1   1   0
49   1   1   1   0
50   1   1   1   0
;

---------------------------- Solution stats data ----------------------------
_ampl_time = 0.109677
_total_solve_time = 12559.1
_ampl_elapsed_time = 0.162863
_ampl_user_time = 0.095465

Total time elapsed: $12559.13.
_total_solve_time = 12559.1

---------------------------- Solution miscs data ----------------------------
tetrahedron_volume [*] :=
 1 0    6 0   11 0   16 0   21 0   26 0   31 0   36 0   41 0   46 0
 2 0    7 0   12 0   17 0   22 0   27 0   32 0   37 0   42 0   47 0
 3 0    8 0   13 0   18 0   23 0   28 0   33 0   38 0   43 0   48 0
 4 0    9 0   14 0   19 0   24 0   29 0   34 0   39 0   44 0   49 0
 5 0   10 0   15 0   20 0   25 0   30 0   35 0   40 0   45 0   50 0
;

---------------------------- Solution miscs data ----------------------------
tetrahedron_surface_area [*] :=
 1 1.73205   10 1.73205   19 1.73205   28 1.73205   37 1.73205   46 1.73205
 2 1.73205   11 1.73205   20 1.73205   29 1.73205   38 1.73205   47 1.73205
 3 1.73205   12 1.73205   21 1.73205   30 1.73205   39 1.73205   48 1.73205
 4 1.73205   13 1.73205   22 1.73205   31 1.73205   40 1.73205   49 1.73205
 5 1.73205   14 1.73205   23 1.73205   32 1.73205   41 1.73205   50 1.73205
 6 1.73205   15 1.73205   24 1.73205   33 1.73205   42 1.73205
 7 1.73205   16 1.73205   25 1.73205   34 1.73205   43 1.73205
 8 1.73205   17 1.73205   26 1.73205   35 1.73205   44 1.73205
 9 1.73205   18 1.73205   27 1.73205   36 1.73205   45 1.73205
;

