Error at _cmdno 5 executing "solve" command
(file amplin, line 1961, offset 37058):
error processing param distances:
	3440 invalid subscripts discarded:
	distances[86,1,1]
	distances[86,1,2]
	distances[86,1,3]
	and 3437 more.
##### This license is only intended for use by NEOS. #####
##### License is valid until Jan 16, 2026 #####
ariables.
Substitution eliminates 1 variable.
Adjusted problem:
18873 variables:
	11733 nonlinear variables
	7140 linear variables
37828 constraints; 227296 nonzeros
	33575 nonlinear constraints
	4253 linear constraints
	3656 equality constraints
	34172 inequality constraints
1 nonlinear objective; 3 nonzeros.

Artelys Knitro 14.2.0: threads=4
algorithm=1
ms_enable=1
ms_maxsolves=10
feastol=1e-5
opttol=1e-5
honorbnds=1
bar_initpt=3
bar_murule=4
scale=1
outlev=2
maxtime_real=1200
WARNING:  Option 'threads' is deprecated, please use 'numthreads'.
WARNING: 1 constraint is constant or undefined and will be ignored.

=======================================
           Academic License
       (NOT FOR COMMERCIAL USE)
         Artelys Knitro 14.2.0
=======================================

No start point provided -- Knitro computing one.

Knitro presolve eliminated 0 variables and 1 constraint.

algorithm                1
bar_initpt               3
bar_murule               4
concurrent_evals         0
datacheck                0
feastol                  1e-05
findiff_numthreads       1
hessian_no_f             1
hessopt                  1
honorbnds                1
maxtime_real             1200
ms_enable                1
ms_maxsolves             10
numthreads               4
opttol                   1e-05

Problem Characteristics                                 (   Presolved)
-----------------------
Objective goal:  Minimize
Objective type:  general
Number of variables:                              18873 (       18873)
    bounded below only:                               1 (           1)
    bounded above only:                               0 (           0)
    bounded below and above:                          0 (           0)
    fixed:                                            0 (           0)
    free:                                         18872 (       18872)
Number of constraints:                            37828 (       37827)
    linear equalities:                                1 (           0)
    quadratic equalities:                          3570 (        3570)
    gen. nonlinear equalities:                       85 (          85)
    linear one-sided inequalities:                 4252 (        4252)
    quadratic one-sided inequalities:             29920 (       29920)
    gen. nonlinear one-sided inequalities:            0 (           0)
    linear two-sided inequalities:                    0 (           0)
    quadratic two-sided inequalities:                 0 (           0)
    gen. nonlinear two-sided inequalities:            0 (           0)
Number of nonzeros in Jacobian:                  227296 (      227296)
Number of nonzeros in Hessian:                   103023 (      103023)

Knitro parallel multistart will run with 4 threads.

Return codes description
------------------------
  0:  The final solution satisfies the termination conditions for verifying optimality.
  -100 to -199:  A feasible approximate solution was found.
  -200 to -299:  Knitro terminated at an infeasible point.
  -300 to -301:  The problem was determined to be unbounded.
  -400 to -499:  Knitro terminated because it reached a pre-defined limit.
    -400 to -409:  A feasible point was found.
    -410 to -419:  No feasible point was found.
  -500 to -599:  Knitro terminated with an input error or some non-standard error.
A more detailed description of individual return codes and their corresponding
termination messages is provided at
https://www.artelys.com/app/docs/knitro/3_referenceManual/returnCodes.html

 Solve #  ThreadID  Status     Objective      FeasError    OptError    Real Time 
--------  --------  ------  --------------   ----------   ----------  ----------
      0          0       0         3.98139  3.51730e-05  3.06816e-05      445.526
      3          1    -410     8.30484e+10  3.82644e+06      11793.3      4913.78
      1          2    -410     6.41977e+10  1.81718e+06      8651.16      5316.38
      2          3    -410     4.64457e+12      608131.      621482.      5525.95
      5          1    -410     9.58267e+12  1.05099e+06      377541.      6003.03
      6          2    -410     1.94153e+09      208183.      3293.32      6858.01
      7          3    -410     2.49818e+12  2.04505e+06      166717.      7628.18
      8          0    -410     1.43875e+12  4.17953e+06      80388.7      7216.64
      9          1    -410     5.32354e+12      643195.      912712.      5091.50
      4          0    -410     3.56446e+13      327.260  2.40223e+06      5458.13

MULTISTART: Best locally optimal solution is returned.
EXIT: Locally optimal solution found.

Final Statistics
----------------
Final objective value               =   3.98138518400382e+00
Final feasibility error (abs / rel) =   3.52e-05 / 6.68e-06
Final optimality error  (abs / rel) =   3.07e-05 / 4.50e-06
# of iterations                     =      91369 
# of CG iterations                  =          0 
# of function evaluations           =      91954
# of gradient evaluations           =      91435
# of Hessian evaluations            =      91395
Total program time (secs)           =   16008.82422 ( 54189.562 CPU time)

===============================================================================

Knitro 14.2.0: Locally optimal or satisfactory solution.
objective 3.981385184; feasibility error 3.52e-05
91369 iterations; 91954 function evaluations

suffix feaserror OUT;
suffix opterror OUT;
suffix numfcevals OUT;
suffix numiters OUT;
---------------------------- Solver Status Report ----------------------------
solve_result_num = 0
solve_result = solved
solve_message = 'Knitro 14.2.0: Locally optimal or satisfactory solution.\
objective 3.981385184; feasibility error 3.52e-05\
91369 iterations; 91954 function evaluations'


---------------------------- Problem Dimensions ----------------------------
Variables: 37234
Constraints: 37914
---------------------------- Container and geometric considerations  ----------------------------
Container type: cylinder
Structural conservation type: volume & surface
---------------------------- Solution execution data ----------------------------
solve_result_num = 0
solve_result = solved

---------------------------- Solution data ----------------------------
card(figures) = 85

coords [*,*,1]
:        1             2             3             4         :=
1     0.880642     1.15524      -0.0865301     0.795772
2     0.418273    -0.451408      0.157586      0.418285
3     1.0643       0.0978615     1.15863       1.03394
4     1.15524      1.1433        1.14407      -0.0865303
5    -0.878038    -1.10483      -1.16779       0.149105
6    -0.615008     0.0316187     0.0562978    -0.642634
7     0.346753    -0.517445      0.0296117     0.0495151
8    -0.369946    -0.150449      0.0284464    -0.948249
9     0.880008     0.136574      0.0197743     0.889267
10   -1.10158     -0.0710022    -0.878104     -1.16779
11   -0.953812    -0.210942     -0.423185     -0.948258
12    0.687482    -0.0696347     1.15403       0.935517
13   -1.16424     -1.14387       0.0455635    -0.948918
14    0.341601     0.876139      0.682577      0.0206034
15    0.0691457   -0.978302     -0.439699     -1.16778
16    1.10823      0.130888      0.42159       0.92078
17    0.536422    -0.423183     -0.420525      0.509678
18   -0.0295121    1.09749       0.121105      1.01359
19   -0.110148    -0.110417      0.401748      0.6242
20   -0.948251    -0.423184      0.00749699   -0.210943
21    0.247368    -0.140917     -0.0951334    -0.265856
22    1.08164     -0.177395      1.15403       0.88202
23   -0.452487    -0.314574     -0.0965643     0.333256
24    0.28665      0.0284472    -0.369946     -0.150449
25   -0.127563    -0.280644     -0.601261     -0.827919
26   -0.210944    -0.948249      0.0053031    -0.339882
27   -0.128025    -0.0998922     0.614281      0.679405
28    0.0720127   -1.04304      -1.12801       0.104762
29   -0.850249     0.237048     -1.12749      -0.611614
30    0.0720141   -1.16715      -0.938821     -1.04304
31    0.504171    -0.267767      0.479911      0.0991046
32    0.418273     0.418285      0.158017      1.10807
33    0.212962     0.368884      0.941197      1.15403
34   -0.887465    -0.0437036     0.301978     -0.130023
35    1.02795      0.401658      0.624116     -0.108757
36   -0.100991    -0.985621     -1.14387      -1.07875
37    0.390674     0.282501      0.0189903    -0.159906
38   -0.87801     -1.09023       0.16291      -0.49182
39    0.479941     0.504171      0.104117      1.0643
40    0.0720128   -1.16715      -1.04304      -1.12802
41    0.748592     0.0296133     0.583595      1.15403
42    0.875713     0.409112     -0.205291      0.989635
43   -0.673004    -0.0378506    -0.913748     -1.07875
44    0.340416    -0.4897        0.0495144     0.582522
45    0.880642    -0.0865297     1.15524       1.10972
46   -0.198475     0.342819     -0.371171      0.00530345
47    0.149113    -1.16779      -0.878045     -0.115682
48    1.15524      0.994281     -0.0865322     1.1433
49    0.0746572    0.0963958     0.227535     -0.854115
50    0.0379652    0.748592      0.0495147     0.585031
51   -0.244583    -0.147313     -0.600853     -0.0949192
52   -1.1506      -0.953658     -0.947525     -0.0534662
53   -1.16201     -1.14387       0.022227     -1.04876
54   -0.217529     1.08164       0.536422      0.680156
55   -0.476848     0.465641     -0.44728       0.34641
56    0.939998     0.116167      1.01729       1.15863
57   -1.15549     -0.642629      0.0469414    -0.614939
58    1.15524      1.15403       0.356054      0.943396
59    0.680156    -0.217528      1.08164       0.808315
60   -0.452676    -0.314574     -0.934291     -0.0965636
61   -0.953607    -0.439698      0.227537      0.0710469
62   -0.439698     0.441233      0.115197      0.0904466
63    0.826335     0.121104      0.328259      0.0671061
64   -0.490155     0.102861     -0.99685      -0.81773
65    0.0635272    0.0997953    -0.937988     -1.16776
66   -1.10158     -0.962202     -1.15512      -0.0723381
67   -0.388215     0.435244     -0.443102      0.378181
68    0.203434    -0.127964      0.680428     -0.0996477
69   -0.673004    -0.395178      0.0296103    -0.859143
70    0.886098     1.09749       0.121105     -0.0278287
71   -0.109823    -0.604519     -1.11934      -0.822229
72    1.14407      0.936712      0.104393      1.14577
73   -0.296218     1.01359       0.121102      0.504171
74   -0.921169    -0.452198      0.0471066    -1.04349
75   -0.296218     0.095643      0.504171     -0.595704
76    0.331129     1.13196       0.441233      0.0515097
77    0.504171    -0.269072     -0.437877      0.0815104
78    0.553866     1.03379       0.0978656     1.0643
79   -0.395178     0.0296112    -0.673003      0.0495146
80    0.811804     0.00432775    0.390674      0.282501
81    0.489652    -0.177395      0.0873662     1.15403
82    1.01359      0.121101     -0.0295132    -0.296218
83    0.0979748   -0.817843     -0.413004     -0.490304
84   -0.997421    -1.15549       0.0447317    -0.73804
85    0.877553    -0.10702       1.14224       0.990942

 [*,*,2]
:         1             2             3             4         :=
1     0.766944     -0.170731     -0.174196      0.85468
2     1.09031       1.07702      -0.152453      1.09031
3    -0.480612     -0.145528      0.146        -0.542857
4    -0.170731     -0.237888      0.234175     -0.174196
5    -0.769923     -0.378255     -0.00218407   -0.240941
6    -0.989875      0.247811     -0.215073      0.110548
7     0.199856      0.419212     -0.176887      1.16674
8    -1.10764       0.018373     -1.16744      -0.681583
9    -0.566144      0.39211      -0.217303      0.665926
10    0.387631      0.130431     -0.769848     -0.00218378
11   -0.673777      0.0107679    -1.08842      -0.681572
12    0.943982      0.286899      0.178712      0.698958
13    0.0910382    -0.235131      0.214292     -0.632904
14    0.153192      0.772084      0.946797      1.16761
15    0.255451      0.637697      1.08185       0.00363944
16    0.368193     -0.123934      1.08903       0.71815
17   -1.0373       -1.08842      -0.020318     -0.800474
18    0.1308        0.0550852    -0.139002     -0.579972
19   -1.16258       0.117591     -1.09651      -0.986968
20   -0.681581     -1.08842      -1.16777       0.0107683
21    1.14129       0.0454978     1.16391       1.13712
22   -0.440213     -0.242355      0.178711     -0.300844
23    1.07656       1.12462       0.246376      1.11923
24   -1.13206      -1.16744      -1.10764       0.0183726
25   -0.0885854     1.13357       1.00111       0.823579
26    0.0107669    -0.681581     -1.15593      -0.147827
27   -0.117739      1.16351       0.392543      0.949811
28    0.00612343    0.525175     -0.302183     -0.217707
29   -0.112281      0.226381      0.304147      0.994817
30    0.00612208   -0.0385224     0.694512      0.525174
31   -1.05335      -1.13668      -1.06462      -0.133493
32    1.09031       1.09031      -0.150399      0.36865
33    0.376086     -0.362415      0.685764      0.178712
34   -0.759038      0.175201     -1.12807      -1.16053
35   -0.554128     -1.09654      -0.987021      0.126157
36   -0.0313978     0.484496     -0.235131      0.447238
37    0.13604      -1.1331       -1.10475       0.0810632
38   -0.769955     -0.418474     -0.225806     -1.05917
39   -1.06461      -1.05335      -0.147697     -0.480615
40    0.00612102   -0.0385222     0.525173     -0.30218
41    0.896294     -0.176887      0.867285      0.178712
42   -0.772567     -1.09378      -0.0520238    -0.619963
43    0.954358     -0.0683334     0.44405       0.447238
44    0.220472      0.378108      1.16674       0.881484
45    0.766944     -0.174196     -0.170731      0.363654
46   -0.0564922     0.106406     -0.0564467    -1.15593
47   -0.240943     -0.00218434   -0.769912      0.125029
48   -0.170731     -0.612485     -0.174197     -0.237888
49    0.246499     -0.202296      0.472916      0.657123
50   -0.164421      0.896294      1.16674       0.873462
51    1.14189      -0.0917152     1.00135       1.16393
52   -0.199646     -0.673995     -0.68259       0.205361
53    0.116024     -0.23513       0.220162      0.513641
54   -0.236048     -0.440213     -1.0373       -0.949274
55   -1.04677      -1.07094      -1.07874       0.0193353
56    0.692919     -0.140451     -0.551982      0.146
57   -0.169075      0.11033      -0.195398     -0.992765
58   -0.17073       0.178712     -0.371257      0.688285
59   -0.949273     -0.236048     -0.440213     -0.298619
60    1.07648       1.12462       0.700595      0.246374
61    0.674067      1.08185       0.472916      0.252364
62    1.08185       1.08122       0.676408      0.220858
63    0.605044     -0.138999      1.10965       0.180829
64   -1.05994      -0.155619     -0.608295     -0.833696
65    0.254255     -0.0127969     0.693944     -0.00771571
66    0.387631     -0.66174      -0.171586     -0.140028
67   -0.254437     -0.0166064     1.06025       0.647418
68    1.14993      -0.114865      0.949079      1.16353
69    0.954358      0.934133     -0.176886      0.406834
70    0.638436      0.0550854    -0.139001      0.127784
71   -0.160525      0.999144      0.332882      0.82926
72    0.234176      0.689564     -0.151197     -0.225691
73   -0.379691     -0.579972     -0.139002     -1.05335
74    0.717752      1.07668      -0.157728      0.52427
75   -0.37969      -0.138175     -1.05335      -1.00442
76    1.11986       0.287058      1.08122       0.125358
77   -1.05335      -1.13637      -1.08259      -0.161633
78   -1.02809      -0.543149     -0.14553      -0.480614
79    0.934133     -0.176888      0.954358      1.16674
80   -0.839468     -1.10318       0.136041     -1.1331
81   -0.279182     -0.242354      0.402428      0.178711
82   -0.579972     -0.139001      0.1308       -0.37969
83   -0.167804     -0.833586     -1.09232      -1.05987
84   -0.607359     -0.169056     -0.198326     -0.88194
85   -0.770476     -0.170193     -0.242947     -0.617872

 [*,*,3]
:        1            2            3            4         :=
1     0.27064     -0.727037    -0.0882958   -0.212207
2     0.0796155    0.163056     0.356495     0.735959
3     1.36008      0.409441     0.802242     0.292305
4    -0.727036     0.547874     0.107951    -0.0882939
5    -0.437196     0.883849     0.675064     0.284863
6     1.40035      1.40036      0.452179     1.40036
7    -1.08895     -0.597488    -1.51912     -1.51912
8    -0.325099    -0.504251    -1.21968     -0.466158
9    -0.712318    -0.686363    -0.156929    -0.321055
10    0.283348     0.0431324   -0.437084     0.675064
11   -1.51912     -1.36404     -1.51912     -0.466141
12   -0.773581    -0.85509     -1.51912     -0.261767
13   -0.260511    -1.51912     -0.941834    -1.43505
14    0.307025     0.24374     -0.79021     -0.0111542
15    1.40036      0.785657     1.40036      1.40036
16    0.389701     0.431026     0.756075     1.2165
17   -1.51912     -1.51912     -1.51912     -0.829135
18    1.40036      1.40036      0.421065     1.40036
19    0.149425     0.073179    -0.348426     0.509396
20   -0.466157    -1.51912     -1.20018     -1.36404
21   -1.03342     -0.263341     0.146799    -1.12516
22   -1.51912     -1.51912     -1.51912     -0.628074
23    0.162272     1.32016      0.256607     0.685015
24   -0.247942    -1.21968     -0.325099    -0.50425
25   -0.378402    -0.857004     0.16112     -0.771945
26   -1.36404     -0.466157    -1.20182     -0.495206
27   -0.389998     0.164626    -0.267238    -0.78798
28    0.790051     0.128804     0.934411     0.283931
29   -0.536047     0.272093     0.132852     0.14511
30    0.790053     1.40036      0.739474     0.128806
31    1.40036      0.624155     0.430269     0.442578
32    0.0796149    0.757143     0.35604      0.389876
33   -0.74889     -0.8561      -0.293701    -1.51912
34   -0.445427    -0.230305    -0.246965     0.167659
35    0.292378    -0.348758     0.509054     0.0922448
36   -1.4499      -0.50054     -1.51912     -1.51912
37   -0.718072    -0.264099    -1.18186     -0.466428
38   -0.437304     0.755118     0.317936    -0.117983
39    0.431469     1.40036      0.415595     1.36009
40    0.790054     1.40035      0.128808     0.934409
41   -1.51912     -1.51912     -0.775609    -1.51912
42    0.102209    -0.342593    -0.347664    -0.794413
43   -1.51912     -1.51905     -0.559745    -1.51912
44   -1.09812     -0.590371    -1.51912     -0.765437
45    0.27064     -0.0882953   -0.727037     0.390963
46   -1.35469     -0.709285    -0.431156    -1.20182
47    0.28486      0.675064    -0.437201     0.0688758
48   -0.727032    -0.786095    -0.0882939    0.547873
49    1.40036      0.307985     0.507264     0.794848
50   -1.51912     -1.51912     -1.51912     -0.761808
51   -0.966579    -0.319457     0.159769     0.1484
52   -0.680638    -1.48973     -0.328051    -0.884426
53   -0.167692    -1.51912     -0.900313    -0.457615
54   -1.51912     -1.51912     -1.51912     -0.721954
55   -0.0424265    0.43441      0.663985     0.325913
56    1.15135      0.416175     1.40036      0.802242
57    1.1739       1.40036      0.464344     1.40036
58   -0.727037    -1.51912     -0.845266    -0.293947
59   -0.721954    -1.51912     -1.51912     -0.705275
60    0.160643     1.32016      0.851813     0.256606
61    0.8213       1.40036      0.507264     1.40036
62    1.40036      1.40036      0.467673     1.40036
63    1.12196      0.421065     0.678672     1.35968
64   -0.119491     0.417281     0.53704      1.21898
65    1.40025      0.791443     0.739517     1.37733
66    0.283348    -0.343702    -0.700595    -0.427801
67   -0.301822     0.303098     0.165693    -0.124467
68   -0.87912     -0.388752    -0.789438     0.164368
69   -1.51912     -0.787554    -1.51912     -0.613917
70    1.10325      1.40036      0.421065     1.38941
71   -0.451662     0.148708    -0.317614    -0.746431
72    0.107951     1.14836      0.406492     0.536651
73    1.40036      1.40035      0.421064     1.40036
74    0.829192     0.160051     0.333231     0.125721
75    1.40036      0.455137     1.40036      1.30464
76    0.671189     1.40036      1.40036      1.40036
77    1.40036      0.622586     1.39052      0.478334
78    0.53214      0.287232     0.409445     1.36009
79   -0.787554    -1.51912     -1.51912     -1.51912
80   -0.632721    -1.23293     -0.718073    -0.2641
81   -0.958083    -1.51912     -0.646095    -1.51912
82    1.40036      0.421065     1.40036      1.40036
83    0.402196     1.21952      1.27495     -0.118956
84    0.534357     1.17389      0.467647     1.40035
85    0.0892717   -0.0892158    0.53051     -0.806103
;

radius = 1.16779
height = 2.91948
softness = 0.95

---------------------------- Solution coords data ----------------------------
distances [*,1,*]
:    1   2   3   4    :=
1    0   1   0   1
2    0   1   0   1
3    0   1   0   1
4    0   1   0   1
5    0   1   0   1
6    0   1   0   1
7    0   1   0   1
8    0   1   0   1
9    0   1   0   1
10   0   1   0   1
11   0   1   0   1
12   0   1   0   1
13   0   1   0   1
14   0   1   0   1
15   0   1   0   1
16   0   1   0   1
17   0   1   0   1
18   0   1   0   1
19   0   1   0   1
20   0   1   0   1
21   0   1   0   1
22   0   1   0   1
23   0   1   0   1
24   0   1   0   1
25   0   1   0   1
26   0   1   0   1
27   0   1   0   1
28   0   1   0   1
29   0   1   0   1
30   0   1   0   1
31   0   1   0   1
32   0   1   0   1
33   0   1   0   1
34   0   1   0   1
35   0   1   0   1
36   0   1   0   1
37   0   1   0   1
38   0   1   0   1
39   0   1   0   1
40   0   1   0   1
41   0   1   0   1
42   0   1   0   1
43   0   1   0   1
44   0   1   0   1
45   0   1   0   1
46   0   1   0   1
47   0   1   0   1
48   0   1   0   1
49   0   1   0   1
50   0   1   0   1
51   0   1   0   1
52   0   1   0   1
53   0   1   0   1
54   0   1   0   1
55   0   1   0   1
56   0   1   0   1
57   0   1   0   1
58   0   1   0   1
59   0   1   0   1
60   0   1   0   1
61   0   1   0   1
62   0   1   0   1
63   0   1   0   1
64   0   1   0   1
65   0   1   0   1
66   0   1   0   1
67   0   1   0   1
68   0   1   0   1
69   0   1   0   1
70   0   1   0   1
71   0   1   0   1
72   0   1   0   1
73   0   1   0   1
74   0   1   0   1
75   0   1   0   1
76   0   1   0   1
77   0   1   0   1
78   0   1   0   1
79   0   1   0   1
80   0   1   0   1
81   0   1   0   1
82   0   1   0   1
83   0   1   0   1
84   0   1   0   1
85   0   1   0   1

 [*,2,*]
:    1   2   3   4    :=
1    0   0   1   1
2    0   0   1   1
3    0   0   1   1
4    0   0   1   1
5    0   0   1   1
6    0   0   1   1
7    0   0   1   1
8    0   0   1   1
9    0   0   1   1
10   0   0   1   1
11   0   0   1   1
12   0   0   1   1
13   0   0   1   1
14   0   0   1   1
15   0   0   1   1
16   0   0   1   1
17   0   0   1   1
18   0   0   1   1
19   0   0   1   1
20   0   0   1   1
21   0   0   1   1
22   0   0   1   1
23   0   0   1   1
24   0   0   1   1
25   0   0   1   1
26   0   0   1   1
27   0   0   1   1
28   0   0   1   1
29   0   0   1   1
30   0   0   1   1
31   0   0   1   1
32   0   0   1   1
33   0   0   1   1
34   0   0   1   1
35   0   0   1   1
36   0   0   1   1
37   0   0   1   1
38   0   0   1   1
39   0   0   1   1
40   0   0   1   1
41   0   0   1   1
42   0   0   1   1
43   0   0   1   1
44   0   0   1   1
45   0   0   1   1
46   0   0   1   1
47   0   0   1   1
48   0   0   1   1
49   0   0   1   1
50   0   0   1   1
51   0   0   1   1
52   0   0   1   1
53   0   0   1   1
54   0   0   1   1
55   0   0   1   1
56   0   0   1   1
57   0   0   1   1
58   0   0   1   1
59   0   0   1   1
60   0   0   1   1
61   0   0   1   1
62   0   0   1   1
63   0   0   1   1
64   0   0   1   1
65   0   0   1   1
66   0   0   1   1
67   0   0   1   1
68   0   0   1   1
69   0   0   1   1
70   0   0   1   1
71   0   0   1   1
72   0   0   1   1
73   0   0   1   1
74   0   0   1   1
75   0   0   1   1
76   0   0   1   1
77   0   0   1   1
78   0   0   1   1
79   0   0   1   1
80   0   0   1   1
81   0   0   1   1
82   0   0   1   1
83   0   0   1   1
84   0   0   1   1
85   0   0   1   1

 [*,3,*]
:    1   2   3   4    :=
1    1   0   0   1
2    1   0   0   1
3    1   0   0   1
4    1   0   0   1
5    1   0   0   1
6    1   0   0   1
7    1   0   0   1
8    1   0   0   1
9    1   0   0   1
10   1   0   0   1
11   1   0   0   1
12   1   0   0   1
13   1   0   0   1
14   1   0   0   1
15   1   0   0   1
16   1   0   0   1
17   1   0   0   1
18   1   0   0   1
19   1   0   0   1
20   1   0   0   1
21   1   0   0   1
22   1   0   0   1
23   1   0   0   1
24   1   0   0   1
25   1   0   0   1
26   1   0   0   1
27   1   0   0   1
28   1   0   0   1
29   1   0   0   1
30   1   0   0   1
31   1   0   0   1
32   1   0   0   1
33   1   0   0   1
34   1   0   0   1
35   1   0   0   1
36   1   0   0   1
37   1   0   0   1
38   1   0   0   1
39   1   0   0   1
40   1   0   0   1
41   1   0   0   1
42   1   0   0   1
43   1   0   0   1
44   1   0   0   1
45   1   0   0   1
46   1   0   0   1
47   1   0   0   1
48   1   0   0   1
49   1   0   0   1
50   1   0   0   1
51   1   0   0   1
52   1   0   0   1
53   1   0   0   1
54   1   0   0   1
55   1   0   0   1
56   1   0   0   1
57   1   0   0   1
58   1   0   0   1
59   1   0   0   1
60   1   0   0   1
61   1   0   0   1
62   1   0   0   1
63   1   0   0   1
64   1   0   0   1
65   1   0   0   1
66   1   0   0   1
67   1   0   0   1
68   1   0   0   1
69   1   0   0   1
70   1   0   0   1
71   1   0   0   1
72   1   0   0   1
73   1   0   0   1
74   1   0   0   1
75   1   0   0   1
76   1   0   0   1
77   1   0   0   1
78   1   0   0   1
79   1   0   0   1
80   1   0   0   1
81   1   0   0   1
82   1   0   0   1
83   1   0   0   1
84   1   0   0   1
85   1   0   0   1

 [*,4,*]
:    1   2   3   4    :=
1    1   1   1   0
2    1   1   1   0
3    1   1   1   0
4    1   1   1   0
5    1   1   1   0
6    1   1   1   0
7    1   1   1   0
8    1   1   1   0
9    1   1   1   0
10   1   1   1   0
11   1   1   1   0
12   1   1   1   0
13   1   1   1   0
14   1   1   1   0
15   1   1   1   0
16   1   1   1   0
17   1   1   1   0
18   1   1   1   0
19   1   1   1   0
20   1   1   1   0
21   1   1   1   0
22   1   1   1   0
23   1   1   1   0
24   1   1   1   0
25   1   1   1   0
26   1   1   1   0
27   1   1   1   0
28   1   1   1   0
29   1   1   1   0
30   1   1   1   0
31   1   1   1   0
32   1   1   1   0
33   1   1   1   0
34   1   1   1   0
35   1   1   1   0
36   1   1   1   0
37   1   1   1   0
38   1   1   1   0
39   1   1   1   0
40   1   1   1   0
41   1   1   1   0
42   1   1   1   0
43   1   1   1   0
44   1   1   1   0
45   1   1   1   0
46   1   1   1   0
47   1   1   1   0
48   1   1   1   0
49   1   1   1   0
50   1   1   1   0
51   1   1   1   0
52   1   1   1   0
53   1   1   1   0
54   1   1   1   0
55   1   1   1   0
56   1   1   1   0
57   1   1   1   0
58   1   1   1   0
59   1   1   1   0
60   1   1   1   0
61   1   1   1   0
62   1   1   1   0
63   1   1   1   0
64   1   1   1   0
65   1   1   1   0
66   1   1   1   0
67   1   1   1   0
68   1   1   1   0
69   1   1   1   0
70   1   1   1   0
71   1   1   1   0
72   1   1   1   0
73   1   1   1   0
74   1   1   1   0
75   1   1   1   0
76   1   1   1   0
77   1   1   1   0
78   1   1   1   0
79   1   1   1   0
80   1   1   1   0
81   1   1   1   0
82   1   1   1   0
83   1   1   1   0
84   1   1   1   0
85   1   1   1   0
;

---------------------------- Solution stats data ----------------------------
_ampl_time = 0.241144
_total_solve_time = 54190.1
_ampl_elapsed_time = 0.23734
_ampl_user_time = 0.20313

Total time elapsed: $54190.06.
_total_solve_time = 54190.1

---------------------------- Solution miscs data ----------------------------
tetrahedron_volume [*] :=
 1 0.117851   18 0.117851   35 0.117851   52 0.117851   69 0.117851
 2 0.117851   19 0.117851   36 0.117851   53 0.117851   70 0.117851
 3 0.117851   20 0.117851   37 0.117851   54 0.117851   71 0.117851
 4 0.117851   21 0.117851   38 0.117851   55 0.117851   72 0.117851
 5 0.117851   22 0.117851   39 0.117851   56 0.117851   73 0.117851
 6 0.117851   23 0.117851   40 0.117851   57 0.117851   74 0.117851
 7 0.117851   24 0.117851   41 0.117851   58 0.117851   75 0.117851
 8 0.117851   25 0.117851   42 0.117851   59 0.117851   76 0.117851
 9 0.117851   26 0.117851   43 0.117851   60 0.117851   77 0.117851
10 0.117851   27 0.117851   44 0.117851   61 0.117851   78 0.117851
11 0.117851   28 0.117851   45 0.117851   62 0.117851   79 0.117851
12 0.117851   29 0.117851   46 0.117851   63 0.117851   80 0.117851
13 0.117851   30 0.117851   47 0.117851   64 0.117851   81 0.117851
14 0.117851   31 0.117851   48 0.117851   65 0.117851   82 0.117851
15 0.117851   32 0.117851   49 0.117851   66 0.117851   83 0.117851
16 0.117851   33 0.117851   50 0.117851   67 0.117851   84 0.117851
17 0.117851   34 0.117851   51 0.117851   68 0.117851   85 0.117851
;

---------------------------- Solution miscs data ----------------------------
tetrahedron_surface_area [*] :=
 1 0    9 0   17 0   25 0   33 0   41 0   49 0   57 0   65 0   73 0   81 0
 2 0   10 0   18 0   26 0   34 0   42 0   50 0   58 0   66 0   74 0   82 0
 3 0   11 0   19 0   27 0   35 0   43 0   51 0   59 0   67 0   75 0   83 0
 4 0   12 0   20 0   28 0   36 0   44 0   52 0   60 0   68 0   76 0   84 0
 5 0   13 0   21 0   29 0   37 0   45 0   53 0   61 0   69 0   77 0   85 0
 6 0   14 0   22 0   30 0   38 0   46 0   54 0   62 0   70 0   78 0
 7 0   15 0   23 0   31 0   39 0   47 0   55 0   63 0   71 0   79 0
 8 0   16 0   24 0   32 0   40 0   48 0   56 0   64 0   72 0   80 0
;

