Error at _cmdno 5 executing "solve" command
(file amplin, line 1961, offset 37059):
error processing param distances:
	3200 invalid subscripts discarded:
	distances[101,1,1]
	distances[101,1,2]
	distances[101,1,3]
	and 3197 more.
##### This license is only intended for use by NEOS. #####
##### License is valid until Jan 16, 2026 #####
iables.
Substitution eliminates 1 variable.
Adjusted problem:
25953 variables:
	16053 nonlinear variables
	9900 linear variables
52003 constraints; 313156 nonzeros
	46250 nonlinear constraints
	5753 linear constraints
	5051 equality constraints
	46952 inequality constraints
1 nonlinear objective; 3 nonzeros.

Artelys Knitro 14.2.0: threads=4
algorithm=1
ms_enable=1
ms_maxsolves=10
feastol=1e-5
opttol=1e-5
honorbnds=1
bar_initpt=3
bar_murule=4
scale=1
outlev=2
maxtime_real=1200
WARNING:  Option 'threads' is deprecated, please use 'numthreads'.
WARNING: 1 constraint is constant or undefined and will be ignored.

=======================================
           Academic License
       (NOT FOR COMMERCIAL USE)
         Artelys Knitro 14.2.0
=======================================

No start point provided -- Knitro computing one.

Knitro presolve eliminated 0 variables and 1 constraint.

algorithm                1
bar_initpt               3
bar_murule               4
concurrent_evals         0
datacheck                0
feastol                  1e-05
findiff_numthreads       1
hessian_no_f             1
hessopt                  1
honorbnds                1
maxtime_real             1200
ms_enable                1
ms_maxsolves             10
numthreads               4
opttol                   1e-05

Problem Characteristics                                 (   Presolved)
-----------------------
Objective goal:  Minimize
Objective type:  general
Number of variables:                              25953 (       25953)
    bounded below only:                               1 (           1)
    bounded above only:                               0 (           0)
    bounded below and above:                          0 (           0)
    fixed:                                            0 (           0)
    free:                                         25952 (       25952)
Number of constraints:                            52003 (       52002)
    linear equalities:                                1 (           0)
    quadratic equalities:                          4950 (        4950)
    gen. nonlinear equalities:                      100 (         100)
    linear one-sided inequalities:                 5752 (        5752)
    quadratic one-sided inequalities:             41200 (       41200)
    gen. nonlinear one-sided inequalities:            0 (           0)
    linear two-sided inequalities:                    0 (           0)
    quadratic two-sided inequalities:                 0 (           0)
    gen. nonlinear two-sided inequalities:            0 (           0)
Number of nonzeros in Jacobian:                  313156 (      313156)
Number of nonzeros in Hessian:                   141453 (      141453)

Knitro parallel multistart will run with 4 threads.

Return codes description
------------------------
  0:  The final solution satisfies the termination conditions for verifying optimality.
  -100 to -199:  A feasible approximate solution was found.
  -200 to -299:  Knitro terminated at an infeasible point.
  -300 to -301:  The problem was determined to be unbounded.
  -400 to -499:  Knitro terminated because it reached a pre-defined limit.
    -400 to -409:  A feasible point was found.
    -410 to -419:  No feasible point was found.
  -500 to -599:  Knitro terminated with an input error or some non-standard error.
A more detailed description of individual return codes and their corresponding
termination messages is provided at
https://www.artelys.com/app/docs/knitro/3_referenceManual/returnCodes.html

 Solve #  ThreadID  Status     Objective      FeasError    OptError    Real Time 
--------  --------  ------  --------------   ----------   ----------  ----------
      0          0       0         6.05646  1.29522e-05  1.57856e-07      5149.41
      1          2    -410     1.30725e+11  4.46686e+06      14035.3      10188.1
      7          2    -410     8.68953e+10  2.88559e+06      42557.3      7147.66
      3          1    -410     4.18583e+11  3.91329e+06      43834.8      10109.1
      4          0    -410     1.53102e+13  3.50798e+06      642698.      7708.26
      5          3    -410     2.19026e+13      96546.6      505602.      6746.17
      6          1    -410     8.45482e+11  1.96122e+06      173169.      6545.99
      2          3    -410     6.43802e+11      50208.9      167006.      9560.64
      8          0    -410     1.49964e+10      19190.8      27252.8      5747.45
      9          3    -410     4.78082e+09  1.72917e-02      603.064      4800.12

MULTISTART: Best locally optimal solution is returned.
EXIT: Locally optimal solution found.

Final Statistics
----------------
Final objective value               =   6.05646159384341e+00
Final feasibility error (abs / rel) =   1.30e-05 / 2.23e-06
Final optimality error  (abs / rel) =   1.58e-07 / 1.75e-08
# of iterations                     =      94745 
# of CG iterations                  =          0 
# of function evaluations           =      95466
# of gradient evaluations           =      94867
# of Hessian evaluations            =      94776
Total program time (secs)           =   21107.82227 ( 73379.203 CPU time)

===============================================================================

Knitro 14.2.0: Locally optimal or satisfactory solution.
objective 6.056461594; feasibility error 1.3e-05
94745 iterations; 95466 function evaluations

suffix feaserror OUT;
suffix opterror OUT;
suffix numfcevals OUT;
suffix numiters OUT;
---------------------------- Solver Status Report ----------------------------
solve_result_num = 0
solve_result = solved
solve_message = 'Knitro 14.2.0: Locally optimal or satisfactory solution.\
objective 6.056461594; feasibility error 1.3e-05\
94745 iterations; 95466 function evaluations'


---------------------------- Problem Dimensions ----------------------------
Variables: 51304
Constraints: 52104
---------------------------- Container and geometric considerations  ----------------------------
Container type: cylinder
Structural conservation type: volume & surface
---------------------------- Solution execution data ----------------------------
solve_result_num = 0
solve_result = solved

---------------------------- Solution data ----------------------------
card(figures) = 100

coords [*,*,1]
:          1             2              3             4         :=
1      1.3404        0.948195       0.505553      1.28027
2      1.14826       0.470301       0.586832      1.34162
3      0.444264      0.816612      -0.150323     -0.114365
4     -0.421909     -0.614486      -1.32257      -1.14189
5      0.790222      0.433321       1.06534       1.33972
6     -1.04554      -0.453142      -0.844656     -1.31726
7      0.21754      -0.144301      -0.850498     -0.229075
8     -0.834009     -0.80166       -0.285115     -0.111673
9      0.56595       0.0914721      0.457395      1.14726
10    -0.29591       0.611646       0.200739      0.104132
11    -0.797413     -0.503163      -0.239884      0.213893
12     0.200518      0.234947       0.887199     -0.0199565
13     1.33905       0.481276       1.27649       1.20683
14     0.74063       0.552769       0.50466      -0.170751
15     0.730576      0.000414337    0.522822     -0.180877
16     0.00227183   -0.850969      -0.160742     -0.199686
17     0.623458      0.081446       1.07698       0.162961
18    -1.12717      -0.200617      -0.772774     -0.278002
19    -1.14189      -0.287024      -0.260299     -0.775032
20    -1.34301      -1.16296       -0.479618     -1.30294
21     0.615779      1.31716        1.07113       0.569103
22    -1.21755      -1.29027       -0.291251     -1.00864
23    -1.30198      -1.3359        -0.468089     -1.19208
24     1.13484       0.52244        0.506574      1.31353
25    -0.848946     -0.279504      -0.207496     -1.00711
26    -0.155732     -0.815593      -0.115517     -0.933749
27     0.443891      1.23072        0.681131      1.3054
28     0.72242      -0.12005       -0.0909064    -0.0111239
29    -0.841656     -0.255609      -0.204058      0.0743045
30    -1.0555       -0.376817      -0.132515     -0.292989
31     1.06754       0.0776882      0.574014      0.971671
32    -0.285049     -0.80166       -0.834009     -1.26502
33    -0.181073      0.0869731      0.496739      0.842091
34    -0.858761     -0.115802      -0.0866583    -0.00977785
35    -0.343596      0.510547      -0.167059     -0.154139
36    -0.660742      0.140025      -0.281648      0.0854078
37    -1.04271      -1.3429        -0.482033     -1.30109
38     0.20146      -0.574185       0.200322     -0.0121661
39     0.482008     -0.234432       0.619751      0.517898
40     0.0538517    -0.150666      -0.53543      -0.742051
41     0.871543      0.460063       0.373354      1.15767
42    -0.122984      0.0131282     -0.679736      0.373538
43     0.426514      0.495996      -0.255914     -0.277709
44     0.731602     -0.0833048      0.279815      0.834254
45     0.754225      0.27675        0.0974162    -0.299213
46     0.0105981     1.06254        0.425119      0.425176
47    -0.282383     -0.0874671     -0.413269     -0.999142
48     0.627349      0.13307        0.0250493    -0.317042
49    -0.0852745    -0.295507       0.458459     -0.411076
50     1.34299       1.06532        0.438005      1.33671
51    -1.13168      -1.25482       -0.442869     -0.626773
52     0.754225     -0.29627        0.166506      0.097382
53     0.457395     -0.0401982      0.832708      0.0293693
54     0.524476      0.155943       0.761321      1.16699
55     0.482402      1.34116        0.871461      1.16
56    -0.117977     -0.881866      -0.464557     -0.0211211
57    -0.376302     -0.1977         0.41744       0.464171
58     0.297954     -0.605619       0.116001     -0.379968
59    -0.427228     -0.731069      -1.27432      -1.27666
60     0.500978      0.447224       0.631574      1.33887
61     1.23072       0.443891       1.30889       1.30177
62    -0.204058      0.605389       0.022503     -0.26285
63     1.07095       0.156037       1.16704       0.761871
64     1.08935       1.33945        0.564474      1.34287
65     0.0226448    -0.881222      -0.629745     -0.840046
66    -0.079539      0.00178119    -0.760507     -0.629924
67    -0.768174     -0.276554      -1.29027      -1.04659
68    -0.627145     -0.890222      -0.0620754    -0.0284027
69    -0.393751     -0.433858      -0.961303     -1.22605
70    -1.33535      -0.936705      -0.465877     -1.27753
71     0.570327      0.467044       0.0702824    -0.197907
72     0.112344     -0.616754      -0.855485     -0.615112
73     1.34116       1.32081        1.16          0.409839
74    -0.736459     -1.29859       -0.470073     -1.03648
75     0.341236      0.972104       1.15839       0.459035
76    -0.710259      0.269569       0.00180865   -0.0724959
77     0.761321     -0.128964       0.540355      0.142949
78     0.84698       0.169155       0.175486      0.915099
79     0.814853      0.243155       0.346921      1.16
80     0.559304     -0.181795       0.039496     -0.242207
81    -1.1919       -0.180992      -0.965865     -0.437266
82     0.662319     -0.0473014      0.885488      0.424911
83    -0.0479328    -0.0660367      0.457395     -0.464557
84     0.530667     -0.14694       -0.333256      0.129389
85     0.385098      0.572733       1.34299       1.09042
86    -0.471193     -0.351359      -1.28837      -0.745056
87     0.369529      0.630636       1.08555       0.0739297
88    -1.18561      -1.31144       -0.502608     -1.34277
89    -0.328603      0.0127852     -0.773582      0.27675
90    -1.10824      -0.117977      -0.869954     -0.464557
91     0.305223      0.8166         0.661675     -0.206564
92    -1.34277      -0.819356      -0.526532     -1.18512
93     0.847038      0.315045      -0.175565      0.413181
94     0.0322099    -0.245873      -0.185508     -0.892125
95    -0.116149      0.479812      -0.325913     -0.437044
96    -1.14204      -0.198506      -0.28149      -0.362823
97     0.871461      0.532163       1.33922       0.482402
98     0.111168      1.10075        0.657055      1.04418
99    -0.0147314     0.341322       0.459035      0.969926
100   -0.43529      -0.43094       -1.09982      -1.28188

 [*,*,2]
:         1            2             3            4         :=
1      0.084366     0.89528      0.041949      0.405845
2     -0.696621     0.0344114   -0.454762      0.062007
3      0.0665524    0.117064     0.502167     -0.405532
4     -0.0500701   -0.965207    -0.233642     -0.707017
5      0.950011     0.18127      0.817821      0.0944873
6     -0.84299     -0.182619    -1.04121      -0.261945
7     -0.719776     0.150578    -0.623359     -0.31651
8      1.05272      1.07756      0.321855      1.31634
9     -0.852073    -0.41654     -1.26277      -0.604434
10     1.31005      1.19569      1.30498       0.4029
11     0.302119     0.544281    -0.412568      0.54352
12    -0.246731    -0.35565     -0.9022       -1.23423
13     0.103634     0.043578     0.417572     -0.589361
14     0.797131     1.22402      0.228685      0.606013
15    -0.813016    -0.989553    -0.0541632    -0.280677
16     0.457568     0.281927     0.0418716    -0.484937
17     1.18958      0.556504     0.802442      1.33313
18     0.249024     0.493177     1.09846       0.534538
19    -0.707017    -0.277572    -1.31759      -1.09687
20     0.0108359   -0.671087     0.150735      0.325774
21     1.07176      0.26244      0.810229      0.104063
22     0.546252    -0.37283      0.00590875    0.0511463
23    -0.329605    -0.138383    -0.162763      0.61866
24     0.712598    -0.150553     0.300447     -0.280064
25    -0.883091    -0.099906    -0.492266      0.0847851
26    -0.487659     0.269936    -0.169162     -0.635359
27    -0.086737    -0.537697    -1.05964      -0.315797
28    -0.802437    -0.367576    -1.18497      -1.34301
29     1.04662      0.388576     1.32746       0.841319
30     0.830489     1.28911      1.31636       0.416537
31    -0.814948    -0.620091    -1.21421      -0.383496
32     0.321766     1.07756      1.05272       0.451113
33     0.289495    -0.600275     0.19145      -0.0316514
34    -1.03263     -0.486723    -1.30412      -1.34302
35    -0.238626     0.0703436    0.138051      0.777904
36     0.274175     0.577956     1.27466       0.455648
37     0.846491    -0.0201215    0.158207      0.3331
38    -0.475658    -0.259579    -0.199277     -1.16848
39    -0.0213662   -0.301626    -0.759707      0.172988
40    -1.09765     -0.350658    -0.253416     -1.11944
41     1.02186      0.268133     1.16241       0.68088
42    -0.425064    -1.34299     -0.676744     -0.482346
43    -0.0428236    0.159964     0.604433     -0.330812
44    -0.128771     0.502551     0.330848      0.785687
45     1.11128      1.31423      0.456177      1.3093
46     0.758336     0.683797     0.370426     -0.178621
47    -0.304883     0.539483    -0.221404      0.408692
48     0.597494    -0.35243      0.434266      0.421883
49     0.544604    -0.398914    -0.103552     -0.216284
50     0.0133363    0.817853     0.17205       0.130365
51    -0.72325     -0.478777    -1.02647       0.0238257
52     1.11128      1.30997      0.522992      0.456143
53    -1.26277     -1.34245     -1.05375      -0.49057
54    -1.23641     -0.431991    -1.10643      -0.664767
55     0.142977     0.07136      1.02193       0.67689
56    -0.50554     -1.01297     -1.26015      -1.34289
57     0.697747     1.32842      1.27653       0.686849
58    -0.289471    -0.791062    -1.33803      -0.527856
59    -0.232778     0.407762     0.424147     -0.417039
60    -0.0760539    0.251539    -0.75476      -0.105921
61    -0.537697    -0.086737    -0.300992      0.330416
62     1.32746      0.886104     0.641007      0.256692
63    -0.0791752   -0.432664    -0.664682     -1.10605
64    -0.760518     0.0982968    0.169567      0.0221691
65    -1.16273     -1.01353     -0.31728      -1.04791
66     0.470451     1.34305      1.10699       0.758459
67    -0.822978    -0.0322877   -0.37283       0.0515479
68    -0.317111    -1.00563     -0.344739     -1.1543
69     0.224031     1.27105      0.937916      0.548255
70    -0.143639    -0.962483    -0.163817     -0.414374
71    -0.453995     0.14448      0.494665     -0.367693
72     0.528388     0.570303     0.99024      -0.0548541
73     0.07136     -0.243395     0.67689       0.0796486
74     1.12313      0.342725     0.134887      0.854101
75    -0.378837    -0.926717    -0.679648     -1.26217
76     0.684116     0.57413      1.34305       0.552215
77    -1.10643     -1.33685     -1.19262      -0.36791
78    -0.863808    -0.297169    -0.222837      0.201447
79     1.06762      0.512904     1.29747       0.676891
80    -1.22105     -1.33069     -0.441192     -1.32103
81     0.535334     0.69879      0.456429     -0.186788
82     1.12689      0.441098     0.273669      0.264105
83    -1.3422      -0.46752     -1.26277      -1.26015
84     0.0683332    0.136041    -0.23643      -0.733793
85    -0.468795     0.150891     0.0133362    -0.784081
86    -0.211322    -0.22126     -0.379317     -1.11744
87    -0.466024     0.178914    -0.776843     -0.605888
88     0.630959    -0.289665    -0.100837     -0.02778
89     1.30223      0.463369     1.09789       1.31423
90    -0.600092    -0.50554     -1.02322      -1.26015
91     0.266745    -0.0236503    0.926908      0.297496
92    -0.0277797    0.833155    -0.10867       0.631886
93     1.04227      0.367211     1.30873       1.27792
94    -0.468766    -1.32035     -1.33018      -1.00394
95     0.654225     0.0925154    0.621937     -0.203044
96     0.237814     0.527295    -0.00187017   -0.3407
97     1.02193      0.311373     0.10142       0.142977
98    -0.591581    -0.769505     0.192194     -0.382967
99    -1.34297     -0.379479    -1.26217      -0.928996
100   -0.14296     -0.203046     0.507031     -0.377981

 [*,*,3]
:         1            2            3             4         :=
1      0.418966     0.222513    -0.252771    -0.602325
2     -0.404053    -0.295717     0.477025     0.328816
3     -0.0436924   -0.928832    -0.670508    -0.827956
4     -1.52482     -0.999999    -0.972458    -1.7427
5      0.390454     1.04746      1.26042      0.517782
6     -0.122749    -0.611949    -1.1214      -0.982142
7      1.61493      1.61493      1.61493      0.824589
8     -1.34197     -0.270366    -0.78137     -0.833307
9      0.757506     1.61493      1.61493      1.61493
10     0.885532     0.770364    -0.0648965    0.506878
11     0.967189     0.125029     0.531384     0.704538
12    -0.156085    -1.07094     -0.619905    -0.51137
13     0.359911    -0.280886    -0.641094    -0.278831
14     0.082557    -0.788726    -0.795616    -0.294175
15     0.268105    -0.280805    -0.234576     0.457491
16    -1.55818     -1.14529     -0.583184    -1.51643
17     0.796837     0.338581     0.0248369   -0.15668
18     0.938726     1.41811      0.885235     0.349329
19    -1.7427      -1.48259     -1.7427      -0.992077
20     0.972028     0.378259     0.465762     0.00856938
21    -0.808265    -0.863598     0.0248809   -0.348502
22     1.61493      1.61493      1.61493      0.820999
23    -0.741544     0.253205    -0.37632     -0.252958
24     0.30324      0.130217     0.934174     0.66751
25     0.938009     1.39883      0.403408     0.824875
26    -1.45968     -1.11596     -0.474594    -0.987581
27    -0.859542    -0.287235    -0.812147    -1.26712
28     0.276557     0.385161    -0.308393     0.626942
29     1.01112      1.61493      1.61493      0.700504
30     0.0430403   -0.6491       0.292097    -0.268764
31     1.1287       0.765082     0.264395     0.222111
32    -0.781302    -0.270366    -1.34197     -0.792158
33     1.61493      1.38577      0.789731     1.61493
34     0.283442     0.284066    -0.409488     0.646342
35     0.626525     0.786521     1.61493      0.910732
36    -1.05062     -0.518835    -0.97774     -1.56467
37     0.964972     1.05914      0.445049     0.0596159
38    -1.01433     -0.474666     0.021824    -0.384995
39    -0.233768     0.513338     0.30091      0.820243
40    -0.324016     0.417725    -0.448929     0.140849
41     0.637199     0.972724     1.55818      1.61284
42    -1.7427      -1.49657     -1.02111     -0.967983
43    -0.174377     0.81611      0.312625     0.484278
44     0.13134      0.279036    -0.663958     0.0745114
45    -0.9383      -1.7427      -1.45707     -0.9708
46    -1.7427      -1.7427      -1.00206     -1.7427
47     0.484331     0.169604    -0.512234     0.127868
48    -0.811238    -0.868965    -1.58969     -0.650242
49     0.174192     0.510857    -0.192205    -0.507646
50     1.61493      1.26046      1.06192      0.548975
51     0.156984     1.1263       0.689521     0.575261
52    -0.9383      -0.969928    -0.540169    -1.4571
53     1.61493      0.712606     0.644151     1.05824
54    -0.704908    -1.30844     -1.7427      -1.03716
55    -1.41338     -0.876375    -0.937908    -1.7427
56     1.21437      0.658505     1.61493      0.64204
57    -0.608639     0.0397062   -0.837169     0.0573084
58     0.548403     0.262112     0.680346     1.13189
59    -0.402916    -1.18951     -0.37314     -0.774741
60    -1.7427      -0.882586    -0.922758    -1.35923
61    -0.287235    -0.859542    -1.33024     -0.594041
62     1.61493      1.61493      0.822814     1.61493
63    -1.7427      -1.30914     -1.03704     -1.7427
64     1.05597      0.464454     0.958753     1.53412
65    -0.344945    -0.902405    -0.352861     0.168633
66     0.830228     0.300403     0.968566    -0.0300521
67     1.00274      1.53482      1.61493      0.79319
68    -0.350937    -0.913391    -1.0789      -0.376428
69     1.38656      1.61493      0.822423     1.61493
70     0.226083     0.0826354   -0.38298     -0.773761
71    -1.7427      -0.858865    -1.7427      -1.24034
72    -1.7427      -0.957421    -1.7427      -1.7427
73    -0.876375    -1.7427      -1.7427      -1.37026
74     0.101711     0.0747974    0.421736     0.980224
75    -0.250842    -0.651694     0.375075     0.22821
76    -0.0720762   -0.204908     0.300435     0.779898
77    -1.7427      -1.67713     -0.851775    -1.41027
78    -0.592738    -1.07715     -0.139178    -0.489828
79    -0.805573    -1.26975     -1.7427      -1.7427
80    -0.849241    -1.47537     -0.918756    -0.404737
81    -0.720813    -0.486537     0.169513    -0.47779
82     0.693486     0.273801     0.0833893    1.04561
83     0.69897      1.12137      1.61493      1.61493
84     0.761924     1.59033      0.623746     1.34868
85     1.61493      0.958592     1.61493      1.04709
86    -0.371267     0.570673     0.232527     0.132659
87     1.61493      0.875356     1.04735      0.735267
88    -0.913381    -0.762023    -1.29806     -1.7427
89    -0.931051    -1.5053      -1.7427      -1.7427
90     1.61493      1.21437      0.68978      1.61493
91     0.84869      1.61493      1.61493      1.61493
92    -1.7427      -1.7427      -1.32172     -0.912043
93     0.693126     1.02672      0.875558     1.58438
94    -0.928787    -0.339324    -1.40996     -0.915729
95    -0.725176    -0.0328517    0.172018    -0.504041
96     1.05254      0.860099     1.6105       0.596309
97    -0.937908    -0.419112    -0.86997     -1.41338
98     0.703247     1.05258      0.884447     0.217484
99    -0.558566    -0.250494     0.22821     -0.653825
100    0.579095    -0.401009     0.0443936    0.227725
;

radius = 1.34305
height = 3.35763
softness = 0.15

---------------------------- Solution coords data ----------------------------
distances [*,1,*]
:     1   2   3   4    :=
1     0   1   0   1
2     0   1   0   1
3     0   1   0   1
4     0   1   0   1
5     0   1   0   1
6     0   1   0   1
7     0   1   0   1
8     0   1   0   1
9     0   1   0   1
10    0   1   0   1
11    0   1   0   1
12    0   1   0   1
13    0   1   0   1
14    0   1   0   1
15    0   1   0   1
16    0   1   0   1
17    0   1   0   1
18    0   1   0   1
19    0   1   0   1
20    0   1   0   1
21    0   1   0   1
22    0   1   0   1
23    0   1   0   1
24    0   1   0   1
25    0   1   0   1
26    0   1   0   1
27    0   1   0   1
28    0   1   0   1
29    0   1   0   1
30    0   1   0   1
31    0   1   0   1
32    0   1   0   1
33    0   1   0   1
34    0   1   0   1
35    0   1   0   1
36    0   1   0   1
37    0   1   0   1
38    0   1   0   1
39    0   1   0   1
40    0   1   0   1
41    0   1   0   1
42    0   1   0   1
43    0   1   0   1
44    0   1   0   1
45    0   1   0   1
46    0   1   0   1
47    0   1   0   1
48    0   1   0   1
49    0   1   0   1
50    0   1   0   1
51    0   1   0   1
52    0   1   0   1
53    0   1   0   1
54    0   1   0   1
55    0   1   0   1
56    0   1   0   1
57    0   1   0   1
58    0   1   0   1
59    0   1   0   1
60    0   1   0   1
61    0   1   0   1
62    0   1   0   1
63    0   1   0   1
64    0   1   0   1
65    0   1   0   1
66    0   1   0   1
67    0   1   0   1
68    0   1   0   1
69    0   1   0   1
70    0   1   0   1
71    0   1   0   1
72    0   1   0   1
73    0   1   0   1
74    0   1   0   1
75    0   1   0   1
76    0   1   0   1
77    0   1   0   1
78    0   1   0   1
79    0   1   0   1
80    0   1   0   1
81    0   1   0   1
82    0   1   0   1
83    0   1   0   1
84    0   1   0   1
85    0   1   0   1
86    0   1   0   1
87    0   1   0   1
88    0   1   0   1
89    0   1   0   1
90    0   1   0   1
91    0   1   0   1
92    0   1   0   1
93    0   1   0   1
94    0   1   0   1
95    0   1   0   1
96    0   1   0   1
97    0   1   0   1
98    0   1   0   1
99    0   1   0   1
100   0   1   0   1

 [*,2,*]
:     1   2   3   4    :=
1     0   0   1   1
2     0   0   1   1
3     0   0   1   1
4     0   0   1   1
5     0   0   1   1
6     0   0   1   1
7     0   0   1   1
8     0   0   1   1
9     0   0   1   1
10    0   0   1   1
11    0   0   1   1
12    0   0   1   1
13    0   0   1   1
14    0   0   1   1
15    0   0   1   1
16    0   0   1   1
17    0   0   1   1
18    0   0   1   1
19    0   0   1   1
20    0   0   1   1
21    0   0   1   1
22    0   0   1   1
23    0   0   1   1
24    0   0   1   1
25    0   0   1   1
26    0   0   1   1
27    0   0   1   1
28    0   0   1   1
29    0   0   1   1
30    0   0   1   1
31    0   0   1   1
32    0   0   1   1
33    0   0   1   1
34    0   0   1   1
35    0   0   1   1
36    0   0   1   1
37    0   0   1   1
38    0   0   1   1
39    0   0   1   1
40    0   0   1   1
41    0   0   1   1
42    0   0   1   1
43    0   0   1   1
44    0   0   1   1
45    0   0   1   1
46    0   0   1   1
47    0   0   1   1
48    0   0   1   1
49    0   0   1   1
50    0   0   1   1
51    0   0   1   1
52    0   0   1   1
53    0   0   1   1
54    0   0   1   1
55    0   0   1   1
56    0   0   1   1
57    0   0   1   1
58    0   0   1   1
59    0   0   1   1
60    0   0   1   1
61    0   0   1   1
62    0   0   1   1
63    0   0   1   1
64    0   0   1   1
65    0   0   1   1
66    0   0   1   1
67    0   0   1   1
68    0   0   1   1
69    0   0   1   1
70    0   0   1   1
71    0   0   1   1
72    0   0   1   1
73    0   0   1   1
74    0   0   1   1
75    0   0   1   1
76    0   0   1   1
77    0   0   1   1
78    0   0   1   1
79    0   0   1   1
80    0   0   1   1
81    0   0   1   1
82    0   0   1   1
83    0   0   1   1
84    0   0   1   1
85    0   0   1   1
86    0   0   1   1
87    0   0   1   1
88    0   0   1   1
89    0   0   1   1
90    0   0   1   1
91    0   0   1   1
92    0   0   1   1
93    0   0   1   1
94    0   0   1   1
95    0   0   1   1
96    0   0   1   1
97    0   0   1   1
98    0   0   1   1
99    0   0   1   1
100   0   0   1   1

 [*,3,*]
:     1   2   3   4    :=
1     1   0   0   1
2     1   0   0   1
3     1   0   0   1
4     1   0   0   1
5     1   0   0   1
6     1   0   0   1
7     1   0   0   1
8     1   0   0   1
9     1   0   0   1
10    1   0   0   1
11    1   0   0   1
12    1   0   0   1
13    1   0   0   1
14    1   0   0   1
15    1   0   0   1
16    1   0   0   1
17    1   0   0   1
18    1   0   0   1
19    1   0   0   1
20    1   0   0   1
21    1   0   0   1
22    1   0   0   1
23    1   0   0   1
24    1   0   0   1
25    1   0   0   1
26    1   0   0   1
27    1   0   0   1
28    1   0   0   1
29    1   0   0   1
30    1   0   0   1
31    1   0   0   1
32    1   0   0   1
33    1   0   0   1
34    1   0   0   1
35    1   0   0   1
36    1   0   0   1
37    1   0   0   1
38    1   0   0   1
39    1   0   0   1
40    1   0   0   1
41    1   0   0   1
42    1   0   0   1
43    1   0   0   1
44    1   0   0   1
45    1   0   0   1
46    1   0   0   1
47    1   0   0   1
48    1   0   0   1
49    1   0   0   1
50    1   0   0   1
51    1   0   0   1
52    1   0   0   1
53    1   0   0   1
54    1   0   0   1
55    1   0   0   1
56    1   0   0   1
57    1   0   0   1
58    1   0   0   1
59    1   0   0   1
60    1   0   0   1
61    1   0   0   1
62    1   0   0   1
63    1   0   0   1
64    1   0   0   1
65    1   0   0   1
66    1   0   0   1
67    1   0   0   1
68    1   0   0   1
69    1   0   0   1
70    1   0   0   1
71    1   0   0   1
72    1   0   0   1
73    1   0   0   1
74    1   0   0   1
75    1   0   0   1
76    1   0   0   1
77    1   0   0   1
78    1   0   0   1
79    1   0   0   1
80    1   0   0   1
81    1   0   0   1
82    1   0   0   1
83    1   0   0   1
84    1   0   0   1
85    1   0   0   1
86    1   0   0   1
87    1   0   0   1
88    1   0   0   1
89    1   0   0   1
90    1   0   0   1
91    1   0   0   1
92    1   0   0   1
93    1   0   0   1
94    1   0   0   1
95    1   0   0   1
96    1   0   0   1
97    1   0   0   1
98    1   0   0   1
99    1   0   0   1
100   1   0   0   1

 [*,4,*]
:     1   2   3   4    :=
1     1   1   1   0
2     1   1   1   0
3     1   1   1   0
4     1   1   1   0
5     1   1   1   0
6     1   1   1   0
7     1   1   1   0
8     1   1   1   0
9     1   1   1   0
10    1   1   1   0
11    1   1   1   0
12    1   1   1   0
13    1   1   1   0
14    1   1   1   0
15    1   1   1   0
16    1   1   1   0
17    1   1   1   0
18    1   1   1   0
19    1   1   1   0
20    1   1   1   0
21    1   1   1   0
22    1   1   1   0
23    1   1   1   0
24    1   1   1   0
25    1   1   1   0
26    1   1   1   0
27    1   1   1   0
28    1   1   1   0
29    1   1   1   0
30    1   1   1   0
31    1   1   1   0
32    1   1   1   0
33    1   1   1   0
34    1   1   1   0
35    1   1   1   0
36    1   1   1   0
37    1   1   1   0
38    1   1   1   0
39    1   1   1   0
40    1   1   1   0
41    1   1   1   0
42    1   1   1   0
43    1   1   1   0
44    1   1   1   0
45    1   1   1   0
46    1   1   1   0
47    1   1   1   0
48    1   1   1   0
49    1   1   1   0
50    1   1   1   0
51    1   1   1   0
52    1   1   1   0
53    1   1   1   0
54    1   1   1   0
55    1   1   1   0
56    1   1   1   0
57    1   1   1   0
58    1   1   1   0
59    1   1   1   0
60    1   1   1   0
61    1   1   1   0
62    1   1   1   0
63    1   1   1   0
64    1   1   1   0
65    1   1   1   0
66    1   1   1   0
67    1   1   1   0
68    1   1   1   0
69    1   1   1   0
70    1   1   1   0
71    1   1   1   0
72    1   1   1   0
73    1   1   1   0
74    1   1   1   0
75    1   1   1   0
76    1   1   1   0
77    1   1   1   0
78    1   1   1   0
79    1   1   1   0
80    1   1   1   0
81    1   1   1   0
82    1   1   1   0
83    1   1   1   0
84    1   1   1   0
85    1   1   1   0
86    1   1   1   0
87    1   1   1   0
88    1   1   1   0
89    1   1   1   0
90    1   1   1   0
91    1   1   1   0
92    1   1   1   0
93    1   1   1   0
94    1   1   1   0
95    1   1   1   0
96    1   1   1   0
97    1   1   1   0
98    1   1   1   0
99    1   1   1   0
100   1   1   1   0
;

---------------------------- Solution stats data ----------------------------
_ampl_time = 0.620063
_total_solve_time = 73380.5
_ampl_elapsed_time = 0.614906
_ampl_user_time = 0.546606

Total time elapsed: $73380.45.
_total_solve_time = 73380.5

---------------------------- Solution miscs data ----------------------------
tetrahedron_volume [*] :=
  1 0.117851    21 0.117851    41 0.117851    61 0.117851    81 0.117851
  2 0.117851    22 0.117851    42 0.117851    62 0.117851    82 0.117851
  3 0.117851    23 0.117851    43 0.117851    63 0.117851    83 0.117851
  4 0.117851    24 0.117851    44 0.117851    64 0.117851    84 0.117851
  5 0.117851    25 0.117851    45 0.117851    65 0.117851    85 0.117851
  6 0.117851    26 0.117851    46 0.117851    66 0.117851    86 0.117851
  7 0.117851    27 0.117851    47 0.117851    67 0.117851    87 0.117851
  8 0.117851    28 0.117851    48 0.117851    68 0.117851    88 0.117851
  9 0.117851    29 0.117851    49 0.117851    69 0.117851    89 0.117851
 10 0.117851    30 0.117851    50 0.117851    70 0.117851    90 0.117851
 11 0.117851    31 0.117851    51 0.117851    71 0.117851    91 0.117851
 12 0.117851    32 0.117851    52 0.117851    72 0.117851    92 0.117851
 13 0.117851    33 0.117851    53 0.117851    73 0.117851    93 0.117851
 14 0.117851    34 0.117851    54 0.117851    74 0.117851    94 0.117851
 15 0.117851    35 0.117851    55 0.117851    75 0.117851    95 0.117851
 16 0.117851    36 0.117851    56 0.117851    76 0.117851    96 0.117851
 17 0.117851    37 0.117851    57 0.117851    77 0.117851    97 0.117851
 18 0.117851    38 0.117851    58 0.117851    78 0.117851    98 0.117851
 19 0.117851    39 0.117851    59 0.117851    79 0.117851    99 0.117851
 20 0.117851    40 0.117851    60 0.117851    80 0.117851   100 0.117851
;

---------------------------- Solution miscs data ----------------------------
tetrahedron_surface_area [*] :=
  1 0    11 0    21 0    31 0    41 0    51 0    61 0    71 0    81 0    91 0
  2 0    12 0    22 0    32 0    42 0    52 0    62 0    72 0    82 0    92 0
  3 0    13 0    23 0    33 0    43 0    53 0    63 0    73 0    83 0    93 0
  4 0    14 0    24 0    34 0    44 0    54 0    64 0    74 0    84 0    94 0
  5 0    15 0    25 0    35 0    45 0    55 0    65 0    75 0    85 0    95 0
  6 0    16 0    26 0    36 0    46 0    56 0    66 0    76 0    86 0    96 0
  7 0    17 0    27 0    37 0    47 0    57 0    67 0    77 0    87 0    97 0
  8 0    18 0    28 0    38 0    48 0    58 0    68 0    78 0    88 0    98 0
  9 0    19 0    29 0    39 0    49 0    59 0    69 0    79 0    89 0    99 0
 10 0    20 0    30 0    40 0    50 0    60 0    70 0    80 0    90 0   100 0
;

