Error at _cmdno 5 executing "solve" command
(file amplin, line 1967, offset 38012):
error processing param distances:
	3200 invalid subscripts discarded:
	distances[101,1,1]
	distances[101,1,2]
	distances[101,1,3]
	and 3197 more.
##### This license is only intended for use by NEOS. #####
##### License is valid until Jan 16, 2026 #####
iables.
Substitution eliminates 1 variable.
Adjusted problem:
25953 variables:
	16053 nonlinear variables
	9900 linear variables
52003 constraints; 313156 nonzeros
	46250 nonlinear constraints
	5753 linear constraints
	5051 equality constraints
	46952 inequality constraints
1 nonlinear objective; 3 nonzeros.

Artelys Knitro 14.2.0: threads=4
algorithm=1
ms_enable=1
ms_maxsolves=10
feastol=1e-5
opttol=1e-5
honorbnds=1
bar_initpt=3
bar_murule=4
scale=1
outlev=2
maxtime_real=1200
WARNING:  Option 'threads' is deprecated, please use 'numthreads'.
WARNING: 1 constraint is constant or undefined and will be ignored.

=======================================
           Academic License
       (NOT FOR COMMERCIAL USE)
         Artelys Knitro 14.2.0
=======================================

No start point provided -- Knitro computing one.

Knitro presolve eliminated 0 variables and 1 constraint.

algorithm                1
bar_initpt               3
bar_murule               4
concurrent_evals         0
datacheck                0
feastol                  1e-05
findiff_numthreads       1
hessian_no_f             1
hessopt                  1
honorbnds                1
maxtime_real             1200
ms_enable                1
ms_maxsolves             10
numthreads               4
opttol                   1e-05

Problem Characteristics                                 (   Presolved)
-----------------------
Objective goal:  Minimize
Objective type:  general
Number of variables:                              25953 (       25953)
    bounded below only:                               1 (           1)
    bounded above only:                               0 (           0)
    bounded below and above:                          0 (           0)
    fixed:                                            0 (           0)
    free:                                         25952 (       25952)
Number of constraints:                            52003 (       52002)
    linear equalities:                                1 (           0)
    quadratic equalities:                          4950 (        4950)
    gen. nonlinear equalities:                      100 (         100)
    linear one-sided inequalities:                 5752 (        5752)
    quadratic one-sided inequalities:             41200 (       41200)
    gen. nonlinear one-sided inequalities:            0 (           0)
    linear two-sided inequalities:                    0 (           0)
    quadratic two-sided inequalities:                 0 (           0)
    gen. nonlinear two-sided inequalities:            0 (           0)
Number of nonzeros in Jacobian:                  313156 (      313156)
Number of nonzeros in Hessian:                   141453 (      141453)

Knitro parallel multistart will run with 4 threads.

Return codes description
------------------------
  0:  The final solution satisfies the termination conditions for verifying optimality.
  -100 to -199:  A feasible approximate solution was found.
  -200 to -299:  Knitro terminated at an infeasible point.
  -300 to -301:  The problem was determined to be unbounded.
  -400 to -499:  Knitro terminated because it reached a pre-defined limit.
    -400 to -409:  A feasible point was found.
    -410 to -419:  No feasible point was found.
  -500 to -599:  Knitro terminated with an input error or some non-standard error.
A more detailed description of individual return codes and their corresponding
termination messages is provided at
https://www.artelys.com/app/docs/knitro/3_referenceManual/returnCodes.html

 Solve #  ThreadID  Status     Objective      FeasError    OptError    Real Time 
--------  --------  ------  --------------   ----------   ----------  ----------
      0          0       0         4.85186  1.34706e-05  6.27867e-05      5892.33
      3          2    -410     2.68448e+09      550212.      1353.95      15162.3
      2          1    -410     5.76223e+09      153369.      6946.88      15731.3
      4          0    -410     1.53274e+08      1703.24      331.906      12638.8
      5          3    -410     5.09105e+07      98.7400      84.0141      8239.01
      9          3    -410     8.37453e+08  1.19197e+06      2131.57      6327.57
      7          1    -410     4.35279e+08      7.46979      1204.43      7512.76
      1          3    -410     3.70474e+10  5.89888e-03      4846.46      14158.0
      6          2    -410     1.35383e+12      1.29200      23940.1      7604.01
      8          0    -410     7.48404e+08     0.274481      9115.07      6786.44

MULTISTART: Best locally optimal solution is returned.
EXIT: Locally optimal solution found.

Final Statistics
----------------
Final objective value               =   4.85185593938933e+00
Final feasibility error (abs / rel) =   1.35e-05 / 2.32e-06
Final optimality error  (abs / rel) =   6.28e-05 / 7.31e-06
# of iterations                     =      93733 
# of CG iterations                  =          0 
# of function evaluations           =     100396
# of gradient evaluations           =      93911
# of Hessian evaluations            =      93779
Total program time (secs)           =   28726.30273 ( 99060.031 CPU time)

===============================================================================

Knitro 14.2.0: Locally optimal or satisfactory solution.
objective 4.851855939; feasibility error 1.35e-05
93733 iterations; 100396 function evaluations

suffix feaserror OUT;
suffix opterror OUT;
suffix numfcevals OUT;
suffix numiters OUT;
---------------------------- Solver Status Report ----------------------------
solve_result_num = 0
solve_result = solved
solve_message = 'Knitro 14.2.0: Locally optimal or satisfactory solution.\
objective 4.851855939; feasibility error 1.35e-05\
93733 iterations; 100396 function evaluations'


---------------------------- Problem Dimensions ----------------------------
Variables: 51304
Constraints: 52104
---------------------------- Container and geometric considerations  ----------------------------
Container type: cylinder
Structural conservation type: surface
---------------------------- Solution execution data ----------------------------
solve_result_num = 0
solve_result = solved

---------------------------- Solution data ----------------------------
card(figures) = 100

coords [*,*,1]
:          1            2             3             4         :=
1      0.662241      0.523383    -0.218657      0.70633
2      1.11778       0.242082     0.415538      0.945904
3      0.0185381    -0.41364      0.24174      -0.645437
4     -0.358536     -0.186799    -0.705343      0.315539
5      1.04588       0.126744     1.01056       1.09605
6     -0.239288      0.016284    -1.08334      -0.952098
7     -0.436824     -0.0947444   -0.710034     -1.03525
8     -0.539051     -0.88004      0.0312497     0.166526
9     -0.582179      0.0828083    0.197967     -0.0199148
10     0.256578      1.00924      0.589323      0.369414
11     0.244626      0.0840234    1.01046       0.398834
12     0.122924     -0.269604    -0.581319      0.212128
13     0.666222     -0.041064     0.682714     -0.0911122
14    -0.338547      0.809646     0.372078      0.242081
15    -1.12949      -0.797841    -0.0198948    -0.805412
16    -0.24199      -1.0606      -0.558896     -0.00830322
17     0.0803388    -0.747019     0.241738     -0.438844
18     1.07891       0.679116     0.399734      1.11778
19    -0.658227     -0.0726601   -0.464474     -1.04897
20    -0.685254     -1.00982      0.00515858   -0.0130348
21    -1.0509       -0.38895     -1.0465       -1.12956
22    -0.352461     -0.433911     0.244685     -0.203052
23    -0.974745     -0.348358    -1.02292      -0.21422
24     0.0887993     0.682724    -0.438843      0.24174
25    -0.250223      0.187989    -0.444873      0.550988
26     0.383727      0.0977279    0.663812      1.0502
27    -0.0556653     0.662736     0.241741      0.819875
28    -0.399197     -1.04294     -1.12963      -0.813444
29    -0.535194     -0.0190547   -1.10425      -0.931091
30     0.260548     -0.58683     -0.777624     -0.0904777
31    -0.056994     -0.108328    -0.790181     -0.0393836
32    -0.514549     -1.10021     -0.659929     -0.00454458
33     1.1052        0.190231     1.05273       1.1069
34     1.03484       0.0773097    0.45239       0.143272
35    -1.08536      -0.150272    -0.439702     -0.996496
36     0.802533      0.188391     0.28          1.06939
37     0.00712586    0.646278     1.02848       0.209662
38    -0.657931     -0.992673    -0.0545947    -1.09392
39     1.10166       0.781032     0.203257      1.06854
40     0.199442      0.228928     0.0795388    -0.634476
41    -0.143488      0.556145     0.266697      0.910106
42    -0.143856     -0.815968    -0.554617      0.344363
43    -0.816592     -0.0309412   -1.00124      -1.10825
44    -0.830758      0.0235968   -0.290273     -0.640211
45     0.671869     -0.09072      0.170556      0.117057
46    -0.691529     -0.699674     0.116852      0.296964
47    -0.116533     -0.817228     0.106827     -0.0200016
48     1.08024       0.665451     0.68365      -0.012673
49     0.26055      -0.0904768   -0.122687     -0.777624
50     0.675447      1.10522      0.223947      1.10454
51    -0.930518     -0.155807     0.112425      0.0335174
52     0.256221     -0.457826    -0.148832     -0.159984
53     1.10981       0.646492     0.181499      1.04097
54     0.106358      0.754649     0.672275      1.10659
55     0.177183      0.520432     0.426217      1.01035
56     0.186801      0.540268     0.359219     -0.426302
57     0.426217     -0.114299     0.533894      0.177182
58    -0.53413      -0.247812    -1.08334      -0.00542744
59     0.109339      0.460082     0.0987373    -0.354872
60     1.05336       0.661846     0.100457      1.01058
61    -0.112661     -0.0277698    0.67666       0.131301
62    -0.749668     -0.353314    -0.996208     -0.124688
63     0.154386      0.878205    -0.0861854    -0.241949
64    -0.739026     -0.19867     -1.1131       -0.394365
65    -0.204862     -0.475148    -1.044        -1.03525
66    -0.0475096    -0.153257    -0.777088     -0.38696
67    -1.06798      -0.245591    -0.974745     -1.02091
68    -0.253679     -1.06795     -0.474856     -0.447552
69     0.331271      0.121237     0.572736     -0.1682
70    -0.365948      0.0711439    0.10939      -0.881491
71     0.676734      0.75426     -0.101307      0.131136
72     0.319058      0.0447155   -0.699673     -0.0483438
73    -0.0770196     0.889313     0.25728      -0.0686724
74    -1.00505      -0.737312    -0.0292167    -1.10758
75    -0.0418566    -0.10833     -0.790912     -0.839083
76    -0.0556654     0.808558    -0.338546      0.241616
77     0.890019      0.199442     0.263054      0.0332246
78    -0.436741     -0.598815    -0.0717227     0.268417
79    -1.00808      -0.397624    -0.132243     -0.540658
80    -1.06049      -1.03525     -1.02899      -0.297138
81    -0.394366     -0.960856    -1.1131       -0.0560927
82    -1.11922      -0.0727753   -0.998593     -1.09378
83     0.99448       0.587217     0.358858      0.190173
84     1.09598       1.06877      0.16295       1.00977
85    -0.0569952    -0.0401655   -0.109564      0.666209
86     0.10945       1.10141      1.00262       1.12985
87     0.635097      0.0561796    1.12126       1.00469
88     0.0699285    -0.0506836    0.207092      0.728271
89     0.297393      0.039912     0.581545     -0.151193
90    -0.0518012     0.337677     0.711343     -0.359108
91     0.490312      1.11778      0.674572     -0.0301562
92    -0.707333     -0.0507021    0.207076      0.0701526
93     0.402561      1.11778      1.07711       0.939575
94     0.0110383     1.12116      0.658994      0.183438
95    -0.273958     -0.104551     0.473578      0.74519
96    -1.07582      -0.0724806   -1.03525      -0.883119
97     1.07008       0.157324     1.00968       0.564976
98     0.278813     -0.492887     0.661389     -0.120209
99     0.339926      0.127473     1.00997       1.09598
100    1.10141       1.12986      0.693948      0.109453

 [*,*,2]
:          1             2             3             4         :=
1     -0.915198     -0.139816     -0.164047     -0.3922
2      0.167738      0.30469      -0.0597897    -0.618743
3     -0.401473     -0.144731     -1.10415      -0.915977
4     -0.945849      0.183679     -0.242714     -0.425479
5      0.428615      0.0817731     0.506298     -0.276135
6     -0.0643107     0.0528452    -0.322431      0.497308
7     -0.983946      0.123987     -0.172803     -0.453702
8     -0.0243945     0.47325      -0.0675629     0.363384
9     -0.945654     -0.223419     -1.10133       0.0191811
10     1.10079       0.50782       0.964509     -0.0175969
11     1.03782       0.00562808    0.506498     -0.0864874
12     1.1236        1.09768       0.969354      0.188854
13    -0.913086     -0.107375     -0.900822     -1.12662
14    -0.254659     -0.432567     -0.052824      0.304691
15    -0.042787     -0.800642     -0.0596448    -0.718282
16     1.10409       0.390784      0.982453      0.214993
17    -0.439279     -0.848258     -1.10415      -1.04163
18     0.336946      0.830342     -0.0258707     0.16774
19    -0.918866     -0.281198     -1.03046      -0.420999
20     0.89889       0.3852       -0.0243638     0.977393
21     0.416159      0.133318     -0.427104     -0.0408485
22    -0.378258     -0.867728     -0.261367      0.266574
23     0.572232      1.05508       0.480855      0.0337608
24    -0.355719     -0.900814     -1.04163      -1.10415
25     0.325324      1.02257       1.03907       0.98691
26     0.45242       0.0745924     0.91484       0.417913
27    -0.303027     -0.91562      -1.10415      -0.428674
28     0.124114     -0.435694     -0.0389392    -0.784785
29    -0.0263081    -0.0133941    -0.241252      0.479878
30     1.09986       0.966028      0.820293      0.331319
31    -1.12886      -1.1251       -0.808203     -0.0451314
32    -0.0257919    -0.259057     -0.680156     -0.0130316
33    -0.236882      0.10655       0.411511     -0.228784
34     0.454626     -0.0841104     1.01546       0.177905
35     0.31556       0.0710311     1.04127       0.533455
36     0.795939      0.152984      1.09507       0.366047
37    -0.122175     -0.613587      0.431751      0.192131
38     0.919078      0.540535      0.23167       0.284475
39     0.252824     -0.817048     -0.137875     -0.368525
40    -1.11257      -1.10687      -0.240724     -0.935424
41     0.416986      0.984013      1.09746       0.670288
42     0.0889947    -0.78216      -0.0474125    -0.725343
43     0.234688      0.115478      0.524504     -0.222177
44    -0.720866     -0.447007      0.123135     -0.829378
45     0.90894       1.12665       0.360928      0.112552
46     0.894073      0.354717      1.12424       0.28609
47    -1.12428      -0.73885      -0.383385     -0.0654684
48    -0.220471     -0.910469     -0.900112     -0.139406
49     1.09986       0.331319      0.190678      0.820292
50    -0.906283     -0.236773     -0.0992061    -0.23992
51     0.432313      0.892571      0.234158     -0.0731492
52     1.10088       1.03343       1.12046       0.142968
53    -0.214233     -0.61303       0.161674      0.440404
54    -0.00747369   -0.841476     -0.908639     -0.230295
55     0.0364117     1.00336       1.04686       0.506725
56     0.00823179   -0.926681     -1.0717       -0.94252
57     1.04686       1.12451       0.996261      0.0364112
58    -0.912663     -0.095614     -0.322431      0.0454353
59     0.00932017    1.03243       0.242533      1.07028
60     0.40988       0.916263      0.0761199     0.506263
61    -1.11687      -0.0742429    -0.905203     -0.0293966
62     0.845918      1.07366       0.533993      0.122917
63    -0.0641355    -0.182154      0.43632      -0.174984
64    -0.85523       0.110648     -0.196462      0.137324
65     0.0888049    -1.02558      -0.336564     -0.453701
66     1.1293        0.223407      0.820794      1.062
67    -0.370143      0.0466318     0.572232      0.48509
68     0.0650252    -0.370223     -1.02571      -0.883624
69     0.122551      1.12378       0.974449      1.11772
70     1.06942       0.298602      0.00920713    0.441678
71    -0.905323     -0.841826     -1.12168      -0.0291301
72     0.284569      1.0451        0.354717      0.00245197
73     0.299017      0.69764       1.10063       0.397025
74     0.517156      0.796374      0.0788709    -0.225481
75    -0.0839275    -1.1251       -0.807488     -0.757309
76    -0.303027     -0.433873     -0.25466      -1.09931
77    -0.696739     -1.11257      -1.09926      -0.151952
78    -1.04251      -0.958645     -0.288276     -1.09797
79     0.511231      0.32339      -0.0287292     0.992606
80    -0.391083     -0.453701      0.467718      0.0843743
81     0.137325      0.595261     -0.196461      0.158533
82    -0.15786       0.219467      0.529518      0.284986
83    -0.537203     -0.96579      -1.07182       0.00493537
84    -0.276427      0.367853     -0.112509      0.507887
85    -1.12886      -0.103692     -1.12498      -0.913096
86     0.0626599     0.253902     -0.521852      0.0314846
87    -0.934997      0.0210179    -0.142647     -0.517866
88     1.12813       1.12339       0.262369      0.864407
89     0.073747      0.00533638    0.969218      1.08116
90     0.0659851    -0.108012     -0.73822      -0.969817
91    -0.0244003     0.167739      0.906935      0.347266
92     0.881623      1.12348       0.262415      1.12812
93    -0.0201288     0.167739      0.342658     -0.628314
94     0.181043     -0.143434     -0.542919     -0.818219
95     0.325661     -0.274275      0.52437       0.152956
96     0.346688      0.153725     -0.453701     -0.246818
97     0.364016     -0.0419166     0.508058      0.978969
98    -0.208351     -1.01717      -0.916593     -1.12389
99    -0.143601      0.0821235     0.506013     -0.276428
100    0.2539        0.0314849     0.708509      0.0626995

 [*,*,3]
:          1             2             3            4         :=
1      1.05985        0.704586     1.1588        1.82389
2      1.89391        1.89391      0.996652      1.85027
3      1.05306        1.89391      1.89391       1.85582
4     -0.657584      -0.86612     -1.5151       -1.02917
5      0.706939       0.402976    -0.220433     -0.0458129
6     -1.14816       -1.90378     -1.90378      -1.87376
7     -0.766823      -0.692898    -1.55257      -0.870419
8     -0.503683       0.0311788    0.507699     -0.461395
9     -1.76324       -1.14181     -1.89415      -1.90378
10    -0.340468      -0.219765    -1.12038      -0.548918
11    -0.308905       0.199816    -0.219744     -0.55823
12    -0.000853339   -1.09413     -0.361757     -0.553778
13     0.205815       0.602635     1.01178       1.02624
14     1.89391        1.89391      0.997101      1.89392
15     0.750825       0.778081     0.523059     -0.0238958
16    -1.15155       -0.936412    -0.420267     -0.476222
17     1.08704        1.79288      1.89391       0.954287
18     0.784797       1.7578       1.02373       1.89391
19    -1.90378       -1.31648     -0.763601     -1.40433
20    -1.4508        -0.916162    -1.30612      -0.991788
21     1.82152        1.03778      1.81467       0.756174
22     0.285534      -0.765075    -0.251474     -0.664766
23    -1.90378       -1.74727     -0.995451     -1.20977
24     1.02295        1.01178      0.954288      1.89391
25     0.964162       1.78381      1.2846        0.688325
26     1.41089        0.350014     0.382432      0.920033
27     1.1405         1.05979      1.89391       1.89391
28     1.05108        1.83988      0.751275      0.774209
29    -0.500757       0.540124     0.332051      0.0158417
30     1.89391        1.12427      1.89391       1.09634
31     0.993666       0.168444     0.895611      0.575078
32    -0.459125       0.51688     -0.0111597     0.569383
33     1.16384        0.535434     0.687565      0.0019713
34    -1.83594       -1.90378     -1.88778      -1.14418
35     1.49979        0.854947     0.86981       0.583266
36    -1.90378       -1.15582     -1.16212      -1.03365
37    -1.90378       -1.90377     -1.90378      -1.1895
38    -0.499068       0.129146    -0.482908     -0.99965
39    -0.826727      -0.54978     -0.662305      0.0780285
40    -1.90378       -0.996257    -1.15666      -1.75464
41     0.937623       0.665853     1.78538       1.35688
42     0.509323       0.882625     1.18952       0.902738
43     1.352          0.504333     0.622677      0.32428
44     0.908343       1.02033      1.49617       1.89392
45     0.782493       0.278933     1.11284       0.143782
46    -0.450319       0.148871    -0.00272322   -0.393422
47     0.165936       0.0636014   -0.353046      0.57447
48     0.208871       0.251912     1.05787       0.594827
49     1.89391        1.09634      1.89391       1.89391
50     1.06754        1.19812      0.453525      0.217934
51    -0.922178      -0.980956    -0.449946     -1.32856
52     0.920555       1.28878      0.176405      0.615513
53    -1.37814       -1.90378     -1.17329      -1.90378
54    -0.111328      -0.595226     0.253392      0.218466
55     0.166661       0.571114    -0.350035     -0.219485
56    -0.876617      -1.2563      -0.484164     -0.611713
57    -0.350035       0.243104     0.705056      0.166659
58    -1.90378       -1.12889     -1.90378      -1.90378
59    -1.90378       -1.90378     -1.13209      -1.80964
60     0.926339       0.380228     0.351384     -0.220009
61     0.152299       0.612932     0.208848     -0.176173
62    -0.160082       0.90811      0.58345       0.500728
63     0.174216       0.952235     0.758742      1.26078
64     1.54023        1.89391      1.89391       1.0442
65    -0.713345      -0.774245    -0.0315055    -0.870419
66    -0.0927147      0.534306    -0.242845      0.824685
67    -1.87461       -1.16752     -1.90378      -1.08953
68    -0.623664      -0.0205188   -0.774556      0.0185803
69    -0.466022      -0.0215514   -1.08167      -0.797952
70    -1.90378       -1.15225     -1.90378      -1.80188
71     0.2089        -0.591074     0.143559     -0.176291
72    -0.405444       0.0190767    0.148871      0.523285
73     1.89391        1.38666      1.78802       0.922752
74     0.61962       -0.087737     0.490009      0.323009
75     0.560466       0.168444     0.896552      0.0495976
76     1.1405         1.89299      1.89391       1.89354
77    -1.8899        -1.90378     -0.99833      -1.63061
78    -0.575273      -1.72275     -1.28681      -0.962156
79     1.40192        1.89391      0.862143      0.954931
80    -1.89033       -0.870421    -1.10836      -1.15464
81     1.0442         1.89391      1.89391       1.89391
82    -0.324205      -0.546138     0.0794786    -0.99744
83    -0.622618      -1.38549     -0.482779     -0.885443
84    -0.0456903     -1.01221     -0.71844      -0.220434
85     0.993635       0.600401     0.148536      0.205831
86    -1.04678       -0.827171    -0.587868     -1.60159
87    -1.31336       -0.995724    -1.2998       -0.595802
88    -0.874803      -1.90378     -1.16744      -1.79515
89    -0.419162      -1.1801      -1.10218      -0.78506
90    -0.917627      -0.233497    -0.569969     -0.582469
91     1.12188        1.89391      1.7917        1.89392
92    -1.47234       -1.90378     -1.1675       -0.872922
93     0.997722       1.89391      0.745982      1.36912
94    -1.18884       -1.29992     -1.82605      -1.17608
95     0.894345       1.40562      1.62303       0.73823
96    -1.0863        -0.835862    -0.870421     -0.106184
97    -1.03309       -0.786018    -0.219435     -1.16233
98    -0.276175      -0.592855    -0.506079      0.159318
99    -0.590831       0.40246     -0.220016     -0.0456884
100   -0.82718       -1.6016      -1.81577      -1.04681
;

radius = 1.1303
height = 3.79769
softness = 0.35

---------------------------- Solution coords data ----------------------------
distances [*,1,*]
:     1   2   3   4    :=
1     0   1   0   1
2     0   1   0   1
3     0   1   0   1
4     0   1   0   1
5     0   1   0   1
6     0   1   0   1
7     0   1   0   1
8     0   1   0   1
9     0   1   0   1
10    0   1   0   1
11    0   1   0   1
12    0   1   0   1
13    0   1   0   1
14    0   1   0   1
15    0   1   0   1
16    0   1   0   1
17    0   1   0   1
18    0   1   0   1
19    0   1   0   1
20    0   1   0   1
21    0   1   0   1
22    0   1   0   1
23    0   1   0   1
24    0   1   0   1
25    0   1   0   1
26    0   1   0   1
27    0   1   0   1
28    0   1   0   1
29    0   1   0   1
30    0   1   0   1
31    0   1   0   1
32    0   1   0   1
33    0   1   0   1
34    0   1   0   1
35    0   1   0   1
36    0   1   0   1
37    0   1   0   1
38    0   1   0   1
39    0   1   0   1
40    0   1   0   1
41    0   1   0   1
42    0   1   0   1
43    0   1   0   1
44    0   1   0   1
45    0   1   0   1
46    0   1   0   1
47    0   1   0   1
48    0   1   0   1
49    0   1   0   1
50    0   1   0   1
51    0   1   0   1
52    0   1   0   1
53    0   1   0   1
54    0   1   0   1
55    0   1   0   1
56    0   1   0   1
57    0   1   0   1
58    0   1   0   1
59    0   1   0   1
60    0   1   0   1
61    0   1   0   1
62    0   1   0   1
63    0   1   0   1
64    0   1   0   1
65    0   1   0   1
66    0   1   0   1
67    0   1   0   1
68    0   1   0   1
69    0   1   0   1
70    0   1   0   1
71    0   1   0   1
72    0   1   0   1
73    0   1   0   1
74    0   1   0   1
75    0   1   0   1
76    0   1   0   1
77    0   1   0   1
78    0   1   0   1
79    0   1   0   1
80    0   1   0   1
81    0   1   0   1
82    0   1   0   1
83    0   1   0   1
84    0   1   0   1
85    0   1   0   1
86    0   1   0   1
87    0   1   0   1
88    0   1   0   1
89    0   1   0   1
90    0   1   0   1
91    0   1   0   1
92    0   1   0   1
93    0   1   0   1
94    0   1   0   1
95    0   1   0   1
96    0   1   0   1
97    0   1   0   1
98    0   1   0   1
99    0   1   0   1
100   0   1   0   1

 [*,2,*]
:     1   2   3   4    :=
1     0   0   1   1
2     0   0   1   1
3     0   0   1   1
4     0   0   1   1
5     0   0   1   1
6     0   0   1   1
7     0   0   1   1
8     0   0   1   1
9     0   0   1   1
10    0   0   1   1
11    0   0   1   1
12    0   0   1   1
13    0   0   1   1
14    0   0   1   1
15    0   0   1   1
16    0   0   1   1
17    0   0   1   1
18    0   0   1   1
19    0   0   1   1
20    0   0   1   1
21    0   0   1   1
22    0   0   1   1
23    0   0   1   1
24    0   0   1   1
25    0   0   1   1
26    0   0   1   1
27    0   0   1   1
28    0   0   1   1
29    0   0   1   1
30    0   0   1   1
31    0   0   1   1
32    0   0   1   1
33    0   0   1   1
34    0   0   1   1
35    0   0   1   1
36    0   0   1   1
37    0   0   1   1
38    0   0   1   1
39    0   0   1   1
40    0   0   1   1
41    0   0   1   1
42    0   0   1   1
43    0   0   1   1
44    0   0   1   1
45    0   0   1   1
46    0   0   1   1
47    0   0   1   1
48    0   0   1   1
49    0   0   1   1
50    0   0   1   1
51    0   0   1   1
52    0   0   1   1
53    0   0   1   1
54    0   0   1   1
55    0   0   1   1
56    0   0   1   1
57    0   0   1   1
58    0   0   1   1
59    0   0   1   1
60    0   0   1   1
61    0   0   1   1
62    0   0   1   1
63    0   0   1   1
64    0   0   1   1
65    0   0   1   1
66    0   0   1   1
67    0   0   1   1
68    0   0   1   1
69    0   0   1   1
70    0   0   1   1
71    0   0   1   1
72    0   0   1   1
73    0   0   1   1
74    0   0   1   1
75    0   0   1   1
76    0   0   1   1
77    0   0   1   1
78    0   0   1   1
79    0   0   1   1
80    0   0   1   1
81    0   0   1   1
82    0   0   1   1
83    0   0   1   1
84    0   0   1   1
85    0   0   1   1
86    0   0   1   1
87    0   0   1   1
88    0   0   1   1
89    0   0   1   1
90    0   0   1   1
91    0   0   1   1
92    0   0   1   1
93    0   0   1   1
94    0   0   1   1
95    0   0   1   1
96    0   0   1   1
97    0   0   1   1
98    0   0   1   1
99    0   0   1   1
100   0   0   1   1

 [*,3,*]
:     1   2   3   4    :=
1     1   0   0   1
2     1   0   0   1
3     1   0   0   1
4     1   0   0   1
5     1   0   0   1
6     1   0   0   1
7     1   0   0   1
8     1   0   0   1
9     1   0   0   1
10    1   0   0   1
11    1   0   0   1
12    1   0   0   1
13    1   0   0   1
14    1   0   0   1
15    1   0   0   1
16    1   0   0   1
17    1   0   0   1
18    1   0   0   1
19    1   0   0   1
20    1   0   0   1
21    1   0   0   1
22    1   0   0   1
23    1   0   0   1
24    1   0   0   1
25    1   0   0   1
26    1   0   0   1
27    1   0   0   1
28    1   0   0   1
29    1   0   0   1
30    1   0   0   1
31    1   0   0   1
32    1   0   0   1
33    1   0   0   1
34    1   0   0   1
35    1   0   0   1
36    1   0   0   1
37    1   0   0   1
38    1   0   0   1
39    1   0   0   1
40    1   0   0   1
41    1   0   0   1
42    1   0   0   1
43    1   0   0   1
44    1   0   0   1
45    1   0   0   1
46    1   0   0   1
47    1   0   0   1
48    1   0   0   1
49    1   0   0   1
50    1   0   0   1
51    1   0   0   1
52    1   0   0   1
53    1   0   0   1
54    1   0   0   1
55    1   0   0   1
56    1   0   0   1
57    1   0   0   1
58    1   0   0   1
59    1   0   0   1
60    1   0   0   1
61    1   0   0   1
62    1   0   0   1
63    1   0   0   1
64    1   0   0   1
65    1   0   0   1
66    1   0   0   1
67    1   0   0   1
68    1   0   0   1
69    1   0   0   1
70    1   0   0   1
71    1   0   0   1
72    1   0   0   1
73    1   0   0   1
74    1   0   0   1
75    1   0   0   1
76    1   0   0   1
77    1   0   0   1
78    1   0   0   1
79    1   0   0   1
80    1   0   0   1
81    1   0   0   1
82    1   0   0   1
83    1   0   0   1
84    1   0   0   1
85    1   0   0   1
86    1   0   0   1
87    1   0   0   1
88    1   0   0   1
89    1   0   0   1
90    1   0   0   1
91    1   0   0   1
92    1   0   0   1
93    1   0   0   1
94    1   0   0   1
95    1   0   0   1
96    1   0   0   1
97    1   0   0   1
98    1   0   0   1
99    1   0   0   1
100   1   0   0   1

 [*,4,*]
:     1   2   3   4    :=
1     1   1   1   0
2     1   1   1   0
3     1   1   1   0
4     1   1   1   0
5     1   1   1   0
6     1   1   1   0
7     1   1   1   0
8     1   1   1   0
9     1   1   1   0
10    1   1   1   0
11    1   1   1   0
12    1   1   1   0
13    1   1   1   0
14    1   1   1   0
15    1   1   1   0
16    1   1   1   0
17    1   1   1   0
18    1   1   1   0
19    1   1   1   0
20    1   1   1   0
21    1   1   1   0
22    1   1   1   0
23    1   1   1   0
24    1   1   1   0
25    1   1   1   0
26    1   1   1   0
27    1   1   1   0
28    1   1   1   0
29    1   1   1   0
30    1   1   1   0
31    1   1   1   0
32    1   1   1   0
33    1   1   1   0
34    1   1   1   0
35    1   1   1   0
36    1   1   1   0
37    1   1   1   0
38    1   1   1   0
39    1   1   1   0
40    1   1   1   0
41    1   1   1   0
42    1   1   1   0
43    1   1   1   0
44    1   1   1   0
45    1   1   1   0
46    1   1   1   0
47    1   1   1   0
48    1   1   1   0
49    1   1   1   0
50    1   1   1   0
51    1   1   1   0
52    1   1   1   0
53    1   1   1   0
54    1   1   1   0
55    1   1   1   0
56    1   1   1   0
57    1   1   1   0
58    1   1   1   0
59    1   1   1   0
60    1   1   1   0
61    1   1   1   0
62    1   1   1   0
63    1   1   1   0
64    1   1   1   0
65    1   1   1   0
66    1   1   1   0
67    1   1   1   0
68    1   1   1   0
69    1   1   1   0
70    1   1   1   0
71    1   1   1   0
72    1   1   1   0
73    1   1   1   0
74    1   1   1   0
75    1   1   1   0
76    1   1   1   0
77    1   1   1   0
78    1   1   1   0
79    1   1   1   0
80    1   1   1   0
81    1   1   1   0
82    1   1   1   0
83    1   1   1   0
84    1   1   1   0
85    1   1   1   0
86    1   1   1   0
87    1   1   1   0
88    1   1   1   0
89    1   1   1   0
90    1   1   1   0
91    1   1   1   0
92    1   1   1   0
93    1   1   1   0
94    1   1   1   0
95    1   1   1   0
96    1   1   1   0
97    1   1   1   0
98    1   1   1   0
99    1   1   1   0
100   1   1   1   0
;

---------------------------- Solution stats data ----------------------------
_ampl_time = 0.392037
_total_solve_time = 99061.1
_ampl_elapsed_time = 0.389007
_ampl_user_time = 0.327822

Total time elapsed: $99061.08.
_total_solve_time = 99061.1

---------------------------- Solution miscs data ----------------------------
tetrahedron_volume [*] :=
  1 0    11 0    21 0    31 0    41 0    51 0    61 0    71 0    81 0    91 0
  2 0    12 0    22 0    32 0    42 0    52 0    62 0    72 0    82 0    92 0
  3 0    13 0    23 0    33 0    43 0    53 0    63 0    73 0    83 0    93 0
  4 0    14 0    24 0    34 0    44 0    54 0    64 0    74 0    84 0    94 0
  5 0    15 0    25 0    35 0    45 0    55 0    65 0    75 0    85 0    95 0
  6 0    16 0    26 0    36 0    46 0    56 0    66 0    76 0    86 0    96 0
  7 0    17 0    27 0    37 0    47 0    57 0    67 0    77 0    87 0    97 0
  8 0    18 0    28 0    38 0    48 0    58 0    68 0    78 0    88 0    98 0
  9 0    19 0    29 0    39 0    49 0    59 0    69 0    79 0    89 0    99 0
 10 0    20 0    30 0    40 0    50 0    60 0    70 0    80 0    90 0   100 0
;

---------------------------- Solution miscs data ----------------------------
tetrahedron_surface_area [*] :=
  1 1.73205    21 1.73205    41 1.73205    61 1.73205    81 1.73205
  2 1.73205    22 1.73205    42 1.73205    62 1.73205    82 1.73205
  3 1.73205    23 1.73205    43 1.73205    63 1.73205    83 1.73205
  4 1.73205    24 1.73205    44 1.73205    64 1.73205    84 1.73205
  5 1.73205    25 1.73205    45 1.73205    65 1.73205    85 1.73205
  6 1.73205    26 1.73205    46 1.73205    66 1.73205    86 1.73205
  7 1.73205    27 1.73205    47 1.73205    67 1.73205    87 1.73205
  8 1.73205    28 1.73205    48 1.73205    68 1.73205    88 1.73205
  9 1.73205    29 1.73205    49 1.73205    69 1.73205    89 1.73205
 10 1.73205    30 1.73205    50 1.73205    70 1.73205    90 1.73205
 11 1.73205    31 1.73205    51 1.73205    71 1.73205    91 1.73205
 12 1.73205    32 1.73205    52 1.73205    72 1.73205    92 1.73205
 13 1.73205    33 1.73205    53 1.73205    73 1.73205    93 1.73205
 14 1.73205    34 1.73205    54 1.73205    74 1.73205    94 1.73205
 15 1.73205    35 1.73205    55 1.73205    75 1.73205    95 1.73205
 16 1.73205    36 1.73205    56 1.73205    76 1.73205    96 1.73205
 17 1.73205    37 1.73205    57 1.73205    77 1.73205    97 1.73205
 18 1.73205    38 1.73205    58 1.73205    78 1.73205    98 1.73205
 19 1.73205    39 1.73205    59 1.73205    79 1.73205    99 1.73205
 20 1.73205    40 1.73205    60 1.73205    80 1.73205   100 1.73205
;

