Error at _cmdno 5 executing "solve" command
(file amplin, line 1945, offset 37257):
error processing param distances:
	3680 invalid subscripts discarded:
	distances[71,1,1]
	distances[71,1,2]
	distances[71,1,3]
	and 3677 more.
##### This license is only intended for use by NEOS. #####
##### License is valid until Jan 16, 2026 #####
ariables.
Adjusted problem:
12916 variables:
	8086 nonlinear variables
	4830 linear variables
25340 constraints; 154315 nonzeros
	22925 nonlinear constraints
	2415 linear constraints
	2485 equality constraints
	22855 inequality constraints
1 linear objective; 1 nonzero.

Artelys Knitro 14.2.0: threads=4
algorithm=1
ms_enable=1
ms_maxsolves=10
feastol=1e-5
opttol=1e-5
honorbnds=1
bar_initpt=3
bar_murule=4
scale=1
outlev=2
maxtime_real=3600
WARNING:  Option 'threads' is deprecated, please use 'numthreads'.

=======================================
           Academic License
       (NOT FOR COMMERCIAL USE)
         Artelys Knitro 14.2.0
=======================================

No start point provided -- Knitro computing one.

Knitro presolve eliminated 0 variables and 0 constraints.

algorithm                1
bar_initpt               3
bar_murule               4
concurrent_evals         0
datacheck                0
feastol                  1e-05
findiff_numthreads       1
hessian_no_f             1
hessopt                  1
honorbnds                1
maxtime_real             3600
ms_enable                1
ms_maxsolves             10
numthreads               4
opttol                   1e-05

Problem Characteristics                                 (   Presolved)
-----------------------
Objective goal:  Minimize
Objective type:  linear
Number of variables:                              12916 (       12916)
    bounded below only:                             841 (         841)
    bounded above only:                               0 (           0)
    bounded below and above:                          0 (           0)
    fixed:                                            0 (           0)
    free:                                         12075 (       12075)
Number of constraints:                            25340 (       25340)
    linear equalities:                                0 (           0)
    quadratic equalities:                          2415 (        2415)
    gen. nonlinear equalities:                       70 (          70)
    linear one-sided inequalities:                 2415 (        2415)
    quadratic one-sided inequalities:             20440 (       20440)
    gen. nonlinear one-sided inequalities:            0 (           0)
    linear two-sided inequalities:                    0 (           0)
    quadratic two-sided inequalities:                 0 (           0)
    gen. nonlinear two-sided inequalities:            0 (           0)
Number of nonzeros in Jacobian:                  154315 (      154315)
Number of nonzeros in Hessian:                    70666 (       70666)

Knitro parallel multistart will run with 4 threads.

Return codes description
------------------------
  0:  The final solution satisfies the termination conditions for verifying optimality.
  -100 to -199:  A feasible approximate solution was found.
  -200 to -299:  Knitro terminated at an infeasible point.
  -300 to -301:  The problem was determined to be unbounded.
  -400 to -499:  Knitro terminated because it reached a pre-defined limit.
    -400 to -409:  A feasible point was found.
    -410 to -419:  No feasible point was found.
  -500 to -599:  Knitro terminated with an input error or some non-standard error.
A more detailed description of individual return codes and their corresponding
termination messages is provided at
https://www.artelys.com/app/docs/knitro/3_referenceManual/returnCodes.html

 Solve #  ThreadID  Status     Objective      FeasError    OptError    Real Time 
--------  --------  ------  --------------   ----------   ----------  ----------
      1          2    -202         1670.46      51058.0      1.00000      367.922
      0          0       0         1.29491  6.96655e-04  9.85665e-06      802.545
      2          3    -202         2138.68      58307.5      5.87312      840.761
      9          2    -410         771.400      105.732     0.998891      4718.71
      4          2    -410         2035.07      23.1340      1.00000      5379.12
      5          0    -410         1.35135     0.113168  6.72204e-03      4605.77
      6          3    -410         3779.11     0.180070     0.488279      5446.81
      8          0    -410         6084.39  6.93642e-02     0.999989      4869.55
      7          1    -410         1642.24  5.91114e-03     0.157646      5110.45
      3          1    -410         21436.0      2.12966     0.999981      5099.81

MULTISTART: Best locally optimal solution is returned.
EXIT: Locally optimal solution found.

Final Statistics
----------------
Final objective value               =   1.29490609380449e+00
Final feasibility error (abs / rel) =   6.97e-04 / 6.50e-07
Final optimality error  (abs / rel) =   9.86e-06 / 9.86e-06
# of iterations                     =      75758 
# of CG iterations                  =          0 
# of function evaluations           =      91228
# of gradient evaluations           =      76066
# of Hessian evaluations            =      75810
Total program time (secs)           =   10467.30957 ( 33382.609 CPU time)

===============================================================================

Knitro 14.2.0: Locally optimal or satisfactory solution.
objective 1.294906094; feasibility error 0.000697
75758 iterations; 91228 function evaluations

suffix feaserror OUT;
suffix opterror OUT;
suffix numfcevals OUT;
suffix numiters OUT;
---------------------------- Container and geometric considerations  ----------------------------
Container type: sphere
Structural conservation type: surface
---------------------------- Solution execution data ----------------------------
solve_result_num = 0
solve_result = solved

---------------------------- Solution data ----------------------------
card(figures) = 70

coords [*,*,1]
:       1         2         3         4       :=
1    19.2435   19.6852   18.777    19.9698
2    20.5535   21.0796   20.4422   21.1152
3    19.3022   20.0281   19.0369   18.893
4    20.0233   20.4937   19.3162   20.3303
5    19.4766   19.7012   18.7412   18.8495
6    20.7827   20.3408   20.2015   20.9595
7    19.6001   20.3514   19.8337   20.1143
8    19.8404   20.372    20.2806   20.6082
9    20.3202   20.1408   19.8752   19.1291
10   19.9727   20.3306   20.9499   20.226
11   18.8712   19.9619   19.6933   19.33
12   19.5873   19.8742   19.9992   18.8664
13   19.9769   18.7506   19.1457   19.6359
14   21.2353   21.1544   20.1474   20.7775
15   19.4505   18.7586   19.399    19.4572
16   20.2297   20.5831   20.4321   20.4433
17   19.468    18.8712   19.9617   19.6935
18   19.3246   19.9086   19.903    20.5302
19   21.2114   20.2164   20.8229   20.9059
20   19.3611   19.608    20.1172   20.295
21   19.4229   20.1389   19.54     19.3764
22   20.2229   19.7278   19.6413   20.8001
23   19.9962   20.3004   19.7335   20.6487
24   21.2092   20.151    20.7558   21.0759
25   20.1369   19.1577   19.5916   19.4459
26   19.7752   20.038    19.1052   19.0177
27   19.4117   20.1074   19.7015   20.6453
28   20.9886   20.5664   20.0599   20.7074
29   19.8755   19.7543   20.3202   19.1291
30   20.9888   20.5669   20.4371   20.0602
31   20.3437   19.8654   20.2186   20.1555
32   18.7629   19.9444   19.1911   19.3876
33   20.6234   20.5573   21.1879   21.1628
34   20.5245   19.8918   19.8582   20.2596
35   19.0419   19.7226   18.7344   18.7994
36   21.2096   20.234    20.4351   20.642
37   20.4539   20.3755   20.6057   19.9384
38   18.9444   19.8759   19.3456   18.7427
39   20.1632   19.4387   19.0203   19.9978
40   20.1676   20.0079   19.9179   20.6687
41   18.7751   19.9757   19.6254   19.1596
42   19.7546   20.2658   19.9819   19.0321
43   19.4946   19.0699   19.7245   18.7236
44   20.7602   19.8036   19.8115   20.469
45   19.9179   20.6687   20.166    20.2891
46   19.7029   20.7454   20.4154   20.189
47   20.056    19.8701   19.1787   20.1867
48   20.0774   20.518    21.0095   20.0019
49   20.3404   20.9649   20.3331   20.4794
50   19.9696   19.0426   19.6416   18.7476
51   20.961    20.6459   20.5803   20.0403
52   20.2645   19.9636   20.1074   19.25
53   19.8599   20.2739   19.0565   20.1164
54   20.4084   20.7146   20.9694   21.0811
55   19.0131   20.0097   20.1548   19.6295
56   18.9969   20.0177   19.8084   20.2113
57   19.5404   18.8325   19.3872   18.8848
58   20.3802   19.5841   19.7452   19.3669
59   19.6927   20.3468   20.0459   19.543
60   20.0252   19.9765   20.7934   20.4009
61   19.8284   19.068    19.7755   19.6906
62   18.8608   19.8416   19.4466   19.917
63   21.229    20.4075   20.74     20.1414
64   19.7612   19.5791   20.2781   19.2648
65   20.4106   20.4406   20.8809   20.5454
66   19.5421   19.446    20.0908   20.2192
67   20.368    20.1763   20.2218   20.4361
68   20.9882   20.3356   21.2471   21.2088
69   20.1003   19.9313   19.148    19.8526
70   19.0272   19.9314   19.402    18.7391

 [*,*,2]
:       1         2         3         4       :=
1    19.7987   20.2004   19.9078   20.1244
2    20.5594   20.3872   21.2143   20.2754
3    18.9471   19.6874   19.4065   20.1422
4    19.7165   20.8359   20.7581   20.1733
5    19.0998   20.1817   20.1259   19.419
6    19.2572   18.8287   18.9961   19.7861
7    19.0134   19.7662   20.0596   19.2301
8    20.1147   21.0748   20.5103   20.8013
9    20.6263   20.6766   20.2127   20.2305
10   18.9723   18.813    19.7737   19.042
11   19.3815   18.9099   20.1417   18.9337
12   19.1341   20.1831   19.699    20.1668
13   20.0253   20.3335   20.9643   21.2315
14   20.2821   20.2054   19.652    20.5512
15   19.0559   19.6425   20.311    19.7152
16   20.4283   20.917    19.7619   19.8643
17   19.0585   19.3815   18.9094   20.1413
18   20.6531   19.6254   20.8898   20.7245
19   20.2901   19.5095   20.3915   20.2699
20   19.0341   20.2709   19.2581   19.5967
21   19.7302   20.6465   19.9248   20.9926
22   20.833    20.7221   21.2291   21.0011
23   19.1199   19.738    18.7669   19.368
24   20.0647   19.3762   20.2656   20.0502
25   19.7895   19.1235   20.0977   19.4398
26   20.2115   19.6494   19.3364   20.3949
27   19.4656   20.5181   20.1525   19.3732
28   20.1012   19.2223   19.3166   19.9109
29   20.2126   20.1948   20.6263   20.2305
30   20.1011   19.2223   18.9871   19.3165
31   20.0852   19.9021   20.4207   19.1763
32   19.9155   20.1166   19.2972   19.7909
33   19.3558   18.9271   19.6402   20.0308
34   19.1551   18.7218   18.7944   19.7809
35   19.2075   20.1644   20.0339   20.4366
36   20.0828   19.3619   20.1856   19.4338
37   20.3589   20.7066   20.5576   19.5619
38   19.9612   20.6839   20.422    20.3017
39   20.8765   20.4579   20.8335   20.8795
40   19.7563   19.8705   20.1852   20.8553
41   19.9074   20.1292   20.1857   20.2595
42   21.2509   20.9253   20.8783   20.8324
43   19.0583   19.2062   20.1837   19.7855
44   19.4616   18.7897   19.2493   19.4212
45   20.1852   20.8553   19.7504   20.5179
46   20.1728   20.7565   21.215    21.0159
47   20.5191   20.6366   20.2487   21.0023
48   19.2364   20.1079   20.0118   19.7502
49   19.9996   20.5785   19.679    20.633
50   19.9977   20.7835   21.2121   20.3226
51   20.5789   20.6143   20.5461   19.7177
52   19.9445   18.9133   19.5566   19.2118
53   19.7844   20.7766   20.7037   20.0395
54   20.0194   19.0843   20.0106   20.2925
55   20.7352   20.3893   20.9092   21.2292
56   20.7184   20.399    19.8029   20.7997
57   19.8079   20.4337   20.909    19.8509
58   19.8026   19.183    19.8579   19.0673
59   18.7476   19.7886   19.1939   18.9988
60   19.9938   20.7893   20.9986   20.8824
61   19.3127   19.106    18.8858   20.1394
62   19.6286   19.5548   20.6829   20.1444
63   20.2713   20.1818   20.5999   19.6948
64   18.756    19.1797   19.7285   18.9932
65   19.599    19.8444   20.3511   20.6262
66   20.091    19.4333   19.7921   20.4189
67   20.1132   19.226    20.4461   19.7494
68   19.433    19.508    20.1765   20.0609
69   19.6108   20.1255   19.2204   20.2108
70   20.8479   20.7057   20.4397   20.2948

 [*,*,3]
:       1         2         3         4       :=
1    18.9685   18.76     19.5904   19.9516
2    19.4638   20.6012   19.9177   19.4024
3    19.7147   20.1042   19.3704   19.7807
4    20.5025   20.857    20.4917   20.9709
5    19.8038   20.4164   19.7237   19.8751
6    20.7158   19.6107   20.7928   20.1591
7    19.2628   19.8334   18.7172   18.9651
8    20.011    19.382    18.8931   20.0796
9    18.9128   19.6842   20.0223   19.0699
10   20.1982   19.6018   20.1437   20.8414
11   19.8585   20.2919   20.3941   20.3014
12   19.9011   20.5471   20.0959   19.7828
13   20.0347   20.0667   19.8691   20.1663
14   20.2668   19.5986   20.1275   20.7555
15   20.6954   20.0887   20.5468   21.1406
16   18.8712   19.2958   18.8027   19.983
17   19.7804   19.8585   20.2917   20.3941
18   20.521    20.9714   20.9357   20.897
19   19.6684   19.6973   20.3713   19.1149
20   20.3091   20.4055   20.318    20.9503
21   20.6156   21.1133   21.2081   20.5502
22   20.966    19.8074   20.1934   20.1855
23   19.0501   20.111    19.7079   19.0745
24   20.4308   20.3516   21.0173   19.8127
25   19.9725   19.5538   18.8736   18.9724
26   19.9606   20.0833   19.3399   20.0267
27   21.0223   20.9322   21.2508   20.9315
28   19.9401   19.1344   20.2896   19.3799
29   20.0207   18.7617   18.9128   19.0699
30   19.9396   19.1336   19.7062   20.2888
31   19.8724   18.7158   18.795    19.013
32   19.6267   19.9314   19.3304   18.8784
33   19.6106   20.4638   19.6309   20.5344
34   19.1706   20.1766   19.5492   20.2317
35   20.0368   20.507    19.7282   20.2116
36   20.4547   20.2667   21.2054   20.9716
37   21.1584   20.636    19.9185   20.3224
38   19.4189   19.8772   18.9654   20.0709
39   19.9525   19.0039   19.851    19.0496
40   19.9262   20.5274   19.3211   20.0875
41   19.5902   19.921    18.7745   19.9482
42   20.2273   20.0468   19.0487   19.7833
43   20.7311   20.0473   20.5119   20.0405
44   20.8995   20.4164   21.0381   19.9712
45   19.3211   20.0875   19.927    18.929
46   19.9104   20.3255   19.8325   19.2196
47   18.815    20.0603   19.0746   19.2016
48   20.2282   21.0322   19.8706   20.5892
49   20.4451   20.5259   19.9      19.3591
50   20.0316   20.3825   20.1642   20.0655
51   20.5167   19.7593   21.0207   20.4144
52   19.6275   20.2954   20.3074   19.4438
53   20.0733   20.7397   20.404    20.5921
54   18.7713   19.4276   19.905    19.3499
55   20.3931   20.0244   20.909    20.1689
56   20.3932   20.0418   20.0714   20.7378
57   21.1953   20.3544   20.5919   20.1144
58   19.8486   19.0855   18.7561   19.6681
59   20.1172   19.8923   18.9876   19.3177
60   20.2408   19.7589   20.2237   20.8588
61   21.084    20.0945   20.6204   20.4744
62   20.1721   20.9674   20.5533   20.6393
63   20.258    21.2156   20.8771   20.2272
64   20.2686   19.0908   19.8304   19.65
65   18.8392   19.9953   19.741    19.0065
66   18.7922   18.976    19.892    18.8008
67   20.0163   19.1353   18.8048   18.8067
68   19.3846   20.2671   19.6996   20.4602
69   20.153    19.8266   19.4176   19.0673
70   19.8932   19.9057   18.9389   20.0034
;

radius = 1.29491
softness = 0.6

---------------------------- Solution coords data ----------------------------
distances [*,1,*]
:    1   2   3   4    :=
1    0   1   0   1
2    0   1   0   1
3    0   1   0   1
4    0   1   0   1
5    0   1   0   1
6    0   1   0   1
7    0   1   0   1
8    0   1   0   1
9    0   1   0   1
10   0   1   0   1
11   0   1   0   1
12   0   1   0   1
13   0   1   0   1
14   0   1   0   1
15   0   1   0   1
16   0   1   0   1
17   0   1   0   1
18   0   1   0   1
19   0   1   0   1
20   0   1   0   1
21   0   1   0   1
22   0   1   0   1
23   0   1   0   1
24   0   1   0   1
25   0   1   0   1
26   0   1   0   1
27   0   1   0   1
28   0   1   0   1
29   0   1   0   1
30   0   1   0   1
31   0   1   0   1
32   0   1   0   1
33   0   1   0   1
34   0   1   0   1
35   0   1   0   1
36   0   1   0   1
37   0   1   0   1
38   0   1   0   1
39   0   1   0   1
40   0   1   0   1
41   0   1   0   1
42   0   1   0   1
43   0   1   0   1
44   0   1   0   1
45   0   1   0   1
46   0   1   0   1
47   0   1   0   1
48   0   1   0   1
49   0   1   0   1
50   0   1   0   1
51   0   1   0   1
52   0   1   0   1
53   0   1   0   1
54   0   1   0   1
55   0   1   0   1
56   0   1   0   1
57   0   1   0   1
58   0   1   0   1
59   0   1   0   1
60   0   1   0   1
61   0   1   0   1
62   0   1   0   1
63   0   1   0   1
64   0   1   0   1
65   0   1   0   1
66   0   1   0   1
67   0   1   0   1
68   0   1   0   1
69   0   1   0   1
70   0   1   0   1

 [*,2,*]
:    1   2   3   4    :=
1    0   0   1   1
2    0   0   1   1
3    0   0   1   1
4    0   0   1   1
5    0   0   1   1
6    0   0   1   1
7    0   0   1   1
8    0   0   1   1
9    0   0   1   1
10   0   0   1   1
11   0   0   1   1
12   0   0   1   1
13   0   0   1   1
14   0   0   1   1
15   0   0   1   1
16   0   0   1   1
17   0   0   1   1
18   0   0   1   1
19   0   0   1   1
20   0   0   1   1
21   0   0   1   1
22   0   0   1   1
23   0   0   1   1
24   0   0   1   1
25   0   0   1   1
26   0   0   1   1
27   0   0   1   1
28   0   0   1   1
29   0   0   1   1
30   0   0   1   1
31   0   0   1   1
32   0   0   1   1
33   0   0   1   1
34   0   0   1   1
35   0   0   1   1
36   0   0   1   1
37   0   0   1   1
38   0   0   1   1
39   0   0   1   1
40   0   0   1   1
41   0   0   1   1
42   0   0   1   1
43   0   0   1   1
44   0   0   1   1
45   0   0   1   1
46   0   0   1   1
47   0   0   1   1
48   0   0   1   1
49   0   0   1   1
50   0   0   1   1
51   0   0   1   1
52   0   0   1   1
53   0   0   1   1
54   0   0   1   1
55   0   0   1   1
56   0   0   1   1
57   0   0   1   1
58   0   0   1   1
59   0   0   1   1
60   0   0   1   1
61   0   0   1   1
62   0   0   1   1
63   0   0   1   1
64   0   0   1   1
65   0   0   1   1
66   0   0   1   1
67   0   0   1   1
68   0   0   1   1
69   0   0   1   1
70   0   0   1   1

 [*,3,*]
:    1   2   3   4    :=
1    1   0   0   1
2    1   0   0   1
3    1   0   0   1
4    1   0   0   1
5    1   0   0   1
6    1   0   0   1
7    1   0   0   1
8    1   0   0   1
9    1   0   0   1
10   1   0   0   1
11   1   0   0   1
12   1   0   0   1
13   1   0   0   1
14   1   0   0   1
15   1   0   0   1
16   1   0   0   1
17   1   0   0   1
18   1   0   0   1
19   1   0   0   1
20   1   0   0   1
21   1   0   0   1
22   1   0   0   1
23   1   0   0   1
24   1   0   0   1
25   1   0   0   1
26   1   0   0   1
27   1   0   0   1
28   1   0   0   1
29   1   0   0   1
30   1   0   0   1
31   1   0   0   1
32   1   0   0   1
33   1   0   0   1
34   1   0   0   1
35   1   0   0   1
36   1   0   0   1
37   1   0   0   1
38   1   0   0   1
39   1   0   0   1
40   1   0   0   1
41   1   0   0   1
42   1   0   0   1
43   1   0   0   1
44   1   0   0   1
45   1   0   0   1
46   1   0   0   1
47   1   0   0   1
48   1   0   0   1
49   1   0   0   1
50   1   0   0   1
51   1   0   0   1
52   1   0   0   1
53   1   0   0   1
54   1   0   0   1
55   1   0   0   1
56   1   0   0   1
57   1   0   0   1
58   1   0   0   1
59   1   0   0   1
60   1   0   0   1
61   1   0   0   1
62   1   0   0   1
63   1   0   0   1
64   1   0   0   1
65   1   0   0   1
66   1   0   0   1
67   1   0   0   1
68   1   0   0   1
69   1   0   0   1
70   1   0   0   1

 [*,4,*]
:    1   2   3   4    :=
1    1   1   1   0
2    1   1   1   0
3    1   1   1   0
4    1   1   1   0
5    1   1   1   0
6    1   1   1   0
7    1   1   1   0
8    1   1   1   0
9    1   1   1   0
10   1   1   1   0
11   1   1   1   0
12   1   1   1   0
13   1   1   1   0
14   1   1   1   0
15   1   1   1   0
16   1   1   1   0
17   1   1   1   0
18   1   1   1   0
19   1   1   1   0
20   1   1   1   0
21   1   1   1   0
22   1   1   1   0
23   1   1   1   0
24   1   1   1   0
25   1   1   1   0
26   1   1   1   0
27   1   1   1   0
28   1   1   1   0
29   1   1   1   0
30   1   1   1   0
31   1   1   1   0
32   1   1   1   0
33   1   1   1   0
34   1   1   1   0
35   1   1   1   0
36   1   1   1   0
37   1   1   1   0
38   1   1   1   0
39   1   1   1   0
40   1   1   1   0
41   1   1   1   0
42   1   1   1   0
43   1   1   1   0
44   1   1   1   0
45   1   1   1   0
46   1   1   1   0
47   1   1   1   0
48   1   1   1   0
49   1   1   1   0
50   1   1   1   0
51   1   1   1   0
52   1   1   1   0
53   1   1   1   0
54   1   1   1   0
55   1   1   1   0
56   1   1   1   0
57   1   1   1   0
58   1   1   1   0
59   1   1   1   0
60   1   1   1   0
61   1   1   1   0
62   1   1   1   0
63   1   1   1   0
64   1   1   1   0
65   1   1   1   0
66   1   1   1   0
67   1   1   1   0
68   1   1   1   0
69   1   1   1   0
70   1   1   1   0
;

---------------------------- Solution stats data ----------------------------
_ampl_time = 0.240645
_total_solve_time = 33383.2
_ampl_elapsed_time = 0.235979
_ampl_user_time = 0.203179

Total time elapsed: $33383.22.
_total_solve_time = 33383.2

---------------------------- Solution miscs data ----------------------------
tetrahedron_volume [*] :=
 1 0    8 0   15 0   22 0   29 0   36 0   43 0   50 0   57 0   64 0
 2 0    9 0   16 0   23 0   30 0   37 0   44 0   51 0   58 0   65 0
 3 0   10 0   17 0   24 0   31 0   38 0   45 0   52 0   59 0   66 0
 4 0   11 0   18 0   25 0   32 0   39 0   46 0   53 0   60 0   67 0
 5 0   12 0   19 0   26 0   33 0   40 0   47 0   54 0   61 0   68 0
 6 0   13 0   20 0   27 0   34 0   41 0   48 0   55 0   62 0   69 0
 7 0   14 0   21 0   28 0   35 0   42 0   49 0   56 0   63 0   70 0
;

---------------------------- Solution miscs data ----------------------------
tetrahedron_surface_area [*] :=
 1 1.73205   13 1.73205   25 1.73205   37 1.73205   49 1.73205   61 1.73205
 2 1.73205   14 1.73205   26 1.73205   38 1.73205   50 1.73205   62 1.73205
 3 1.73205   15 1.73205   27 1.73205   39 1.73205   51 1.73205   63 1.73205
 4 1.73205   16 1.73205   28 1.73205   40 1.73205   52 1.73205   64 1.73205
 5 1.73205   17 1.73205   29 1.73205   41 1.73205   53 1.73205   65 1.73205
 6 1.73205   18 1.73205   30 1.73205   42 1.73205   54 1.73205   66 1.73205
 7 1.73205   19 1.73205   31 1.73205   43 1.73205   55 1.73205   67 1.73205
 8 1.73205   20 1.73205   32 1.73205   44 1.73205   56 1.73205   68 1.73205
 9 1.73205   21 1.73205   33 1.73205   45 1.73205   57 1.73205   69 1.73205
10 1.73205   22 1.73205   34 1.73205   46 1.73205   58 1.73205   70 1.73205
11 1.73205   23 1.73205   35 1.73205   47 1.73205   59 1.73205
12 1.73205   24 1.73205   36 1.73205   48 1.73205   60 1.73205
;

