Error at _cmdno 5 executing "solve" command
(file amplin, line 1961, offset 37058):
error processing param distances:
	3680 invalid subscripts discarded:
	distances[71,1,1]
	distances[71,1,2]
	distances[71,1,3]
	and 3677 more.
##### This license is only intended for use by NEOS. #####
##### License is valid until Jan 16, 2026 #####
ariables.
Substitution eliminates 1 variable.
Adjusted problem:
12918 variables:
	8088 nonlinear variables
	4830 linear variables
25903 constraints; 155161 nonzeros
	22925 nonlinear constraints
	2978 linear constraints
	2486 equality constraints
	23417 inequality constraints
1 nonlinear objective; 3 nonzeros.

Artelys Knitro 14.2.0: threads=4
algorithm=1
ms_enable=1
ms_maxsolves=10
feastol=1e-5
opttol=1e-5
honorbnds=1
bar_initpt=3
bar_murule=4
scale=1
outlev=2
maxtime_real=1200
WARNING:  Option 'threads' is deprecated, please use 'numthreads'.
WARNING: 1 constraint is constant or undefined and will be ignored.

=======================================
           Academic License
       (NOT FOR COMMERCIAL USE)
         Artelys Knitro 14.2.0
=======================================

No start point provided -- Knitro computing one.

Knitro presolve eliminated 0 variables and 1 constraint.

algorithm                1
bar_initpt               3
bar_murule               4
concurrent_evals         0
datacheck                0
feastol                  1e-05
findiff_numthreads       1
hessian_no_f             1
hessopt                  1
honorbnds                1
maxtime_real             1200
ms_enable                1
ms_maxsolves             10
numthreads               4
opttol                   1e-05

Problem Characteristics                                 (   Presolved)
-----------------------
Objective goal:  Minimize
Objective type:  general
Number of variables:                              12918 (       12918)
    bounded below only:                               1 (           1)
    bounded above only:                               0 (           0)
    bounded below and above:                          0 (           0)
    fixed:                                            0 (           0)
    free:                                         12917 (       12917)
Number of constraints:                            25903 (       25902)
    linear equalities:                                1 (           0)
    quadratic equalities:                          2415 (        2415)
    gen. nonlinear equalities:                       70 (          70)
    linear one-sided inequalities:                 2977 (        2977)
    quadratic one-sided inequalities:             20440 (       20440)
    gen. nonlinear one-sided inequalities:            0 (           0)
    linear two-sided inequalities:                    0 (           0)
    quadratic two-sided inequalities:                 0 (           0)
    gen. nonlinear two-sided inequalities:            0 (           0)
Number of nonzeros in Jacobian:                  155161 (      155161)
Number of nonzeros in Hessian:                    70668 (       70668)

Knitro parallel multistart will run with 4 threads.

Return codes description
------------------------
  0:  The final solution satisfies the termination conditions for verifying optimality.
  -100 to -199:  A feasible approximate solution was found.
  -200 to -299:  Knitro terminated at an infeasible point.
  -300 to -301:  The problem was determined to be unbounded.
  -400 to -499:  Knitro terminated because it reached a pre-defined limit.
    -400 to -409:  A feasible point was found.
    -410 to -419:  No feasible point was found.
  -500 to -599:  Knitro terminated with an input error or some non-standard error.
A more detailed description of individual return codes and their corresponding
termination messages is provided at
https://www.artelys.com/app/docs/knitro/3_referenceManual/returnCodes.html

 Solve #  ThreadID  Status     Objective      FeasError    OptError    Real Time 
--------  --------  ------  --------------   ----------   ----------  ----------
      0          0       0         3.46351  4.76812e-06  3.13328e-07      1081.29
      1          2    -410     8.41106e+09  6.81151e+06      3720.01      9285.20
      3          3    -410     3.15469e+09  1.55537e+06      3996.22      9767.18
      7          3    -410     7.99309e+08  9.31436e+06      609.751      9870.65
      2          1    -410     7.69557e+09  3.90108e+06      2904.82      8787.86
      4          0    -410     6.24189e+10  1.41278e+06      38333.9      10443.8
      5          1    -410     4.96522e+08      44732.8      539.611      10015.4
      6          2    -410     3.87596e+11      485640.      64351.4      10190.2
      8          0    -410     3.65553e+13      992657.  2.61651e+06      8940.85
      9          1    -410     4.44492e+11      386548.      53019.7      3801.22

MULTISTART: Best locally optimal solution is returned.
EXIT: Locally optimal solution found.

Final Statistics
----------------
Final objective value               =   3.46351307910624e+00
Final feasibility error (abs / rel) =   4.77e-06 / 8.64e-07
Final optimality error  (abs / rel) =   3.13e-07 / 5.04e-08
# of iterations                     =      92285 
# of CG iterations                  =          0 
# of function evaluations           =      92574
# of gradient evaluations           =      92295
# of Hessian evaluations            =      92307
Total program time (secs)           =   22604.86523 ( 68151.281 CPU time)

===============================================================================

Knitro 14.2.0: Locally optimal or satisfactory solution.
objective 3.463513079; feasibility error 4.77e-06
92285 iterations; 92574 function evaluations

suffix feaserror OUT;
suffix opterror OUT;
suffix numfcevals OUT;
suffix numiters OUT;
---------------------------- Solver Status Report ----------------------------
solve_result_num = 0
solve_result = solved
solve_message = 'Knitro 14.2.0: Locally optimal or satisfactory solution.\
objective 3.463513079; feasibility error 4.77e-06\
92285 iterations; 92574 function evaluations'


---------------------------- Problem Dimensions ----------------------------
Variables: 25414
Constraints: 25974
---------------------------- Container and geometric considerations  ----------------------------
Container type: cylinder
Structural conservation type: volume & surface
---------------------------- Solution execution data ----------------------------
solve_result_num = 0
solve_result = solved

---------------------------- Solution data ----------------------------
card(figures) = 70

coords [*,*,1]
:         1             2             3             4         :=
1    -0.335874     -0.297444     -0.374808     -1.10348
2     0.701135     -0.170727      0.824081      0.722149
3     0.968563      0.464909      1.02411       1.03847
4     0.694966      0.966525      0.0286918     1.09469
5     0.261265      0.940469      0.614533      0.325997
6     0.166147      0.896402      0.467116      0.0884122
7    -0.384192      0.0554975    -0.484943     -0.586832
8    -0.885329      0.0214171    -0.972219     -1.08015
9     0.459644      0.612781      1.10883       0.939358
10   -0.0352909     0.113796      0.862243      0.0586087
11   -0.726032     -0.943205     -1.10348       0.100877
12    0.132768      0.954543      0.396703      0.272229
13   -0.395456     -0.962325     -1.10348      -0.292387
14    0.60875       0.269271      0.319696     -0.228376
15    0.0974611    -0.666944      0.0123282    -0.385737
16    1.0376        1.02655       0.605095     -0.0743162
17   -0.335874      0.770355     -0.178041     -0.297444
18   -0.920494     -0.485246     -1.06817      -0.381523
19   -0.0712894     1.06151       0.61909       0.46831
20   -0.297785     -0.40047       0.337026     -0.371651
21    0.421672     -0.597392      0.487787      0.112036
22    0.133364      0.968563     -0.00827046    0.933026
23   -0.190277      0.0209177    -1.07961      -0.972221
24    0.119396     -0.389241      0.00271451    0.372988
25   -0.00844951    0.925204      0.0866164     0.968563
26    0.162155     -0.389241      0.372988      0.00271451
27   -0.318919      0.0758061    -0.943205      0.0247032
28   -0.978869     -0.533267     -0.3672       -0.382482
29    0.182288     -0.347701     -0.389785     -0.380269
30   -0.371597     -0.431251      0.195298      0.413763
31    1.09293       0.320469      0.914505      1.09265
32   -0.535949     -0.431251      0.413763     -0.374553
33   -0.644104      0.182954      0.0123057     0.0134332
34    0.097906     -0.391018      0.00597118    0.371434
35   -0.319377     -1.10348       0.165883      0.0937991
36   -0.96476      -0.335874     -0.374246     -1.10348
37   -0.962325     -0.395456     -1.05343      -1.10348
38   -0.762048     -0.970936     -0.644104      0.0123056
39   -0.00410683    1.05431      -0.094494      0.543445
40    0.0737502    -0.31027       0.179054      1.03133
41   -0.906766     -1.06103      -0.390154     -1.04078
42    0.136313      0.377115      0.0440216    -0.426519
43   -1.04376      -1.0773       -0.183414     -1.01834
44   -0.200836     -0.753328     -1.08013      -1.03929
45    0.107081      0.169544     -0.037203     -0.357243
46    0.221968      0.805452     -0.0384471     0.00236965
47    0.352741     -0.378337     -0.387697     -0.104544
48    0.138038     -0.00955263    0.931863      0.272228
49   -0.216019      0.0703138    -0.264872     -0.963506
50    0.224224     -0.242523     -0.816056      0.437122
51    1.06151       0.689402      0.46831      -0.0712894
52   -1.08189      -0.0980012    -1.04696       0.176279
53   -0.0690484    -0.906766     -0.390154     -1.06103
54    0.79732       1.07431       0.468721      1.11448
55   -0.383453      0.0123057    -0.762048     -0.644103
56    0.921347      0.720093      0.285168      0.0577455
57    0.0895171    -0.301009     -0.115938      0.929472
58    0.889934      0.739056      0.0816463     0.469221
59    0.0123057     0.0134332    -0.383453     -0.644103
60    1.08692       0.126835      0.19046       0.0679651
61    0.522522      0.219882      0.805452     -0.211985
62   -0.388589     -0.34127      -0.920494     -0.381523
63   -0.586832     -0.485246     -1.05052      -0.363212
64    0.344983     -0.179665     -0.298743      0.697347
65    0.968563      1.03847       0.464909      0.0613665
66    0.799148      0.447895      1.11448       0.904683
67    0.0635131     0.744837      0.627383      1.08228
68    0.285168      0.113796      0.862243     -0.0352908
69   -0.25134      -1.01834      -0.857637      0.0703139
70   -1.10348      -0.319377      0.0937991    -0.166049

 [*,*,2]
:        1            2            3            4         :=
1     1.06299      0.178302     0.364177     0.158387
2     0.866696     1.10164      0.218832     0.849266
3    -0.551941     0.143034     0.440402    -0.405382
4     0.87165      0.555501     0.334643    -0.21073
5     0.25706      0.598556     0.930108     1.06606
6    -0.176709    -0.662733     0.214609    -0.472492
7     0.0360253   -0.953008    -1.00378     -0.947829
8     0.677454     0.329646     0.545475    -0.27572
9     0.227548     0.931264     0.115076     0.600299
10   -1.11423     -0.455231    -0.706604    -0.481979
11   -0.815155    -0.594236     0.158387    -0.260252
12   -0.295907    -0.575847    -1.04182     -1.08104
13    0.380874    -0.562746     0.158387    -0.526701
14    0.933903     0.268629     1.06796      1.09114
15   -0.336207    -0.893274    -1.11472     -1.04593
16   -0.40759      0.434675     0.452182    -0.2387
17    1.06299      0.805795     1.10048      0.178302
18   -0.628842    -1.00364     -0.31899     -0.0334027
19    0.345547     0.340521    -0.222092     0.287555
20    0.179122     0.425834     0.382232     1.05101
21    1.03196      0.538372     0.0347368    0.183868
22   -1.10678     -0.551941    -0.2804      -0.546016
23   -0.108971     0.330764    -0.277851     0.545471
24   -1.10838     -1.04463     -0.284838    -1.05054
25   -0.280344     0.397275    -0.310091    -0.551941
26   -0.332827    -1.04463     -1.05054     -0.284838
27   -0.684353    -0.273111    -0.594236    -1.11451
28    0.533449     0.978968     1.05258      0.0817707
29   -0.279993    -0.55896     -1.04442      0.120095
30    1.05103      0.412681     0.390805     1.03516
31    0.219683     0.216147     0.63752     -0.221049
32    0.977503     0.412681     1.03516      1.04998
33   -0.0488157   -0.0241873    1.11472      0.34716
34   -0.335563    -1.04396     -1.11477     -1.05109
35    0.379831     0.158387     0.18975     -0.322397
36    0.558561     1.06299      0.374255     0.158387
37   -0.562746     0.380875     0.36475      0.158387
38    0.813656     0.547754    -0.0488155    1.11472
39    0.389073    -0.362181    -0.244441     0.416866
40   -0.161327     0.391006     1.09985      0.401142
41   -0.648481    -0.341994     0.334196     0.399402
42    0.155913     0.0975906   -0.459236     0.428431
43    0.391559    -0.286663    -0.0655774   -0.453586
44    0.299736     0.821736    -0.275799     0.389183
45   -0.46127      0.20743     -1.11417     -0.29637
46   -0.0832543    0.430164     0.36249      0.948029
47    0.0659002    0.174545    -1.04163     -0.492755
48   -0.325568    -0.281146    -0.544541    -1.08104
49    0.0469137   -1.11257     -0.145768    -0.560721
50    0.375479     1.08809      0.759476     1.02551
51    0.340521     0.864328     0.287555     0.345547
52   -0.268832     0.372166     0.270657    -0.0666776
53   -0.09195     -0.648482     0.334196    -0.341993
54   -0.779123     0.156915     0.23814     -0.0264074
55    0.585865     1.11472      0.813656    -0.0488154
56   -0.627593    -0.85101     -1.0777      -0.251643
57   -0.307103     0.391075    -0.358356     0.400373
58   -0.671394    -0.670199    -0.470813     0.208672
59    1.11472      0.34716      0.585865    -0.0488154
60    0.247705    -0.267258     0.359883    -0.488087
61    0.984745     0.368519     0.430164     1.08626
62   -1.04487     -0.429782    -0.628842    -0.0334027
63   -0.947829    -1.00364     -0.373043     0.137886
64    0.379677     1.082        0.190427     0.869747
65   -0.551941    -0.405382     0.143034    -0.303167
66   -0.777248     0.243007    -0.0264074   -0.651384
67   -0.491403    -0.82944     -0.21176      0.267258
68   -1.0777      -0.455231    -0.706604    -1.11423
69    0.189944    -0.453586    -0.617233    -1.11257
70    0.158387     0.379831    -0.322397    -0.539885

 [*,*,3]
:        1            2             3            4         :=
1    -1.53798     -1.53798     -0.547433     -1.53798
2    -0.0714611    0.920839     1.09694       1.24899
3     1.24899      0.83052      0.958573     -0.0827925
4    -0.0875034    0.770276    -0.163367      0.145071
5    -0.668238    -0.115628    -1.37413      -0.0709594
6     0.346877     0.0945792   -0.27378      -0.959442
7     0.343324     1.1361      -0.0908294     0.960782
8     0.324749     0.169249    -0.426357      0.312473
9    -0.247684    -1.37964     -1.36044      -0.121149
10   -1.34658     -0.187486    -1.27222      -1.52772
11   -0.695517    -1.53798     -1.53798      -1.53798
12    0.0230307    0.372325    -0.124489      1.10197
13   -0.558266    -0.865815    -1.53798      -1.13477
14   -1.34688     -0.688138    -0.0436262    -0.790746
15   -0.128252    -1.06396     -1.18182       0.0975578
16   -0.0851301    0.950531     0.393256      0.590767
17   -1.53798     -1.53798     -0.80809      -1.53798
18   -0.850383    -0.0877259    0.446607      0.224309
19   -1.50856     -1.53798     -0.702241     -0.335773
20   -1.53361     -0.218856    -0.818434     -1.01908
21    0.0529362    0.142678    -0.462276     -0.939467
22    1.24899      1.24899      1.24753       0.329158
23   -0.337696     0.167989     0.314715     -0.426354
24    1.24899      0.116502     1.15047       0.112878
25    1.24899      1.24899      0.476715      1.24899
26   -0.129881     0.116501     0.112878      1.15047
27   -0.697181    -1.53798     -1.53798      -1.53798
28   -0.440849     0.249236    -1.08005      -0.336142
29   -0.0109943   -0.916658     0.121056      0.239985
30   -1.01915     -0.173073    -0.703451      0.0638954
31   -1.12119     -0.0830428   -0.00775833    0.145995
32    0.270876    -0.173073     0.0638954    -1.02162
33    1.24899      0.587755     1.24899       0.1486
34   -0.128475     0.116288    -1.16332       0.113077
35   -0.472082    -1.53798     -1.53798      -1.47337
36   -0.465577    -1.53798     -0.561719     -1.53798
37   -0.865815    -0.558266    -0.282816     -1.53798
38    0.332897     1.24899      1.24899       1.24899
39   -0.125678    -0.0822764    0.600643      0.418606
40    0.634624     1.24899      1.07997       1.24899
41   -0.940116     0.356905    -0.587917     -0.267983
42   -1.40675     -0.0881804   -0.33332      -0.219751
43    1.24899      0.299825     0.635102      1.24899
44    0.202245     0.310775     0.312466      1.2458
45   -0.338862    -1.5003      -1.39716      -0.556447
46    0.726886     0.679049    -0.127578      0.95148
47   -0.0379173    0.244994     0.120574      0.867525
48    0.0637919    1.24898      0.330089      1.10197
49    1.24899      1.24899      0.499339      0.595779
50    0.0329794    1.06948      0.183709      0.0506479
51   -1.53798     -1.44709     -0.335773     -1.50856
52    0.324619     0.196884     1.07987       0.644103
53   -0.511106    -0.940116    -0.587917      0.356906
54   -1.12902     -1.53798     -0.343551     -0.442514
55    0.0960584    1.24899      0.332897      1.24899
56    0.321865    -0.985644    -0.199036     -0.183708
57    0.483621     1.24899      1.24899       1.24899
58    0.0836272   -1.2495      -0.968247     -0.272377
59    1.24899      0.1486       0.0960584     1.24899
60   -1.4033      -0.620326    -1.53798      -1.53798
61   -0.0939246    0.0357865    0.679049      1.0242
62    0.0868052   -1.05681     -0.850383      0.224309
63    0.960782    -0.0877259    0.418003      0.279397
64   -0.812874    -0.823106    -1.52694      -1.44644
65    1.24899     -0.0827925    0.83052       0.454605
66   -1.12713     -0.329824    -0.442514      0.204415
67   -1.53798     -1.53798     -0.716983     -1.53798
68   -0.199036    -0.187486    -1.27222      -1.34658
69    1.24899      1.24899      0.662671      1.24899
70   -1.53798     -0.472082    -1.47337      -1.00042
;

radius = 1.11479
height = 2.78697
softness = 0.8

---------------------------- Solution coords data ----------------------------
distances [*,1,*]
:    1   2   3   4    :=
1    0   1   0   1
2    0   1   0   1
3    0   1   0   1
4    0   1   0   1
5    0   1   0   1
6    0   1   0   1
7    0   1   0   1
8    0   1   0   1
9    0   1   0   1
10   0   1   0   1
11   0   1   0   1
12   0   1   0   1
13   0   1   0   1
14   0   1   0   1
15   0   1   0   1
16   0   1   0   1
17   0   1   0   1
18   0   1   0   1
19   0   1   0   1
20   0   1   0   1
21   0   1   0   1
22   0   1   0   1
23   0   1   0   1
24   0   1   0   1
25   0   1   0   1
26   0   1   0   1
27   0   1   0   1
28   0   1   0   1
29   0   1   0   1
30   0   1   0   1
31   0   1   0   1
32   0   1   0   1
33   0   1   0   1
34   0   1   0   1
35   0   1   0   1
36   0   1   0   1
37   0   1   0   1
38   0   1   0   1
39   0   1   0   1
40   0   1   0   1
41   0   1   0   1
42   0   1   0   1
43   0   1   0   1
44   0   1   0   1
45   0   1   0   1
46   0   1   0   1
47   0   1   0   1
48   0   1   0   1
49   0   1   0   1
50   0   1   0   1
51   0   1   0   1
52   0   1   0   1
53   0   1   0   1
54   0   1   0   1
55   0   1   0   1
56   0   1   0   1
57   0   1   0   1
58   0   1   0   1
59   0   1   0   1
60   0   1   0   1
61   0   1   0   1
62   0   1   0   1
63   0   1   0   1
64   0   1   0   1
65   0   1   0   1
66   0   1   0   1
67   0   1   0   1
68   0   1   0   1
69   0   1   0   1
70   0   1   0   1

 [*,2,*]
:    1   2   3   4    :=
1    0   0   1   1
2    0   0   1   1
3    0   0   1   1
4    0   0   1   1
5    0   0   1   1
6    0   0   1   1
7    0   0   1   1
8    0   0   1   1
9    0   0   1   1
10   0   0   1   1
11   0   0   1   1
12   0   0   1   1
13   0   0   1   1
14   0   0   1   1
15   0   0   1   1
16   0   0   1   1
17   0   0   1   1
18   0   0   1   1
19   0   0   1   1
20   0   0   1   1
21   0   0   1   1
22   0   0   1   1
23   0   0   1   1
24   0   0   1   1
25   0   0   1   1
26   0   0   1   1
27   0   0   1   1
28   0   0   1   1
29   0   0   1   1
30   0   0   1   1
31   0   0   1   1
32   0   0   1   1
33   0   0   1   1
34   0   0   1   1
35   0   0   1   1
36   0   0   1   1
37   0   0   1   1
38   0   0   1   1
39   0   0   1   1
40   0   0   1   1
41   0   0   1   1
42   0   0   1   1
43   0   0   1   1
44   0   0   1   1
45   0   0   1   1
46   0   0   1   1
47   0   0   1   1
48   0   0   1   1
49   0   0   1   1
50   0   0   1   1
51   0   0   1   1
52   0   0   1   1
53   0   0   1   1
54   0   0   1   1
55   0   0   1   1
56   0   0   1   1
57   0   0   1   1
58   0   0   1   1
59   0   0   1   1
60   0   0   1   1
61   0   0   1   1
62   0   0   1   1
63   0   0   1   1
64   0   0   1   1
65   0   0   1   1
66   0   0   1   1
67   0   0   1   1
68   0   0   1   1
69   0   0   1   1
70   0   0   1   1

 [*,3,*]
:    1   2   3   4    :=
1    1   0   0   1
2    1   0   0   1
3    1   0   0   1
4    1   0   0   1
5    1   0   0   1
6    1   0   0   1
7    1   0   0   1
8    1   0   0   1
9    1   0   0   1
10   1   0   0   1
11   1   0   0   1
12   1   0   0   1
13   1   0   0   1
14   1   0   0   1
15   1   0   0   1
16   1   0   0   1
17   1   0   0   1
18   1   0   0   1
19   1   0   0   1
20   1   0   0   1
21   1   0   0   1
22   1   0   0   1
23   1   0   0   1
24   1   0   0   1
25   1   0   0   1
26   1   0   0   1
27   1   0   0   1
28   1   0   0   1
29   1   0   0   1
30   1   0   0   1
31   1   0   0   1
32   1   0   0   1
33   1   0   0   1
34   1   0   0   1
35   1   0   0   1
36   1   0   0   1
37   1   0   0   1
38   1   0   0   1
39   1   0   0   1
40   1   0   0   1
41   1   0   0   1
42   1   0   0   1
43   1   0   0   1
44   1   0   0   1
45   1   0   0   1
46   1   0   0   1
47   1   0   0   1
48   1   0   0   1
49   1   0   0   1
50   1   0   0   1
51   1   0   0   1
52   1   0   0   1
53   1   0   0   1
54   1   0   0   1
55   1   0   0   1
56   1   0   0   1
57   1   0   0   1
58   1   0   0   1
59   1   0   0   1
60   1   0   0   1
61   1   0   0   1
62   1   0   0   1
63   1   0   0   1
64   1   0   0   1
65   1   0   0   1
66   1   0   0   1
67   1   0   0   1
68   1   0   0   1
69   1   0   0   1
70   1   0   0   1

 [*,4,*]
:    1   2   3   4    :=
1    1   1   1   0
2    1   1   1   0
3    1   1   1   0
4    1   1   1   0
5    1   1   1   0
6    1   1   1   0
7    1   1   1   0
8    1   1   1   0
9    1   1   1   0
10   1   1   1   0
11   1   1   1   0
12   1   1   1   0
13   1   1   1   0
14   1   1   1   0
15   1   1   1   0
16   1   1   1   0
17   1   1   1   0
18   1   1   1   0
19   1   1   1   0
20   1   1   1   0
21   1   1   1   0
22   1   1   1   0
23   1   1   1   0
24   1   1   1   0
25   1   1   1   0
26   1   1   1   0
27   1   1   1   0
28   1   1   1   0
29   1   1   1   0
30   1   1   1   0
31   1   1   1   0
32   1   1   1   0
33   1   1   1   0
34   1   1   1   0
35   1   1   1   0
36   1   1   1   0
37   1   1   1   0
38   1   1   1   0
39   1   1   1   0
40   1   1   1   0
41   1   1   1   0
42   1   1   1   0
43   1   1   1   0
44   1   1   1   0
45   1   1   1   0
46   1   1   1   0
47   1   1   1   0
48   1   1   1   0
49   1   1   1   0
50   1   1   1   0
51   1   1   1   0
52   1   1   1   0
53   1   1   1   0
54   1   1   1   0
55   1   1   1   0
56   1   1   1   0
57   1   1   1   0
58   1   1   1   0
59   1   1   1   0
60   1   1   1   0
61   1   1   1   0
62   1   1   1   0
63   1   1   1   0
64   1   1   1   0
65   1   1   1   0
66   1   1   1   0
67   1   1   1   0
68   1   1   1   0
69   1   1   1   0
70   1   1   1   0
;

---------------------------- Solution stats data ----------------------------
_ampl_time = 0.22061
_total_solve_time = 68151.8
_ampl_elapsed_time = 0.216011
_ampl_user_time = 0.183881

Total time elapsed: $68151.77.
_total_solve_time = 68151.8

---------------------------- Solution miscs data ----------------------------
tetrahedron_volume [*] :=
 1 0.117851   15 0.117851   29 0.117851   43 0.117851   57 0.117851
 2 0.117851   16 0.117851   30 0.117851   44 0.117851   58 0.117851
 3 0.117851   17 0.117851   31 0.117851   45 0.117851   59 0.117851
 4 0.117851   18 0.117851   32 0.117851   46 0.117851   60 0.117851
 5 0.117851   19 0.117851   33 0.117851   47 0.117851   61 0.117851
 6 0.117851   20 0.117851   34 0.117851   48 0.117851   62 0.117851
 7 0.117851   21 0.117851   35 0.117851   49 0.117851   63 0.117851
 8 0.117851   22 0.117851   36 0.117851   50 0.117851   64 0.117851
 9 0.117851   23 0.117851   37 0.117851   51 0.117851   65 0.117851
10 0.117851   24 0.117851   38 0.117851   52 0.117851   66 0.117851
11 0.117851   25 0.117851   39 0.117851   53 0.117851   67 0.117851
12 0.117851   26 0.117851   40 0.117851   54 0.117851   68 0.117851
13 0.117851   27 0.117851   41 0.117851   55 0.117851   69 0.117851
14 0.117851   28 0.117851   42 0.117851   56 0.117851   70 0.117851
;

---------------------------- Solution miscs data ----------------------------
tetrahedron_surface_area [*] :=
 1 0    8 0   15 0   22 0   29 0   36 0   43 0   50 0   57 0   64 0
 2 0    9 0   16 0   23 0   30 0   37 0   44 0   51 0   58 0   65 0
 3 0   10 0   17 0   24 0   31 0   38 0   45 0   52 0   59 0   66 0
 4 0   11 0   18 0   25 0   32 0   39 0   46 0   53 0   60 0   67 0
 5 0   12 0   19 0   26 0   33 0   40 0   47 0   54 0   61 0   68 0
 6 0   13 0   20 0   27 0   34 0   41 0   48 0   55 0   62 0   69 0
 7 0   14 0   21 0   28 0   35 0   42 0   49 0   56 0   63 0   70 0
;

