Error at _cmdno 5 executing "solve" command
(file amplin, line 1977, offset 37909):
error processing param distances:
	4080 invalid subscripts discarded:
	distances[46,1,1]
	distances[46,1,2]
	distances[46,1,3]
	and 4077 more.
##### This license is only intended for use by NEOS. #####
##### License is valid until Jan 16, 2026 #####
riables.
Adjusted problem:
5491 variables:
	3510 nonlinear variables
	1981 linear variables
11565 constraints; 66330 nonzeros
	9495 nonlinear constraints
	2070 linear constraints
	1035 equality constraints
	10530 inequality constraints
1 linear objective; 1 nonzero.

Artelys Knitro 14.2.0: threads=4
algorithm=1
ms_enable=1
ms_maxsolves=10
feastol=1e-5
opttol=1e-5
honorbnds=1
bar_initpt=3
bar_murule=4
scale=1
outlev=2
maxtime_real=1200
WARNING:  Option 'threads' is deprecated, please use 'numthreads'.

=======================================
           Academic License
       (NOT FOR COMMERCIAL USE)
         Artelys Knitro 14.2.0
=======================================

No start point provided -- Knitro computing one.

Knitro presolve eliminated 0 variables and 0 constraints.

algorithm                1
bar_initpt               3
bar_murule               4
concurrent_evals         0
datacheck                0
feastol                  1e-05
findiff_numthreads       1
hessian_no_f             1
hessopt                  1
honorbnds                1
maxtime_real             1200
ms_enable                1
ms_maxsolves             10
numthreads               4
opttol                   1e-05

Problem Characteristics                                 (   Presolved)
-----------------------
Objective goal:  Minimize
Objective type:  linear
Number of variables:                               5491 (        5491)
    bounded below only:                             541 (         541)
    bounded above only:                               0 (           0)
    bounded below and above:                          0 (           0)
    fixed:                                            0 (           0)
    free:                                          4950 (        4950)
Number of constraints:                            11565 (       11565)
    linear equalities:                                0 (           0)
    quadratic equalities:                           990 (         990)
    gen. nonlinear equalities:                       45 (          45)
    linear one-sided inequalities:                 2070 (        2070)
    quadratic one-sided inequalities:              8460 (        8460)
    gen. nonlinear one-sided inequalities:            0 (           0)
    linear two-sided inequalities:                    0 (           0)
    quadratic two-sided inequalities:                 0 (           0)
    gen. nonlinear two-sided inequalities:            0 (           0)
Number of nonzeros in Jacobian:                   66330 (       66330)
Number of nonzeros in Hessian:                    30240 (       30240)

Knitro parallel multistart will run with 4 threads.

Return codes description
------------------------
  0:  The final solution satisfies the termination conditions for verifying optimality.
  -100 to -199:  A feasible approximate solution was found.
  -200 to -299:  Knitro terminated at an infeasible point.
  -300 to -301:  The problem was determined to be unbounded.
  -400 to -499:  Knitro terminated because it reached a pre-defined limit.
    -400 to -409:  A feasible point was found.
    -410 to -419:  No feasible point was found.
  -500 to -599:  Knitro terminated with an input error or some non-standard error.
A more detailed description of individual return codes and their corresponding
termination messages is provided at
https://www.artelys.com/app/docs/knitro/3_referenceManual/returnCodes.html

 Solve #  ThreadID  Status     Objective      FeasError    OptError    Real Time 
--------  --------  ------  --------------   ----------   ----------  ----------
      8          0    -202         2080.27      18974.2      1.00000      570.493
      0          0       0         1.96845  1.19944e-04  1.83546e-06      1295.48
      6          1    -202         27963.7     0.643951     0.705089      2647.48
      3          1    -410         396.224  4.88541e-03     0.179032      7993.58
      2          2    -410         250.204     0.129944     0.252076      7402.56
      4          0    -410         643.196     0.120392      1.12664      8486.67
      1          3    -410         2225.52  1.66732e-02     0.326661      8438.09
      9          0    -410         759.052  2.10589e-02     0.449314      5309.10
      7          3    -410         1431.33  5.86995e-03     0.468306      6688.53
      5          2    -410         28750.8  8.26965e-02     0.178304      7795.21

MULTISTART: Best locally optimal solution is returned.
EXIT: Locally optimal solution found.

Final Statistics
----------------
Final objective value               =   1.96844893563840e+00
Final feasibility error (abs / rel) =   1.20e-04 / 6.51e-06
Final optimality error  (abs / rel) =   1.84e-06 / 1.84e-06
# of iterations                     =      75222 
# of CG iterations                  =          0 
# of function evaluations           =      98898
# of gradient evaluations           =      75478
# of Hessian evaluations            =      75295
Total program time (secs)           =   15663.73730 ( 19892.385 CPU time)

===============================================================================

Knitro 14.2.0: Locally optimal or satisfactory solution.
objective 1.968448936; feasibility error 0.00012
75222 iterations; 98898 function evaluations

suffix feaserror OUT;
suffix opterror OUT;
suffix numfcevals OUT;
suffix numiters OUT;
---------------------------- Container and geometric considerations  ----------------------------
Container type: cube
Structural conservation type: volume & surface
---------------------------- Solution execution data ----------------------------
solve_result_num = 0
solve_result = solved

---------------------------- Solution data ----------------------------
card(figures) = 45

coords [*,*,1]
:       1         2         3         4       :=
1    19.9984   19.8871   20.7094   19.6227
2    19.9683   20.1647   20.4867   19.5434
3    19.4793   19.9248   20.2597   19.8597
4    20.9842   20.8265   19.9112   20.3659
5    20.7094   20.7714   19.8935   19.9984
6    19.0158   19.2666   19.0158   19.8137
7    20.1589   20.9842   20.8851   20.4746
8    20.9842   20.393    20.6833   20.9842
9    20.9661   20.9842   20.9842   20.2541
10   19.7531   19.0158   19.0158   19.0158
11   19.7568   19.943    20.5578   20.0255
12   19.2039   19.0243   19.0158   20.0127
13   19.4207   19.0158   20.1647   19.8473
14   20.8222   20.766    20.9842   20.0231
15   20.6881   19.9329   20.9833   20.0604
16   19.9197   19.9294   19.5769   19.0158
17   20.1156   19.0158   19.5864   19.7539
18   19.9488   19.2134   19.0533   19.9925
19   20.3944   19.8253   19.9773   20.6525
20   19.6702   20.6895   20.2445   19.6698
21   19.8389   20.2019   19.4615   19.6556
22   19.0158   19.9421   19.0158   19.0158
23   20.9842   20.9842   20.3211   20.9842
24   19.8153   19.0952   19.0158   19.5677
25   20.9842   20.1931   20.7199   20.9842
26   19.7539   19.0158   19.0158   19.0158
27   19.3402   20.3286   19.934    20.4456
28   19.7947   20.4125   20.7871   20.7629
29   20.585    19.8571   20.6857   20.3474
30   20.5359   20.9306   20.4775   19.9773
31   19.6399   19.1556   19.6798   19.7873
32   19.8214   19.6794   19.0297   19.0158
33   19.2864   19.677    19.9493   20.437
34   19.0158   19.0158   19.0158   19.8246
35   20.2411   20.9842   20.9842   20.9842
36   19.0158   19.5418   19.7568   19.9358
37   19.1212   19.8538   19.0158   19.0158
38   20.9842   20.7649   20.9842   19.9726
39   20.9588   20.9842   20.1647   20.2491
40   19.782    19.81     19.7024   20.6017
41   20.1807   20.9747   20.0461   20.2316
42   19.0158   19.6559   19.8395   19.459
43   19.693    20.712    19.6381   20.3092
44   19.8142   19.0684   19.391    19.0158
45   19.4804   19.8884   20.639    20.0248

 [*,*,2]
:       1         2         3         4       :=
1    20.0555   20.5024   20.9744   20.9842
2    19.8549   20.9842   20.4527   20.4964
3    20.1204   20.9391   19.9361   20.2161
4    19.7209   19.0158   19.3578   20.0825
5    20.9744   19.9142   20.5028   20.0555
6    20.9842   20.1344   20.9842   20.9842
7    19.0158   19.0158   19.8952   19.0158
8    20.8617   20.6912   19.8592   20.1472
9    19.3142   19.0158   20.1722   19.3129
10   20.0794   20.1896   19.1814   20.1779
11   20.9842   20.9842   20.9842   20.2145
12   19.0158   19.822    19.0158   19.211
13   20.2871   20.9842   20.9842   20.9842
14   20.0926   19.9211   20.887    20.2342
15   20.4709   20.1268   19.96     19.7617
16   20.9842   20.215    20.146    20.659
17   19.7658   19.8224   20.1433   20.6599
18   19.8505   19.8507   20.5909   20.6376
19   19.9923   19.0158   19.5232   19.0158
20   19.0158   19.0158   19.667    19.0158
21   19.0192   19.819    19.0759   19.786
22   20.1782   20.7389   20.9842   20.1887
23   19.7756   20.1402   19.4744   19.0158
24   19.0158   19.2504   19.325    20.1146
25   20.9842   20.1549   20.6083   20.0016
26   20.6599   20.9842   19.8223   20.175
27   19.6267   19.0158   19.0158   19.8129
28   19.4894   19.0158   19.9204   19.8994
29   20.9842   20.1206   19.9039   20.5061
30   19.1034   20.0512   20.0858   19.5232
31   20.2267   19.3793   19.0655   19.8171
32   19.9474   20.3182   20.6554   19.5047
33   19.66     19.8041   19.0165   19.8203
34   20.2668   19.1913   19.8223   20.0254
35   20.9842   20.9842   20.868    20.1712
36   20.9842   20.2397   20.9842   20.9697
37   20.2006   20.875    20.9842   20.9842
38   19.0158   19.8066   19.0158   19.0158
39   20.9842   20.887    20.9842   20.1351
40   19.7544   20.2041   19.2209   19.9502
41   20.9842   20.9842   20.2876   20.9842
42   19.0158   19.7848   19.0158   19.0815
43   19.3899   19.9208   20.174    19.9921
44   19.8871   19.0858   19.0158   19.8364
45   19.8151   19.0158   19.9027   19.9667

 [*,*,3]
:       1         2         3         4       :=
1    20.9842   20.3127   20.9842   20.9842
2    19.0328   19.0158   19.8836   19.2733
3    19.4669   19.8334   19.3833   20.4376
4    20.6141   20.9842   20.3555   20.9842
5    20.9842   20.8042   20.3217   20.9842
6    20.0244   20.296    20.9842   20.869
7    20.6819   20.9842   20.4601   19.94
8    20.9759   19.9927   20.75     20.0597
9    20.5707   19.822    19.9328   19.6525
10   19.6807   19.1029   19.6804   20.0321
11   20.8088   19.7309   20.7168   20.0282
12   20.1732   20.9842   20.9842   20.9842
13   19.0158   19.0158   19.0158   19.8273
14   19.8472   19.0158   19.0158   19.0158
15   19.3801   20.1933   20.1627   19.4852
16   19.7699   20.6407   19.7148   20.0766
17   20.9842   20.9842   20.2612   20.9842
18   19.0158   19.3463   19.0158   19.6982
19   19.3291   19.0774   19.9812   19.1834
20   19.4022   19.8227   20.1052   20.3797
21   19.0158   19.7764   20.0833   19.1844
22   20.0074   19.6125   20.0244   19.1776
23   19.8948   19.0158   19.0158   19.0158
24   20.5024   19.6213   20.4201   20.2377
25   19.877    20.0674   19.1364   20.0914
26   20.9842   20.9842   20.9842   20.2313
27   20.9842   20.9842   20.2811   20.9541
28   20.2959   20.086    19.8723   20.7541
29   20.6127   20.34     20.7634   19.8292
30   19.3212   19.8652   19.1992   19.9812
31   20.3311   19.7008   20.3368   19.4573
32   19.6304   20.4326   20.0947   19.9349
33   20.9842   20.2938   20.2796   20.9623
34   20.0353   20.4748   20.9842   20.4794
35   20.1896   19.877    20.9842   20.0544
36   20.0244   20.5865   20.8088   19.7874
37   19.1731   19.7718   20.0244   19.0158
38   19.822    19.8383   19.0158   19.5269
39   19.864    19.0158   19.0158   19.5099
40   19.3836   20.3133   20.1372   20.0395
41   19.0328   19.881    19.8326   20.1936
42   19.0158   19.1841   19.0158   20.0878
43   20.1753   20.0026   20.3549   20.9058
44   19.4053   19.0158   20.0372   19.3052
45   19.0158   19.0158   19.0158   19.6694
;

side = 1.96845
softness = 0.35

---------------------------- Solution coords data ----------------------------
distances [*,1,*]
:    1   2   3   4    :=
1    0   1   0   1
2    0   1   0   1
3    0   1   0   1
4    0   1   0   1
5    0   1   0   1
6    0   1   0   1
7    0   1   0   1
8    0   1   0   1
9    0   1   0   1
10   0   1   0   1
11   0   1   0   1
12   0   1   0   1
13   0   1   0   1
14   0   1   0   1
15   0   1   0   1
16   0   1   0   1
17   0   1   0   1
18   0   1   0   1
19   0   1   0   1
20   0   1   0   1
21   0   1   0   1
22   0   1   0   1
23   0   1   0   1
24   0   1   0   1
25   0   1   0   1
26   0   1   0   1
27   0   1   0   1
28   0   1   0   1
29   0   1   0   1
30   0   1   0   1
31   0   1   0   1
32   0   1   0   1
33   0   1   0   1
34   0   1   0   1
35   0   1   0   1
36   0   1   0   1
37   0   1   0   1
38   0   1   0   1
39   0   1   0   1
40   0   1   0   1
41   0   1   0   1
42   0   1   0   1
43   0   1   0   1
44   0   1   0   1
45   0   1   0   1

 [*,2,*]
:    1   2   3   4    :=
1    0   0   1   1
2    0   0   1   1
3    0   0   1   1
4    0   0   1   1
5    0   0   1   1
6    0   0   1   1
7    0   0   1   1
8    0   0   1   1
9    0   0   1   1
10   0   0   1   1
11   0   0   1   1
12   0   0   1   1
13   0   0   1   1
14   0   0   1   1
15   0   0   1   1
16   0   0   1   1
17   0   0   1   1
18   0   0   1   1
19   0   0   1   1
20   0   0   1   1
21   0   0   1   1
22   0   0   1   1
23   0   0   1   1
24   0   0   1   1
25   0   0   1   1
26   0   0   1   1
27   0   0   1   1
28   0   0   1   1
29   0   0   1   1
30   0   0   1   1
31   0   0   1   1
32   0   0   1   1
33   0   0   1   1
34   0   0   1   1
35   0   0   1   1
36   0   0   1   1
37   0   0   1   1
38   0   0   1   1
39   0   0   1   1
40   0   0   1   1
41   0   0   1   1
42   0   0   1   1
43   0   0   1   1
44   0   0   1   1
45   0   0   1   1

 [*,3,*]
:    1   2   3   4    :=
1    1   0   0   1
2    1   0   0   1
3    1   0   0   1
4    1   0   0   1
5    1   0   0   1
6    1   0   0   1
7    1   0   0   1
8    1   0   0   1
9    1   0   0   1
10   1   0   0   1
11   1   0   0   1
12   1   0   0   1
13   1   0   0   1
14   1   0   0   1
15   1   0   0   1
16   1   0   0   1
17   1   0   0   1
18   1   0   0   1
19   1   0   0   1
20   1   0   0   1
21   1   0   0   1
22   1   0   0   1
23   1   0   0   1
24   1   0   0   1
25   1   0   0   1
26   1   0   0   1
27   1   0   0   1
28   1   0   0   1
29   1   0   0   1
30   1   0   0   1
31   1   0   0   1
32   1   0   0   1
33   1   0   0   1
34   1   0   0   1
35   1   0   0   1
36   1   0   0   1
37   1   0   0   1
38   1   0   0   1
39   1   0   0   1
40   1   0   0   1
41   1   0   0   1
42   1   0   0   1
43   1   0   0   1
44   1   0   0   1
45   1   0   0   1

 [*,4,*]
:    1   2   3   4    :=
1    1   1   1   0
2    1   1   1   0
3    1   1   1   0
4    1   1   1   0
5    1   1   1   0
6    1   1   1   0
7    1   1   1   0
8    1   1   1   0
9    1   1   1   0
10   1   1   1   0
11   1   1   1   0
12   1   1   1   0
13   1   1   1   0
14   1   1   1   0
15   1   1   1   0
16   1   1   1   0
17   1   1   1   0
18   1   1   1   0
19   1   1   1   0
20   1   1   1   0
21   1   1   1   0
22   1   1   1   0
23   1   1   1   0
24   1   1   1   0
25   1   1   1   0
26   1   1   1   0
27   1   1   1   0
28   1   1   1   0
29   1   1   1   0
30   1   1   1   0
31   1   1   1   0
32   1   1   1   0
33   1   1   1   0
34   1   1   1   0
35   1   1   1   0
36   1   1   1   0
37   1   1   1   0
38   1   1   1   0
39   1   1   1   0
40   1   1   1   0
41   1   1   1   0
42   1   1   1   0
43   1   1   1   0
44   1   1   1   0
45   1   1   1   0
;

---------------------------- Solution stats data ----------------------------
_ampl_time = 0.119648
_total_solve_time = 19892.7
_ampl_elapsed_time = 0.216184
_ampl_user_time = 0.098689

Total time elapsed: $19892.66.
_total_solve_time = 19892.7

---------------------------- Solution miscs data ----------------------------
tetrahedron_volume [*] :=
 1 0    6 0   11 0   16 0   21 0   26 0   31 0   36 0   41 0
 2 0    7 0   12 0   17 0   22 0   27 0   32 0   37 0   42 0
 3 0    8 0   13 0   18 0   23 0   28 0   33 0   38 0   43 0
 4 0    9 0   14 0   19 0   24 0   29 0   34 0   39 0   44 0
 5 0   10 0   15 0   20 0   25 0   30 0   35 0   40 0   45 0
;

---------------------------- Solution miscs data ----------------------------
tetrahedron_surface_area [*] :=
 1 1.73205    9 1.73205   17 1.73205   25 1.73205   33 1.73205   41 1.73205
 2 1.73205   10 1.73205   18 1.73205   26 1.73205   34 1.73205   42 1.73205
 3 1.73205   11 1.73205   19 1.73205   27 1.73205   35 1.73205   43 1.73205
 4 1.73205   12 1.73205   20 1.73205   28 1.73205   36 1.73205   44 1.73205
 5 1.73205   13 1.73205   21 1.73205   29 1.73205   37 1.73205   45 1.73205
 6 1.73205   14 1.73205   22 1.73205   30 1.73205   38 1.73205
 7 1.73205   15 1.73205   23 1.73205   31 1.73205   39 1.73205
 8 1.73205   16 1.73205   24 1.73205   32 1.73205   40 1.73205
;

