Error at _cmdno 5 executing "solve" command
(file amplin, line 1977, offset 37909):
error processing param distances:
	4080 invalid subscripts discarded:
	distances[46,1,1]
	distances[46,1,2]
	distances[46,1,3]
	and 4077 more.
##### This license is only intended for use by NEOS. #####
##### License is valid until Jan 16, 2026 #####
riables.
Adjusted problem:
5491 variables:
	3510 nonlinear variables
	1981 linear variables
11565 constraints; 66330 nonzeros
	9495 nonlinear constraints
	2070 linear constraints
	1035 equality constraints
	10530 inequality constraints
1 linear objective; 1 nonzero.

Artelys Knitro 14.2.0: threads=4
algorithm=1
ms_enable=1
ms_maxsolves=10
feastol=1e-5
opttol=1e-5
honorbnds=1
bar_initpt=3
bar_murule=4
scale=1
outlev=2
maxtime_real=1200
WARNING:  Option 'threads' is deprecated, please use 'numthreads'.

=======================================
           Academic License
       (NOT FOR COMMERCIAL USE)
         Artelys Knitro 14.2.0
=======================================

No start point provided -- Knitro computing one.

Knitro presolve eliminated 0 variables and 0 constraints.

algorithm                1
bar_initpt               3
bar_murule               4
concurrent_evals         0
datacheck                0
feastol                  1e-05
findiff_numthreads       1
hessian_no_f             1
hessopt                  1
honorbnds                1
maxtime_real             1200
ms_enable                1
ms_maxsolves             10
numthreads               4
opttol                   1e-05

Problem Characteristics                                 (   Presolved)
-----------------------
Objective goal:  Minimize
Objective type:  linear
Number of variables:                               5491 (        5491)
    bounded below only:                             541 (         541)
    bounded above only:                               0 (           0)
    bounded below and above:                          0 (           0)
    fixed:                                            0 (           0)
    free:                                          4950 (        4950)
Number of constraints:                            11565 (       11565)
    linear equalities:                                0 (           0)
    quadratic equalities:                           990 (         990)
    gen. nonlinear equalities:                       45 (          45)
    linear one-sided inequalities:                 2070 (        2070)
    quadratic one-sided inequalities:              8460 (        8460)
    gen. nonlinear one-sided inequalities:            0 (           0)
    linear two-sided inequalities:                    0 (           0)
    quadratic two-sided inequalities:                 0 (           0)
    gen. nonlinear two-sided inequalities:            0 (           0)
Number of nonzeros in Jacobian:                   66330 (       66330)
Number of nonzeros in Hessian:                    30240 (       30240)

Knitro parallel multistart will run with 4 threads.

Return codes description
------------------------
  0:  The final solution satisfies the termination conditions for verifying optimality.
  -100 to -199:  A feasible approximate solution was found.
  -200 to -299:  Knitro terminated at an infeasible point.
  -300 to -301:  The problem was determined to be unbounded.
  -400 to -499:  Knitro terminated because it reached a pre-defined limit.
    -400 to -409:  A feasible point was found.
    -410 to -419:  No feasible point was found.
  -500 to -599:  Knitro terminated with an input error or some non-standard error.
A more detailed description of individual return codes and their corresponding
termination messages is provided at
https://www.artelys.com/app/docs/knitro/3_referenceManual/returnCodes.html

 Solve #  ThreadID  Status     Objective      FeasError    OptError    Real Time 
--------  --------  ------  --------------   ----------   ----------  ----------
      8          0    -202         2185.22      25081.1      6.23848      131.168
      0          0       0         2.21659  1.51900e-05  8.91487e-06      389.584
      2          2    -410         329.126  2.46497e-02     0.195910      1813.01
      6          1    -410         5166.24  8.66031e-02     0.999061      2000.65
      3          1    -410         637.540  4.88405e-02     0.709638      1865.88
      5          2    -410         9433.31     0.234408     0.999966      2071.45
      4          0    -410         1439.51      5.35402     0.979869      1934.76
      1          3    -410         1566.00  1.27785e-02      1.92159      1960.06
      9          0    -410         836.661  1.19766e-02     0.397573      1953.70
      7          3    -410         1787.15  5.84825e-03      1.72184      2072.34

MULTISTART: Best locally optimal solution is returned.
EXIT: Locally optimal solution found.

Final Statistics
----------------
Final objective value               =   2.21658906505278e+00
Final feasibility error (abs / rel) =   1.52e-05 / 8.25e-07
Final optimality error  (abs / rel) =   8.91e-06 / 8.91e-06
# of iterations                     =      82950 
# of CG iterations                  =          0 
# of function evaluations           =     106817
# of gradient evaluations           =      83180
# of Hessian evaluations            =      83021
Total program time (secs)           =    4410.56543 ( 14555.761 CPU time)

===============================================================================

Knitro 14.2.0: Locally optimal or satisfactory solution.
objective 2.216589065; feasibility error 1.52e-05
82950 iterations; 106817 function evaluations

suffix feaserror OUT;
suffix opterror OUT;
suffix numfcevals OUT;
suffix numiters OUT;
---------------------------- Container and geometric considerations  ----------------------------
Container type: cube
Structural conservation type: volume & surface
---------------------------- Solution execution data ----------------------------
solve_result_num = 0
solve_result = solved

---------------------------- Solution data ----------------------------
card(figures) = 45

coords [*,*,1]
:       1         2         3         4       :=
1    20.8805   20.3595   20.2675   19.8845
2    19.3977   18.8917   19.722    18.8997
3    20.3671   20.3269   20.4973   19.5976
4    20.5501   19.6604   19.9704   19.7004
5    20.2813   21.1083   20.3453   20.8906
6    20.202    20.2684   19.654    20.6497
7    20.2841   21.1083   20.6122   21.1083
8    19.6425   19.9909   19.9362   20.6121
9    21.1083   21.1083   21.1083   20.2999
10   18.9022   18.8939   18.8917   19.715
11   19.513    18.8917   19.6934   19.8066
12   19.7466   18.9289   19.4295   19.8335
13   18.9108   18.8917   19.717    18.8917
14   20.8229   20.3104   20.3207   19.8179
15   19.8243   20.0387   20.5918   19.6425
16   19.3266   19.0211   19.9015   19.764
17   19.8133   19.0534   19.1123   18.8917
18   19.778    19.3122   18.9692   19.8314
19   20.689    19.9882   20.8926   20.2682
20   18.8917   18.9967   19.7384   18.8917
21   19.8083   19.8033   20.2803   19.2859
22   18.8917   19.735    18.8917   18.977
23   20.8334   21.1083   20.2438   21.1083
24   20.9926   20.0839   20.2401   20.638
25   20.3359   20.5012   21.1083   21.1083
26   19.7055   18.8917   18.8917   18.8917
27   18.9516   19.0264   18.8917   19.7696
28   20.5574   20.0547   21.0597   20.5472
29   20.5629   21.1083   21.1083   20.2999
30   19.1139   19.9437   19.4216   19.9467
31   20.6304   19.7273   20.447    20.0219
32   19.4251   19.7056   18.8917   18.8917
33   21.1083   21.0402   20.2754   21.1083
34   19.8372   19.517    19.9217   20.4909
35   20.5835   20.1736   21.1083   20.9294
36   19.6873   20.2996   20.2483   19.4909
37   18.896    19.7348   19.5299   18.9741
38   19.925    19.9749   20.4369   19.4329
39   19.7888   19.3458   19.3044   20.1676
40   20.335    20.6973   19.9663   19.7781
41   19.6139   19.1103   20.1153   19.6153
42   20.0429   20.7499   20.8017   20.0829
43   20.3288   21.1083   21.1083   20.4888
44   19.6219   19.1432   19.9143   20.0835
45   20.0866   20.0387   19.8045   20.7535

 [*,*,2]
:       1         2         3         4       :=
1    20.3234   20.5011   21.1068   20.189
2    21.1083   21.1083   20.5653   20.2911
3    19.7273   20.7226   20.128    20.1284
4    19.576    19.1085   19.5992   20.1127
5    21.1083   21.1083   20.5268   20.3091
6    20.4705   19.5322   20.1816   20.2922
7    19.2955   19.8529   19.7041   18.9412
8    21.1083   20.1874   20.5703   20.9279
9    20.14     21.0997   20.3616   20.5338
10   19.8868   19.3793   18.8917   19.3706
11   21.1083   20.6401   21.1083   20.2599
12   18.8917   19.4055   18.8917   19.7206
13   20.2062   20.3006   20.5564   21.1083
14   21.1083   20.2523   20.9502   21.1083
15   21.0696   20.2831   21.1083   21.1083
16   19.4763   19.7057   20.0365   19.0584
17   19.6796   19.8628   20.3633   19.3929
18   19.9878   19.8916   20.5372   20.7263
19   20.3755   20.0771   19.6621   19.4781
20   18.8917   19.7442   19.0662   18.8917
21   19.1071   19.7232   19.9936   19.9532
22   19.4095   19.9345   20.1929   20.3254
23   19.5953   20.0975   19.5851   19.0926
24   18.8917   18.8917   19.3923   19.7208
25   20.1041   20.1576   20.6228   19.6187
26   20.2829   19.7812   20.2703   20.7862
27   19.3909   19.8876   18.8917   19.2901
28   19.0061   18.8917   18.8917   19.7403
29   20.8043   20.0276   20.3056   19.8694
30   20.3249   20.6919   19.9537   19.7812
31   19.7136   19.9712   19.6741   19.0104
32   21.1083   20.2763   20.7886   20.2727
33   18.8917   19.7974   19.1495   18.9895
34   18.8917   18.8917   19.7178   18.9146
35   20.2508   21.1083   20.8787   21.1083
36   20.1862   19.5047   20.4379   19.8052
37   19.4097   19.9391   19.5869   20.3246
38   19.7761   20.721    19.9869   20.0297
39   20.8646   21.1083   20.1597   20.5298
40   20.1335   20.5559   21.012    20.1751
41   20.8061   21.0948   21.0977   20.226
42   19.5492   19.6291   18.8917   18.8917
43   19.4223   19.3746   20.0461   20.1531
44   19.745    18.8917   18.902    19.0263
45   18.8917   19.5444   19.8276   19.6419

 [*,*,3]
:       1         2         3         4       :=
1    21.1083   20.2794   21.0761   21.1083
2    18.9801   19.8372   19.7611   19.2525
3    20.3446   20.2115   19.4322   19.8578
4    21.1083   21.1083   20.2999   21.1083
5    21.1083   20.5551   20.2912   21.1068
6    20.2378   20.5916   21.0291   21.1083
7    20.5603   20.5523   19.7027   20.1293
8    20.221    20.0774   21.005    20.3529
9    18.8917   19.1899   19.8719   19.3176
10   18.8917   19.7591   18.8917   19.1796
11   19.5184   20.139    20.4969   19.9701
12   19.9847   20.2242   20.928    20.5282
13   20.2565   19.2561   19.7694   19.8372
14   18.8917   19.0129   19.736    18.8917
15   19.2435   19.8311   19.8911   20.221
16   19.3041   20.2336   19.9087   20.094
17   20.4543   21.086    20.2281   20.2124
18   19.9336   20.8075   20.1179   20.5985
19   19.0727   19.7285   19.7507   18.9849
20   20.4361   19.9339   19.9237   19.4311
21   18.928    19.722    18.8917   18.8917
22   19.704    19.8564   20.3174   19.3249
23   19.7055   18.8917   18.8917   18.8917
24   20.0955   19.6662   20.5118   19.6519
25   20.388    19.3981   20.0346   19.9906
26   20.8314   21.1083   20.2418   21.1043
27   20.2494   21.1083   21.1083   20.8245
28   20.257    21.1083   21.1083   20.9432
29   20.3081   20.0085   20.9743   20.5666
30   19.7791   19.347    18.9084   19.7477
31   19.6346   19.9925   20.612    19.9885
32   20.3315   20.8205   21.1083   20.2458
33   20.1502   19.7439   19.6708   19.15
34   19.715    20.6676   20.2631   20.4651
35   19.9634   20.2577   20.5467   19.5953
36   20.9804   20.5673   20.1978   20.0714
37   19.7059   19.8542   18.9464   19.3225
38   19.7184   19.3798   18.8917   18.8917
39   19.7487   18.8917   19.2209   18.8917
40   19.0037   19.8405   19.3233   19.8274
41   20.2999   21.1083   21.1083   21.1083
42   18.9157   19.6255   18.959    19.6614
43   20.4523   21.0848   20.3371   21.1083
44   19.354    19.5362   18.8917   19.8643
45   19.6656   18.9161   19.8515   19.6158
;

side = 2.21659
softness = 0.01

---------------------------- Solution coords data ----------------------------
distances [*,1,*]
:    1   2   3   4    :=
1    0   1   0   1
2    0   1   0   1
3    0   1   0   1
4    0   1   0   1
5    0   1   0   1
6    0   1   0   1
7    0   1   0   1
8    0   1   0   1
9    0   1   0   1
10   0   1   0   1
11   0   1   0   1
12   0   1   0   1
13   0   1   0   1
14   0   1   0   1
15   0   1   0   1
16   0   1   0   1
17   0   1   0   1
18   0   1   0   1
19   0   1   0   1
20   0   1   0   1
21   0   1   0   1
22   0   1   0   1
23   0   1   0   1
24   0   1   0   1
25   0   1   0   1
26   0   1   0   1
27   0   1   0   1
28   0   1   0   1
29   0   1   0   1
30   0   1   0   1
31   0   1   0   1
32   0   1   0   1
33   0   1   0   1
34   0   1   0   1
35   0   1   0   1
36   0   1   0   1
37   0   1   0   1
38   0   1   0   1
39   0   1   0   1
40   0   1   0   1
41   0   1   0   1
42   0   1   0   1
43   0   1   0   1
44   0   1   0   1
45   0   1   0   1

 [*,2,*]
:    1   2   3   4    :=
1    0   0   1   1
2    0   0   1   1
3    0   0   1   1
4    0   0   1   1
5    0   0   1   1
6    0   0   1   1
7    0   0   1   1
8    0   0   1   1
9    0   0   1   1
10   0   0   1   1
11   0   0   1   1
12   0   0   1   1
13   0   0   1   1
14   0   0   1   1
15   0   0   1   1
16   0   0   1   1
17   0   0   1   1
18   0   0   1   1
19   0   0   1   1
20   0   0   1   1
21   0   0   1   1
22   0   0   1   1
23   0   0   1   1
24   0   0   1   1
25   0   0   1   1
26   0   0   1   1
27   0   0   1   1
28   0   0   1   1
29   0   0   1   1
30   0   0   1   1
31   0   0   1   1
32   0   0   1   1
33   0   0   1   1
34   0   0   1   1
35   0   0   1   1
36   0   0   1   1
37   0   0   1   1
38   0   0   1   1
39   0   0   1   1
40   0   0   1   1
41   0   0   1   1
42   0   0   1   1
43   0   0   1   1
44   0   0   1   1
45   0   0   1   1

 [*,3,*]
:    1   2   3   4    :=
1    1   0   0   1
2    1   0   0   1
3    1   0   0   1
4    1   0   0   1
5    1   0   0   1
6    1   0   0   1
7    1   0   0   1
8    1   0   0   1
9    1   0   0   1
10   1   0   0   1
11   1   0   0   1
12   1   0   0   1
13   1   0   0   1
14   1   0   0   1
15   1   0   0   1
16   1   0   0   1
17   1   0   0   1
18   1   0   0   1
19   1   0   0   1
20   1   0   0   1
21   1   0   0   1
22   1   0   0   1
23   1   0   0   1
24   1   0   0   1
25   1   0   0   1
26   1   0   0   1
27   1   0   0   1
28   1   0   0   1
29   1   0   0   1
30   1   0   0   1
31   1   0   0   1
32   1   0   0   1
33   1   0   0   1
34   1   0   0   1
35   1   0   0   1
36   1   0   0   1
37   1   0   0   1
38   1   0   0   1
39   1   0   0   1
40   1   0   0   1
41   1   0   0   1
42   1   0   0   1
43   1   0   0   1
44   1   0   0   1
45   1   0   0   1

 [*,4,*]
:    1   2   3   4    :=
1    1   1   1   0
2    1   1   1   0
3    1   1   1   0
4    1   1   1   0
5    1   1   1   0
6    1   1   1   0
7    1   1   1   0
8    1   1   1   0
9    1   1   1   0
10   1   1   1   0
11   1   1   1   0
12   1   1   1   0
13   1   1   1   0
14   1   1   1   0
15   1   1   1   0
16   1   1   1   0
17   1   1   1   0
18   1   1   1   0
19   1   1   1   0
20   1   1   1   0
21   1   1   1   0
22   1   1   1   0
23   1   1   1   0
24   1   1   1   0
25   1   1   1   0
26   1   1   1   0
27   1   1   1   0
28   1   1   1   0
29   1   1   1   0
30   1   1   1   0
31   1   1   1   0
32   1   1   1   0
33   1   1   1   0
34   1   1   1   0
35   1   1   1   0
36   1   1   1   0
37   1   1   1   0
38   1   1   1   0
39   1   1   1   0
40   1   1   1   0
41   1   1   1   0
42   1   1   1   0
43   1   1   1   0
44   1   1   1   0
45   1   1   1   0
;

---------------------------- Solution stats data ----------------------------
_ampl_time = 0.108819
_total_solve_time = 14556.1
_ampl_elapsed_time = 0.18171
_ampl_user_time = 0.080598

Total time elapsed: $14556.12.
_total_solve_time = 14556.1

---------------------------- Solution miscs data ----------------------------
tetrahedron_volume [*] :=
 1 0    6 0   11 0   16 0   21 0   26 0   31 0   36 0   41 0
 2 0    7 0   12 0   17 0   22 0   27 0   32 0   37 0   42 0
 3 0    8 0   13 0   18 0   23 0   28 0   33 0   38 0   43 0
 4 0    9 0   14 0   19 0   24 0   29 0   34 0   39 0   44 0
 5 0   10 0   15 0   20 0   25 0   30 0   35 0   40 0   45 0
;

---------------------------- Solution miscs data ----------------------------
tetrahedron_surface_area [*] :=
 1 1.73205    9 1.73205   17 1.73205   25 1.73205   33 1.73205   41 1.73205
 2 1.73205   10 1.73205   18 1.73205   26 1.73205   34 1.73205   42 1.73205
 3 1.73205   11 1.73205   19 1.73205   27 1.73205   35 1.73205   43 1.73205
 4 1.73205   12 1.73205   20 1.73205   28 1.73205   36 1.73205   44 1.73205
 5 1.73205   13 1.73205   21 1.73205   29 1.73205   37 1.73205   45 1.73205
 6 1.73205   14 1.73205   22 1.73205   30 1.73205   38 1.73205
 7 1.73205   15 1.73205   23 1.73205   31 1.73205   39 1.73205
 8 1.73205   16 1.73205   24 1.73205   32 1.73205   40 1.73205
;

