Error at _cmdno 5 executing "solve" command
(file amplin, line 1945, offset 37257):
error processing param distances:
	4000 invalid subscripts discarded:
	distances[51,1,1]
	distances[51,1,2]
	distances[51,1,3]
	and 3997 more.
##### This license is only intended for use by NEOS. #####
##### License is valid until Jan 16, 2026 #####
riables.
Adjusted problem:
6726 variables:
	4276 nonlinear variables
	2450 linear variables
13100 constraints; 79725 nonzeros
	11875 nonlinear constraints
	1225 linear constraints
	1275 equality constraints
	11825 inequality constraints
1 linear objective; 1 nonzero.

Artelys Knitro 14.2.0: threads=4
algorithm=1
ms_enable=1
ms_maxsolves=10
feastol=1e-5
opttol=1e-5
honorbnds=1
bar_initpt=3
bar_murule=4
scale=1
outlev=2
maxtime_real=3600
WARNING:  Option 'threads' is deprecated, please use 'numthreads'.

=======================================
           Academic License
       (NOT FOR COMMERCIAL USE)
         Artelys Knitro 14.2.0
=======================================

No start point provided -- Knitro computing one.

Knitro presolve eliminated 0 variables and 0 constraints.

algorithm                1
bar_initpt               3
bar_murule               4
concurrent_evals         0
datacheck                0
feastol                  1e-05
findiff_numthreads       1
hessian_no_f             1
hessopt                  1
honorbnds                1
maxtime_real             3600
ms_enable                1
ms_maxsolves             10
numthreads               4
opttol                   1e-05

Problem Characteristics                                 (   Presolved)
-----------------------
Objective goal:  Minimize
Objective type:  linear
Number of variables:                               6726 (        6726)
    bounded below only:                             601 (         601)
    bounded above only:                               0 (           0)
    bounded below and above:                          0 (           0)
    fixed:                                            0 (           0)
    free:                                          6125 (        6125)
Number of constraints:                            13100 (       13100)
    linear equalities:                                0 (           0)
    quadratic equalities:                          1225 (        1225)
    gen. nonlinear equalities:                       50 (          50)
    linear one-sided inequalities:                 1225 (        1225)
    quadratic one-sided inequalities:             10600 (       10600)
    gen. nonlinear one-sided inequalities:            0 (           0)
    linear two-sided inequalities:                    0 (           0)
    quadratic two-sided inequalities:                 0 (           0)
    gen. nonlinear two-sided inequalities:            0 (           0)
Number of nonzeros in Jacobian:                   79725 (       79725)
Number of nonzeros in Hessian:                    36976 (       36976)

Knitro parallel multistart will run with 4 threads.

Return codes description
------------------------
  0:  The final solution satisfies the termination conditions for verifying optimality.
  -100 to -199:  A feasible approximate solution was found.
  -200 to -299:  Knitro terminated at an infeasible point.
  -300 to -301:  The problem was determined to be unbounded.
  -400 to -499:  Knitro terminated because it reached a pre-defined limit.
    -400 to -409:  A feasible point was found.
    -410 to -419:  No feasible point was found.
  -500 to -599:  Knitro terminated with an input error or some non-standard error.
A more detailed description of individual return codes and their corresponding
termination messages is provided at
https://www.artelys.com/app/docs/knitro/3_referenceManual/returnCodes.html

 Solve #  ThreadID  Status     Objective      FeasError    OptError    Real Time 
--------  --------  ------  --------------   ----------   ----------  ----------
      3          3    -202         1311.64      21607.9      109.319      91.0764
      0          0       0         1.16245  8.21338e-05  2.97454e-06      185.221
      9          0    -410         3800.24  1.08003e+06      1.00000      2204.95
      8          1    -410         9349.66      29.6644      1.93912      2410.83
      6          2    -410         1.24006  1.78714e-02  5.24071e-03      2006.93
      5          0    -410         538.599     0.197111      1.80081      1711.66
      4          3    -410         25973.6      7.90714      1.00000      1744.33
      2          2    -201         16131.4  4.82989e-02     0.962649      1683.94
      7          3    -410         20577.7      10.6447     0.999975      2429.49
      1          1    -410         2346.94     0.431790      1.46578      1838.65

MULTISTART: Best locally optimal solution is returned.
EXIT: Locally optimal solution found.

Final Statistics
----------------
Final objective value               =   1.16244735120315e+00
Final feasibility error (abs / rel) =   8.21e-05 / 7.66e-08
Final optimality error  (abs / rel) =   2.97e-06 / 2.97e-06
# of iterations                     =      82004 
# of CG iterations                  =          0 
# of function evaluations           =     102069
# of gradient evaluations           =      82300
# of Hessian evaluations            =      82055
Total program time (secs)           =    4265.51074 ( 15962.794 CPU time)

===============================================================================

Knitro 14.2.0: Locally optimal or satisfactory solution.
objective 1.162447351; feasibility error 8.21e-05
82004 iterations; 102069 function evaluations

suffix feaserror OUT;
suffix opterror OUT;
suffix numfcevals OUT;
suffix numiters OUT;
---------------------------- Container and geometric considerations  ----------------------------
Container type: sphere
Structural conservation type: surface
---------------------------- Solution execution data ----------------------------
solve_result_num = 0
solve_result = solved

---------------------------- Solution data ----------------------------
card(figures) = 50

coords [*,*,1]
:       1         2         3         4       :=
1    19.1699   19.3444   19.0707   20.1679
2    20.1195   20.708    19.4471   20.2056
3    18.8445   19.0112   19.9938   19.1363
4    19.2412   19.5092   18.9786   19.9928
5    20.0816   20.8096   20.0984   19.9554
6    19.8639   20.7971   19.9568   20.6753
7    20.2119   20.5561   20.1141   19.496
8    20.1784   19.3535   19.0596   20.0013
9    21.0092   20.6655   20.5836   20.8201
10   19.9856   20.4299   20.9925   20.8815
11   19.5738   19.5888   20.756    19.8874
12   20.4169   19.6533   20.1633   20.8352
13   19.641    19.4234   19.0694   20.2574
14   21.0215   21.1425   20.7221   20.4873
15   19.9786   20.252    19.4967   19.1497
16   19.6202   20.2181   20.3527   20.1678
17   19.7284   18.8769   19.1134   19.8574
18   19.7271   19.4684   18.9322   19.9605
19   20.6287   19.44     20.1578   20.0319
20   19.2548   20.192    20.383    19.9303
21   19.1045   19.6941   18.9213   19.9596
22   20.5943   20.2865   19.8873   20.802
23   20.8131   20.1676   20.3511   20.1908
24   20.8065   20.771    20.3414   20.9631
25   19.8209   19.6147   18.8672   19.0902
26   18.8684   19.9761   19.2073   19.264
27   20.9925   20.8083   20.6935   19.9856
28   20.7151   20.8063   20.1624   20.1636
29   19.3404   20.3509   20.1125   20.0219
30   20.5561   20.1122   20.2036   20.9613
31   20.1666   19.1712   20.0199   19.619
32   20.2098   20.2134   19.043    20.0091
33   19.8874   19.9257   19.5888   20.7885
34   20.9265   20.7348   20.1658   20.274
35   18.9247   19.4188   20.0446   19.9024
36   20.8122   20.2443   19.5964   19.9786
37   19.496    20.1141   20.2119   19.2316
38   20.5568   20.1214   20.22     19.536
39   20.4203   19.4669   20.0866   19.4466
40   19.2202   20.1222   19.203    18.8613
41   20.022    19.9422   19.0314   20.0852
42   19.5707   20.6513   20.4525   19.7679
43   20.301    20.4054   19.7847   19.2075
44   19.5234   20.3897   19.6382   19.4357
45   19.366    19.1779   20.1381   20.0189
46   19.573    20.4964   20.546    20.8119
47   19.0425   20.0103   19.5386   20.2096
48   19.7376   20.3888   20.8013   20.1443
49   20.5569   20.671    20.5085   20.9816
50   19.6895   20.0442   19.9596   18.9335

 [*,*,2]
:       1         2         3         4       :=
1    20.1587   19.5558   20.6717   20.2162
2    20.2612   19.9792   19.9735   19.6305
3    20.0432   20.5947   20.0854   19.3374
4    19.1283   19.0555   20.1824   19.6281
5    20.6817   20.2425   21.109    19.8536
6    19.0748   19.9152   20.1726   19.1513
7    18.9013   19.0068   20.1412   19.08
8    20.2771   19.9998   20.4888   19.9949
9    19.8812   20.9354   19.8146   20.4642
10   20.0874   19.0136   19.5376   20.0462
11   19.5736   18.9233   19.1927   20.0481
12   19.6416   19.7169   20.6597   19.6135
13   21.1019   20.2311   20.5067   20.1056
14   20.5249   19.7905   19.3224   19.8044
15   20.5984   19.3775   19.5446   19.9778
16   19.7453   19.2935   18.9995   20.2063
17   19.0278   19.9547   19.2544   20.1561
18   20.1256   18.9667   20.096    19.6458
19   19.5694   19.9782   20.208    19.3933
20   20.3242   21.0313   19.8298   19.933
21   20.7103   19.8957   20.3407   21.061
22   20.7515   20.1376   21.1096   20.8413
23   19.1772   20.2144   19.0093   19.3834
24   20.8367   20.6136   20.2566   19.6361
25   20.2489   19.0766   20.0967   19.6549
26   20.1878   20.0995   19.2097   20.3668
27   19.5376   20.1951   20.7569   20.0874
28   19.3695   19.1674   20.2383   19.4299
29   19.385    18.9153   20.1495   19.1397
30   19.0068   20.1461   18.9698   19.4698
31   20.2053   20.1193   19.1826   19.7443
32   20.0884   20.3019   20.5348   20.9751
33   20.0481   19.0535   18.9233   19.2339
34   19.3619   20.5905   20.307    20.0199
35   20.3632   20.3387   20.3377   21.1531
36   20.0185   19.3629   19.7627   20.5984
37   19.08     20.1412   18.9013   19.5672
38   20.6625   21.1489   20.0932   21.0596
39   20.1658   20.989    21.1069   20.2317
40   19.5815   20.1539   20.6834   20.153
41   20.3048   19.738    20.4997   20.9934
42   20.7648   20.7281   19.9027   20.1663
43   18.8938   19.869    18.8834   19.5163
44   20.1724   19.8276   18.9186   19.7182
45   19.4103   20.0841   20.1749   19.1399
46   20.7086   19.8745   20.7605   20.509
47   20.5311   20.9698   21.0567   20.0888
48   19.9185   19.8604   20.1044   21.0948
49   19.8596   20.9343   19.681    19.8305
50   19.8755   20.2985   21.061    20.3492

 [*,*,3]
:       1         2         3         4       :=
1    19.2018   19.28     19.8091   19.9769
2    20.0103   19.0783   18.9782   18.9172
3    20.1195   19.8587   20.4713   19.9188
4    19.875    20.4672   20.2472   20.7611
5    20.9381   20.7982   20.3342   20.2748
6    20.6905   20.8418   20.6197   20.4183
7    19.685    20.2359   19.9132   19.6103
8    20.0578   19.1398   19.5226   18.8376
9    20.426    19.8172   19.2366   19.3194
10   19.8575   20.1753   20.3904   20.7496
11   20.1184   20.1516   20.3578   20.6472
12   20.2366   20.2714   20.9431   20.7102
13   19.9088   19.0175   19.5982   19.4318
14   19.8548   20.0448   20.1086   18.9629
15   20.9964   20.9488   20.489    20.7923
16   18.9343   19.103    19.6465   19.9772
17   19.8293   19.7035   19.9031   20.3863
18   20.4052   19.9693   20.1617   20.7447
19   19.1222   18.9816   19.9684   19.009
20   19.9399   20.3681   20.2272   19.7979
21   19.7881   20.5555   20.2675   20.2129
22   20.6582   19.596    19.6724   19.9845
23   20.115    19.9865   19.6489   19.0332
24   20.0259   20.6167   19.4818   20.392
25   20.2085   19.7806   19.7578   19.364
26   20.1881   20.7796   20.3136   20.8216
27   20.3904   20.8124   20.5455   19.8575
28   19.3349   20.0886   20.0041   19.0313
29   19.2666   19.7729   19.9141   19.2186
30   20.2359   19.9118   19.5015   20.3824
31   19.9749   19.1991   19.245    18.932
32   19.4218   20.0329   19.6136   20.3012
33   20.6472   20.6708   20.1516   20.3777
34   20.2927   20.5247   20.0473   19.4942
35   20.2512   20.948    20.8387   20.1097
36   20.8314   20.9411   20.594    20.9964
37   19.6103   19.9132   19.685    19.2427
38   20.5171   20.1287   19.439    19.8844
39   19.5862   19.7018   19.6558   19.0044
40   19.2463   19.9236   19.8673   19.823
41   20.595    20.2693   19.8329   20.3287
42   19.2371   19.8935   18.9559   19.1836
43   20.1921   20.252    19.7589   20.063
44   19.8959   20.2314   19.7744   19.4081
45   19.2881   19.1825   19.9356   19.2182
46   19.1834   18.9564   19.8579   19.342
47   19.6096   20.2959   19.8836   19.4223
48   20.1375   20.2343   20.7963   20.3632
49   19.1752   19.8324   19.78     20.3663
50   20.5614   20.87     20.2129   20.2669
;

radius = 1.16245
softness = 0.6

---------------------------- Solution coords data ----------------------------
distances [*,1,*]
:    1   2   3   4    :=
1    0   1   0   1
2    0   1   0   1
3    0   1   0   1
4    0   1   0   1
5    0   1   0   1
6    0   1   0   1
7    0   1   0   1
8    0   1   0   1
9    0   1   0   1
10   0   1   0   1
11   0   1   0   1
12   0   1   0   1
13   0   1   0   1
14   0   1   0   1
15   0   1   0   1
16   0   1   0   1
17   0   1   0   1
18   0   1   0   1
19   0   1   0   1
20   0   1   0   1
21   0   1   0   1
22   0   1   0   1
23   0   1   0   1
24   0   1   0   1
25   0   1   0   1
26   0   1   0   1
27   0   1   0   1
28   0   1   0   1
29   0   1   0   1
30   0   1   0   1
31   0   1   0   1
32   0   1   0   1
33   0   1   0   1
34   0   1   0   1
35   0   1   0   1
36   0   1   0   1
37   0   1   0   1
38   0   1   0   1
39   0   1   0   1
40   0   1   0   1
41   0   1   0   1
42   0   1   0   1
43   0   1   0   1
44   0   1   0   1
45   0   1   0   1
46   0   1   0   1
47   0   1   0   1
48   0   1   0   1
49   0   1   0   1
50   0   1   0   1

 [*,2,*]
:    1   2   3   4    :=
1    0   0   1   1
2    0   0   1   1
3    0   0   1   1
4    0   0   1   1
5    0   0   1   1
6    0   0   1   1
7    0   0   1   1
8    0   0   1   1
9    0   0   1   1
10   0   0   1   1
11   0   0   1   1
12   0   0   1   1
13   0   0   1   1
14   0   0   1   1
15   0   0   1   1
16   0   0   1   1
17   0   0   1   1
18   0   0   1   1
19   0   0   1   1
20   0   0   1   1
21   0   0   1   1
22   0   0   1   1
23   0   0   1   1
24   0   0   1   1
25   0   0   1   1
26   0   0   1   1
27   0   0   1   1
28   0   0   1   1
29   0   0   1   1
30   0   0   1   1
31   0   0   1   1
32   0   0   1   1
33   0   0   1   1
34   0   0   1   1
35   0   0   1   1
36   0   0   1   1
37   0   0   1   1
38   0   0   1   1
39   0   0   1   1
40   0   0   1   1
41   0   0   1   1
42   0   0   1   1
43   0   0   1   1
44   0   0   1   1
45   0   0   1   1
46   0   0   1   1
47   0   0   1   1
48   0   0   1   1
49   0   0   1   1
50   0   0   1   1

 [*,3,*]
:    1   2   3   4    :=
1    1   0   0   1
2    1   0   0   1
3    1   0   0   1
4    1   0   0   1
5    1   0   0   1
6    1   0   0   1
7    1   0   0   1
8    1   0   0   1
9    1   0   0   1
10   1   0   0   1
11   1   0   0   1
12   1   0   0   1
13   1   0   0   1
14   1   0   0   1
15   1   0   0   1
16   1   0   0   1
17   1   0   0   1
18   1   0   0   1
19   1   0   0   1
20   1   0   0   1
21   1   0   0   1
22   1   0   0   1
23   1   0   0   1
24   1   0   0   1
25   1   0   0   1
26   1   0   0   1
27   1   0   0   1
28   1   0   0   1
29   1   0   0   1
30   1   0   0   1
31   1   0   0   1
32   1   0   0   1
33   1   0   0   1
34   1   0   0   1
35   1   0   0   1
36   1   0   0   1
37   1   0   0   1
38   1   0   0   1
39   1   0   0   1
40   1   0   0   1
41   1   0   0   1
42   1   0   0   1
43   1   0   0   1
44   1   0   0   1
45   1   0   0   1
46   1   0   0   1
47   1   0   0   1
48   1   0   0   1
49   1   0   0   1
50   1   0   0   1

 [*,4,*]
:    1   2   3   4    :=
1    1   1   1   0
2    1   1   1   0
3    1   1   1   0
4    1   1   1   0
5    1   1   1   0
6    1   1   1   0
7    1   1   1   0
8    1   1   1   0
9    1   1   1   0
10   1   1   1   0
11   1   1   1   0
12   1   1   1   0
13   1   1   1   0
14   1   1   1   0
15   1   1   1   0
16   1   1   1   0
17   1   1   1   0
18   1   1   1   0
19   1   1   1   0
20   1   1   1   0
21   1   1   1   0
22   1   1   1   0
23   1   1   1   0
24   1   1   1   0
25   1   1   1   0
26   1   1   1   0
27   1   1   1   0
28   1   1   1   0
29   1   1   1   0
30   1   1   1   0
31   1   1   1   0
32   1   1   1   0
33   1   1   1   0
34   1   1   1   0
35   1   1   1   0
36   1   1   1   0
37   1   1   1   0
38   1   1   1   0
39   1   1   1   0
40   1   1   1   0
41   1   1   1   0
42   1   1   1   0
43   1   1   1   0
44   1   1   1   0
45   1   1   1   0
46   1   1   1   0
47   1   1   1   0
48   1   1   1   0
49   1   1   1   0
50   1   1   1   0
;

---------------------------- Solution stats data ----------------------------
_ampl_time = 0.062479
_total_solve_time = 15963
_ampl_elapsed_time = 0.058391
_ampl_user_time = 0.042314

Total time elapsed: $15963.00.
_total_solve_time = 15963

---------------------------- Solution miscs data ----------------------------
tetrahedron_volume [*] :=
 1 0    6 0   11 0   16 0   21 0   26 0   31 0   36 0   41 0   46 0
 2 0    7 0   12 0   17 0   22 0   27 0   32 0   37 0   42 0   47 0
 3 0    8 0   13 0   18 0   23 0   28 0   33 0   38 0   43 0   48 0
 4 0    9 0   14 0   19 0   24 0   29 0   34 0   39 0   44 0   49 0
 5 0   10 0   15 0   20 0   25 0   30 0   35 0   40 0   45 0   50 0
;

---------------------------- Solution miscs data ----------------------------
tetrahedron_surface_area [*] :=
 1 1.73205   10 1.73205   19 1.73205   28 1.73205   37 1.73205   46 1.73205
 2 1.73205   11 1.73205   20 1.73205   29 1.73205   38 1.73205   47 1.73205
 3 1.73205   12 1.73205   21 1.73205   30 1.73205   39 1.73205   48 1.73205
 4 1.73205   13 1.73205   22 1.73205   31 1.73205   40 1.73205   49 1.73205
 5 1.73205   14 1.73205   23 1.73205   32 1.73205   41 1.73205   50 1.73205
 6 1.73205   15 1.73205   24 1.73205   33 1.73205   42 1.73205
 7 1.73205   16 1.73205   25 1.73205   34 1.73205   43 1.73205
 8 1.73205   17 1.73205   26 1.73205   35 1.73205   44 1.73205
 9 1.73205   18 1.73205   27 1.73205   36 1.73205   45 1.73205
;

