Error at _cmdno 5 executing "solve" command
(file amplin, line 1945, offset 37257):
error processing param distances:
	3680 invalid subscripts discarded:
	distances[71,1,1]
	distances[71,1,2]
	distances[71,1,3]
	and 3677 more.
##### This license is only intended for use by NEOS. #####
##### License is valid until Jan 16, 2026 #####
ariables.
Adjusted problem:
12916 variables:
	8086 nonlinear variables
	4830 linear variables
25340 constraints; 154315 nonzeros
	22925 nonlinear constraints
	2415 linear constraints
	2485 equality constraints
	22855 inequality constraints
1 linear objective; 1 nonzero.

Artelys Knitro 14.2.0: threads=4
algorithm=1
ms_enable=1
ms_maxsolves=10
feastol=1e-5
opttol=1e-5
honorbnds=1
bar_initpt=3
bar_murule=4
scale=1
outlev=2
maxtime_real=3600
WARNING:  Option 'threads' is deprecated, please use 'numthreads'.

=======================================
           Academic License
       (NOT FOR COMMERCIAL USE)
         Artelys Knitro 14.2.0
=======================================

No start point provided -- Knitro computing one.

Knitro presolve eliminated 0 variables and 0 constraints.

algorithm                1
bar_initpt               3
bar_murule               4
concurrent_evals         0
datacheck                0
feastol                  1e-05
findiff_numthreads       1
hessian_no_f             1
hessopt                  1
honorbnds                1
maxtime_real             3600
ms_enable                1
ms_maxsolves             10
numthreads               4
opttol                   1e-05

Problem Characteristics                                 (   Presolved)
-----------------------
Objective goal:  Minimize
Objective type:  linear
Number of variables:                              12916 (       12916)
    bounded below only:                             841 (         841)
    bounded above only:                               0 (           0)
    bounded below and above:                          0 (           0)
    fixed:                                            0 (           0)
    free:                                         12075 (       12075)
Number of constraints:                            25340 (       25340)
    linear equalities:                                0 (           0)
    quadratic equalities:                          2415 (        2415)
    gen. nonlinear equalities:                       70 (          70)
    linear one-sided inequalities:                 2415 (        2415)
    quadratic one-sided inequalities:             20440 (       20440)
    gen. nonlinear one-sided inequalities:            0 (           0)
    linear two-sided inequalities:                    0 (           0)
    quadratic two-sided inequalities:                 0 (           0)
    gen. nonlinear two-sided inequalities:            0 (           0)
Number of nonzeros in Jacobian:                  154315 (      154315)
Number of nonzeros in Hessian:                    70666 (       70666)

Knitro parallel multistart will run with 4 threads.

Return codes description
------------------------
  0:  The final solution satisfies the termination conditions for verifying optimality.
  -100 to -199:  A feasible approximate solution was found.
  -200 to -299:  Knitro terminated at an infeasible point.
  -300 to -301:  The problem was determined to be unbounded.
  -400 to -499:  Knitro terminated because it reached a pre-defined limit.
    -400 to -409:  A feasible point was found.
    -410 to -419:  No feasible point was found.
  -500 to -599:  Knitro terminated with an input error or some non-standard error.
A more detailed description of individual return codes and their corresponding
termination messages is provided at
https://www.artelys.com/app/docs/knitro/3_referenceManual/returnCodes.html

 Solve #  ThreadID  Status     Objective      FeasError    OptError    Real Time 
--------  --------  ------  --------------   ----------   ----------  ----------
      4          0    -202         1757.28      56351.9      1.59000      430.690
      6          1    -202         1281.56      56172.8      152.536      609.693
      0          0       0         1.36383  4.47861e-05  8.37041e-06      1023.20
      1          1    -410         557.813      24.9224     0.997922      4384.89
      7          3    -410         494.421     0.197194  9.52782e-02      4903.19
      9          2    -410         1847.36  5.90608e-02      7.35807      5147.41
      8          1    -410         1007.40  1.00690e-02      4.48726      5185.01
      3          2    -410         51418.2      1.06436      1.00000      5218.93
      2          3    -410         3095.79     0.429081     0.367865      4924.51
      5          0    -410         5738.51  7.52285e-02      1.00000      5640.70

MULTISTART: Best locally optimal solution is returned.
EXIT: Locally optimal solution found.

Final Statistics
----------------
Final objective value               =   1.36383203274445e+00
Final feasibility error (abs / rel) =   4.48e-05 / 4.18e-08
Final optimality error  (abs / rel) =   8.37e-06 / 8.37e-06
# of iterations                     =      75293 
# of CG iterations                  =          0 
# of function evaluations           =     122848
# of gradient evaluations           =      75664
# of Hessian evaluations            =      75350
Total program time (secs)           =   10368.81348 ( 35041.367 CPU time)

===============================================================================

Knitro 14.2.0: Locally optimal or satisfactory solution.
objective 1.363832033; feasibility error 4.48e-05
75293 iterations; 122848 function evaluations

suffix feaserror OUT;
suffix opterror OUT;
suffix numfcevals OUT;
suffix numiters OUT;
---------------------------- Container and geometric considerations  ----------------------------
Container type: sphere
Structural conservation type: surface
---------------------------- Solution execution data ----------------------------
solve_result_num = 0
solve_result = solved

---------------------------- Solution data ----------------------------
card(figures) = 70

coords [*,*,1]
:       1         2         3         4       :=
1    19.445    20.2566   19.1257   19.8146
2    20.7381   20.3248   20.1737   20.2597
3    19.5657   18.8519   18.9106   19.661
4    19.6843   19.9065   20.0459   19.053
5    20.2365   19.6848   19.6407   20.7124
6    19.96     19.9707   20.141    20.6775
7    20.9627   20.3858   20.8249   19.8613
8    20.3344   19.4688   20.2053   19.9415
9    21.2167   20.4252   20.687    20.2626
10   20.3658   19.2415   20.0537   19.5666
11   19.5152   19.9214   20.1195   20.6823
12   19.9172   19.9216   20.81     20.6684
13   18.665    19.1388   18.8908   19.8457
14   20.7757   20.2186   21.1803   20.2011
15   19.053    20.0459   18.9555   19.6843
16   19.7895   20.2364   19.4909   20.4145
17   19.762    18.9728   19.4618   20.0934
18   19.8607   19.984    19.3061   20.1609
19   20.2001   19.5409   20.3948   20.5461
20   20.0374   19.242    19.8843   20.1201
21   19.2524   19.3005   19.9373   18.8792
22   18.9628   19.9552   19.762    19.2653
23   21.2181   20.4508   20.131    20.8006
24   21.1046   21.2212   20.8038   20.4729
25   20.6828   20.8053   19.9509   21.0127
26   19.7686   18.8355   19.816    19.3971
27   19.76     19.3143   19.2388   19.922
28   20.7746   20.219    21.258    21.1807
29   20.5508   21.1296   21.15     20.2827
30   20.1017   20.6453   20.696    21.2116
31   20.144    20.7125   21.0939   20.1293
32   18.665    19.1458   18.7915   19.8469
33   20.7125   20.2076   20.068    20.3703
34   21.2485   20.4075   21.2472   21.1762
35   18.8661   19.8466   18.6425   18.8924
36   20.1756   19.9639   19.2388   19.7373
37   19.9716   20.1407   20.9029   20.6774
38   19.6681   19.9552   19.7391   18.9628
39   19.118    19.6355   19.9101   20.2857
40   20.3417   21.2222   20.6399   20.728
41   18.9499   19.8353   19.1144   18.665
42   19.9552   19.6352   20.7353   20.4215
43   20.0754   20.1579   20.3658   19.5623
44   20.0374   19.2991   19.242    19.8819
45   21.1506   20.2827   20.5508   20.2557
46   20.5106   20.2933   19.8178   20.5575
47   20.2566   20.2666   19.8146   19.2097
48   20.6458   20.6949   21.2116   21.2472
49   21.1466   21.2472   20.3475   21.1776
50   19.0737   19.5279   19.8349   18.9424
51   20.7124   20.1712   20.9029   19.9899
52   21.2238   20.0962   20.8356   20.6793
53   19.9064   19.7049   20.6771   20.0347
54   19.2609   19.2048   19.7539   20.12
55   19.1458   19.6106   19.8481   18.6633
56   19.787    19.1177   20.1201   19.4818
57   18.9255   18.665    19.8377   18.7741
58   20.7328   20.3419   19.7309   20.6397
59   19.2816   19.9538   20.0543   20.404
60   19.7979   18.9727   19.261    18.665
61   19.2956   19.6828   19.3093   18.8963
62   19.9546   19.3135   18.9037   19.2997
63   20.7189   19.9589   20.0029   20.6178
64   20.0663   20.7124   20.1304   19.8991
65   20.2934   21.1189   20.5106   20.5575
66   19.8746   18.9815   18.8903   18.9214
67   20.4626   19.9302   19.5826   20.7718
68   20.7293   20.0967   21.1897   20.6933
69   20.6396   19.6854   19.7303   20.7328
70   19.7365   19.9552   20.4215   19.6353

 [*,*,2]
:       1         2         3         4       :=
1    19.9      20.7767   20.5327   19.7688
2    21.1423   20.8723   21.2385   20.0657
3    19.9598   19.7034   20.4425   20.585
4    20.2445   20.997    19.993    20.3298
5    19.5272   19.249    18.6858   18.9666
6    20.4044   19.8996   19.5076   20.3988
7    20.558    19.6126   20.1791   20.0716
8    20.78     21.0571   21.27     20.1355
9    20.6162   21.0031   21.1719   20.0611
10   18.8395   19.2186   19.7372   18.7534
11   20.9004   20.0957   21.2627   20.8764
12   20.0677   20.991    20.1915   20.8639
13   20.1568   19.8093   19.3768   20.0138
14   19.197    19.9082   20.3121   19.6648
15   20.3298   19.993    19.5718   20.2445
16   20.4119   19.9166   19.3981   20.0419
17   20.672    19.7984   19.9071   19.9434
18   19.9794   19.6876   18.9127   19.533
19   19.6331   19.7945   20.1454   20.4347
20   19.7169   18.8997   18.6438   19.5732
21   19.949    18.9371   19.8545   19.5333
22   20.8851   21.2481   20.1083   20.9057
23   20.2859   19.8543   19.7731   19.1767
24   20.7492   19.778    20.1135   19.7522
25   20.8728   20.1161   20.0794   20.615
26   21.1882   20.4298   20.1505   20.6779
27   19.8795   18.9142   19.9124   19.4197
28   19.1955   19.9083   19.5896   20.3123
29   20.4459   20.7486   20.2398   19.893
30   19.62     19.9762   18.8883   19.5204
31   19.553    18.9666   19.7872   20.017
32   20.1568   20.8682   20.2269   20.1803
33   18.9666   18.655    19.8294   18.84
34   19.5481   19.989    19.9439   20.3981
35   19.3774   19.8888   19.8836   19.6864
36   19.2879   20.3878   19.9124   19.8809
37   19.9029   19.5074   19.658    20.3985
38   21.3123   21.2481   20.1576   20.8851
39   20.5258   21.047    20.1201   20.7652
40   20.0229   20.6053   20.8263   21.1477
41   19.8975   20.0224   20.8137   20.1568
42   21.2481   21.2267   21.1444   20.3424
43   19.7738   18.6725   18.8395   18.7543
44   19.7169   19.0399   18.8997   18.6413
45   20.2394   19.893    20.4459   19.7596
46   20.418    20.0517   20.1545   21.0018
47   20.7767   20.2538   19.7688   20.4757
48   19.9758   18.8881   19.5204   19.9439
49   20.6615   19.9439   19.9922   20.3974
50   20.7304   19.775    20.0215   19.9951
51   18.9666   19.5097   19.658    19.8981
52   19.6946   20.0766   20.0883   19.0262
53   20.9965   20.3632   20.3988   19.9472
54   19.203    19.888    19.8572   19.5589
55   20.8682   20.9075   20.1791   20.1981
56   20.1135   20.8002   21.1709   21.2566
57   19.4943   20.1568   20.1818   20.2269
58   21.1459   20.0233   20.4808   20.8258
59   19.2314   19.2043   19.7907   18.8425
60   20.0267   20.8968   20.9073   20.1568
61   19.9019   19.7187   19.0577   19.2011
62   19.7719   19.0576   19.1929   18.9374
63   19.2782   19.1988   19.7547   18.7973
64   19.8317   18.9666   19.6522   18.6451
65   20.0514   20.7513   20.418    21.0018
66   19.9104   19.1272   19.6845   19.3969
67   19.8395   19.7039   19.2492   19.2948
68   19.1664   19.6826   19.3846   18.887
69   20.827    21.3104   20.4804   21.1459
70   20.1189   21.2481   20.3424   21.227

 [*,*,3]
:       1         2         3         4       :=
1    18.7582   18.9087   19.0989   19.3973
2    20.1014   19.0032   19.6301   19.889
3    19.8033   20.6737   20.6909   20.808
4    21.3041   20.9259   20.3322   20.9244
5    20.6838   21.0939   20.0617   20.5334
6    21.3019   20.2771   21.264    21.1145
7    20.2584   19.9847   20.9523   20.2382
8    18.9324   19.3215   19.5472   19.8528
9    20.0005   19.1796   19.8784   19.9059
10   19.384    19.179    19.901    19.6563
11   20.9024   20.28     20.5014   20.7915
12   20.2819   20.9337   21.0804   20.7838
13   19.7696   18.9598   19.5088   19.8563
14   19.2685   20.0646   19.463    19.3643
15   20.9244   20.3322   20.6212   21.3041
16   20.2937   19.2913   19.7168   20.1439
17   20.781    20.7042   19.9008   20.2878
18   20.5111   19.8405   20.4431   21.0215
19   18.7018   19.0008   19.774    18.8283
20   19.9119   20.2736   20.0039   20.7323
21   21.1305   20.491    20.1446   20.6214
22   20.0295   19.4521   19.7888   19.2929
23   19.4573   18.7211   19.3853   19.2643
24   20.2803   20.5651   21.0959   20.0415
25   20.795    21.0946   20.3095   20.1829
26   20.6282   20.5649   20.0192   21.0174
27   20.4002   20.4591   21.1283   21.2318
28   19.2687   20.0644   19.6699   19.4628
29   18.8348   19.8464   19.3072   19.8703
30   19.7593   20.1167   20.3738   19.5976
31   19.806    20.5334   20.508    20.4515
32   19.7696   20.6138   20.4987   19.9207
33   20.5334   20.0885   20.002    19.3859
34   19.6885   19.9459   20.5489   19.436
35   19.5679   20.0445   20.0616   20.7314
36   21.1498   21.307    21.1283   20.4318
37   20.2742   21.2639   20.9633   21.1146
38   20.1329   19.4521   19.7989   20.0295
39   19.1024   19.2056   19.8766   18.9318
40   19.9205   20.0022   20.7666   19.8863
41   19.1359   19.877    19.3569   19.7696
42   19.4521   20.198    20.0988   19.975
43   19.9368   20.2697   19.384    19.6583
44   19.9119   19.3313   20.2736   20.0022
45   19.3081   19.8703   18.8348   18.6821
46   18.8064   19.9328   18.8313   19.2613
47   18.9087   19.7297   19.3973   19.197
48   20.1162   20.3753   19.5976   20.5489
49   20.3282   20.5489   19.9028   19.4385
50   19.3156   18.7404   19.8766   19.1389
51   20.5334   21.2611   20.9633   20.2877
52   20.5188   20.4468   21.0743   20.5288
53   20.926    21.281    21.1147   20.3494
54   19.1763   18.8977   19.8228   18.7151
55   20.6138   20.0372   19.9195   19.8155
56   20.0096   20.6643   20.4797   20.1119
57   19.5562   19.7696   19.9371   20.4998
58   20.0993   19.9223   20.0532   20.764
59   19.2053   18.8933   19.9401   19.4025
60   19.8736   19.9828   19.2996   19.7696
61   19.0456   20.171    19.2964   19.9397
62   20.0196   19.2924   19.9178   20.4904
63   19.0932   18.897    19.7738   19.8215
64   20.0006   20.5334   20.7173   20.1185
65   19.9315   19.7908   18.8064   19.2614
66   20.0854   20.2467   20.7274   19.5585
67   18.7271   19.6872   18.9407   19.1242
68   19.2042   19.6959   19.7432   20.375
69   20.7625   20.2096   20.0532   20.0993
70   19.7994   19.4521   19.975    20.1973
;

radius = 1.36383
softness = 0.45

---------------------------- Solution coords data ----------------------------
distances [*,1,*]
:    1   2   3   4    :=
1    0   1   0   1
2    0   1   0   1
3    0   1   0   1
4    0   1   0   1
5    0   1   0   1
6    0   1   0   1
7    0   1   0   1
8    0   1   0   1
9    0   1   0   1
10   0   1   0   1
11   0   1   0   1
12   0   1   0   1
13   0   1   0   1
14   0   1   0   1
15   0   1   0   1
16   0   1   0   1
17   0   1   0   1
18   0   1   0   1
19   0   1   0   1
20   0   1   0   1
21   0   1   0   1
22   0   1   0   1
23   0   1   0   1
24   0   1   0   1
25   0   1   0   1
26   0   1   0   1
27   0   1   0   1
28   0   1   0   1
29   0   1   0   1
30   0   1   0   1
31   0   1   0   1
32   0   1   0   1
33   0   1   0   1
34   0   1   0   1
35   0   1   0   1
36   0   1   0   1
37   0   1   0   1
38   0   1   0   1
39   0   1   0   1
40   0   1   0   1
41   0   1   0   1
42   0   1   0   1
43   0   1   0   1
44   0   1   0   1
45   0   1   0   1
46   0   1   0   1
47   0   1   0   1
48   0   1   0   1
49   0   1   0   1
50   0   1   0   1
51   0   1   0   1
52   0   1   0   1
53   0   1   0   1
54   0   1   0   1
55   0   1   0   1
56   0   1   0   1
57   0   1   0   1
58   0   1   0   1
59   0   1   0   1
60   0   1   0   1
61   0   1   0   1
62   0   1   0   1
63   0   1   0   1
64   0   1   0   1
65   0   1   0   1
66   0   1   0   1
67   0   1   0   1
68   0   1   0   1
69   0   1   0   1
70   0   1   0   1

 [*,2,*]
:    1   2   3   4    :=
1    0   0   1   1
2    0   0   1   1
3    0   0   1   1
4    0   0   1   1
5    0   0   1   1
6    0   0   1   1
7    0   0   1   1
8    0   0   1   1
9    0   0   1   1
10   0   0   1   1
11   0   0   1   1
12   0   0   1   1
13   0   0   1   1
14   0   0   1   1
15   0   0   1   1
16   0   0   1   1
17   0   0   1   1
18   0   0   1   1
19   0   0   1   1
20   0   0   1   1
21   0   0   1   1
22   0   0   1   1
23   0   0   1   1
24   0   0   1   1
25   0   0   1   1
26   0   0   1   1
27   0   0   1   1
28   0   0   1   1
29   0   0   1   1
30   0   0   1   1
31   0   0   1   1
32   0   0   1   1
33   0   0   1   1
34   0   0   1   1
35   0   0   1   1
36   0   0   1   1
37   0   0   1   1
38   0   0   1   1
39   0   0   1   1
40   0   0   1   1
41   0   0   1   1
42   0   0   1   1
43   0   0   1   1
44   0   0   1   1
45   0   0   1   1
46   0   0   1   1
47   0   0   1   1
48   0   0   1   1
49   0   0   1   1
50   0   0   1   1
51   0   0   1   1
52   0   0   1   1
53   0   0   1   1
54   0   0   1   1
55   0   0   1   1
56   0   0   1   1
57   0   0   1   1
58   0   0   1   1
59   0   0   1   1
60   0   0   1   1
61   0   0   1   1
62   0   0   1   1
63   0   0   1   1
64   0   0   1   1
65   0   0   1   1
66   0   0   1   1
67   0   0   1   1
68   0   0   1   1
69   0   0   1   1
70   0   0   1   1

 [*,3,*]
:    1   2   3   4    :=
1    1   0   0   1
2    1   0   0   1
3    1   0   0   1
4    1   0   0   1
5    1   0   0   1
6    1   0   0   1
7    1   0   0   1
8    1   0   0   1
9    1   0   0   1
10   1   0   0   1
11   1   0   0   1
12   1   0   0   1
13   1   0   0   1
14   1   0   0   1
15   1   0   0   1
16   1   0   0   1
17   1   0   0   1
18   1   0   0   1
19   1   0   0   1
20   1   0   0   1
21   1   0   0   1
22   1   0   0   1
23   1   0   0   1
24   1   0   0   1
25   1   0   0   1
26   1   0   0   1
27   1   0   0   1
28   1   0   0   1
29   1   0   0   1
30   1   0   0   1
31   1   0   0   1
32   1   0   0   1
33   1   0   0   1
34   1   0   0   1
35   1   0   0   1
36   1   0   0   1
37   1   0   0   1
38   1   0   0   1
39   1   0   0   1
40   1   0   0   1
41   1   0   0   1
42   1   0   0   1
43   1   0   0   1
44   1   0   0   1
45   1   0   0   1
46   1   0   0   1
47   1   0   0   1
48   1   0   0   1
49   1   0   0   1
50   1   0   0   1
51   1   0   0   1
52   1   0   0   1
53   1   0   0   1
54   1   0   0   1
55   1   0   0   1
56   1   0   0   1
57   1   0   0   1
58   1   0   0   1
59   1   0   0   1
60   1   0   0   1
61   1   0   0   1
62   1   0   0   1
63   1   0   0   1
64   1   0   0   1
65   1   0   0   1
66   1   0   0   1
67   1   0   0   1
68   1   0   0   1
69   1   0   0   1
70   1   0   0   1

 [*,4,*]
:    1   2   3   4    :=
1    1   1   1   0
2    1   1   1   0
3    1   1   1   0
4    1   1   1   0
5    1   1   1   0
6    1   1   1   0
7    1   1   1   0
8    1   1   1   0
9    1   1   1   0
10   1   1   1   0
11   1   1   1   0
12   1   1   1   0
13   1   1   1   0
14   1   1   1   0
15   1   1   1   0
16   1   1   1   0
17   1   1   1   0
18   1   1   1   0
19   1   1   1   0
20   1   1   1   0
21   1   1   1   0
22   1   1   1   0
23   1   1   1   0
24   1   1   1   0
25   1   1   1   0
26   1   1   1   0
27   1   1   1   0
28   1   1   1   0
29   1   1   1   0
30   1   1   1   0
31   1   1   1   0
32   1   1   1   0
33   1   1   1   0
34   1   1   1   0
35   1   1   1   0
36   1   1   1   0
37   1   1   1   0
38   1   1   1   0
39   1   1   1   0
40   1   1   1   0
41   1   1   1   0
42   1   1   1   0
43   1   1   1   0
44   1   1   1   0
45   1   1   1   0
46   1   1   1   0
47   1   1   1   0
48   1   1   1   0
49   1   1   1   0
50   1   1   1   0
51   1   1   1   0
52   1   1   1   0
53   1   1   1   0
54   1   1   1   0
55   1   1   1   0
56   1   1   1   0
57   1   1   1   0
58   1   1   1   0
59   1   1   1   0
60   1   1   1   0
61   1   1   1   0
62   1   1   1   0
63   1   1   1   0
64   1   1   1   0
65   1   1   1   0
66   1   1   1   0
67   1   1   1   0
68   1   1   1   0
69   1   1   1   0
70   1   1   1   0
;

---------------------------- Solution stats data ----------------------------
_ampl_time = 0.237742
_total_solve_time = 35041.9
_ampl_elapsed_time = 0.232642
_ampl_user_time = 0.195318

Total time elapsed: $35041.95.
_total_solve_time = 35041.9

---------------------------- Solution miscs data ----------------------------
tetrahedron_volume [*] :=
 1 0    8 0   15 0   22 0   29 0   36 0   43 0   50 0   57 0   64 0
 2 0    9 0   16 0   23 0   30 0   37 0   44 0   51 0   58 0   65 0
 3 0   10 0   17 0   24 0   31 0   38 0   45 0   52 0   59 0   66 0
 4 0   11 0   18 0   25 0   32 0   39 0   46 0   53 0   60 0   67 0
 5 0   12 0   19 0   26 0   33 0   40 0   47 0   54 0   61 0   68 0
 6 0   13 0   20 0   27 0   34 0   41 0   48 0   55 0   62 0   69 0
 7 0   14 0   21 0   28 0   35 0   42 0   49 0   56 0   63 0   70 0
;

---------------------------- Solution miscs data ----------------------------
tetrahedron_surface_area [*] :=
 1 1.73205   13 1.73205   25 1.73205   37 1.73205   49 1.73205   61 1.73205
 2 1.73205   14 1.73205   26 1.73205   38 1.73205   50 1.73205   62 1.73205
 3 1.73205   15 1.73205   27 1.73205   39 1.73205   51 1.73205   63 1.73205
 4 1.73205   16 1.73205   28 1.73205   40 1.73205   52 1.73205   64 1.73205
 5 1.73205   17 1.73205   29 1.73205   41 1.73205   53 1.73205   65 1.73205
 6 1.73205   18 1.73205   30 1.73205   42 1.73205   54 1.73205   66 1.73205
 7 1.73205   19 1.73205   31 1.73205   43 1.73205   55 1.73205   67 1.73205
 8 1.73205   20 1.73205   32 1.73205   44 1.73205   56 1.73205   68 1.73205
 9 1.73205   21 1.73205   33 1.73205   45 1.73205   57 1.73205   69 1.73205
10 1.73205   22 1.73205   34 1.73205   46 1.73205   58 1.73205   70 1.73205
11 1.73205   23 1.73205   35 1.73205   47 1.73205   59 1.73205
12 1.73205   24 1.73205   36 1.73205   48 1.73205   60 1.73205
;

