Error at _cmdno 5 executing "solve" command
(file amplin, line 1961, offset 37058):
error processing param distances:
	3680 invalid subscripts discarded:
	distances[71,1,1]
	distances[71,1,2]
	distances[71,1,3]
	and 3677 more.
##### This license is only intended for use by NEOS. #####
##### License is valid until Jan 16, 2026 #####
ariables.
Substitution eliminates 1 variable.
Adjusted problem:
12918 variables:
	8088 nonlinear variables
	4830 linear variables
25903 constraints; 155161 nonzeros
	22925 nonlinear constraints
	2978 linear constraints
	2486 equality constraints
	23417 inequality constraints
1 nonlinear objective; 3 nonzeros.

Artelys Knitro 14.2.0: threads=4
algorithm=1
ms_enable=1
ms_maxsolves=10
feastol=1e-5
opttol=1e-5
honorbnds=1
bar_initpt=3
bar_murule=4
scale=1
outlev=2
maxtime_real=1200
WARNING:  Option 'threads' is deprecated, please use 'numthreads'.
WARNING: 1 constraint is constant or undefined and will be ignored.

=======================================
           Academic License
       (NOT FOR COMMERCIAL USE)
         Artelys Knitro 14.2.0
=======================================

No start point provided -- Knitro computing one.

Knitro presolve eliminated 0 variables and 1 constraint.

algorithm                1
bar_initpt               3
bar_murule               4
concurrent_evals         0
datacheck                0
feastol                  1e-05
findiff_numthreads       1
hessian_no_f             1
hessopt                  1
honorbnds                1
maxtime_real             1200
ms_enable                1
ms_maxsolves             10
numthreads               4
opttol                   1e-05

Problem Characteristics                                 (   Presolved)
-----------------------
Objective goal:  Minimize
Objective type:  general
Number of variables:                              12918 (       12918)
    bounded below only:                               1 (           1)
    bounded above only:                               0 (           0)
    bounded below and above:                          0 (           0)
    fixed:                                            0 (           0)
    free:                                         12917 (       12917)
Number of constraints:                            25903 (       25902)
    linear equalities:                                1 (           0)
    quadratic equalities:                          2415 (        2415)
    gen. nonlinear equalities:                       70 (          70)
    linear one-sided inequalities:                 2977 (        2977)
    quadratic one-sided inequalities:             20440 (       20440)
    gen. nonlinear one-sided inequalities:            0 (           0)
    linear two-sided inequalities:                    0 (           0)
    quadratic two-sided inequalities:                 0 (           0)
    gen. nonlinear two-sided inequalities:            0 (           0)
Number of nonzeros in Jacobian:                  155161 (      155161)
Number of nonzeros in Hessian:                    70668 (       70668)

Knitro parallel multistart will run with 4 threads.

Return codes description
------------------------
  0:  The final solution satisfies the termination conditions for verifying optimality.
  -100 to -199:  A feasible approximate solution was found.
  -200 to -299:  Knitro terminated at an infeasible point.
  -300 to -301:  The problem was determined to be unbounded.
  -400 to -499:  Knitro terminated because it reached a pre-defined limit.
    -400 to -409:  A feasible point was found.
    -410 to -419:  No feasible point was found.
  -500 to -599:  Knitro terminated with an input error or some non-standard error.
A more detailed description of individual return codes and their corresponding
termination messages is provided at
https://www.artelys.com/app/docs/knitro/3_referenceManual/returnCodes.html

 Solve #  ThreadID  Status     Objective      FeasError    OptError    Real Time 
--------  --------  ------  --------------   ----------   ----------  ----------
      0          0       0         3.54575  7.92243e-07  1.05133e-05      521.796
      2          1    -410     2.01958e+09  4.94873e+06      1305.85      2520.64
      3          3    -410     6.58492e+12  1.25552e+06      590861.      2586.55
      1          2    -410     8.16749e+10      213894.      15624.0      2908.10
      4          0    -410     1.09249e+13  1.32805e+06  1.07813e+06      2578.72
      6          3    -410     5.98402e+11      248276.      85450.6      2595.78
      7          2    -410     1.49584e+13      573671.      431636.      2861.46
      8          0    -410     7.06413e+08      170349.      1965.88      2502.62
      9          1    -410     4.17541e+11      229629.      51038.5      2212.71
      5          1    -410     1.63059e+08  2.94040e-03      7.02306      2585.84

MULTISTART: Best locally optimal solution is returned.
EXIT: Locally optimal solution found.

Final Statistics
----------------
Final objective value               =   3.54574903420136e+00
Final feasibility error (abs / rel) =   7.92e-07 / 1.44e-07
Final optimality error  (abs / rel) =   1.05e-05 / 1.67e-06
# of iterations                     =      92625 
# of CG iterations                  =          0 
# of function evaluations           =      93445
# of gradient evaluations           =      92663
# of Hessian evaluations            =      92652
Total program time (secs)           =    7319.65723 ( 23769.654 CPU time)

===============================================================================

Knitro 14.2.0: Locally optimal or satisfactory solution.
objective 3.545749034; feasibility error 7.92e-07
92625 iterations; 93445 function evaluations

suffix feaserror OUT;
suffix opterror OUT;
suffix numfcevals OUT;
suffix numiters OUT;
---------------------------- Solver Status Report ----------------------------
solve_result_num = 0
solve_result = solved
solve_message = 'Knitro 14.2.0: Locally optimal or satisfactory solution.\
objective 3.545749034; feasibility error 7.92e-07\
92625 iterations; 93445 function evaluations'


---------------------------- Problem Dimensions ----------------------------
Variables: 25414
Constraints: 25974
---------------------------- Container and geometric considerations  ----------------------------
Container type: cylinder
Structural conservation type: volume & surface
---------------------------- Solution execution data ----------------------------
solve_result_num = 0
solve_result = solved

---------------------------- Solution data ----------------------------
card(figures) = 70

coords [*,*,1]
:        1            2            3            4         :=
1    -0.0714816    0.0740927   -0.500303     0.640321
2     0.636265     0.488016     0.654119    -0.285339
3     1.03591      0.165166     1.10631      0.720455
4     1.10631      0.296788     0.656836     0.729483
5     0.152133     0.384319     0.792957     0.0904283
6    -0.264408     0.835046     0.63629     -0.189012
7    -0.314677    -0.159371    -0.98528     -0.46046
8    -1.10247     -0.320611    -0.918888    -0.346763
9     0.61589      1.08478      0.306793     0.929787
10   -0.0301093    1.03468      0.835048     0.447127
11   -0.453901    -0.0555972   -0.446166     0.513861
12   -0.369382     0.720454     0.144219    -0.413407
13   -1.10713     -0.126369    -0.440702    -0.546141
14   -0.88009     -0.0657578    0.270193    -0.388159
15    0.0364666    0.478493    -0.267141     0.840783
16    0.405348     1.10877      0.835993     1.0256
17   -0.468844    -0.268895    -0.0628266   -0.881588
18   -0.453904     0.513859    -0.0555965    0.100642
19    0.398512     0.152131     0.929785     0.409896
20   -0.0628263    0.107429    -0.272889    -0.895954
21    0.449489    -0.172262    -0.703449    -0.0265319
22    0.720455     0.169621     1.04037      0.199382
23   -1.05498     -0.885134    -0.283719    -0.26153
24   -0.413412    -0.312512    -1.03745     -0.636154
25    0.351475     0.655878     0.997159     1.10631
26   -0.31013      0.19619     -0.665473    -0.413412
27    0.478468     0.840767     1.03853      0.0439724
28   -0.893694    -0.0714844    0.0740943   -0.500304
29   -0.637179    -0.298       -1.03793     -1.07483
30   -0.800925    -0.94105     -0.454065    -0.20409
31    1.02279      0.477435     0.757114     1.11627
32   -0.800925    -0.204089    -0.94105     -1.12325
33    0.348615    -0.350563    -0.263577     0.618813
34    0.64946     -0.282151     0.230571    -0.146533
35   -0.390968    -0.148348     0.277907     0.302244
36   -0.101718    -1.10712     -0.929838    -0.707447
37   -1.11229     -0.800925    -1.11848     -0.265319
38   -0.411029    -0.843049    -0.288996     0.0447182
39    0.657353    -0.189085     0.993833     0.452995
40    0.654118     0.287179     0.488016    -0.285339
41   -0.0557434   -0.126368    -0.440702    -1.10713
42    0.64032      0.227125    -0.162022     0.317661
43   -1.11243     -0.291585    -1.11854     -0.907259
44   -0.396111    -0.29655     -0.850604    -1.05073
45   -0.251367    -0.514575     0.161823    -0.296034
46   -0.172262     0.063867     0.402894     0.42496
47    0.354193    -0.252916    -0.349674    -0.336536
48    0.204295     0.543224    -0.294283    -0.263359
49   -0.286309    -1.05498     -1.03793     -1.07475
50    0.885302     0.283108     0.0406108    0.0312384
51    0.156109     0.929786     0.356216     0.61589
52   -0.880209    -0.118824     0.183335    -0.428221
53   -0.405287     0.102096    -0.327302    -1.10653
54    0.240656     1.12081      1.08478      0.929787
55    0.283107     0.0406107   -0.161414    -0.411074
56    0.342132     0.83505      1.04139      1.12245
57   -0.282818    -1.01395      0.202546     0.0464333
58    0.664814     1.02774      0.383685    -0.101239
59    0.400398     0.156437     0.15913     -0.25662
60    0.544606    -0.214268     0.214389     0.83505
61    1.00987      0.152134     0.792957     0.38429
62    1.08893      0.122166     0.513859    -0.0557329
63   -1.00135     -0.338732    -0.987407    -0.478618
64    0.159083    -0.409181     0.160094    -0.241566
65    0.993833    -0.189081     0.54317      0.204295
66    1.01681     -0.146533     0.64946      0.204297
67    1.03575      1.12081      0.260144     1.08478
68   -0.13946      0.0753011   -0.284804     0.836095
69   -0.350467    -1.08505     -0.982661    -1.00078
70   -0.920534    -0.431321    -0.15937     -0.394024

 [*,*,2]
:         1             2             3            4         :=
1     0.39489       1.1211        1.006         0.923221
2     0.92602       0.322337      0.165404      0.401654
3    -0.423649     -0.309548      0.196011     -0.862143
4     0.196012     -0.224958      0.18151       0.854518
5     1.11319       0.158685      0.795969      1.11989
6    -0.247021     -0.751693      0.144893     -0.411671
7    -1.07858      -1.11218      -0.539972     -0.120479
8    -0.216574      0.519797      0.646522      0.0646845
9     0.939694      0.29257       0.108179      0.630748
10   -0.427581     -0.437937     -0.751693      0.0764208
11   -0.916756     -0.0309195    -1.03116      -0.999146
12   -0.343414     -0.862144     -1.11425      -1.04472
13   -0.191365     -0.0816831    -1.01716      -0.981874
14    0.698418      0.398078      1.09057       1.05436
15   -0.425152     -1.01656      -1.09132      -0.745272
16    0.124428     -0.117503     -0.750641      0.458788
17    1.02104       0.0138512     1.12178       0.696526
18   -0.916753     -0.999147     -0.0309202    -0.0741974
19    0.100372      1.11319       0.63075       0.277598
20    1.12178       0.880462     -0.00762023    0.677947
21    0.0511707    -0.182936     -0.249605      0.601226
22   -0.862144     -0.31013      -0.424236     -1.10571
23    0.386463     -0.613869     -0.0675011     0.401139
24   -1.04472      -0.0979078    -0.431333     -0.926096
25   -0.19652       0.181329     -0.517706      0.196012
26   -0.324156     -1.10628      -0.905258     -1.04472
27   -1.01657      -0.74529      -0.42872      -0.428132
28    0.680925      0.394894      1.1211        1.006
29   -0.925391     -0.0724033    -0.430166     -0.32724
30    0.78795       0.613816      1.0277       -0.0466328
31    0.46502       0.0715301     0.830135     -0.127624
32    0.78795      -0.0466349     0.613817      0.0255684
33   -0.259828     -0.447561      0.483489      0.116262
34   -0.916814     -1.08754      -1.09963      -0.429321
35    0.0298491     0.354722      1.05003      -0.115896
36    0.50803      -0.191367      0.626129      0.872849
37    0.15859       0.78795       0.106564      0.0384988
38    0.9526       -0.14045       0.395102     -0.0458767
39    0.156455     -0.404204     -0.524062     -0.231801
40    0.165404     -0.345341      0.322337      0.401653
41   -0.0312935    -0.081683     -1.01716      -0.191364
42    0.92322       1.10033       0.275936     -0.0858617
43    0.157624      0.041234      0.105869     -0.612911
44    0.989379      0.3878       -0.147752      0.397891
45   -0.596007     -0.0430874    -0.282699     -1.08384
46   -0.182936      0.992082      0.292111      0.0419351
47   -0.296482      0.459538     -0.450661     -0.322817
48   -1.10481      -0.274536     -0.435801     -0.379065
49   -0.0659764     0.386463     -0.430166     -0.327492
50    0.691799      1.08729      -0.0937346     0.63676
51    1.11264       0.63075       0.241134      0.939695
52    0.681125      0.402882      0.895767      0.0261565
53   -0.00137141   -0.00726272    0.513896     -0.194756
54    0.115269     -0.0782908     0.292571      0.630748
55    1.08729      -0.0937334     0.476292      0.952706
56    0.154331     -0.751691     -0.421695     -0.0495355
57    0.655568     -0.327001     -0.468898     -0.0454214
58    0.905742     -0.263586     -0.135225      0.211178
59    0.103621      1.10446       0.907358      0.0277014
60    0.135542     -0.270039      0.136414     -0.75169
61    0.492461      1.11319       0.795969      0.158639
62   -0.276738     -0.0972465    -0.999146     -0.0306872
63   -0.509557     -0.0328938    -0.536073     -1.0165
64    0.897238      1.04638       1.11208       0.0649177
65   -0.524063     -0.404204     -0.274673     -1.10481
66   -0.477966     -0.429321     -0.916814     -1.10481
67   -0.435405     -0.0782915     0.119362      0.29257
68   -0.429291     -0.464304     -1.08685      -0.750528
69   -0.0249939     0.291553     -0.534004     -0.510668
70   -0.644177     -0.216461     -1.11218      -0.167073

 [*,*,3]
:        1            2            3            4         :=
1    -1.24871     -0.273291    -1.32227     -1.32227
2     0.93451      1.48659      0.378269     0.54021
3     0.608588     1.46228      1.48659      1.48659
4     1.48659      1.48659      0.392868     1.20807
5    -0.153157     0.370225     0.841183     1.07001
6    -0.313877    -0.122811     0.41766      0.404964
7    -0.722007     0.360655     0.131274    -0.291933
8    -1.20873     -1.11087     -0.411223    -0.286889
9    -1.27332     -1.32227     -0.755521    -0.155386
10   -0.68465     -1.28973     -0.122809    -0.549641
11   -0.576179    -1.32227     -1.32227     -1.32227
12    1.40765      1.48659      0.606387     1.48659
13   -1.32226     -0.596957    -1.32227     -0.573671
14    1.2276       0.426795     1.37947      0.524771
15   -0.732612    -1.30348     -0.502518    -0.165438
16   -0.0999021    0.873065    -0.122528    -0.158959
17    0.5846       0.12271      0.0145109   -0.521894
18   -0.576178    -1.32226     -1.32227     -0.633992
19    0.402116    -0.153158    -0.155391    -0.7744
20    0.014511    -0.627966     0.124806    -0.528605
21    0.426075    -0.547738     0.165283    -0.398516
22    1.48659      1.45791      0.604221     0.674663
23    0.84675      0.198152     1.11455      0.482534
24    1.48659      1.11146      1.48462      0.438594
25    1.48659      0.391283     0.497295     1.48658
26    1.31376      0.524159     0.296203     1.48659
27   -1.30355     -0.165504    -1.32227     -0.727304
28   -0.525248    -1.2487      -0.273288    -1.32227
29    0.440574     1.12726      1.48659      0.266733
30   -0.281647     0.92253      0.619968     0.200937
31   -0.171659     0.0468636    0.966808     0.896065
32   -0.281649     0.200938     0.922528     0.575012
33    1.16548      0.177599     0.40871      0.469244
34   -0.380816    -0.495165     0.617027     0.412118
35   -0.344034    -1.27612     -0.452802    -0.826991
36   -1.32227     -1.32227     -0.427689    -1.32227
37   -0.725467    -0.28165      0.498155     0.151012
38    1.48659      1.45444      0.502486     0.943137
39    0.417706     0.405753     0.327479     1.31296
40    0.378271     1.32379      1.48659      0.540209
41   -1.32227     -0.596957    -1.32227     -1.32226
42   -1.32227     -0.504379    -1.32227     -0.795506
43   -0.702709    -0.279892     0.514457     0.226903
44    1.48659      0.515465     1.46742      0.829726
45    0.494013    -0.566648    -0.615542    -0.593974
46   -0.547738    -0.295596    -0.765039     0.387655
47    1.16881      0.420578     0.178458     1.34187
48    0.671314     1.17216      0.293193     1.43892
49    1.11365      0.846752     1.48659      0.269661
50    1.48659      1.48659      1.48659      0.610492
51   -0.15141     -0.155391    -0.838315    -1.27332
52   -0.530164    -1.2191      -0.63547     -0.0955518
53   -0.273202    -1.32227     -1.11248     -1.25852
54   -0.64334     -0.155577    -1.32227     -0.155384
55    1.48659      1.48659      0.58834      1.48659
56   -0.410974    -0.122816    -1.23513     -0.0711182
57    1.48659      1.48659      1.48659      0.942256
58   -1.29139     -1.32227     -0.710565    -1.32227
59    0.345582    -0.316848     0.839321     0.0954426
60    0.365003    -0.305165    -0.693816    -0.122808
61   -0.0983353   -0.153158     0.841183     0.370191
62   -1.32227     -0.592092    -1.32226     -1.32227
63    0.130711    -0.782377    -1.09367     -0.507238
64    0.89612      0.502632    -0.309634     0.0919285
65    0.327479     0.405754     1.17207      0.671314
66    0.304588     0.412119    -0.380815     0.671313
67   -1.28117     -0.155575    -0.659015    -1.32226
68    0.411321    -0.691853    -0.513532    -0.164725
69   -0.22735     -0.841749    -1.14454      0.0798471
70    0.283556    -0.228771     0.360655     0.994407
;

radius = 1.12354
height = 2.80886
softness = 0.5

---------------------------- Solution coords data ----------------------------
distances [*,1,*]
:    1   2   3   4    :=
1    0   1   0   1
2    0   1   0   1
3    0   1   0   1
4    0   1   0   1
5    0   1   0   1
6    0   1   0   1
7    0   1   0   1
8    0   1   0   1
9    0   1   0   1
10   0   1   0   1
11   0   1   0   1
12   0   1   0   1
13   0   1   0   1
14   0   1   0   1
15   0   1   0   1
16   0   1   0   1
17   0   1   0   1
18   0   1   0   1
19   0   1   0   1
20   0   1   0   1
21   0   1   0   1
22   0   1   0   1
23   0   1   0   1
24   0   1   0   1
25   0   1   0   1
26   0   1   0   1
27   0   1   0   1
28   0   1   0   1
29   0   1   0   1
30   0   1   0   1
31   0   1   0   1
32   0   1   0   1
33   0   1   0   1
34   0   1   0   1
35   0   1   0   1
36   0   1   0   1
37   0   1   0   1
38   0   1   0   1
39   0   1   0   1
40   0   1   0   1
41   0   1   0   1
42   0   1   0   1
43   0   1   0   1
44   0   1   0   1
45   0   1   0   1
46   0   1   0   1
47   0   1   0   1
48   0   1   0   1
49   0   1   0   1
50   0   1   0   1
51   0   1   0   1
52   0   1   0   1
53   0   1   0   1
54   0   1   0   1
55   0   1   0   1
56   0   1   0   1
57   0   1   0   1
58   0   1   0   1
59   0   1   0   1
60   0   1   0   1
61   0   1   0   1
62   0   1   0   1
63   0   1   0   1
64   0   1   0   1
65   0   1   0   1
66   0   1   0   1
67   0   1   0   1
68   0   1   0   1
69   0   1   0   1
70   0   1   0   1

 [*,2,*]
:    1   2   3   4    :=
1    0   0   1   1
2    0   0   1   1
3    0   0   1   1
4    0   0   1   1
5    0   0   1   1
6    0   0   1   1
7    0   0   1   1
8    0   0   1   1
9    0   0   1   1
10   0   0   1   1
11   0   0   1   1
12   0   0   1   1
13   0   0   1   1
14   0   0   1   1
15   0   0   1   1
16   0   0   1   1
17   0   0   1   1
18   0   0   1   1
19   0   0   1   1
20   0   0   1   1
21   0   0   1   1
22   0   0   1   1
23   0   0   1   1
24   0   0   1   1
25   0   0   1   1
26   0   0   1   1
27   0   0   1   1
28   0   0   1   1
29   0   0   1   1
30   0   0   1   1
31   0   0   1   1
32   0   0   1   1
33   0   0   1   1
34   0   0   1   1
35   0   0   1   1
36   0   0   1   1
37   0   0   1   1
38   0   0   1   1
39   0   0   1   1
40   0   0   1   1
41   0   0   1   1
42   0   0   1   1
43   0   0   1   1
44   0   0   1   1
45   0   0   1   1
46   0   0   1   1
47   0   0   1   1
48   0   0   1   1
49   0   0   1   1
50   0   0   1   1
51   0   0   1   1
52   0   0   1   1
53   0   0   1   1
54   0   0   1   1
55   0   0   1   1
56   0   0   1   1
57   0   0   1   1
58   0   0   1   1
59   0   0   1   1
60   0   0   1   1
61   0   0   1   1
62   0   0   1   1
63   0   0   1   1
64   0   0   1   1
65   0   0   1   1
66   0   0   1   1
67   0   0   1   1
68   0   0   1   1
69   0   0   1   1
70   0   0   1   1

 [*,3,*]
:    1   2   3   4    :=
1    1   0   0   1
2    1   0   0   1
3    1   0   0   1
4    1   0   0   1
5    1   0   0   1
6    1   0   0   1
7    1   0   0   1
8    1   0   0   1
9    1   0   0   1
10   1   0   0   1
11   1   0   0   1
12   1   0   0   1
13   1   0   0   1
14   1   0   0   1
15   1   0   0   1
16   1   0   0   1
17   1   0   0   1
18   1   0   0   1
19   1   0   0   1
20   1   0   0   1
21   1   0   0   1
22   1   0   0   1
23   1   0   0   1
24   1   0   0   1
25   1   0   0   1
26   1   0   0   1
27   1   0   0   1
28   1   0   0   1
29   1   0   0   1
30   1   0   0   1
31   1   0   0   1
32   1   0   0   1
33   1   0   0   1
34   1   0   0   1
35   1   0   0   1
36   1   0   0   1
37   1   0   0   1
38   1   0   0   1
39   1   0   0   1
40   1   0   0   1
41   1   0   0   1
42   1   0   0   1
43   1   0   0   1
44   1   0   0   1
45   1   0   0   1
46   1   0   0   1
47   1   0   0   1
48   1   0   0   1
49   1   0   0   1
50   1   0   0   1
51   1   0   0   1
52   1   0   0   1
53   1   0   0   1
54   1   0   0   1
55   1   0   0   1
56   1   0   0   1
57   1   0   0   1
58   1   0   0   1
59   1   0   0   1
60   1   0   0   1
61   1   0   0   1
62   1   0   0   1
63   1   0   0   1
64   1   0   0   1
65   1   0   0   1
66   1   0   0   1
67   1   0   0   1
68   1   0   0   1
69   1   0   0   1
70   1   0   0   1

 [*,4,*]
:    1   2   3   4    :=
1    1   1   1   0
2    1   1   1   0
3    1   1   1   0
4    1   1   1   0
5    1   1   1   0
6    1   1   1   0
7    1   1   1   0
8    1   1   1   0
9    1   1   1   0
10   1   1   1   0
11   1   1   1   0
12   1   1   1   0
13   1   1   1   0
14   1   1   1   0
15   1   1   1   0
16   1   1   1   0
17   1   1   1   0
18   1   1   1   0
19   1   1   1   0
20   1   1   1   0
21   1   1   1   0
22   1   1   1   0
23   1   1   1   0
24   1   1   1   0
25   1   1   1   0
26   1   1   1   0
27   1   1   1   0
28   1   1   1   0
29   1   1   1   0
30   1   1   1   0
31   1   1   1   0
32   1   1   1   0
33   1   1   1   0
34   1   1   1   0
35   1   1   1   0
36   1   1   1   0
37   1   1   1   0
38   1   1   1   0
39   1   1   1   0
40   1   1   1   0
41   1   1   1   0
42   1   1   1   0
43   1   1   1   0
44   1   1   1   0
45   1   1   1   0
46   1   1   1   0
47   1   1   1   0
48   1   1   1   0
49   1   1   1   0
50   1   1   1   0
51   1   1   1   0
52   1   1   1   0
53   1   1   1   0
54   1   1   1   0
55   1   1   1   0
56   1   1   1   0
57   1   1   1   0
58   1   1   1   0
59   1   1   1   0
60   1   1   1   0
61   1   1   1   0
62   1   1   1   0
63   1   1   1   0
64   1   1   1   0
65   1   1   1   0
66   1   1   1   0
67   1   1   1   0
68   1   1   1   0
69   1   1   1   0
70   1   1   1   0
;

---------------------------- Solution stats data ----------------------------
_ampl_time = 0.126105
_total_solve_time = 23770.1
_ampl_elapsed_time = 0.122562
_ampl_user_time = 0.100281

Total time elapsed: $23770.07.
_total_solve_time = 23770.1

---------------------------- Solution miscs data ----------------------------
tetrahedron_volume [*] :=
 1 0.117851   15 0.117851   29 0.117851   43 0.117851   57 0.117851
 2 0.117851   16 0.117851   30 0.117851   44 0.117851   58 0.117851
 3 0.117851   17 0.117851   31 0.117851   45 0.117851   59 0.117851
 4 0.117851   18 0.117851   32 0.117851   46 0.117851   60 0.117851
 5 0.117851   19 0.117851   33 0.117851   47 0.117851   61 0.117851
 6 0.117851   20 0.117851   34 0.117851   48 0.117851   62 0.117851
 7 0.117851   21 0.117851   35 0.117851   49 0.117851   63 0.117851
 8 0.117851   22 0.117851   36 0.117851   50 0.117851   64 0.117851
 9 0.117851   23 0.117851   37 0.117851   51 0.117851   65 0.117851
10 0.117851   24 0.117851   38 0.117851   52 0.117851   66 0.117851
11 0.117851   25 0.117851   39 0.117851   53 0.117851   67 0.117851
12 0.117851   26 0.117851   40 0.117851   54 0.117851   68 0.117851
13 0.117851   27 0.117851   41 0.117851   55 0.117851   69 0.117851
14 0.117851   28 0.117851   42 0.117851   56 0.117851   70 0.117851
;

---------------------------- Solution miscs data ----------------------------
tetrahedron_surface_area [*] :=
 1 0    8 0   15 0   22 0   29 0   36 0   43 0   50 0   57 0   64 0
 2 0    9 0   16 0   23 0   30 0   37 0   44 0   51 0   58 0   65 0
 3 0   10 0   17 0   24 0   31 0   38 0   45 0   52 0   59 0   66 0
 4 0   11 0   18 0   25 0   32 0   39 0   46 0   53 0   60 0   67 0
 5 0   12 0   19 0   26 0   33 0   40 0   47 0   54 0   61 0   68 0
 6 0   13 0   20 0   27 0   34 0   41 0   48 0   55 0   62 0   69 0
 7 0   14 0   21 0   28 0   35 0   42 0   49 0   56 0   63 0   70 0
;

