Error at _cmdno 5 executing "solve" command
(file amplin, line 1977, offset 37900):
error processing param distances:
	4000 invalid subscripts discarded:
	distances[51,1,1]
	distances[51,1,2]
	distances[51,1,3]
	and 3997 more.
##### This license is only intended for use by NEOS. #####
##### License is valid until Jan 16, 2026 #####
riables.
Adjusted problem:
6726 variables:
	4275 nonlinear variables
	2451 linear variables
14100 constraints; 81325 nonzeros
	11675 nonlinear constraints
	2425 linear constraints
	1275 equality constraints
	12825 inequality constraints
1 linear objective; 1 nonzero.

Artelys Knitro 14.2.0: threads=4
algorithm=1
ms_enable=1
ms_maxsolves=10
feastol=1e-5
opttol=1e-5
honorbnds=1
bar_initpt=3
bar_murule=4
scale=1
outlev=2
maxtime_real=1200
WARNING:  Option 'threads' is deprecated, please use 'numthreads'.

=======================================
           Academic License
       (NOT FOR COMMERCIAL USE)
         Artelys Knitro 14.2.0
=======================================

No start point provided -- Knitro computing one.

Knitro presolve eliminated 0 variables and 0 constraints.

algorithm                1
bar_initpt               3
bar_murule               4
concurrent_evals         0
datacheck                0
feastol                  1e-05
findiff_numthreads       1
hessian_no_f             1
hessopt                  1
honorbnds                1
maxtime_real             1200
ms_enable                1
ms_maxsolves             10
numthreads               4
opttol                   1e-05

Problem Characteristics                                 (   Presolved)
-----------------------
Objective goal:  Minimize
Objective type:  linear
Number of variables:                               6726 (        6726)
    bounded below only:                             601 (         601)
    bounded above only:                               0 (           0)
    bounded below and above:                          0 (           0)
    fixed:                                            0 (           0)
    free:                                          6125 (        6125)
Number of constraints:                            14100 (       14100)
    linear equalities:                                0 (           0)
    quadratic equalities:                          1225 (        1225)
    gen. nonlinear equalities:                       50 (          50)
    linear one-sided inequalities:                 2425 (        2425)
    quadratic one-sided inequalities:             10400 (       10400)
    gen. nonlinear one-sided inequalities:            0 (           0)
    linear two-sided inequalities:                    0 (           0)
    quadratic two-sided inequalities:                 0 (           0)
    gen. nonlinear two-sided inequalities:            0 (           0)
Number of nonzeros in Jacobian:                   81325 (       81325)
Number of nonzeros in Hessian:                    36975 (       36975)

Knitro parallel multistart will run with 4 threads.

Return codes description
------------------------
  0:  The final solution satisfies the termination conditions for verifying optimality.
  -100 to -199:  A feasible approximate solution was found.
  -200 to -299:  Knitro terminated at an infeasible point.
  -300 to -301:  The problem was determined to be unbounded.
  -400 to -499:  Knitro terminated because it reached a pre-defined limit.
    -400 to -409:  A feasible point was found.
    -410 to -419:  No feasible point was found.
  -500 to -599:  Knitro terminated with an input error or some non-standard error.
A more detailed description of individual return codes and their corresponding
termination messages is provided at
https://www.artelys.com/app/docs/knitro/3_referenceManual/returnCodes.html

 Solve #  ThreadID  Status     Objective      FeasError    OptError    Real Time 
--------  --------  ------  --------------   ----------   ----------  ----------
      0          0       0         1.28706  1.72479e-04  1.50882e-06      449.263
      2          3    -202         3406.57      58749.9      1.10241      862.871
      4          0    -202         21107.3      1.98392     0.999970      1824.87
      5          3    -202         9497.40      3.40510      1.00000      2012.46
      1          1    -410         41.7716  5.79043e-02     0.142823      2693.31
      9          2    -410         1053.84     0.770469      1.49074      3331.87
      7          1    -410         3978.14     0.254867     0.124970      3535.73
      3          2    -410         12648.7  3.97676e-02      1.58020      3675.05
      8          3    -410         1928.89     0.765812      7.34996      3642.81
      6          0    -410         30811.4  1.10408e-02     0.111107      3939.51

MULTISTART: Best locally optimal solution is returned.
EXIT: Locally optimal solution found.

Final Statistics
----------------
Final objective value               =   1.28705641624912e+00
Final feasibility error (abs / rel) =   1.72e-04 / 9.43e-06
Final optimality error  (abs / rel) =   1.51e-06 / 1.51e-06
# of iterations                     =      76256 
# of CG iterations                  =          0 
# of function evaluations           =     112489
# of gradient evaluations           =      76564
# of Hessian evaluations            =      76329
Total program time (secs)           =    7008.17139 ( 22930.143 CPU time)

===============================================================================

Knitro 14.2.0: Locally optimal or satisfactory solution.
objective 1.287056416; feasibility error 0.000172
76256 iterations; 112489 function evaluations

suffix feaserror OUT;
suffix opterror OUT;
suffix numfcevals OUT;
suffix numiters OUT;
---------------------------- Container and geometric considerations  ----------------------------
Container type: cube
Structural conservation type: surface
---------------------------- Solution execution data ----------------------------
solve_result_num = 0
solve_result = solved

---------------------------- Solution data ----------------------------
card(figures) = 50

coords [*,*,1]
:       1         2         3         4       :=
1    19.6904   19.4059   19.6322   20.3812
2    19.3565   19.3565   20.0771   20.5574
3    19.7531   19.388    20.346    20.0473
4    19.846    20.3309   19.3565   19.9763
5    19.3565   19.3565   20.0082   20.396
6    20.3104   19.5726   19.3565   20.6435
7    20.6435   20.6435   19.7362   19.6229
8    20.3747   19.7897   20.6435   20.6435
9    20.4716   19.5938   20.6435   19.8441
10   19.5945   19.9717   19.3614   20.3209
11   19.846    19.3565   20.3309   19.9763
12   19.3565   19.9763   20.3309   19.846
13   19.3565   19.7095   19.3891   19.3565
14   20.5574   19.3565   20.0771   19.3565
15   20.6435   19.8441   19.5938   20.4716
16   20.0086   20.6435   19.5098   20.6435
17   19.8207   20.3306   19.7107   19.3565
18   19.3845   20.0506   19.7497   20.3413
19   19.3565   20.5574   20.0771   19.3565
20   19.3565   20.0771   19.3565   20.5574
21   19.3565   19.6486   19.7761   19.3565
22   20.6435   19.5938   20.4716   19.8441
23   20.6424   20.3033   20.6427   19.9197
24   20.6385   20.6435   19.9467   20.0082
25   20.5574   19.3565   20.0771   19.3565
26   20.0553   20.3446   19.7489   19.3888
27   19.846    19.9763   19.3565   20.3309
28   19.3565   19.8008   20.2599   19.9476
29   20.3962   19.9476   20.6435   19.9144
30   20.6435   20.6435   19.9112   20.6435
31   20.0443   19.7539   19.3901   20.3487
32   19.5938   20.6435   20.4716   19.8441
33   20.1651   19.7608   19.3565   20.6435
34   20.1438   19.6639   20.2419   19.3616
35   20.2282   20.6435   20.6435   20.0371
36   19.3565   20.3291   19.3565   19.4424
37   19.3565   19.3565   20.2599   19.3565
38   20.6429   20.643    19.9209   20.306
39   20.6435   20.6435   20.6435   20.1214
40   19.3565   20.396    20.0082   19.3565
41   19.3565   20.5574   19.3565   20.0771
42   19.9455   20.6435   20.6435   20.0054
43   20.0317   20.6435   19.5228   20.3428
44   20.0576   19.391    19.7517   20.3468
45   19.3565   19.3565   19.9476   20.2599
46   20.6432   20.6434   19.9431   20.031
47   20.6435   20.6435   20.0421   19.9684
48   19.7897   20.3747   20.6435   20.6435
49   20.0352   20.643    20.6434   19.9438
50   20.6435   19.8441   19.5938   20.4716

 [*,*,2]
:       1         2         3         4       :=
1    19.8097   19.5378   20.583    20.4242
2    20.6435   19.5341   20.6435   20.0888
3    19.3874   19.3829   20.1541   20.0171
4    19.451    20.2149   19.3565   19.9521
5    19.947    20.6435   19.7836   20.6435
6    20.273    19.3565   19.3565   19.3565
7    20.3843   20.6214   19.8391   20.6435
8    20.3536   19.3565   20.1953   19.3565
9    20.1117   20.6306   20.6435   19.7316
10   19.369    19.5965   19.3608   20.2662
11   19.451    19.3565   20.2149   19.9521
12   19.3565   19.9521   20.2149   19.451
13   20.3696   20.5911   19.5692   19.3565
14   20.0888   19.5341   20.6435   20.6435
15   20.6435   19.7316   20.6306   20.1117
16   19.6353   19.3565   19.3565   19.9096
17   19.4207   20.2005   19.8333   19.3565
18   19.3797   20.0204   19.3857   20.1473
19   20.6435   20.0888   20.6435   19.5341
20   19.5341   20.6435   20.6435   20.0888
21   19.3565   20.397    19.3753   19.3565
22   20.6435   20.6306   20.1117   19.7316
23   20.397    20.2157   19.3692   19.3681
24   20.5167   19.3565   19.8067   19.3566
25   20.0888   19.5341   20.6435   20.6435
26   20.0249   20.1483   19.386    19.3837
27   19.451    19.9521   19.3565   20.2149
28   19.5401   19.3565   20.346    20.6435
29   20.6435   20.6435   20.6435   19.718
30   19.3565   20.1862   19.3565   19.3565
31   20.0141   19.3874   19.3847   20.158
32   20.6306   20.6435   20.1117   19.7316
33   19.3565   19.3565   19.3565   19.3565
34   19.8207   19.382    20.2031   19.3607
35   19.3565   20.5583   19.3565   19.6985
36   20.6435   20.4371   20.6435   19.6168
37   20.6435   19.5401   20.346    20.6435
38   20.4045   19.3728   19.3686   20.2099
39   20.5582   20.4098   19.3565   19.5048
40   19.947    20.6435   19.7836   20.6435
41   19.5341   20.0888   20.6435   20.6435
42   19.8062   19.3565   20.51     19.3565
43   19.6615   19.9048   19.374    20.3042
44   20.027    19.3857   19.3885   20.1502
45   19.5401   20.6435   20.6435   20.346
46   20.5282   19.358    19.7945   19.3583
47   19.3565   20.5179   19.3565   19.8167
48   19.3565   20.3536   19.3565   20.1953
49   19.3591   20.5308   19.3589   19.7918
50   20.6435   19.7316   20.6306   20.1117

 [*,*,3]
:       1         2         3         4       :=
1    19.8871   20.6411   20.6419   20.6405
2    19.3565   19.3565   19.3565   19.3565
3    19.5093   20.6309   20.1472   20.6333
4    19.4262   20.3912   20.6435   20.6435
5    19.8963   20.452    19.6867   20.3256
6    20.6435   20.1926   20.6435   20.6435
7    20.6435   20.2033   19.8501   20.6435
8    19.5639   19.4108   19.9546   20.3906
9    19.8008   20.6435   20.2239   19.7059
10   19.9431   19.506    20.6421   20.5884
11   19.4262   20.6435   20.3912   20.6435
12   20.6435   20.6435   20.3912   19.4262
13   20.6435   20.3673   19.5908   20.6435
14   19.3565   19.3565   19.3565   19.3565
15   20.2239   19.7059   20.6435   19.8008
16   19.517    20.6435   20.1662   20.5647
17   19.4065   20.3456   19.7863   20.6435
18   20.6317   20.6336   19.5142   20.1399
19   19.3565   19.3565   19.3565   19.3565
20   19.3565   19.3565   19.3565   19.3565
21   19.6603   20.2198   19.3891   20.6435
22   20.2239   20.6435   19.8008   19.7059
23   19.769    19.399    20.3559   19.3599
24   19.7339   20.3692   19.3565   19.6512
25   19.3565   19.3565   19.3565   19.3565
26   20.6334   20.1328   19.5178   20.6312
27   19.4262   20.6435   20.6435   20.3912
28   19.5716   19.3565   20.1048   19.3565
29   20.3261   19.3565   19.3565   19.5129
30   19.3565   19.3565   19.3565   20.3691
31   20.6331   19.5065   20.6304   20.1513
32   20.6435   20.2239   19.8008   19.7059
33   20.6435   19.384    20.6435   20.3692
34   19.6965   19.7694   20.63     20.6412
35   19.9556   20.3206   20.6435   19.5187
36   20.452    20.1615   19.8945   19.6223
37   19.8945   19.5716   20.1048   19.3565
38   19.7511   20.3509   19.3579   19.3842
39   20.3206   19.8432   20.6435   19.7143
40   19.8963   20.3256   19.6867   20.452
41   19.3565   19.3565   19.3565   19.3565
42   19.3565   20.3692   19.7672   19.657
43   19.5299   20.6435   20.1829   20.6435
44   20.6331   20.6307   19.5172   20.1321
45   19.5716   19.3565   19.3565   20.1048
46   19.7622   20.3767   19.3599   19.6846
47   20.3692   19.736    19.5375   19.3565
48   19.4108   19.5639   20.3906   19.9546
49   19.689    19.7705   20.381    19.362
50   20.2239   19.7059   20.6435   19.8008
;

side = 1.28706
softness = 0.75

---------------------------- Solution coords data ----------------------------
distances [*,1,*]
:    1   2   3   4    :=
1    0   1   0   1
2    0   1   0   1
3    0   1   0   1
4    0   1   0   1
5    0   1   0   1
6    0   1   0   1
7    0   1   0   1
8    0   1   0   1
9    0   1   0   1
10   0   1   0   1
11   0   1   0   1
12   0   1   0   1
13   0   1   0   1
14   0   1   0   1
15   0   1   0   1
16   0   1   0   1
17   0   1   0   1
18   0   1   0   1
19   0   1   0   1
20   0   1   0   1
21   0   1   0   1
22   0   1   0   1
23   0   1   0   1
24   0   1   0   1
25   0   1   0   1
26   0   1   0   1
27   0   1   0   1
28   0   1   0   1
29   0   1   0   1
30   0   1   0   1
31   0   1   0   1
32   0   1   0   1
33   0   1   0   1
34   0   1   0   1
35   0   1   0   1
36   0   1   0   1
37   0   1   0   1
38   0   1   0   1
39   0   1   0   1
40   0   1   0   1
41   0   1   0   1
42   0   1   0   1
43   0   1   0   1
44   0   1   0   1
45   0   1   0   1
46   0   1   0   1
47   0   1   0   1
48   0   1   0   1
49   0   1   0   1
50   0   1   0   1

 [*,2,*]
:    1   2   3   4    :=
1    0   0   1   1
2    0   0   1   1
3    0   0   1   1
4    0   0   1   1
5    0   0   1   1
6    0   0   1   1
7    0   0   1   1
8    0   0   1   1
9    0   0   1   1
10   0   0   1   1
11   0   0   1   1
12   0   0   1   1
13   0   0   1   1
14   0   0   1   1
15   0   0   1   1
16   0   0   1   1
17   0   0   1   1
18   0   0   1   1
19   0   0   1   1
20   0   0   1   1
21   0   0   1   1
22   0   0   1   1
23   0   0   1   1
24   0   0   1   1
25   0   0   1   1
26   0   0   1   1
27   0   0   1   1
28   0   0   1   1
29   0   0   1   1
30   0   0   1   1
31   0   0   1   1
32   0   0   1   1
33   0   0   1   1
34   0   0   1   1
35   0   0   1   1
36   0   0   1   1
37   0   0   1   1
38   0   0   1   1
39   0   0   1   1
40   0   0   1   1
41   0   0   1   1
42   0   0   1   1
43   0   0   1   1
44   0   0   1   1
45   0   0   1   1
46   0   0   1   1
47   0   0   1   1
48   0   0   1   1
49   0   0   1   1
50   0   0   1   1

 [*,3,*]
:    1   2   3   4    :=
1    1   0   0   1
2    1   0   0   1
3    1   0   0   1
4    1   0   0   1
5    1   0   0   1
6    1   0   0   1
7    1   0   0   1
8    1   0   0   1
9    1   0   0   1
10   1   0   0   1
11   1   0   0   1
12   1   0   0   1
13   1   0   0   1
14   1   0   0   1
15   1   0   0   1
16   1   0   0   1
17   1   0   0   1
18   1   0   0   1
19   1   0   0   1
20   1   0   0   1
21   1   0   0   1
22   1   0   0   1
23   1   0   0   1
24   1   0   0   1
25   1   0   0   1
26   1   0   0   1
27   1   0   0   1
28   1   0   0   1
29   1   0   0   1
30   1   0   0   1
31   1   0   0   1
32   1   0   0   1
33   1   0   0   1
34   1   0   0   1
35   1   0   0   1
36   1   0   0   1
37   1   0   0   1
38   1   0   0   1
39   1   0   0   1
40   1   0   0   1
41   1   0   0   1
42   1   0   0   1
43   1   0   0   1
44   1   0   0   1
45   1   0   0   1
46   1   0   0   1
47   1   0   0   1
48   1   0   0   1
49   1   0   0   1
50   1   0   0   1

 [*,4,*]
:    1   2   3   4    :=
1    1   1   1   0
2    1   1   1   0
3    1   1   1   0
4    1   1   1   0
5    1   1   1   0
6    1   1   1   0
7    1   1   1   0
8    1   1   1   0
9    1   1   1   0
10   1   1   1   0
11   1   1   1   0
12   1   1   1   0
13   1   1   1   0
14   1   1   1   0
15   1   1   1   0
16   1   1   1   0
17   1   1   1   0
18   1   1   1   0
19   1   1   1   0
20   1   1   1   0
21   1   1   1   0
22   1   1   1   0
23   1   1   1   0
24   1   1   1   0
25   1   1   1   0
26   1   1   1   0
27   1   1   1   0
28   1   1   1   0
29   1   1   1   0
30   1   1   1   0
31   1   1   1   0
32   1   1   1   0
33   1   1   1   0
34   1   1   1   0
35   1   1   1   0
36   1   1   1   0
37   1   1   1   0
38   1   1   1   0
39   1   1   1   0
40   1   1   1   0
41   1   1   1   0
42   1   1   1   0
43   1   1   1   0
44   1   1   1   0
45   1   1   1   0
46   1   1   1   0
47   1   1   1   0
48   1   1   1   0
49   1   1   1   0
50   1   1   1   0
;

---------------------------- Solution stats data ----------------------------
_ampl_time = 0.116883
_total_solve_time = 22930.4
_ampl_elapsed_time = 0.111452
_ampl_user_time = 0.097892

Total time elapsed: $22930.44.
_total_solve_time = 22930.4

---------------------------- Solution miscs data ----------------------------
tetrahedron_volume [*] :=
 1 0    6 0   11 0   16 0   21 0   26 0   31 0   36 0   41 0   46 0
 2 0    7 0   12 0   17 0   22 0   27 0   32 0   37 0   42 0   47 0
 3 0    8 0   13 0   18 0   23 0   28 0   33 0   38 0   43 0   48 0
 4 0    9 0   14 0   19 0   24 0   29 0   34 0   39 0   44 0   49 0
 5 0   10 0   15 0   20 0   25 0   30 0   35 0   40 0   45 0   50 0
;

---------------------------- Solution miscs data ----------------------------
tetrahedron_surface_area [*] :=
 1 1.73205   10 1.73205   19 1.73205   28 1.73205   37 1.73205   46 1.73205
 2 1.73205   11 1.73205   20 1.73205   29 1.73205   38 1.73205   47 1.73205
 3 1.73205   12 1.73205   21 1.73205   30 1.73205   39 1.73205   48 1.73205
 4 1.73205   13 1.73205   22 1.73205   31 1.73205   40 1.73205   49 1.73205
 5 1.73205   14 1.73205   23 1.73205   32 1.73205   41 1.73205   50 1.73205
 6 1.73205   15 1.73205   24 1.73205   33 1.73205   42 1.73205
 7 1.73205   16 1.73205   25 1.73205   34 1.73205   43 1.73205
 8 1.73205   17 1.73205   26 1.73205   35 1.73205   44 1.73205
 9 1.73205   18 1.73205   27 1.73205   36 1.73205   45 1.73205
;

