Error at _cmdno 5 executing "solve" command
(file amplin, line 1971, offset 37608):
error processing param distances:
	3200 invalid subscripts discarded:
	distances[101,1,1]
	distances[101,1,2]
	distances[101,1,3]
	and 3197 more.
##### This license is only intended for use by NEOS. #####
##### License is valid until Jan 16, 2026 #####
iables.
Adjusted problem:
25951 variables:
	16050 nonlinear variables
	9901 linear variables
53200 constraints; 315150 nonzeros
	45850 nonlinear constraints
	7350 linear constraints
	5050 equality constraints
	48150 inequality constraints
1 linear objective; 1 nonzero.

Artelys Knitro 14.2.0: algorithm=1
ms_enable=1
ms_maxsolves=50
ms_terminate=1
ms_savetol=0.01
feastol=1e-5
opttol=1e-5
bar_initpt=3
bar_murule=6
bar_penaltyrule=2
linsolver=0
scale=3
honorbnds=1
outlev=3
maxtime_real=28800
numthreads=4
presolve=1
bar_refinement=1
debug=0

=======================================
           Academic License
       (NOT FOR COMMERCIAL USE)
         Artelys Knitro 14.2.0
=======================================

No start point provided -- Knitro computing one.

Knitro presolve eliminated 0 variables and 0 constraints.

algorithm                1
bar_initpt               3
bar_murule               6
bar_penaltyrule          2
bar_refinement           1
concurrent_evals         0
datacheck                0
feastol                  1e-05
findiff_numthreads       1
hessian_no_f             1
hessopt                  1
honorbnds                1
maxtime_real             28800
ms_enable                1
ms_maxsolves             50
ms_savetol               0.01
ms_terminate             1
numthreads               4
opttol                   1e-05
outlev                   3
scale                    3

Problem Characteristics                                 (   Presolved)
-----------------------
Objective goal:  Minimize
Objective type:  linear
Number of variables:                              25951 (       25951)
    bounded below only:                            1201 (        1201)
    bounded above only:                               0 (           0)
    bounded below and above:                          0 (           0)
    fixed:                                            0 (           0)
    free:                                         24750 (       24750)
Number of constraints:                            53200 (       53200)
    linear equalities:                                0 (           0)
    quadratic equalities:                          4950 (        4950)
    gen. nonlinear equalities:                      100 (         100)
    linear one-sided inequalities:                 7350 (        7350)
    quadratic one-sided inequalities:             40800 (       40800)
    gen. nonlinear one-sided inequalities:            0 (           0)
    linear two-sided inequalities:                    0 (           0)
    quadratic two-sided inequalities:                 0 (           0)
    gen. nonlinear two-sided inequalities:            0 (           0)
Number of nonzeros in Jacobian:                  315150 (      315150)
Number of nonzeros in Hessian:                   141450 (      141450)

Knitro parallel multistart will run with 4 threads.

Return codes description
------------------------
  0:  The final solution satisfies the termination conditions for verifying optimality.
  -100 to -199:  A feasible approximate solution was found.
  -200 to -299:  Knitro terminated at an infeasible point.
  -300 to -301:  The problem was determined to be unbounded.
  -400 to -499:  Knitro terminated because it reached a pre-defined limit.
    -400 to -409:  A feasible point was found.
    -410 to -419:  No feasible point was found.
  -500 to -599:  Knitro terminated with an input error or some non-standard error.
A more detailed description of individual return codes and their corresponding
termination messages is provided at
https://www.artelys.com/app/docs/knitro/3_referenceManual/returnCodes.html

 Solve #  ThreadID  Status     Objective      FeasError    OptError    Real Time 
--------  --------  ------  --------------   ----------   ----------  ----------
      0          0       0         2.44459  1.37832e-04  9.55781e-06      741.741
     15          3    -410         8893.64  5.54260e-02     0.109724      4500.39
     14          1    -410         2227.29  9.67635e-02      4.30903      4271.58
     13          2    -410         11013.5      124298.      1.00000      4390.94
      2          3    -410         13926.2      206419.      1.00000      4287.70
      1          2    -410         10057.5      178588.      77.9988      4329.71
      4          0    -410         10457.4      211260.      1.00000      4586.42
      5          3    -410         11375.4      236231.      1.00000      4362.27
      6          2    -410         13342.6      166119.      6.42637      4495.66

MULTISTART: Best locally optimal solution is returned.
EXIT: Locally optimal solution found.

Final Statistics
----------------
Final objective value               =   2.44459285544567e+00
Final feasibility error (abs / rel) =   1.38e-04 / 7.59e-06
Final optimality error  (abs / rel) =   9.56e-06 / 9.56e-06
# of iterations                     =      81909 
# of CG iterations                  =          0 
# of function evaluations           =      86592
# of gradient evaluations           =      82030
# of Hessian evaluations            =      81942
Total program time (secs)           =   17650.32031 ( 65570.609 CPU time)

===============================================================================

Knitro 14.2.0: Locally optimal or satisfactory solution.
objective 2.444592855; feasibility error 0.000138
81909 iterations; 86592 function evaluations

suffix feaserror OUT;
suffix opterror OUT;
suffix numfcevals OUT;
suffix numiters OUT;
---------------------------- Container and geometric considerations  ----------------------------
Container type: cube
Structural conservation type: volume
---------------------------- Solution execution data ----------------------------
solve_result_num = 0
solve_result = solved

---------------------------- Solution data ----------------------------
card(figures) = 100

coords [*,*,1]
:        1         2         3         4       :=
1     20.7773   21.2219   21.2222   20.2903
2     19.4295   20.0014   20.579    19.3866
3     19.9321   18.8369   19.7963   20.1031
4     18.8912   18.7778   18.7777   19.659
5     20.4468   20.0414   21.2222   20.731
6     19.9046   18.8454   19.5567   19.7365
7     20.4319   21.2223   21.2223   21.222
8     20.3783   21.2221   21.2192   20.2593
9     20.3274   21.1443   21.2223   20.2162
10    19.5564   19.7363   18.9968   18.8459
11    18.7778   19.6028   19.5516   18.8491
12    18.7779   19.545    19.0248   19.5645
13    19.928    18.7778   19.5424   18.8564
14    20.1556   19.7973   19.5022   20.7864
15    20.5183   21.0768   20.8336   19.8013
16    21.0883   20.1084   20.6042   20.3617
17    20.0501   19.2208   20.0286   19.8119
18    20.1981   19.5581   20.2697   19.7343
19    20.1968   20.5763   19.4268   20.1126
20    21.0872   20.3608   21.2222   20.1073
21    21.2222   21.2211   20.2739   21.2223
22    18.7777   19.4848   18.7777   18.7778
23    21.2223   20.8721   20.5792   20.1634
24    20.4567   21.2223   21.1584   21.2223
25    19.6237   20.3909   20.0963   19.6544
26    19.7287   20.224    20.434    19.9437
27    19.7477   18.7777   18.9944   18.7778
28    20.0101   20.7813   20.2643   20.261
29    21.2053   21.2222   21.2223   20.3871
30    20.2337   18.9718   19.5517   19.5422
31    19.5624   18.9701   19.942    19.5563
32    18.8455   18.9951   19.7473   18.7777
33    21.2222   19.9985   20.4809   21.2217
34    20.2142   21.2223   21.2222   21.2222
35    19.3844   18.7778   18.7784   19.7123
36    18.7835   18.7778   18.7777   19.7384
37    19.5857   19.2085   20.2746   20.1271
38    19.8756   18.7778   18.7798   18.7778
39    21.1435   20.2852   20.2518   20.2238
40    20.1218   19.9367   18.9461   19.1353
41    20.0739   19.6192   19.9872   20.6762
42    19.1479   18.7779   19.8776   18.7777
43    21.2223   20.4326   21.2223   20.9203
44    19.6692   18.7778   18.7819   18.7778
45    20.8492   20.3191   20.4433   20.0496
46    19.7335   18.8113   19.4852   18.7777
47    19.3398   20.3584   19.94     20.2238
48    19.7861   18.8035   20.058    19.5393
49    20.3353   20.2174   20.4323   19.7059
50    19.7527   19.6432   18.7975   19.4051
51    21.2222   21.2219   21.2223   20.2583
52    19.532    20.2114   19.0018   19.3458
53    20.2245   19.1155   19.8571   18.9463
54    18.7777   18.7777   19.4371   18.7777
55    19.7918   19.5407   19.9272   18.7778
56    19.6343   18.7777   19.4095   18.802
57    21.2219   21.2223   20.4291   21.2223
58    18.8214   18.7778   18.7777   19.7987
59    19.6788   18.7778   18.7777   18.7779
60    19.6182   18.7777   19.6536   18.7885
61    20.108    19.5479   19.8013   20.6041
62    20.5846   19.3902   19.9247   19.3158
63    19.5689   20.2419   20.0328   20.251
64    20.832    20.8298   20.4388   20.0498
65    20.2507   21.1666   20.4324   20.359
66    21.2223   21.2222   20.2593   21.2222
67    20.2625   20.3197   20.5783   21.222
68    21.2223   21.2222   20.9527   20.1107
69    18.7777   18.7778   19.878    18.7777
70    18.7781   18.7778   18.7778   19.6332
71    21.2222   20.939    20.0663   20.1747
72    18.7864   19.7167   18.7975   19.8089
73    20.0909   20.1153   19.9259   20.8818
74    19.3401   19.9402   20.3583   19.5351
75    19.5407   18.7828   19.8786   18.7778
76    20.373    20.109    19.8015   20.6042
77    20.8535   20.2867   19.5818   20.2903
78    19.6368   20.236    20.9076   20.048
79    20.5259   21.2222   20.9204   20.4323
80    20.2614   20.0652   20.2153   21.145
81    19.5452   19.9399   19.3728   20.2239
82    20.3029   19.7154   20.0832   19.3938
83    18.7979   19.4372   18.7778   19.8405
84    19.5563   20.2363   19.5625   19.9423
85    21.2223   20.832    20.0502   20.8299
86    20.0709   20.3011   20.2623   19.3164
87    20.1181   19.7249   19.5316   18.8447
88    20.5792   21.2223   20.1634   20.2241
89    19.8995   20.5793   20.224    20.4353
90    21.2059   20.2233   20.8874   20.1584
91    21.2222   21.2223   20.6932   20.2784
92    19.6838   19.7413   20.0147   18.8169
93    19.5225   20.1179   20.3767   20.3064
94    18.7779   19.7649   18.7777   18.7777
95    21.2222   21.2222   21.2223   20.1342
96    21.2221   20.144    21.2222   20.8721
97    20.8833   21.2222   20.5005   21.2221
98    19.7342   19.9282   18.8565   19.558
99    20.777    21.2222   20.2853   20.2903
100   20.2988   21.2222   21.2222   20.5724

 [*,*,2]
:        1         2         3         4       :=
1     21.2222   21.2219   20.3691   20.3768
2     21.2223   20.3876   21.2222   21.2222
3     19.843    20.1565   20.8037   19.9882
4     18.7778   18.7778   19.3668   19.521
5     19.9947   20.3526   20.381    21.2034
6     20.0385   20.1778   19.7408   19.3313
7     19.9298   19.9504   19.5266   18.9727
8     21.2222   21.0505   21.2222   20.4415
9     21.1785   20.3244   20.7108   20.2596
10    19.7413   19.3313   19.4387   20.177
11    18.7778   19.5011   18.7777   18.7777
12    18.7833   18.7777   18.7777   19.5652
13    20.5176   20.0802   19.91     20.6924
14    20.4803   21.2223   21.1959   21.2222
15    20.3321   21.2222   21.1646   21.2222
16    20.8674   20.0372   21.2221   20.3866
17    19.8858   19.2654   19.9634   19.0955
18    20.6661   19.8916   20.0036   21.1607
19    21.2223   21.2222   21.2223   20.2042
20    20.8664   20.3859   20.2238   20.0359
21    19.5431   20.4945   20.4057   20.407
22    21.2223   21.2222   21.2223   20.2815
23    18.7778   19.6121   19.798    18.8006
24    18.9102   19.3237   19.8354   18.7777
25    20.609    20.4452   20.0504   19.6247
26    19.0044   18.778    19.6461   19.9857
27    19.3207   19.4835   19.4441   18.7777
28    19.6586   20.1506   19.3773   20.2515
29    19.5281   20.212    19.9503   19.9503
30    18.7778   18.7777   18.7777   19.491
31    19.9427   20.1539   19.5297   20.6981
32    20.1775   19.4441   19.3208   19.4835
33    20.2484   19.9845   19.6805   19.5931
34    18.7778   19.3239   18.7777   18.7778
35    18.8262   18.8594   19.9586   19.5483
36    21.2223   20.234    21.2223   20.7821
37    19.5164   18.7778   18.7778   18.7777
38    20.5723   20.1286   21.2219   20.3269
39    20.3245   21.2222   20.2616   20.4543
40    19.9773   19.8457   20.1445   19.1648
41    20.0927   21.2053   20.3719   21.2208
42    19.0824   20.0895   19.854    19.2275
43    18.9712   19.9284   19.9496   18.7845
44    19.5627   19.9344   18.7779   18.9876
45    18.7778   18.7778   19.8187   18.7777
46    21.1602   20.3241   21.2223   21.2223
47    18.867    19.5775   18.7777   18.7777
48    19.7237   20.2699   20.5453   20.6177
49    21.0447   20.1172   21.2223   21.2223
50    20.7131   20.9133   20.1331   21.2102
51    20.598    20.2686   19.6796   19.8416
52    19.4989   18.7777   18.7777   18.8178
53    19.9771   19.3291   19.5218   19.8962
54    20.1714   19.9625   19.954    19.0157
55    20.6927   21.2222   20.4712   20.31
56    20.9048   21.2222   21.2182   20.1411
57    21.2223   20.7335   20.2261   20.3709
58    20.1154   21.2223   21.2223   20.7454
59    19.7872   20.2722   19.3283   20.1075
60    20.655    20.138    19.7965   20.2665
61    20.041    21.1969   20.7064   21.2222
62    19.2496   18.7777   19.5804   19.4461
63    19.9354   19.9875   19.5804   20.6974
64    18.7779   19.7095   19.8091   18.7778
65    20.2705   21.16     21.2223   21.2223
66    20.407    21.0504   20.4413   21.2223
67    19.2997   20.3633   20.1915   19.543
68    19.5427   18.7778   19.5304   19.0313
69    20.2753   20.0895   19.854    19.2276
70    20.1438   21.222    20.3017   20.9042
71    18.7777   19.5272   19.0506   18.7778
72    20.2721   20.7865   20.1319   19.6152
73    20.0453   20.1657   19.4639   19.9852
74    18.8668   18.7778   19.5783   19.5133
75    21.2223   21.2205   20.5711   20.3099
76    20.4211   20.039    20.7064   21.2222
77    19.5748   18.7952   19.4621   19.7647
78    19.4552   18.7777   19.5788   19.037
79    19.0134   19.9487   18.7847   19.9284
80    20.2613   19.6865   20.4497   20.3271
81    18.7777   19.9974   19.1689   18.7779
82    21.2223   21.1532   20.3756   21.2223
83    19.0444   19.954    20.1709   19.6038
84    20.6981   20.495    19.9424   19.5294
85    18.7777   18.7777   18.7777   19.7093
86    19.6061   20.0215   19.2997   19.4462
87    20.0105   20.7208   19.7712   20.178
88    19.7979   18.7777   18.8005   18.7777
89    20.016    19.7985   18.778    19.6454
90    19.6727   19.3633   20.1986   19.7227
91    19.5432   20.494    20.1016   20.4012
92    20.7667   21.1083   20.4416   20.274
93    19.5172   18.7777   19.7331   18.7779
94    20.2327   20.7486   20.1358   21.2222
95    20.212    19.9509   20.5982   20.1412
96    18.7778   18.7778   18.7777   19.612
97    21.2222   20.6099   20.3161   21.2222
98    21.1604   20.5176   20.6925   19.8925
99    21.2223   21.2206   21.2222   20.3771
100   19.1426   19.5429   19.6647   20.1808

 [*,*,3]
:        1         2         3         4       :=
1     20.6064   19.6531   19.7811   19.9134
2     19.8221   19.7793   20.3953   20.5378
3     20.381    19.8607   20.1456   19.7259
4     20.6652   19.3857   20.3442   19.9524
5     20.2676   19.9255   19.7923   20.5964
6     21.2223   21.2222   20.3069   21.2222
7     20.2863   19.9305   21.1431   20.617
8     19.7523   19.6783   18.7814   19.0855
9     19.7854   19.7981   19.3568   18.9129
10    20.3053   21.2221   20.1817   21.2218
11    18.9055   19.5673   19.1136   20.1879
12    21.2114   21.2222   20.0477   20.5636
13    19.4639   19.302    18.7777   18.7778
14    20.3791   20.489    21.2222   21.2167
15    20.3586   20.6424   21.2223   20.4913
16    21.2223   21.2223   21.2222   20.2788
17    19.6895   20.2571   20.9714   20.6734
18    19.5781   18.7779   18.7777   18.7777
19    19.6003   20.3938   19.8207   19.7626
20    21.2222   20.2782   21.1708   21.2223
21    18.7778   19.6408   18.7778   18.7777
22    19.8409   19.5869   18.7779   19.0721
23    21.2222   20.6754   21.2222   20.5278
24    19.3399   19.2682   19.889    20.3447
25    21.0308   20.2456   21.2223   20.4278
26    20.7103   21.2221   20.3074   21.1461
27    21.2223   21.2223   20.1893   21.2222
28    20.0862   19.8079   18.9222   18.9748
29    21.1454   21.19     19.9325   20.2498
30    19.7803   20.0004   19.1137   19.6529
31    18.8151   19.33     19.6892   19.8539
32    21.2223   20.1884   21.2223   21.2223
33    21.2222   21.2222   20.3404   21.2222
34    19.3638   19.2677   18.7781   20.0625
35    18.7777   19.0086   18.7778   19.5581
36    20.4792   20.5637   21.2223   21.217
37    19.5589   18.7781   18.7778   19.6757
38    20.314    19.8519   20.479    20.5552
39    19.7975   19.7846   18.9466   19.9111
40    19.7556   20.3675   19.8391   19.6301
41    20.3241   20.4962   19.7682   20.4423
42    19.6106   19.714    20.333    20.1173
43    20.6179   20.2865   19.9293   19.9649
44    19.5241   18.8031   19.0273   19.6711
45    19.8041   19.4367   20.179    20.5313
46    18.7777   19.0947   19.5872   18.7777
47    20.6784   20.3502   20.0977   21.2221
48    20.3228   20.3723   20.3915   21.1391
49    19.6586   18.7778   18.7777   18.7777
50    20.3721   19.2688   19.8395   20.1866
51    20.5602   19.441    19.6663   20.1751
52    19.6595   19.7844   19.9953   20.7324
53    18.7778   18.7777   19.6999   18.8752
54    19.7189   18.7777   19.0677   19.6456
55    21.2223   21.0328   20.2049   20.5568
56    19.2742   19.8411   20.1892   19.8421
57    20.2229   21.02     20.392    19.7877
58    19.8526   19.8412   20.4787   20.3983
59    20.3057   20.372    20.1421   21.1632
60    21.2215   21.2034   20.3289   20.3714
61    21.2223   21.2223   20.6497   21.2222
62    18.7777   18.7778   19.6261   18.7777
63    18.8292   18.7778   19.8184   19.6058
64    19.8199   20.7035   20.1832   20.5314
65    18.919    18.7778   18.7777   19.7744
66    18.7778   19.6785   19.0855   18.7778
67    18.7778   18.7777   19.4802   18.7778
68    18.7777   18.7777   19.6094   18.7778
69    20.3726   19.714    20.3333   20.1174
70    19.8578   19.8409   19.0888   19.2746
71    18.7778   19.6019   18.7889   19.3866
72    19.2622   19.9789   19.8436   19.6401
73    21.2103   19.9318   20.1305   20.8118
74    20.6777   20.0974   20.3507   19.6381
75    21.0327   20.4787   20.3136   20.5567
76    20.3054   21.2223   20.6497   21.2221
77    19.4764   19.4903   19.6165   20.3167
78    19.6096   19.4949   19.4703   18.7777
79    19.39     19.9286   19.9648   20.2863
80    18.9526   20.0842   19.8832   19.8133
81    21.2223   21.1442   20.343    21.222
82    19.5699   18.8083   19.4974   19.8301
83    19.628    19.0678   19.7204   19.6121
84    19.8533   19.6875   18.8148   19.6895
85    20.4358   19.8199   20.5311   20.7033
86    19.8049   18.7779   18.7778   18.7779
87    21.2223   21.2222   20.3791   21.2223
88    21.2223   21.2223   20.5279   21.2223
89    21.2222   21.2223   21.2223   20.3052
90    19.6784   18.9911   19.6657   20.2223
91    18.778    19.6415   19.6361   18.7777
92    19.9527   18.8293   19.5765   19.1442
93    19.6264   20.2531   20.3439   19.488
94    20.563    21.2029   21.2223   21.2223
95    21.1897   19.932    20.5605   20.5115
96    21.2219   20.5237   20.4359   20.6754
97    21.2025   21.2217   20.3769   20.224
98    18.7777   19.464    18.7779   18.7777
99    20.6068   19.6495   19.7851   19.9138
100   18.9617   18.7777   19.6854   19.4724
;

side = 2.44459
softness = 0.65

---------------------------- Solution coords data ----------------------------
distances [*,1,*]
:     1   2   3   4    :=
1     0   1   0   1
2     0   1   0   1
3     0   1   0   1
4     0   1   0   1
5     0   1   0   1
6     0   1   0   1
7     0   1   0   1
8     0   1   0   1
9     0   1   0   1
10    0   1   0   1
11    0   1   0   1
12    0   1   0   1
13    0   1   0   1
14    0   1   0   1
15    0   1   0   1
16    0   1   0   1
17    0   1   0   1
18    0   1   0   1
19    0   1   0   1
20    0   1   0   1
21    0   1   0   1
22    0   1   0   1
23    0   1   0   1
24    0   1   0   1
25    0   1   0   1
26    0   1   0   1
27    0   1   0   1
28    0   1   0   1
29    0   1   0   1
30    0   1   0   1
31    0   1   0   1
32    0   1   0   1
33    0   1   0   1
34    0   1   0   1
35    0   1   0   1
36    0   1   0   1
37    0   1   0   1
38    0   1   0   1
39    0   1   0   1
40    0   1   0   1
41    0   1   0   1
42    0   1   0   1
43    0   1   0   1
44    0   1   0   1
45    0   1   0   1
46    0   1   0   1
47    0   1   0   1
48    0   1   0   1
49    0   1   0   1
50    0   1   0   1
51    0   1   0   1
52    0   1   0   1
53    0   1   0   1
54    0   1   0   1
55    0   1   0   1
56    0   1   0   1
57    0   1   0   1
58    0   1   0   1
59    0   1   0   1
60    0   1   0   1
61    0   1   0   1
62    0   1   0   1
63    0   1   0   1
64    0   1   0   1
65    0   1   0   1
66    0   1   0   1
67    0   1   0   1
68    0   1   0   1
69    0   1   0   1
70    0   1   0   1
71    0   1   0   1
72    0   1   0   1
73    0   1   0   1
74    0   1   0   1
75    0   1   0   1
76    0   1   0   1
77    0   1   0   1
78    0   1   0   1
79    0   1   0   1
80    0   1   0   1
81    0   1   0   1
82    0   1   0   1
83    0   1   0   1
84    0   1   0   1
85    0   1   0   1
86    0   1   0   1
87    0   1   0   1
88    0   1   0   1
89    0   1   0   1
90    0   1   0   1
91    0   1   0   1
92    0   1   0   1
93    0   1   0   1
94    0   1   0   1
95    0   1   0   1
96    0   1   0   1
97    0   1   0   1
98    0   1   0   1
99    0   1   0   1
100   0   1   0   1

 [*,2,*]
:     1   2   3   4    :=
1     0   0   1   1
2     0   0   1   1
3     0   0   1   1
4     0   0   1   1
5     0   0   1   1
6     0   0   1   1
7     0   0   1   1
8     0   0   1   1
9     0   0   1   1
10    0   0   1   1
11    0   0   1   1
12    0   0   1   1
13    0   0   1   1
14    0   0   1   1
15    0   0   1   1
16    0   0   1   1
17    0   0   1   1
18    0   0   1   1
19    0   0   1   1
20    0   0   1   1
21    0   0   1   1
22    0   0   1   1
23    0   0   1   1
24    0   0   1   1
25    0   0   1   1
26    0   0   1   1
27    0   0   1   1
28    0   0   1   1
29    0   0   1   1
30    0   0   1   1
31    0   0   1   1
32    0   0   1   1
33    0   0   1   1
34    0   0   1   1
35    0   0   1   1
36    0   0   1   1
37    0   0   1   1
38    0   0   1   1
39    0   0   1   1
40    0   0   1   1
41    0   0   1   1
42    0   0   1   1
43    0   0   1   1
44    0   0   1   1
45    0   0   1   1
46    0   0   1   1
47    0   0   1   1
48    0   0   1   1
49    0   0   1   1
50    0   0   1   1
51    0   0   1   1
52    0   0   1   1
53    0   0   1   1
54    0   0   1   1
55    0   0   1   1
56    0   0   1   1
57    0   0   1   1
58    0   0   1   1
59    0   0   1   1
60    0   0   1   1
61    0   0   1   1
62    0   0   1   1
63    0   0   1   1
64    0   0   1   1
65    0   0   1   1
66    0   0   1   1
67    0   0   1   1
68    0   0   1   1
69    0   0   1   1
70    0   0   1   1
71    0   0   1   1
72    0   0   1   1
73    0   0   1   1
74    0   0   1   1
75    0   0   1   1
76    0   0   1   1
77    0   0   1   1
78    0   0   1   1
79    0   0   1   1
80    0   0   1   1
81    0   0   1   1
82    0   0   1   1
83    0   0   1   1
84    0   0   1   1
85    0   0   1   1
86    0   0   1   1
87    0   0   1   1
88    0   0   1   1
89    0   0   1   1
90    0   0   1   1
91    0   0   1   1
92    0   0   1   1
93    0   0   1   1
94    0   0   1   1
95    0   0   1   1
96    0   0   1   1
97    0   0   1   1
98    0   0   1   1
99    0   0   1   1
100   0   0   1   1

 [*,3,*]
:     1   2   3   4    :=
1     1   0   0   1
2     1   0   0   1
3     1   0   0   1
4     1   0   0   1
5     1   0   0   1
6     1   0   0   1
7     1   0   0   1
8     1   0   0   1
9     1   0   0   1
10    1   0   0   1
11    1   0   0   1
12    1   0   0   1
13    1   0   0   1
14    1   0   0   1
15    1   0   0   1
16    1   0   0   1
17    1   0   0   1
18    1   0   0   1
19    1   0   0   1
20    1   0   0   1
21    1   0   0   1
22    1   0   0   1
23    1   0   0   1
24    1   0   0   1
25    1   0   0   1
26    1   0   0   1
27    1   0   0   1
28    1   0   0   1
29    1   0   0   1
30    1   0   0   1
31    1   0   0   1
32    1   0   0   1
33    1   0   0   1
34    1   0   0   1
35    1   0   0   1
36    1   0   0   1
37    1   0   0   1
38    1   0   0   1
39    1   0   0   1
40    1   0   0   1
41    1   0   0   1
42    1   0   0   1
43    1   0   0   1
44    1   0   0   1
45    1   0   0   1
46    1   0   0   1
47    1   0   0   1
48    1   0   0   1
49    1   0   0   1
50    1   0   0   1
51    1   0   0   1
52    1   0   0   1
53    1   0   0   1
54    1   0   0   1
55    1   0   0   1
56    1   0   0   1
57    1   0   0   1
58    1   0   0   1
59    1   0   0   1
60    1   0   0   1
61    1   0   0   1
62    1   0   0   1
63    1   0   0   1
64    1   0   0   1
65    1   0   0   1
66    1   0   0   1
67    1   0   0   1
68    1   0   0   1
69    1   0   0   1
70    1   0   0   1
71    1   0   0   1
72    1   0   0   1
73    1   0   0   1
74    1   0   0   1
75    1   0   0   1
76    1   0   0   1
77    1   0   0   1
78    1   0   0   1
79    1   0   0   1
80    1   0   0   1
81    1   0   0   1
82    1   0   0   1
83    1   0   0   1
84    1   0   0   1
85    1   0   0   1
86    1   0   0   1
87    1   0   0   1
88    1   0   0   1
89    1   0   0   1
90    1   0   0   1
91    1   0   0   1
92    1   0   0   1
93    1   0   0   1
94    1   0   0   1
95    1   0   0   1
96    1   0   0   1
97    1   0   0   1
98    1   0   0   1
99    1   0   0   1
100   1   0   0   1

 [*,4,*]
:     1   2   3   4    :=
1     1   1   1   0
2     1   1   1   0
3     1   1   1   0
4     1   1   1   0
5     1   1   1   0
6     1   1   1   0
7     1   1   1   0
8     1   1   1   0
9     1   1   1   0
10    1   1   1   0
11    1   1   1   0
12    1   1   1   0
13    1   1   1   0
14    1   1   1   0
15    1   1   1   0
16    1   1   1   0
17    1   1   1   0
18    1   1   1   0
19    1   1   1   0
20    1   1   1   0
21    1   1   1   0
22    1   1   1   0
23    1   1   1   0
24    1   1   1   0
25    1   1   1   0
26    1   1   1   0
27    1   1   1   0
28    1   1   1   0
29    1   1   1   0
30    1   1   1   0
31    1   1   1   0
32    1   1   1   0
33    1   1   1   0
34    1   1   1   0
35    1   1   1   0
36    1   1   1   0
37    1   1   1   0
38    1   1   1   0
39    1   1   1   0
40    1   1   1   0
41    1   1   1   0
42    1   1   1   0
43    1   1   1   0
44    1   1   1   0
45    1   1   1   0
46    1   1   1   0
47    1   1   1   0
48    1   1   1   0
49    1   1   1   0
50    1   1   1   0
51    1   1   1   0
52    1   1   1   0
53    1   1   1   0
54    1   1   1   0
55    1   1   1   0
56    1   1   1   0
57    1   1   1   0
58    1   1   1   0
59    1   1   1   0
60    1   1   1   0
61    1   1   1   0
62    1   1   1   0
63    1   1   1   0
64    1   1   1   0
65    1   1   1   0
66    1   1   1   0
67    1   1   1   0
68    1   1   1   0
69    1   1   1   0
70    1   1   1   0
71    1   1   1   0
72    1   1   1   0
73    1   1   1   0
74    1   1   1   0
75    1   1   1   0
76    1   1   1   0
77    1   1   1   0
78    1   1   1   0
79    1   1   1   0
80    1   1   1   0
81    1   1   1   0
82    1   1   1   0
83    1   1   1   0
84    1   1   1   0
85    1   1   1   0
86    1   1   1   0
87    1   1   1   0
88    1   1   1   0
89    1   1   1   0
90    1   1   1   0
91    1   1   1   0
92    1   1   1   0
93    1   1   1   0
94    1   1   1   0
95    1   1   1   0
96    1   1   1   0
97    1   1   1   0
98    1   1   1   0
99    1   1   1   0
100   1   1   1   0
;

---------------------------- Solution stats data ----------------------------
_ampl_time = 0.21343
_total_solve_time = 65571.1
_ampl_elapsed_time = 0.209531
_ampl_user_time = 0.178554

Total time elapsed: $65571.14.
_total_solve_time = 65571.1

---------------------------- Solution miscs data ----------------------------
tetrahedron_volume [*] :=
  1 0.117851    21 0.117851    41 0.117851    61 0.117851    81 0.117851
  2 0.117851    22 0.117851    42 0.117851    62 0.117851    82 0.117851
  3 0.117851    23 0.117851    43 0.117851    63 0.117851    83 0.117851
  4 0.117851    24 0.117851    44 0.117851    64 0.117851    84 0.117851
  5 0.117851    25 0.117851    45 0.117851    65 0.117851    85 0.117851
  6 0.117851    26 0.117851    46 0.117851    66 0.117851    86 0.117851
  7 0.117851    27 0.117851    47 0.117851    67 0.117851    87 0.117851
  8 0.117851    28 0.117851    48 0.117851    68 0.117851    88 0.117851
  9 0.117851    29 0.117851    49 0.117851    69 0.117851    89 0.117851
 10 0.117851    30 0.117851    50 0.117851    70 0.117851    90 0.117851
 11 0.117851    31 0.117851    51 0.117851    71 0.117851    91 0.117851
 12 0.117851    32 0.117851    52 0.117851    72 0.117851    92 0.117851
 13 0.117851    33 0.117851    53 0.117851    73 0.117851    93 0.117851
 14 0.117851    34 0.117851    54 0.117851    74 0.117851    94 0.117851
 15 0.117851    35 0.117851    55 0.117851    75 0.117851    95 0.117851
 16 0.117851    36 0.117851    56 0.117851    76 0.117851    96 0.117851
 17 0.117851    37 0.117851    57 0.117851    77 0.117851    97 0.117851
 18 0.117851    38 0.117851    58 0.117851    78 0.117851    98 0.117851
 19 0.117851    39 0.117851    59 0.117851    79 0.117851    99 0.117851
 20 0.117851    40 0.117851    60 0.117851    80 0.117851   100 0.117851
;

---------------------------- Solution miscs data ----------------------------
tetrahedron_surface_area [*] :=
  1 0    11 0    21 0    31 0    41 0    51 0    61 0    71 0    81 0    91 0
  2 0    12 0    22 0    32 0    42 0    52 0    62 0    72 0    82 0    92 0
  3 0    13 0    23 0    33 0    43 0    53 0    63 0    73 0    83 0    93 0
  4 0    14 0    24 0    34 0    44 0    54 0    64 0    74 0    84 0    94 0
  5 0    15 0    25 0    35 0    45 0    55 0    65 0    75 0    85 0    95 0
  6 0    16 0    26 0    36 0    46 0    56 0    66 0    76 0    86 0    96 0
  7 0    17 0    27 0    37 0    47 0    57 0    67 0    77 0    87 0    97 0
  8 0    18 0    28 0    38 0    48 0    58 0    68 0    78 0    88 0    98 0
  9 0    19 0    29 0    39 0    49 0    59 0    69 0    79 0    89 0    99 0
 10 0    20 0    30 0    40 0    50 0    60 0    70 0    80 0    90 0   100 0
;

