Error at _cmdno 5 executing "solve" command
(file amplin, line 1961, offset 37059):
error processing param distances:
	3200 invalid subscripts discarded:
	distances[101,1,1]
	distances[101,1,2]
	distances[101,1,3]
	and 3197 more.
##### This license is only intended for use by NEOS. #####
##### License is valid until Jan 16, 2026 #####
iables.
Substitution eliminates 1 variable.
Adjusted problem:
25953 variables:
	16053 nonlinear variables
	9900 linear variables
52003 constraints; 313156 nonzeros
	46250 nonlinear constraints
	5753 linear constraints
	5051 equality constraints
	46952 inequality constraints
1 nonlinear objective; 3 nonzeros.

Artelys Knitro 14.2.0: threads=4
algorithm=1
ms_enable=1
ms_maxsolves=10
feastol=1e-5
opttol=1e-5
honorbnds=1
bar_initpt=3
bar_murule=4
scale=1
outlev=2
maxtime_real=1200
WARNING:  Option 'threads' is deprecated, please use 'numthreads'.
WARNING: 1 constraint is constant or undefined and will be ignored.

=======================================
           Academic License
       (NOT FOR COMMERCIAL USE)
         Artelys Knitro 14.2.0
=======================================

No start point provided -- Knitro computing one.

Knitro presolve eliminated 0 variables and 1 constraint.

algorithm                1
bar_initpt               3
bar_murule               4
concurrent_evals         0
datacheck                0
feastol                  1e-05
findiff_numthreads       1
hessian_no_f             1
hessopt                  1
honorbnds                1
maxtime_real             1200
ms_enable                1
ms_maxsolves             10
numthreads               4
opttol                   1e-05

Problem Characteristics                                 (   Presolved)
-----------------------
Objective goal:  Minimize
Objective type:  general
Number of variables:                              25953 (       25953)
    bounded below only:                               1 (           1)
    bounded above only:                               0 (           0)
    bounded below and above:                          0 (           0)
    fixed:                                            0 (           0)
    free:                                         25952 (       25952)
Number of constraints:                            52003 (       52002)
    linear equalities:                                1 (           0)
    quadratic equalities:                          4950 (        4950)
    gen. nonlinear equalities:                      100 (         100)
    linear one-sided inequalities:                 5752 (        5752)
    quadratic one-sided inequalities:             41200 (       41200)
    gen. nonlinear one-sided inequalities:            0 (           0)
    linear two-sided inequalities:                    0 (           0)
    quadratic two-sided inequalities:                 0 (           0)
    gen. nonlinear two-sided inequalities:            0 (           0)
Number of nonzeros in Jacobian:                  313156 (      313156)
Number of nonzeros in Hessian:                   141453 (      141453)

Knitro parallel multistart will run with 4 threads.

Return codes description
------------------------
  0:  The final solution satisfies the termination conditions for verifying optimality.
  -100 to -199:  A feasible approximate solution was found.
  -200 to -299:  Knitro terminated at an infeasible point.
  -300 to -301:  The problem was determined to be unbounded.
  -400 to -499:  Knitro terminated because it reached a pre-defined limit.
    -400 to -409:  A feasible point was found.
    -410 to -419:  No feasible point was found.
  -500 to -599:  Knitro terminated with an input error or some non-standard error.
A more detailed description of individual return codes and their corresponding
termination messages is provided at
https://www.artelys.com/app/docs/knitro/3_referenceManual/returnCodes.html

 Solve #  ThreadID  Status     Objective      FeasError    OptError    Real Time 
--------  --------  ------  --------------   ----------   ----------  ----------
      0          0       0         6.89682  5.06449e-05  7.49815e-05      3771.16
      3          3    -410     1.50627e+11      23569.2      22183.9      8337.86
      1          2    -410     7.45574e+11  4.32884e+06      42988.8      10551.8
      4          0    -410     2.81439e+10  4.69135e+06      9813.82      8531.38
      5          3    -410     1.67859e+13  2.73730e+06      379567.      6693.27
      7          1    -410     4.34449e+11  4.25054e+06      121845.      6410.34
      2          1    -410     1.83635e+12      1495.01      335892.      10797.5
      9          3    -410     2.29927e+09      17782.2      4669.43      5504.05
      8          0    -410     1.52675e+11      18851.5      120885.      5910.36
      6          2    -410     7.34684e+11      45.3018      172323.      6009.16

MULTISTART: Best locally optimal solution is returned.
EXIT: Locally optimal solution found.

Final Statistics
----------------
Final objective value               =   6.89682288361581e+00
Final feasibility error (abs / rel) =   5.06e-05 / 8.71e-06
Final optimality error  (abs / rel) =   7.50e-05 / 7.62e-06
# of iterations                     =      93535 
# of CG iterations                  =          0 
# of function evaluations           =      93978
# of gradient evaluations           =      93713
# of Hessian evaluations            =      93566
Total program time (secs)           =   20536.31250 ( 72191.828 CPU time)

===============================================================================

Knitro 14.2.0: Locally optimal or satisfactory solution.
objective 6.896822884; feasibility error 5.06e-05
93535 iterations; 93978 function evaluations

suffix feaserror OUT;
suffix opterror OUT;
suffix numfcevals OUT;
suffix numiters OUT;
---------------------------- Solver Status Report ----------------------------
solve_result_num = 0
solve_result = solved
solve_message = 'Knitro 14.2.0: Locally optimal or satisfactory solution.\
objective 6.896822884; feasibility error 5.06e-05\
93535 iterations; 93978 function evaluations'


---------------------------- Problem Dimensions ----------------------------
Variables: 51304
Constraints: 52104
---------------------------- Container and geometric considerations  ----------------------------
Container type: cylinder
Structural conservation type: volume & surface
---------------------------- Solution execution data ----------------------------
solve_result_num = 0
solve_result = solved

---------------------------- Solution data ----------------------------
card(figures) = 100

coords [*,*,1]
:          1            2             3            4         :=
1      0.323363     -0.423425     0.127263      0.470835
2      0.570855      0.471922     0.871535      1.39075
3     -0.386035      0.511357     0.215272     -0.238593
4     -0.286595     -0.52774     -0.844331     -1.24561
5     -0.038172      0.490839     0.773224      0.845655
6     -1.36197      -1.11457     -0.426368     -0.815854
7     -0.59394      -0.203504    -1.20997      -0.574595
8     -0.549459     -1.08927     -1.35457      -1.39753
9      0.745649      0.091492     1.05532       0.409003
10    -0.764408      0.173131    -0.122129     -0.0857803
11    -0.876929     -0.0952869   -0.340013      0.0499097
12    -0.498221     -0.603572    -0.134154      0.339314
13     1.01551       0.472961     1.29969       1.36895
14    -0.374374      0.424563    -0.429896      0.1186
15     0.00781056    0.91766      0.292381      0.72727
16    -0.836637     -0.768539     0.0550376    -0.412233
17     0.445335      0.0408907    0.636704      1.02338
18    -1.31636      -0.558845    -1.10653      -0.424997
19    -0.655124     -0.311299    -1.30786      -0.877925
20    -1.10493      -1.35004     -0.543622     -1.39753
21     0.470335      1.096        0.322844      0.143288
22    -0.682325     -0.954639    -0.219859     -1.2146
23    -0.428504     -1.32372     -0.933432     -0.531958
24     1.39002       1.33449      0.502627      1.16396
25    -1.29305      -1.27124     -1.05016      -0.446118
26    -0.586385     -0.340606    -0.499054      0.335672
27     0.632171      1.30998      0.494747      1.12208
28     0.802198      0.203199     1.22536       0.756317
29     0.0308356     0.787367    -0.160113      0.1676
30     0.027002     -0.51307     -0.957197     -0.53401
31    -0.0656584    -0.187624     0.744473      0.134862
32    -0.862064     -0.513458    -1.39388      -0.473465
33     0.134853      0.744472    -0.187623      0.529395
34     0.264818      0.6439       1.22333       0.430309
35     0.377608      0.556309     0.0835589     1.07738
36    -0.531141     -0.942984    -1.39         -1.34646
37    -0.490195     -1.03112     -0.00649058   -0.571113
38    -0.329147      0.319688    -0.593904      0.0187654
39     0.546352      0.0936934    0.338838     -0.423944
40     0.151364      0.776722    -0.1706        0.396415
41     1.30418       0.545148     1.39583       1.33182
42     0.532458     -0.061478    -0.480184     -0.128338
43     0.742226     -0.135952     0.500331      0.0265477
44     0.0882331    -0.796493     0.0234193    -0.0684188
45    -0.00585266   -0.964927    -0.330653     -0.347338
46    -0.816803     -0.276028     0.00698789    0.109715
47    -0.39075      -0.139722    -0.542511     -1.12134
48    -0.833766     -1.37272     -0.477677     -0.611717
49     0.0230859    -0.385096    -0.144055      0.556169
50     1.39465       1.32956      0.530023      1.0672
51    -0.843294      0.0313433   -0.0656588    -0.53364
52    -0.0684224    -0.796491    -0.638546      0.0882338
53    -0.542509      0.358582    -0.390748     -0.125239
54     1.26348       0.488882     1.38066       1.1666
55     0.728308      0.651267     0.0316867    -0.0635906
56    -0.116348      0.362549     0.504784     -0.382536
57    -0.2723       -1.22971     -0.877077     -0.465895
58    -0.0893766    -0.103228    -0.593658     -0.972261
59    -0.575027     -0.427163    -0.35476       0.361086
60     1.03072       0.178551     0.13685       0.677122
61     0.309669      1.22974      0.54475       0.387936
62    -1.21801      -0.506507    -0.443585     -0.265501
63     0.615234     -0.291638    -0.120438      0.100992
64     0.550824      0.637862     0.143426      1.16255
65    -0.655124     -0.326877    -1.00253      -0.0935461
66    -0.479431     -0.107165    -1.0725       -0.441668
67    -1.23862      -1.35864     -1.1059       -0.421283
68     0.736343     -0.117452    -0.0732753     0.111195
69    -0.450276     -0.957197    -1.19685      -1.39387
70    -0.561342     -0.179511    -1.06281      -0.148394
71     0.594921      0.743972    -0.21691       0.331008
72    -1.31577      -0.526608    -1.25623      -1.36961
73     0.443228      1.31226      1.04932       0.538223
74    -0.147139     -0.368396     0.187161     -0.782113
75     1.16298       0.845656     1.37952       0.479633
76    -0.341945      0.014973     0.439931      0.532522
77     0.283026     -0.0208835    0.943538      0.297318
78     1.12547       0.145731     0.342357      0.516243
79    -0.0900357     0.718435    -0.161923     -0.0375926
80     0.953073      0.0411997    0.2815        0.661905
81    -0.666305      0.287605    -0.176595     -0.4883
82     0.780785      0.0552719    0.126013      0.813919
83     0.452429     -0.168619    -0.441563      0.221499
84     0.250868      0.497714    -0.445467      0.122012
85     0.798036      0.430715     1.31839       1.2442
86    -0.667013     -0.582931    -1.28975      -1.36965
87     0.866567      1.36576      1.00583       0.391893
88    -0.539334     -1.33111     -0.981204     -1.40215
89    -0.086966     -0.246215    -0.913208     -0.731073
90    -0.291258     -0.0775132   -0.950207     -0.0838452
91     0.322226      1.22818      1.15828       0.840948
92    -1.25814      -0.543105    -1.34804      -1.39074
93     1.36765       1.06965      1.21395       0.443227
94     0.133994      0.430307    -0.555979     -0.110445
95     0.217755      0.370425     0.592304     -0.345177
96    -0.374744     -0.343913    -0.0819232     0.515934
97     1.21395       0.446293     1.04252       0.443074
98     0.124157      1.06752      0.932756      0.77413
99     1.12935       1.38066      0.555976      1.38891
100   -1.38817      -0.460424    -0.516569     -0.821006

 [*,*,2]
:         1            2            3             4         :=
1      1.36471      1.33706      0.510411     1.32111
2     -0.194455     0.506683    -0.396545     0.18115
3     -0.798662    -0.395933    -0.341246     0.164671
4      0.243457    -0.570306     0.287785    -0.117507
5      1.14263      0.269623     0.932028     1.11887
6      0.334713     0.851312     0.31327      1.14078
7     -0.361652    -0.628018    -0.534045     0.26917
8     -0.156216     0.619729    -0.363503     0.11792
9     -1.18786     -1.23493     -0.923293    -0.340527
10     1.17588      1.39177      1.39717      0.543223
11     0.699515     0.551741    -0.172969     0.621771
12     0.526104    -0.376686     0.260907    -0.0529633
13    -0.967336    -0.167031    -0.0715431   -0.304949
14     1.35161      1.30409      0.887565     0.50196
15    -1.40248     -1.06062     -0.419982    -1.15542
16     0.833422     0.303921     0.656718    -0.097968
17     0.36737      1.2181       1.24965      0.95901
18    -0.31708     -0.156907     0.611078     0.0676782
19    -1.24009     -0.345135    -0.506479    -0.849277
20    -0.863794    -0.380015    -0.151406     0.117919
21     1.32128      0.875099     1.36484      0.546425
22    -1.22533     -1.02746     -0.510711    -0.430965
23    -0.962034    -0.463444    -0.80858     -0.00530501
24    -0.186693     0.431435     0.17247      0.782438
25    -0.543173    -0.592409     0.25894     -0.568757
26    -0.370636    -0.204739     0.58158     -0.00118656
27     1.18234      0.50096      0.207481     0.841396
28    -1.15043     -0.530243    -0.45931     -1.1811
29     0.843332     0.663772     0.432136     1.39245
30     0.972449     0.101632     1.02508      0.660085
31    -1.40096     -1.02628     -1.17576     -0.446103
32     0.659381    -0.270602    -0.118392     0.0468976
33    -0.446102    -1.17575     -1.02629     -0.376316
34    -0.323613    -0.783793    -0.685916    -1.33486
35    -0.0392825    0.106414    -0.738674    -0.594444
36     0.161156     1.03817      0.18682      0.392511
37     0.138425    -0.731862    -0.720324    -0.41453
38    -0.201713    -0.0690464   -0.374897    -1.01299
39     0.111584    -0.708512    -0.0819847    0.115164
40    -0.510895    -1.16778     -1.39209     -1.34531
41     0.515877    -0.0204593   -0.136664    -0.439601
42    -0.730369    -1.40115     -0.704869    -0.437769
43     0.837297     0.457359    -0.146245     0.577102
44     0.615774     0.681079     0.535101     1.40083
45     1.10897      1.0178       0.408759     1.35881
46     0.583387     0.4144       1.10328      0.145705
47    -1.34697     -0.537888    -1.29333     -0.796121
48     1.12776      0.287488     0.301116     0.266595
49     0.572019    -0.296236     0.362815    -0.164538
50    -0.148193     0.446419     0.0726704    0.822364
51    -0.813353    -0.537193    -1.40096     -1.29701
52     1.40083      0.68108      1.24871      0.615775
53    -1.29333     -1.35589     -1.34697     -0.510727
54    -0.188756     0.22591      0.246552     0.778497
55     1.19857      0.825731     0.530308     1.40106
56    -0.513544    -1.35483     -0.882124    -1.34932
57     0.367738     0.674412     0.782509     1.32286
58    -1.24076     -0.560103    -0.36228     -1.0108
59    -0.117889    -0.393509    -1.05622     -0.344674
60     0.864696     0.851228     0.493998    -0.00377445
61    -0.0822221    0.259202     0.913083     0.381788
62     0.69531      0.893479     1.3305       0.372442
63     0.759595     0.383275     1.27886      0.37289
64    -1.28981     -0.71594     -0.361028    -0.467742
65    -1.24009     -0.416208    -0.980791    -1.33608
66    -0.193489     0.684849     0.577668     0.148363
67    -0.114877     0.347987     0.862546     0.323018
68    -1.00607     -1.37794     -0.533289    -1.39809
69     0.25171      1.02508      0.711845     0.155348
70    -0.493588    -1.31905     -0.91512     -0.50128
71    -0.121294     0.154947     0.0621714    0.785337
72     0.485543     0.148305     0.62361     -0.301974
73     0.027107    -0.494962     0.159217    -0.665361
74     0.517668    -0.443584    -0.119937     0.207399
75     0.783895     1.11887      0.252837     0.242038
76     0.113012     1.003        0.518653     0.14452
77     0.703768    -0.274822    -0.0625413    0.169603
78    -0.612786    -0.433048    -1.12685     -0.136113
79     1.39961      1.20452      1.39312      0.521004
80    -0.0711791   -0.413887     0.147513    -0.749314
81    -0.482221    -0.520858     0.325815    -0.23928
82    -0.605329     0.0144583   -0.232734     0.36133
83    -0.210313     0.128412    -0.580068    -0.817745
84     0.182171    -0.456829    -0.274815    -0.779666
85    -1.15332     -0.277717    -0.478395    -0.322793
86     0.19625     -0.337857    -0.550947     0.30179
87    -1.10273     -0.318903    -0.977405    -0.370249
88    -0.0400268   -0.441761    -0.846216     0.0313705
89     1.34593      0.415982     0.871808     1.19689
90    -1.37192     -0.523429    -1.03156     -1.39999
91     0.807462     0.677183     0.790823    -0.0560433
92    -0.559129     0.161534     0.387042     0.18123
93    -0.310731     0.163649     0.702373     0.0271079
94    -0.501511    -1.33486     -1.06029     -1.39814
95     0.232261    -0.289409     0.675236     0.372343
96    -0.0663529    0.235594     0.897261     0.172037
97     0.702374     0.0237271    0.129976     0.859081
98    -0.419324    -0.657401    -0.232098     0.273843
99    -0.736459     0.246551     0.0439069   -0.194802
100   -0.113948     0.0465047   -0.271073    -0.863337

 [*,*,3]
:          1            2            3             4         :=
1      0.576384     -0.0493501    0.0874422   -0.436706
2     -0.763402     -0.0778087    0.195113    -0.393685
3      0.938278      0.651058     1.63052      0.921793
4     -1.84133      -1.36213     -0.990035    -1.84133
5     -1.43111      -1.52058     -0.8418      -1.84133
6     -0.971624     -1.82128     -1.38897     -0.926891
7     -1.26607      -0.413655    -0.46558     -0.499367
8      1.27043       0.874819     0.761377     1.66492
9      0.252461      0.983291     1.13796      0.596981
10     1.34447       1.55855      0.577333     1.04579
11    -0.390021     -0.971928    -0.367854     0.040007
12    -0.92094      -1.2729      -1.84133     -1.03589
13     0.971355      0.63202      1.22984      0.273982
14    -0.00336701    0.636509     0.851963     0.0770688
15     0.0192023     0.343675    -0.0418302   -0.607517
16    -0.333671      0.490205     0.0520898   -0.382453
17     0.787478      1.19082      0.420098     1.32343
18     0.653216      1.2644       0.864158     0.325435
19    -1.84133      -1.66571     -1.84133     -0.97667
20     1.64001       0.770599     1.27982      1.66492
21    -0.433201      0.244637     0.579888     0.0593803
22     0.647724      1.61555      1.12253      0.889868
23     0.845438      0.844238     0.0142206    0.507746
24     0.879317      0.127762     0.667147     1.07524
25    -1.76565      -0.74237     -1.26804     -1.26065
26    -1.26852      -0.340038    -0.900205    -1.01689
27     0.465637      0.303451     0.749844     1.2515
28    -0.318998     -0.872685    -0.860556    -1.34221
29     0.802098      1.46949      1.66492      1.65636
30     1.66492       1.66492      1.66492      0.86636
31     1.66492       0.773436     1.172        1.55407
32     0.186568      0.438768    -0.0629257   -0.481881
33     1.55407       1.172        0.77343      0.657565
34    -1.84133      -1.06372     -1.84133     -1.84133
35    -0.198865      0.748169     0.413007     0.215922
36    -0.364782     -0.258764     0.0953268   -0.907566
37     1.66492       1.66492      1.66492      0.86636
38    -0.356905     -1.13883     -1.28651     -0.877275
39     0.632667      0.363329    -0.351949     0.303254
40    -1.35092      -0.891175    -0.938799    -1.79103
41     0.0310592     0.344416     0.815783    -0.161013
42     0.328736     -0.0550487    0.483352    -0.397717
43    -0.604024     -0.970692    -0.545477     0.00433782
44     0.025819     -0.487011    -0.993637    -0.530192
45    -1.71409      -1.56622     -1.04014     -0.823057
46    -1.84133      -0.987515    -1.69133     -1.84133
47    -0.900225     -0.354167     0.111747    -0.494673
48    -0.886132     -0.985762    -1.3714      -0.377125
49    -0.017353     -0.228196    -0.974889    -0.444244
50    -0.949387     -0.117402    -0.530997    -0.977544
51     1.66492       1.20803      1.66492      0.816277
52    -0.530192     -0.487011     0.289427     0.0258204
53     0.111742     -0.254485    -0.900231    -0.370918
54    -0.921128     -1.44843     -1.84133     -0.992091
55    -1.0835       -0.132152    -0.892972    -0.465517
56    -0.364227     -0.250672    -1.0911      -0.893963
57     0.455244      0.653551    -0.260444     0.438809
58    -1.10991      -0.412405    -1.26476     -0.643404
59     1.02497       0.101838     0.880019     0.703215
60     0.263675      0.832555    -0.0733415    0.56723
61    -0.651682     -0.946447    -0.715744    -1.5177
62     0.64957       1.30219      0.433252     0.453403
63    -1.04383      -0.949294    -1.41686     -1.84133
64     1.66492       0.881909     1.66492      1.66492
65    -1.84133      -1.43701     -0.912853    -1.0505
66     1.13439       0.934539     0.853056     0.169138
67    -1.84133      -0.992009    -1.84133     -1.40521
68     0.256245     -0.0314153    0.547038     0.967241
69     1.2234        1.66492      0.773595     1.61115
70     0.549319      0.154157    -0.172377    -0.37873
71    -0.469871      0.466046     0.127849    -0.228266
72    -0.056432      0.40562      0.945745     0.596958
73     1.66492       1.63509      0.891512     0.985605
74     0.935737      0.932381     1.66492      1.60696
75    -0.982789     -1.84133     -1.83196     -1.45768
76     0.857732      0.64091      1.37786      0.428413
77    -1.84133      -1.84133     -1.78678     -1.02619
78    -0.726393     -0.96682     -0.311089    -0.115614
79    -0.519265     -1.0739      -1.49132     -0.967918
80    -1.8091       -1.84133     -1.0667      -1.09822
81    -0.349428      0.0228117   -0.110091     0.630005
82     0.825515      0.452026     1.44394      0.970787
83    -1.04906      -1.79039     -1.16764     -1.84133
84    -0.847539     -0.0854721   -0.250646    -0.938464
85    -0.318309     -0.0983032    0.250648    -0.719763
86    -0.438858     -1.25415     -0.543523    -1.10607
87    -0.00614037    0.287822     0.982815     0.530656
88     0.475456      0.877576     0.0228977   -0.0285694
89    -0.54847      -0.948275    -0.317924    -1.27247
90     1.0661        0.53284      0.359035     0.106697
91    -0.159805     -0.573983     0.391522     0.0280385
92    -0.49764      -0.358479    -0.880627     0.122278
93     1.66492       0.865572     1.66492      1.66492
94    -1.32391      -1.84133     -1.83547     -1.03014
95     0.820238      1.66492      1.66492      1.66492
96     0.882284     -0.0439344    0.693329     0.435224
97     1.66492       1.65315      0.846371     1.08943
98    -0.938739     -1.26028     -0.337812    -1.15566
99    -1.69804      -1.84133     -1.36297     -0.916596
100   -0.0754683    -0.479866     0.439913    -0.333805
;

radius = 1.4025
height = 3.50625
softness = 0.05

---------------------------- Solution coords data ----------------------------
distances [*,1,*]
:     1   2   3   4    :=
1     0   1   0   1
2     0   1   0   1
3     0   1   0   1
4     0   1   0   1
5     0   1   0   1
6     0   1   0   1
7     0   1   0   1
8     0   1   0   1
9     0   1   0   1
10    0   1   0   1
11    0   1   0   1
12    0   1   0   1
13    0   1   0   1
14    0   1   0   1
15    0   1   0   1
16    0   1   0   1
17    0   1   0   1
18    0   1   0   1
19    0   1   0   1
20    0   1   0   1
21    0   1   0   1
22    0   1   0   1
23    0   1   0   1
24    0   1   0   1
25    0   1   0   1
26    0   1   0   1
27    0   1   0   1
28    0   1   0   1
29    0   1   0   1
30    0   1   0   1
31    0   1   0   1
32    0   1   0   1
33    0   1   0   1
34    0   1   0   1
35    0   1   0   1
36    0   1   0   1
37    0   1   0   1
38    0   1   0   1
39    0   1   0   1
40    0   1   0   1
41    0   1   0   1
42    0   1   0   1
43    0   1   0   1
44    0   1   0   1
45    0   1   0   1
46    0   1   0   1
47    0   1   0   1
48    0   1   0   1
49    0   1   0   1
50    0   1   0   1
51    0   1   0   1
52    0   1   0   1
53    0   1   0   1
54    0   1   0   1
55    0   1   0   1
56    0   1   0   1
57    0   1   0   1
58    0   1   0   1
59    0   1   0   1
60    0   1   0   1
61    0   1   0   1
62    0   1   0   1
63    0   1   0   1
64    0   1   0   1
65    0   1   0   1
66    0   1   0   1
67    0   1   0   1
68    0   1   0   1
69    0   1   0   1
70    0   1   0   1
71    0   1   0   1
72    0   1   0   1
73    0   1   0   1
74    0   1   0   1
75    0   1   0   1
76    0   1   0   1
77    0   1   0   1
78    0   1   0   1
79    0   1   0   1
80    0   1   0   1
81    0   1   0   1
82    0   1   0   1
83    0   1   0   1
84    0   1   0   1
85    0   1   0   1
86    0   1   0   1
87    0   1   0   1
88    0   1   0   1
89    0   1   0   1
90    0   1   0   1
91    0   1   0   1
92    0   1   0   1
93    0   1   0   1
94    0   1   0   1
95    0   1   0   1
96    0   1   0   1
97    0   1   0   1
98    0   1   0   1
99    0   1   0   1
100   0   1   0   1

 [*,2,*]
:     1   2   3   4    :=
1     0   0   1   1
2     0   0   1   1
3     0   0   1   1
4     0   0   1   1
5     0   0   1   1
6     0   0   1   1
7     0   0   1   1
8     0   0   1   1
9     0   0   1   1
10    0   0   1   1
11    0   0   1   1
12    0   0   1   1
13    0   0   1   1
14    0   0   1   1
15    0   0   1   1
16    0   0   1   1
17    0   0   1   1
18    0   0   1   1
19    0   0   1   1
20    0   0   1   1
21    0   0   1   1
22    0   0   1   1
23    0   0   1   1
24    0   0   1   1
25    0   0   1   1
26    0   0   1   1
27    0   0   1   1
28    0   0   1   1
29    0   0   1   1
30    0   0   1   1
31    0   0   1   1
32    0   0   1   1
33    0   0   1   1
34    0   0   1   1
35    0   0   1   1
36    0   0   1   1
37    0   0   1   1
38    0   0   1   1
39    0   0   1   1
40    0   0   1   1
41    0   0   1   1
42    0   0   1   1
43    0   0   1   1
44    0   0   1   1
45    0   0   1   1
46    0   0   1   1
47    0   0   1   1
48    0   0   1   1
49    0   0   1   1
50    0   0   1   1
51    0   0   1   1
52    0   0   1   1
53    0   0   1   1
54    0   0   1   1
55    0   0   1   1
56    0   0   1   1
57    0   0   1   1
58    0   0   1   1
59    0   0   1   1
60    0   0   1   1
61    0   0   1   1
62    0   0   1   1
63    0   0   1   1
64    0   0   1   1
65    0   0   1   1
66    0   0   1   1
67    0   0   1   1
68    0   0   1   1
69    0   0   1   1
70    0   0   1   1
71    0   0   1   1
72    0   0   1   1
73    0   0   1   1
74    0   0   1   1
75    0   0   1   1
76    0   0   1   1
77    0   0   1   1
78    0   0   1   1
79    0   0   1   1
80    0   0   1   1
81    0   0   1   1
82    0   0   1   1
83    0   0   1   1
84    0   0   1   1
85    0   0   1   1
86    0   0   1   1
87    0   0   1   1
88    0   0   1   1
89    0   0   1   1
90    0   0   1   1
91    0   0   1   1
92    0   0   1   1
93    0   0   1   1
94    0   0   1   1
95    0   0   1   1
96    0   0   1   1
97    0   0   1   1
98    0   0   1   1
99    0   0   1   1
100   0   0   1   1

 [*,3,*]
:     1   2   3   4    :=
1     1   0   0   1
2     1   0   0   1
3     1   0   0   1
4     1   0   0   1
5     1   0   0   1
6     1   0   0   1
7     1   0   0   1
8     1   0   0   1
9     1   0   0   1
10    1   0   0   1
11    1   0   0   1
12    1   0   0   1
13    1   0   0   1
14    1   0   0   1
15    1   0   0   1
16    1   0   0   1
17    1   0   0   1
18    1   0   0   1
19    1   0   0   1
20    1   0   0   1
21    1   0   0   1
22    1   0   0   1
23    1   0   0   1
24    1   0   0   1
25    1   0   0   1
26    1   0   0   1
27    1   0   0   1
28    1   0   0   1
29    1   0   0   1
30    1   0   0   1
31    1   0   0   1
32    1   0   0   1
33    1   0   0   1
34    1   0   0   1
35    1   0   0   1
36    1   0   0   1
37    1   0   0   1
38    1   0   0   1
39    1   0   0   1
40    1   0   0   1
41    1   0   0   1
42    1   0   0   1
43    1   0   0   1
44    1   0   0   1
45    1   0   0   1
46    1   0   0   1
47    1   0   0   1
48    1   0   0   1
49    1   0   0   1
50    1   0   0   1
51    1   0   0   1
52    1   0   0   1
53    1   0   0   1
54    1   0   0   1
55    1   0   0   1
56    1   0   0   1
57    1   0   0   1
58    1   0   0   1
59    1   0   0   1
60    1   0   0   1
61    1   0   0   1
62    1   0   0   1
63    1   0   0   1
64    1   0   0   1
65    1   0   0   1
66    1   0   0   1
67    1   0   0   1
68    1   0   0   1
69    1   0   0   1
70    1   0   0   1
71    1   0   0   1
72    1   0   0   1
73    1   0   0   1
74    1   0   0   1
75    1   0   0   1
76    1   0   0   1
77    1   0   0   1
78    1   0   0   1
79    1   0   0   1
80    1   0   0   1
81    1   0   0   1
82    1   0   0   1
83    1   0   0   1
84    1   0   0   1
85    1   0   0   1
86    1   0   0   1
87    1   0   0   1
88    1   0   0   1
89    1   0   0   1
90    1   0   0   1
91    1   0   0   1
92    1   0   0   1
93    1   0   0   1
94    1   0   0   1
95    1   0   0   1
96    1   0   0   1
97    1   0   0   1
98    1   0   0   1
99    1   0   0   1
100   1   0   0   1

 [*,4,*]
:     1   2   3   4    :=
1     1   1   1   0
2     1   1   1   0
3     1   1   1   0
4     1   1   1   0
5     1   1   1   0
6     1   1   1   0
7     1   1   1   0
8     1   1   1   0
9     1   1   1   0
10    1   1   1   0
11    1   1   1   0
12    1   1   1   0
13    1   1   1   0
14    1   1   1   0
15    1   1   1   0
16    1   1   1   0
17    1   1   1   0
18    1   1   1   0
19    1   1   1   0
20    1   1   1   0
21    1   1   1   0
22    1   1   1   0
23    1   1   1   0
24    1   1   1   0
25    1   1   1   0
26    1   1   1   0
27    1   1   1   0
28    1   1   1   0
29    1   1   1   0
30    1   1   1   0
31    1   1   1   0
32    1   1   1   0
33    1   1   1   0
34    1   1   1   0
35    1   1   1   0
36    1   1   1   0
37    1   1   1   0
38    1   1   1   0
39    1   1   1   0
40    1   1   1   0
41    1   1   1   0
42    1   1   1   0
43    1   1   1   0
44    1   1   1   0
45    1   1   1   0
46    1   1   1   0
47    1   1   1   0
48    1   1   1   0
49    1   1   1   0
50    1   1   1   0
51    1   1   1   0
52    1   1   1   0
53    1   1   1   0
54    1   1   1   0
55    1   1   1   0
56    1   1   1   0
57    1   1   1   0
58    1   1   1   0
59    1   1   1   0
60    1   1   1   0
61    1   1   1   0
62    1   1   1   0
63    1   1   1   0
64    1   1   1   0
65    1   1   1   0
66    1   1   1   0
67    1   1   1   0
68    1   1   1   0
69    1   1   1   0
70    1   1   1   0
71    1   1   1   0
72    1   1   1   0
73    1   1   1   0
74    1   1   1   0
75    1   1   1   0
76    1   1   1   0
77    1   1   1   0
78    1   1   1   0
79    1   1   1   0
80    1   1   1   0
81    1   1   1   0
82    1   1   1   0
83    1   1   1   0
84    1   1   1   0
85    1   1   1   0
86    1   1   1   0
87    1   1   1   0
88    1   1   1   0
89    1   1   1   0
90    1   1   1   0
91    1   1   1   0
92    1   1   1   0
93    1   1   1   0
94    1   1   1   0
95    1   1   1   0
96    1   1   1   0
97    1   1   1   0
98    1   1   1   0
99    1   1   1   0
100   1   1   1   0
;

---------------------------- Solution stats data ----------------------------
_ampl_time = 0.579156
_total_solve_time = 72193.1
_ampl_elapsed_time = 0.573143
_ampl_user_time = 0.507655

Total time elapsed: $72193.13.
_total_solve_time = 72193.1

---------------------------- Solution miscs data ----------------------------
tetrahedron_volume [*] :=
  1 0.117851    21 0.117851    41 0.117851    61 0.117851    81 0.117851
  2 0.117851    22 0.117851    42 0.117851    62 0.117851    82 0.117851
  3 0.117851    23 0.117851    43 0.117851    63 0.117851    83 0.117851
  4 0.117851    24 0.117851    44 0.117851    64 0.117851    84 0.117851
  5 0.117851    25 0.117851    45 0.117851    65 0.117851    85 0.117851
  6 0.117851    26 0.117851    46 0.117851    66 0.117851    86 0.117851
  7 0.117851    27 0.117851    47 0.117851    67 0.117851    87 0.117851
  8 0.117851    28 0.117851    48 0.117851    68 0.117851    88 0.117851
  9 0.117851    29 0.117851    49 0.117851    69 0.117851    89 0.117851
 10 0.117851    30 0.117851    50 0.117851    70 0.117851    90 0.117851
 11 0.117851    31 0.117851    51 0.117851    71 0.117851    91 0.117851
 12 0.117851    32 0.117851    52 0.117851    72 0.117851    92 0.117851
 13 0.117851    33 0.117851    53 0.117851    73 0.117851    93 0.117851
 14 0.117851    34 0.117851    54 0.117851    74 0.117851    94 0.117851
 15 0.117851    35 0.117851    55 0.117851    75 0.117851    95 0.117851
 16 0.117851    36 0.117851    56 0.117851    76 0.117851    96 0.117851
 17 0.117851    37 0.117851    57 0.117851    77 0.117851    97 0.117851
 18 0.117851    38 0.117851    58 0.117851    78 0.117851    98 0.117851
 19 0.117851    39 0.117851    59 0.117851    79 0.117851    99 0.117851
 20 0.117851    40 0.117851    60 0.117851    80 0.117851   100 0.117851
;

---------------------------- Solution miscs data ----------------------------
tetrahedron_surface_area [*] :=
  1 0    11 0    21 0    31 0    41 0    51 0    61 0    71 0    81 0    91 0
  2 0    12 0    22 0    32 0    42 0    52 0    62 0    72 0    82 0    92 0
  3 0    13 0    23 0    33 0    43 0    53 0    63 0    73 0    83 0    93 0
  4 0    14 0    24 0    34 0    44 0    54 0    64 0    74 0    84 0    94 0
  5 0    15 0    25 0    35 0    45 0    55 0    65 0    75 0    85 0    95 0
  6 0    16 0    26 0    36 0    46 0    56 0    66 0    76 0    86 0    96 0
  7 0    17 0    27 0    37 0    47 0    57 0    67 0    77 0    87 0    97 0
  8 0    18 0    28 0    38 0    48 0    58 0    68 0    78 0    88 0    98 0
  9 0    19 0    29 0    39 0    49 0    59 0    69 0    79 0    89 0    99 0
 10 0    20 0    30 0    40 0    50 0    60 0    70 0    80 0    90 0   100 0
;

