Error at _cmdno 5 executing "solve" command
(file amplin, line 1971, offset 37608):
error processing param distances:
	3200 invalid subscripts discarded:
	distances[101,1,1]
	distances[101,1,2]
	distances[101,1,3]
	and 3197 more.
##### This license is only intended for use by NEOS. #####
##### License is valid until Jan 16, 2026 #####
iables.
Adjusted problem:
25951 variables:
	16050 nonlinear variables
	9901 linear variables
53200 constraints; 315150 nonzeros
	45850 nonlinear constraints
	7350 linear constraints
	5050 equality constraints
	48150 inequality constraints
1 linear objective; 1 nonzero.

Artelys Knitro 14.2.0: algorithm=1
ms_enable=1
ms_maxsolves=50
ms_terminate=1
ms_savetol=0.01
feastol=1e-5
opttol=1e-5
bar_initpt=3
bar_murule=6
bar_penaltyrule=2
linsolver=0
scale=3
honorbnds=1
outlev=3
maxtime_real=28800
numthreads=4
presolve=1
bar_refinement=1
debug=0

=======================================
           Academic License
       (NOT FOR COMMERCIAL USE)
         Artelys Knitro 14.2.0
=======================================

No start point provided -- Knitro computing one.

Knitro presolve eliminated 0 variables and 0 constraints.

algorithm                1
bar_initpt               3
bar_murule               6
bar_penaltyrule          2
bar_refinement           1
concurrent_evals         0
datacheck                0
feastol                  1e-05
findiff_numthreads       1
hessian_no_f             1
hessopt                  1
honorbnds                1
maxtime_real             28800
ms_enable                1
ms_maxsolves             50
ms_savetol               0.01
ms_terminate             1
numthreads               4
opttol                   1e-05
outlev                   3
scale                    3

Problem Characteristics                                 (   Presolved)
-----------------------
Objective goal:  Minimize
Objective type:  linear
Number of variables:                              25951 (       25951)
    bounded below only:                            1201 (        1201)
    bounded above only:                               0 (           0)
    bounded below and above:                          0 (           0)
    fixed:                                            0 (           0)
    free:                                         24750 (       24750)
Number of constraints:                            53200 (       53200)
    linear equalities:                                0 (           0)
    quadratic equalities:                          4950 (        4950)
    gen. nonlinear equalities:                      100 (         100)
    linear one-sided inequalities:                 7350 (        7350)
    quadratic one-sided inequalities:             40800 (       40800)
    gen. nonlinear one-sided inequalities:            0 (           0)
    linear two-sided inequalities:                    0 (           0)
    quadratic two-sided inequalities:                 0 (           0)
    gen. nonlinear two-sided inequalities:            0 (           0)
Number of nonzeros in Jacobian:                  315150 (      315150)
Number of nonzeros in Hessian:                   141450 (      141450)

Knitro parallel multistart will run with 4 threads.

Return codes description
------------------------
  0:  The final solution satisfies the termination conditions for verifying optimality.
  -100 to -199:  A feasible approximate solution was found.
  -200 to -299:  Knitro terminated at an infeasible point.
  -300 to -301:  The problem was determined to be unbounded.
  -400 to -499:  Knitro terminated because it reached a pre-defined limit.
    -400 to -409:  A feasible point was found.
    -410 to -419:  No feasible point was found.
  -500 to -599:  Knitro terminated with an input error or some non-standard error.
A more detailed description of individual return codes and their corresponding
termination messages is provided at
https://www.artelys.com/app/docs/knitro/3_referenceManual/returnCodes.html

 Solve #  ThreadID  Status     Objective      FeasError    OptError    Real Time 
--------  --------  ------  --------------   ----------   ----------  ----------
      0          0       0         2.44734  1.58139e-04  6.17474e-06      458.379
     15          3    -410         4272.26      8723.41     0.999984      4624.70
     14          2    -410         4973.49  5.22513e+06      29.5899      5183.09
     13          1    -410         11055.6      147305.      11.9007      4663.99
      1          3    -410         4439.79  1.46966e+06      223.939      5516.86
      3          1    -410         15258.5      49743.1     0.998309      5086.49
      5          2    -410         11979.6      191475.      1.00000      4924.79
     11          3    -410         7439.74      193937.      5.59530      4904.59
      6          1    -410         8862.59      39.1752      1.00000      4570.68
      7          0    -410         1863.09      163.679     0.671310      5169.75
      9          1    -410         9947.28      270929.      3.49088      4993.05
     10          2    -410         7629.86      329781.      20.2206      5258.63
     12          0    -410         10418.4      203145.      1.00000      5022.52

MULTISTART: Best locally optimal solution is returned.
EXIT: Locally optimal solution found.

Final Statistics
----------------
Final objective value               =   2.44734099021288e+00
Final feasibility error (abs / rel) =   1.58e-04 / 8.71e-06
Final optimality error  (abs / rel) =   6.17e-06 / 6.17e-06
# of iterations                     =     121238 
# of CG iterations                  =          0 
# of function evaluations           =     121836
# of gradient evaluations           =     121363
# of Hessian evaluations            =     121268
Total program time (secs)           =   20307.58789 ( 74890.203 CPU time)

===============================================================================

Knitro 14.2.0: Locally optimal or satisfactory solution.
objective 2.44734099; feasibility error 0.000158
121238 iterations; 121836 function evaluations

suffix feaserror OUT;
suffix opterror OUT;
suffix numfcevals OUT;
suffix numiters OUT;
---------------------------- Container and geometric considerations  ----------------------------
Container type: cube
Structural conservation type: volume
---------------------------- Solution execution data ----------------------------
solve_result_num = 0
solve_result = solved

---------------------------- Solution data ----------------------------
card(figures) = 100

coords [*,*,1]
:        1         2         3         4       :=
1     20.8671   19.7219   20.0951   19.5634
2     21.2236   20.0495   20.7418   20.1768
3     20.2663   21.2237   20.7944   21.2237
4     19.3542   18.7764   19.1243   19.6985
5     19.878    21.0843   20.2543   20.0122
6     19.9148   19.4049   19.075    19.7605
7     20.5542   20.8122   20.1584   20.3912
8     19.7021   19.7394   19.9546   20.7502
9     20.0645   19.6926   20.7509   19.7432
10    19.5808   18.7763   18.7827   18.7763
11    18.7763   18.7763   19.8365   18.7763
12    19.8691   19.632    19.3736   20.0001
13    19.583    19.1904   20.0786   19.4379
14    21.0788   20.3097   20.381    21.2068
15    19.377    19.9152   19.9957   19.7027
16    20.3867   21.072    21.2237   21.2237
17    20.6027   19.6871   20.6036   20.3466
18    20.1874   20.0103   19.3463   19.9253
19    21.2236   21.074    20.4066   20.1303
20    19.273    18.7764   19.3736   19.6308
21    18.7763   19.397    18.7764   18.7763
22    18.7764   19.5641   19.2467   18.7763
23    20.2319   20.4593   19.1803   19.5849
24    20.2189   20.5018   21.2235   21.2145
25    20.0838   20.7693   20.9704   21.2237
26    20.7693   21.1016   20.2668   20.0838
27    18.7763   19.1689   19.3349   19.9149
28    21.2237   20.1817   21.2236   20.851
29    21.2237   21.2236   21.2236   20.211
30    19.9057   19.2875   19.5475   20.2987
31    19.5579   19.33     18.7766   18.7763
32    19.6486   18.777    18.8989   20
33    21.2237   20.8674   20.3786   21.2236
34    20.1986   19.9206   21.1798   19.9721
35    19.9611   19.896    19.5074   18.9961
36    19.9065   19.7557   19.06     19.9997
37    19.806    19.9627   20.4455   19.9008
38    21.2237   21.2237   20.347    21.1321
39    21.0693   20.1023   20.4745   19.9041
40    19.8959   19.7905   19.0499   19.359
41    18.7763   19.6345   19.137    19.5082
42    20.1106   20.7309   21.2237   20.4886
43    19.873    19.5601   20.5541   20.395
44    19.5074   18.9613   18.7763   19.896
45    21.1944   20.2316   21.2125   20.2291
46    19.4545   19.4379   18.7763   19.0499
47    21.2236   21.2237   20.5848   21.2237
48    20.2658   20.6029   19.5579   20.0836
49    20.597    19.8929   20.8547   20.2307
50    19.8804   18.9117   19.762    18.8052
51    21.2237   21.2236   21.2236   20.3746
52    19.5277   20.3883   20        20.0845
53    19.2566   18.7764   18.7763   19.5651
54    19.2508   19.6229   20.2766   19.2167
55    18.7764   19.5742   18.7765   18.7764
56    18.7763   18.7763   18.7763   19.33
57    18.7763   19.8156   18.914    18.7763
58    18.7763   19.5383   19.1889   19.8872
59    18.7764   18.7764   19.7098   19.3969
60    18.8565   19.8692   18.777    19.6183
61    19.6517   19.8292   18.8906   20.0885
62    19.2729   18.7764   18.7763   19.6307
63    19.9447   20.4446   20.226    21.0514
64    19.6317   19.8691   19.3736   19.273
65    20.1428   20.7095   21.2237   21.2237
66    19.1331   19.5127   19.6407   19.9248
67    21.2237   21.2236   20.2865   21.2237
68    20.3164   20.1522   21.1759   19.97
69    19.351    20.0061   20.2442   19.5093
70    18.7764   18.7763   18.7764   19.7946
71    20.5657   20.1815   21.2231   20.0064
72    19.7387   20.7484   19.925    19.9546
73    21.1201   20.2123   20.3415   19.8179
74    20.3331   19.9076   20.2611   21.1842
75    18.8565   19.8692   18.7763   18.7764
76    21.1015   20.267    21.2237   20.0838
77    21.2236   21.2237   21.2237   20.211
78    19.9248   19.53     20.833    20.0048
79    21.2237   20.5016   21.2145   21.2237
80    20.0049   20.7741   20.9744   19.9305
81    20.3912   20.5542   19.9118   20.1584
82    20.5824   19.9127   21.0339   21.1062
83    18.8156   18.7763   19.4498   18.7763
84    19.3766   19.4621   20.2164   20.022
85    19.8182   20.3414   20.8674   21.1205
86    21.2236   21.2237   20.1817   21.2237
87    19.9149   18.8957   19.836    18.7763
88    19.886    19.9958   19.524    20.3891
89    18.7763   19.8366   18.7764   18.7763
90    20.8172   20.331    21.2236   20.5542
91    21.2236   21.0744   21.2237   20.1308
92    19.7995   19.9569   19.3616   19.8665
93    18.7763   19.7108   18.7764   18.7763
94    18.7763   18.7764   18.8955   19.8358
95    20.8251   21.2234   20.3308   21.2237
96    21.031    21.1606   20.906    20.013
97    21.089    20.8673   20.0787   19.9548
98    19.8966   19.7758   20.1994   20.2345
99    21.2235   21.2237   21.2237   20.4991
100   20.2307   19.8927   20.2071   20.597

 [*,*,2]
:        1         2         3         4       :=
1     21.2236   20.6005   20.6966   21.2237
2     21.2237   21.2237   21.2206   20.6783
3     19.4835   19.8307   20.5723   20.1202
4     19.1034   19.1472   20.1531   19.7534
5     20.6557   20.7149   20.1794   19.9735
6     20.4669   20.2851   19.4829   19.6749
7     18.7767   19.9832   20.0188   19.5105
8     21.2237   20.4849   21.2237   21.2235
9     21.2237   21.2237   21.2236   20.4807
10    19.6423   19.0433   18.7778   19.538
11    20.588    20.6254   20.4528   20.0282
12    18.7763   19.7017   18.7763   19.2213
13    21.2236   20.2207   21.1211   21.2237
14    20.263    20.1848   20.9456   21.1127
15    21.2236   20.0884   21.2236   21.2237
16    20.8531   20.219    20.3141   21.2236
17    20.5999   19.802    19.8252   20.9055
18    19.6194   18.7765   18.8025   18.7764
19    19.8633   20.1968   19.5082   20.368
20    18.7763   18.8138   18.7763   19.6985
21    20.0298   20.1772   19.0437   20.0234
22    20.5278   21.2237   20.1866   21.2236
23    19.6405   19.8885   20.0685   19.0399
24    19.4486   18.7765   18.7764   19.8662
25    20.023    20.5412   20.636    19.9973
26    20.5413   20.2954   19.4435   20.023
27    19.9886   19.5929   20.2604   20.4672
28    18.7763   18.7764   19.4591   19.5997
29    19.9053   18.7766   20.0747   19.455
30    18.7932   19.9392   19.0211   19.58
31    19.4928   19.9531   18.7814   19.3709
32    19.7106   19.5383   18.7763   19.2214
33    21.2237   21.2237   20.8496   20.4221
34    19.5328   18.7763   18.7764   18.7764
35    19.949    19.5489   20.5182   19.5274
36    20.4569   19.6413   19.4653   19.2217
37    20.6644   19.9952   19.529    19.4908
38    20.2777   20.5956   20.1884   21.2237
39    20.2721   20.0431   20.7459   20.0045
40    19.5491   20.8012   19.9788   20.5111
41    21.2237   21.2072   20.267    20.8434
42    20.6473   21.1742   20.5956   20.2537
43    18.7763   18.7774   18.7763   19.4164
44    20.5179   19.4603   20.1178   19.549
45    18.8195   19.4722   20.0537   19.6842
46    20.8728   21.2237   21.2237   19.9789
47    19.4305   20.3736   19.6937   19.8633
48    19.4467   20.4153   19.7075   20.0228
49    20.5522   20.3457   21.2237   21.2135
50    19.7798   20.6491   20.6494   20.1615
51    20.3141   21.2236   21.2237   20.8473
52    19.6868   19.4478   19.223    20.0224
53    18.7763   18.7897   19.4342   19.4999
54    18.9853   19.455    19.6984   20.1018
55    21.2236   21.2236   21.2236   20.5438
56    18.7812   19.4344   20.0299   19.9532
57    21.2237   20.6365   20.6632   20.0281
58    18.7763   19.4293   18.7764   18.7763
59    19.0436   20.0234   19.762    20.1771
60    20.6068   21.2236   21.2237   20.8217
61    20.8312   21.2024   20.6162   20.2949
62    18.7763   18.8138   19.0817   19.6986
63    20.0124   19.5299   20.0698   20.268
64    19.7018   18.7763   18.7763   18.7763
65    20.6458   21.1878   20.5956   21.2237
66    20.2496   20.856    21.2236   19.9625
67    19.8633   19.6142   19.0312   18.7764
68    19.6724   19.5685   18.7824   18.7763
69    18.8227   18.7763   19.6203   19.5084
70    20.6618   20.1621   19.5963   19.8479
71    19.5818   18.7763   18.777    18.778
72    20.4843   21.2227   20.2563   21.2236
73    20.7153   20.2438   20.8093   20.6527
74    18.7764   18.7763   19.4846   18.7763
75    20.6066   21.2237   21.2237   21.2237
76    20.2954   19.4433   19.8354   20.023
77    18.8411   18.7764   20.0745   19.4568
78    19.8348   19.478    19.5227   18.7781
79    18.7763   18.7764   19.8661   18.7763
80    18.778    19.5269   19.6497   19.7586
81    19.5105   18.7765   18.7764   20.0188
82    19.6975   19.7799   20.2466   19.3532
83    20.7648   20.5277   19.9142   19.4624
84    20.4527   19.6155   20.4437   19.9547
85    20.6528   20.8093   21.2236   20.7154
86    19.459    18.7763   18.7763   18.7763
87    20.4672   21.1703   20.453    19.9886
88    18.7931   19.2265   19.6902   19.4471
89    20.588    20.4527   20.0214   20.0283
90    20.0063   19.1831   18.7764   18.7763
91    19.8633   20.1969   20.5956   20.3679
92    20.7829   20.2391   20.6255   19.6086
93    20.0233   19.7618   19.0434   19.538
94    20.6254   20.588    21.1705   20.4531
95    19.9826   18.7764   19.1833   19.7274
96    20.2454   19.2406   20.4827   19.7686
97    21.2237   21.2237   20.6858   21.2237
98    20.3555   20.8313   19.9692   21.2233
99    20.3555   21.2236   20.0335   20.8982
100   21.2134   20.3456   20.0518   20.5522

 [*,*,3]
:        1         2         3         4       :=
1     21.2237   21.2237   20.3533   21.2236
2     18.7763   18.7763   19.881    18.8386
3     20.1872   21.0013   20.2549   20.0551
4     19.4918   19.9861   19.9715   20.5682
5     21.2237   21.2236   20.3726   21.2237
6     21.2236   20.25     21.2234   20.6294
7     21.2236   21.2237   21.2237   20.3376
8     19.5969   19.53     20.5818   19.8943
9     18.8004   19.5942   19.8945   19.5305
10    20.5779   20.0173   21.1395   21.2236
11    21.2236   20.1107   20.6745   20.0464
12    20.0315   20.5292   21.2237   21.2236
13    19.828    19.0931   18.7763   18.7763
14    19.6354   19.3022   20.2485   19.4873
15    20.4546   20.106    20.7422   19.5993
16    20.2487   19.6433   20.4021   19.4679
17    20.6759   20.2019   19.8573   20.1059
18    19.7724   18.7936   19.2024   20.0946
19    18.7763   19.6596   18.7763   18.7764
20    19.9237   20.9662   21.2236   20.5334
21    19.7203   20.1905   20.0174   20.8774
22    19.5714   19.8151   19.2913   18.7764
23    20.2479   19.8157   19.9926   19.3531
24    20.1628   20.6731   20.325    20.7386
25    21.2237   20.2436   21.2237   21.2236
26    20.2431   20.6811   20.2055   21.2236
27    21.2236   21.2236   20.116    21.2237
28    18.7764   19.4977   19.8827   19.3746
29    20.7573   20.325    20.2036   20.1619
30    20.1266   20.0583   19.3165   20.2239
31    19.1218   19.7449   19.8855   18.8841
32    20.5298   21.2237   21.0445   21.2237
33    20.3836   21.2237   20.2611   21.1572
34    20.0821   20.1655   19.9039   19.4126
35    19.8273   18.7764   19.5571   19.0586
36    21.2236   20.6023   21.2236   21.2237
37    18.7764   19.8843   18.8193   18.7763
38    19.698    18.7764   19.3183   19.426
39    19.6437   19.0662   20.035    20.1478
40    18.7764   18.7763   18.7763   19.4737
41    20.1423   19.7935   19.3572   20.4662
42    18.7764   19.795    18.7764   19.2303
43    20.1119   21.2224   21.2236   20.4512
44    19.5569   19.0248   18.7763   18.7763
45    19.7785   20.1635   20.1983   19.6474
46    19.635    18.7763   18.7764   18.7763
47    19.9829   19.9114   19.0159   18.7764
48    20.2111   20.4809   20.1541   21.2236
49    19.4566   19.9947   20.0589   19.0822
50    19.6912   19.6135   20.478    19.953
51    20.4021   19.4679   20.3835   20.2605
52    20.1      20.3123   21.2232   21.2236
53    18.7763   19.8712   18.7763   19.1139
54    19.3382   18.9958   19.7113   20.0106
55    20.1125   19.8285   18.8087   19.5535
56    19.8858   18.7764   19.7202   19.7449
57    20.1751   20.5444   19.603    20.0463
58    19.8338   20.0066   18.9334   20.0345
59    20.0174   20.8774   20.575    20.1906
60    20.1425   20.6837   21.2234   21.1785
61    21.2237   20.6537   20.1889   20.5909
62    19.9236   20.9662   19.8504   20.5335
63    19.9245   18.8212   18.7764   19.66
64    20.5299   20.0313   21.2236   19.9236
65    18.7764   19.818    18.7764   18.7763
66    19.4157   20.4431   19.7618   19.9166
67    18.7763   19.4705   18.7764   18.7763
68    19.4956   20.0904   19.9065   19.4108
69    19.2256   18.7766   19.7413   18.7763
70    19.6664   19.9658   18.915    19.6895
71    19.5646   19.4977   18.777    18.7763
72    19.5297   19.8945   20.1914   20.5818
73    21.2211   20.4869   20.1794   21.2236
74    20.8627   20.1682   20.0708   19.9053
75    20.1421   20.6837   20.1751   21.2236
76    20.6812   20.2051   20.9994   21.2237
77    19.7811   20.325    20.2036   20.1617
78    19.5341   18.7763   18.7764   18.7764
79    20.325    20.6732   20.7386   21.2237
80    18.7763   19.5111   18.7763   19.4795
81    20.3377   21.2237   21.2236   21.2237
82    19.0118   19.5619   19.6357   19.8675
83    18.7764   19.5717   19.534    18.8204
84    20.2664   20.0776   20.3267   21.2051
85    21.2236   20.1798   21.2236   21.221
86    19.8826   18.7764   19.4977   19.7704
87    21.2237   21.2236   20.6748   21.2236
88    20.1231   21.2148   20.0913   20.3139
89    21.2236   20.6745   21.2237   20.0466
90    21.2237   20.3648   21.2237   21.2237
91    18.7763   19.66     18.7763   18.7767
92    18.7764   19.9509   19.4551   18.8139
93    20.8774   20.5748   20.0173   21.2237
94    20.1108   21.2237   21.2236   20.6749
95    21.2237   21.2235   20.3645   20.8064
96    19.6355   19.9043   20.2081   19.5816
97    19.9388   21.2236   20.3355   20.5818
98    19.9842   18.7764   18.7763   19.0718
99    21.2213   20.3836   20.4079   20.283
100   19.0822   19.9947   18.7768   19.4565
;

side = 2.44734
softness = 0.7

---------------------------- Solution coords data ----------------------------
distances [*,1,*]
:     1   2   3   4    :=
1     0   1   0   1
2     0   1   0   1
3     0   1   0   1
4     0   1   0   1
5     0   1   0   1
6     0   1   0   1
7     0   1   0   1
8     0   1   0   1
9     0   1   0   1
10    0   1   0   1
11    0   1   0   1
12    0   1   0   1
13    0   1   0   1
14    0   1   0   1
15    0   1   0   1
16    0   1   0   1
17    0   1   0   1
18    0   1   0   1
19    0   1   0   1
20    0   1   0   1
21    0   1   0   1
22    0   1   0   1
23    0   1   0   1
24    0   1   0   1
25    0   1   0   1
26    0   1   0   1
27    0   1   0   1
28    0   1   0   1
29    0   1   0   1
30    0   1   0   1
31    0   1   0   1
32    0   1   0   1
33    0   1   0   1
34    0   1   0   1
35    0   1   0   1
36    0   1   0   1
37    0   1   0   1
38    0   1   0   1
39    0   1   0   1
40    0   1   0   1
41    0   1   0   1
42    0   1   0   1
43    0   1   0   1
44    0   1   0   1
45    0   1   0   1
46    0   1   0   1
47    0   1   0   1
48    0   1   0   1
49    0   1   0   1
50    0   1   0   1
51    0   1   0   1
52    0   1   0   1
53    0   1   0   1
54    0   1   0   1
55    0   1   0   1
56    0   1   0   1
57    0   1   0   1
58    0   1   0   1
59    0   1   0   1
60    0   1   0   1
61    0   1   0   1
62    0   1   0   1
63    0   1   0   1
64    0   1   0   1
65    0   1   0   1
66    0   1   0   1
67    0   1   0   1
68    0   1   0   1
69    0   1   0   1
70    0   1   0   1
71    0   1   0   1
72    0   1   0   1
73    0   1   0   1
74    0   1   0   1
75    0   1   0   1
76    0   1   0   1
77    0   1   0   1
78    0   1   0   1
79    0   1   0   1
80    0   1   0   1
81    0   1   0   1
82    0   1   0   1
83    0   1   0   1
84    0   1   0   1
85    0   1   0   1
86    0   1   0   1
87    0   1   0   1
88    0   1   0   1
89    0   1   0   1
90    0   1   0   1
91    0   1   0   1
92    0   1   0   1
93    0   1   0   1
94    0   1   0   1
95    0   1   0   1
96    0   1   0   1
97    0   1   0   1
98    0   1   0   1
99    0   1   0   1
100   0   1   0   1

 [*,2,*]
:     1   2   3   4    :=
1     0   0   1   1
2     0   0   1   1
3     0   0   1   1
4     0   0   1   1
5     0   0   1   1
6     0   0   1   1
7     0   0   1   1
8     0   0   1   1
9     0   0   1   1
10    0   0   1   1
11    0   0   1   1
12    0   0   1   1
13    0   0   1   1
14    0   0   1   1
15    0   0   1   1
16    0   0   1   1
17    0   0   1   1
18    0   0   1   1
19    0   0   1   1
20    0   0   1   1
21    0   0   1   1
22    0   0   1   1
23    0   0   1   1
24    0   0   1   1
25    0   0   1   1
26    0   0   1   1
27    0   0   1   1
28    0   0   1   1
29    0   0   1   1
30    0   0   1   1
31    0   0   1   1
32    0   0   1   1
33    0   0   1   1
34    0   0   1   1
35    0   0   1   1
36    0   0   1   1
37    0   0   1   1
38    0   0   1   1
39    0   0   1   1
40    0   0   1   1
41    0   0   1   1
42    0   0   1   1
43    0   0   1   1
44    0   0   1   1
45    0   0   1   1
46    0   0   1   1
47    0   0   1   1
48    0   0   1   1
49    0   0   1   1
50    0   0   1   1
51    0   0   1   1
52    0   0   1   1
53    0   0   1   1
54    0   0   1   1
55    0   0   1   1
56    0   0   1   1
57    0   0   1   1
58    0   0   1   1
59    0   0   1   1
60    0   0   1   1
61    0   0   1   1
62    0   0   1   1
63    0   0   1   1
64    0   0   1   1
65    0   0   1   1
66    0   0   1   1
67    0   0   1   1
68    0   0   1   1
69    0   0   1   1
70    0   0   1   1
71    0   0   1   1
72    0   0   1   1
73    0   0   1   1
74    0   0   1   1
75    0   0   1   1
76    0   0   1   1
77    0   0   1   1
78    0   0   1   1
79    0   0   1   1
80    0   0   1   1
81    0   0   1   1
82    0   0   1   1
83    0   0   1   1
84    0   0   1   1
85    0   0   1   1
86    0   0   1   1
87    0   0   1   1
88    0   0   1   1
89    0   0   1   1
90    0   0   1   1
91    0   0   1   1
92    0   0   1   1
93    0   0   1   1
94    0   0   1   1
95    0   0   1   1
96    0   0   1   1
97    0   0   1   1
98    0   0   1   1
99    0   0   1   1
100   0   0   1   1

 [*,3,*]
:     1   2   3   4    :=
1     1   0   0   1
2     1   0   0   1
3     1   0   0   1
4     1   0   0   1
5     1   0   0   1
6     1   0   0   1
7     1   0   0   1
8     1   0   0   1
9     1   0   0   1
10    1   0   0   1
11    1   0   0   1
12    1   0   0   1
13    1   0   0   1
14    1   0   0   1
15    1   0   0   1
16    1   0   0   1
17    1   0   0   1
18    1   0   0   1
19    1   0   0   1
20    1   0   0   1
21    1   0   0   1
22    1   0   0   1
23    1   0   0   1
24    1   0   0   1
25    1   0   0   1
26    1   0   0   1
27    1   0   0   1
28    1   0   0   1
29    1   0   0   1
30    1   0   0   1
31    1   0   0   1
32    1   0   0   1
33    1   0   0   1
34    1   0   0   1
35    1   0   0   1
36    1   0   0   1
37    1   0   0   1
38    1   0   0   1
39    1   0   0   1
40    1   0   0   1
41    1   0   0   1
42    1   0   0   1
43    1   0   0   1
44    1   0   0   1
45    1   0   0   1
46    1   0   0   1
47    1   0   0   1
48    1   0   0   1
49    1   0   0   1
50    1   0   0   1
51    1   0   0   1
52    1   0   0   1
53    1   0   0   1
54    1   0   0   1
55    1   0   0   1
56    1   0   0   1
57    1   0   0   1
58    1   0   0   1
59    1   0   0   1
60    1   0   0   1
61    1   0   0   1
62    1   0   0   1
63    1   0   0   1
64    1   0   0   1
65    1   0   0   1
66    1   0   0   1
67    1   0   0   1
68    1   0   0   1
69    1   0   0   1
70    1   0   0   1
71    1   0   0   1
72    1   0   0   1
73    1   0   0   1
74    1   0   0   1
75    1   0   0   1
76    1   0   0   1
77    1   0   0   1
78    1   0   0   1
79    1   0   0   1
80    1   0   0   1
81    1   0   0   1
82    1   0   0   1
83    1   0   0   1
84    1   0   0   1
85    1   0   0   1
86    1   0   0   1
87    1   0   0   1
88    1   0   0   1
89    1   0   0   1
90    1   0   0   1
91    1   0   0   1
92    1   0   0   1
93    1   0   0   1
94    1   0   0   1
95    1   0   0   1
96    1   0   0   1
97    1   0   0   1
98    1   0   0   1
99    1   0   0   1
100   1   0   0   1

 [*,4,*]
:     1   2   3   4    :=
1     1   1   1   0
2     1   1   1   0
3     1   1   1   0
4     1   1   1   0
5     1   1   1   0
6     1   1   1   0
7     1   1   1   0
8     1   1   1   0
9     1   1   1   0
10    1   1   1   0
11    1   1   1   0
12    1   1   1   0
13    1   1   1   0
14    1   1   1   0
15    1   1   1   0
16    1   1   1   0
17    1   1   1   0
18    1   1   1   0
19    1   1   1   0
20    1   1   1   0
21    1   1   1   0
22    1   1   1   0
23    1   1   1   0
24    1   1   1   0
25    1   1   1   0
26    1   1   1   0
27    1   1   1   0
28    1   1   1   0
29    1   1   1   0
30    1   1   1   0
31    1   1   1   0
32    1   1   1   0
33    1   1   1   0
34    1   1   1   0
35    1   1   1   0
36    1   1   1   0
37    1   1   1   0
38    1   1   1   0
39    1   1   1   0
40    1   1   1   0
41    1   1   1   0
42    1   1   1   0
43    1   1   1   0
44    1   1   1   0
45    1   1   1   0
46    1   1   1   0
47    1   1   1   0
48    1   1   1   0
49    1   1   1   0
50    1   1   1   0
51    1   1   1   0
52    1   1   1   0
53    1   1   1   0
54    1   1   1   0
55    1   1   1   0
56    1   1   1   0
57    1   1   1   0
58    1   1   1   0
59    1   1   1   0
60    1   1   1   0
61    1   1   1   0
62    1   1   1   0
63    1   1   1   0
64    1   1   1   0
65    1   1   1   0
66    1   1   1   0
67    1   1   1   0
68    1   1   1   0
69    1   1   1   0
70    1   1   1   0
71    1   1   1   0
72    1   1   1   0
73    1   1   1   0
74    1   1   1   0
75    1   1   1   0
76    1   1   1   0
77    1   1   1   0
78    1   1   1   0
79    1   1   1   0
80    1   1   1   0
81    1   1   1   0
82    1   1   1   0
83    1   1   1   0
84    1   1   1   0
85    1   1   1   0
86    1   1   1   0
87    1   1   1   0
88    1   1   1   0
89    1   1   1   0
90    1   1   1   0
91    1   1   1   0
92    1   1   1   0
93    1   1   1   0
94    1   1   1   0
95    1   1   1   0
96    1   1   1   0
97    1   1   1   0
98    1   1   1   0
99    1   1   1   0
100   1   1   1   0
;

---------------------------- Solution stats data ----------------------------
_ampl_time = 0.210645
_total_solve_time = 74890.9
_ampl_elapsed_time = 0.20726
_ampl_user_time = 0.180839

Total time elapsed: $74890.93.
_total_solve_time = 74890.9

---------------------------- Solution miscs data ----------------------------
tetrahedron_volume [*] :=
  1 0.117851    21 0.117851    41 0.117851    61 0.117851    81 0.117851
  2 0.117851    22 0.117851    42 0.117851    62 0.117851    82 0.117851
  3 0.117851    23 0.117851    43 0.117851    63 0.117851    83 0.117851
  4 0.117851    24 0.117851    44 0.117851    64 0.117851    84 0.117851
  5 0.117851    25 0.117851    45 0.117851    65 0.117851    85 0.117851
  6 0.117851    26 0.117851    46 0.117851    66 0.117851    86 0.117851
  7 0.117851    27 0.117851    47 0.117851    67 0.117851    87 0.117851
  8 0.117851    28 0.117851    48 0.117851    68 0.117851    88 0.117851
  9 0.117851    29 0.117851    49 0.117851    69 0.117851    89 0.117851
 10 0.117851    30 0.117851    50 0.117851    70 0.117851    90 0.117851
 11 0.117851    31 0.117851    51 0.117851    71 0.117851    91 0.117851
 12 0.117851    32 0.117851    52 0.117851    72 0.117851    92 0.117851
 13 0.117851    33 0.117851    53 0.117851    73 0.117851    93 0.117851
 14 0.117851    34 0.117851    54 0.117851    74 0.117851    94 0.117851
 15 0.117851    35 0.117851    55 0.117851    75 0.117851    95 0.117851
 16 0.117851    36 0.117851    56 0.117851    76 0.117851    96 0.117851
 17 0.117851    37 0.117851    57 0.117851    77 0.117851    97 0.117851
 18 0.117851    38 0.117851    58 0.117851    78 0.117851    98 0.117851
 19 0.117851    39 0.117851    59 0.117851    79 0.117851    99 0.117851
 20 0.117851    40 0.117851    60 0.117851    80 0.117851   100 0.117851
;

---------------------------- Solution miscs data ----------------------------
tetrahedron_surface_area [*] :=
  1 0    11 0    21 0    31 0    41 0    51 0    61 0    71 0    81 0    91 0
  2 0    12 0    22 0    32 0    42 0    52 0    62 0    72 0    82 0    92 0
  3 0    13 0    23 0    33 0    43 0    53 0    63 0    73 0    83 0    93 0
  4 0    14 0    24 0    34 0    44 0    54 0    64 0    74 0    84 0    94 0
  5 0    15 0    25 0    35 0    45 0    55 0    65 0    75 0    85 0    95 0
  6 0    16 0    26 0    36 0    46 0    56 0    66 0    76 0    86 0    96 0
  7 0    17 0    27 0    37 0    47 0    57 0    67 0    77 0    87 0    97 0
  8 0    18 0    28 0    38 0    48 0    58 0    68 0    78 0    88 0    98 0
  9 0    19 0    29 0    39 0    49 0    59 0    69 0    79 0    89 0    99 0
 10 0    20 0    30 0    40 0    50 0    60 0    70 0    80 0    90 0   100 0
;

