Error at _cmdno 5 executing "solve" command
(file amplin, line 1945, offset 37257):
error processing param distances:
	3680 invalid subscripts discarded:
	distances[71,1,1]
	distances[71,1,2]
	distances[71,1,3]
	and 3677 more.
##### This license is only intended for use by NEOS. #####
##### License is valid until Jan 16, 2026 #####
ariables.
Adjusted problem:
12916 variables:
	8086 nonlinear variables
	4830 linear variables
25340 constraints; 154315 nonzeros
	22925 nonlinear constraints
	2415 linear constraints
	2485 equality constraints
	22855 inequality constraints
1 linear objective; 1 nonzero.

Artelys Knitro 14.2.0: threads=4
algorithm=1
ms_enable=1
ms_maxsolves=10
feastol=1e-5
opttol=1e-5
honorbnds=1
bar_initpt=3
bar_murule=4
scale=1
outlev=2
maxtime_real=3600
WARNING:  Option 'threads' is deprecated, please use 'numthreads'.

=======================================
           Academic License
       (NOT FOR COMMERCIAL USE)
         Artelys Knitro 14.2.0
=======================================

No start point provided -- Knitro computing one.

Knitro presolve eliminated 0 variables and 0 constraints.

algorithm                1
bar_initpt               3
bar_murule               4
concurrent_evals         0
datacheck                0
feastol                  1e-05
findiff_numthreads       1
hessian_no_f             1
hessopt                  1
honorbnds                1
maxtime_real             3600
ms_enable                1
ms_maxsolves             10
numthreads               4
opttol                   1e-05

Problem Characteristics                                 (   Presolved)
-----------------------
Objective goal:  Minimize
Objective type:  linear
Number of variables:                              12916 (       12916)
    bounded below only:                             841 (         841)
    bounded above only:                               0 (           0)
    bounded below and above:                          0 (           0)
    fixed:                                            0 (           0)
    free:                                         12075 (       12075)
Number of constraints:                            25340 (       25340)
    linear equalities:                                0 (           0)
    quadratic equalities:                          2415 (        2415)
    gen. nonlinear equalities:                       70 (          70)
    linear one-sided inequalities:                 2415 (        2415)
    quadratic one-sided inequalities:             20440 (       20440)
    gen. nonlinear one-sided inequalities:            0 (           0)
    linear two-sided inequalities:                    0 (           0)
    quadratic two-sided inequalities:                 0 (           0)
    gen. nonlinear two-sided inequalities:            0 (           0)
Number of nonzeros in Jacobian:                  154315 (      154315)
Number of nonzeros in Hessian:                    70666 (       70666)

Knitro parallel multistart will run with 4 threads.

Return codes description
------------------------
  0:  The final solution satisfies the termination conditions for verifying optimality.
  -100 to -199:  A feasible approximate solution was found.
  -200 to -299:  Knitro terminated at an infeasible point.
  -300 to -301:  The problem was determined to be unbounded.
  -400 to -499:  Knitro terminated because it reached a pre-defined limit.
    -400 to -409:  A feasible point was found.
    -410 to -419:  No feasible point was found.
  -500 to -599:  Knitro terminated with an input error or some non-standard error.
A more detailed description of individual return codes and their corresponding
termination messages is provided at
https://www.artelys.com/app/docs/knitro/3_referenceManual/returnCodes.html

 Solve #  ThreadID  Status     Objective      FeasError    OptError    Real Time 
--------  --------  ------  --------------   ----------   ----------  ----------
      6          3    -202         1267.04      57470.7     0.999996      765.145
      1          1    -202         1595.18      53525.7      54.2923      768.714
      0          0       0        0.702340  6.59001e-04  8.72757e-06      1890.25
      2          3    -410         1484.07      119.299      1.52721      8587.73
      5          0    -410         96.9830     0.164343  8.59751e-02      7213.58
      8          1    -410         466.568  2.41220e-02  6.67239e-03      6974.07
      4          1    -410         1497.02  2.89800e-02     0.999955      8430.17
      7          0    -410         293.637  3.96925e-02  6.37555e-02      7143.44
      9          3    -410         526.434      3.45163  5.23106e-02      7061.19
      3          2    -410         23283.6      3.08255      191.177      9397.16

MULTISTART: Best locally optimal solution is returned.
EXIT: Locally optimal solution found.

Final Statistics
----------------
Final objective value               =   7.02340143635610e-01
Final feasibility error (abs / rel) =   6.59e-04 / 6.15e-07
Final optimality error  (abs / rel) =   8.73e-06 / 8.73e-06
# of iterations                     =      74840 
# of CG iterations                  =          0 
# of function evaluations           =      88921
# of gradient evaluations           =      75121
# of Hessian evaluations            =      74904
Total program time (secs)           =   16415.35547 ( 43762.824 CPU time)

===============================================================================

Knitro 14.2.0: Locally optimal or satisfactory solution.
objective 0.7023401436; feasibility error 0.000659
74840 iterations; 88921 function evaluations

suffix feaserror OUT;
suffix opterror OUT;
suffix numfcevals OUT;
suffix numiters OUT;
---------------------------- Container and geometric considerations  ----------------------------
Container type: sphere
Structural conservation type: surface
---------------------------- Solution execution data ----------------------------
solve_result_num = 0
solve_result = solved

---------------------------- Solution data ----------------------------
card(figures) = 70

coords [*,*,1]
:       1         2         3         4       :=
1    20.6439   19.9891   19.6479   20.2557
2    20.1486   20.0902   19.3791   20.6733
3    19.9876   19.6481   20.2494   20.6459
4    19.3826   19.7554   19.8909   20.2543
5    19.8636   19.7798   19.3789   20.2575
6    20.0288   19.6058   20.2059   19.4315
7    20.6444   20.2535   19.6478   19.9888
8    20.6735   19.3795   20.1488   20.0908
9    19.3792   20.091    20.6734   20.1483
10   20.2391   20.6466   19.6538   19.9942
11   20.6461   19.6522   20.2385   19.993
12   19.4088   19.9672   20.2447   19.6375
13   19.3765   19.9896   20.4108   19.6474
14   20.6725   19.3777   20.1458   20.0879
15   20.0908   20.1491   19.3794   20.6734
16   20.1477   20.0893   19.3788   20.6731
17   20.6453   19.648    19.988    20.2517
18   19.6536   19.9935   20.6464   20.239
19   20.0895   20.1479   20.6731   19.379
20   19.6497   20.2463   20.646    19.9902
21   19.4219   20.214    19.6229   20.0129
22   20.6737   20.1481   19.3791   20.093
23   20.6729   20.089    20.1474   19.3786
24   20.2388   20.6469   19.6544   19.996
25   19.4089   20.2452   19.6372   19.9661
26   20.2443   19.9647   19.6433   19.4067
27   19.4258   20.0191   20.2114   19.6153
28   19.3785   20.1468   20.6729   20.0888
29   19.638    19.9629   19.4084   20.2458
30   20.6735   20.1472   19.3787   20.0928
31   19.4084   19.6382   20.2458   19.9649
32   19.989    20.6436   20.2558   19.6478
33   19.9946   19.6537   20.2388   20.6466
34   19.3782   20.1474   20.6728   20.0887
35   20.6419   19.6478   20.2566   19.989
36   20.2158   19.6258   20.0087   19.4201
37   19.9608   20.2425   19.6537   19.4041
38   19.9605   19.4073   20.2476   19.6421
39   20.6736   20.1487   19.3789   20.0929
40   20.2453   19.9662   19.637    19.4089
41   19.9891   20.2556   20.643    19.6478
42   20.0909   20.149    20.6733   19.3791
43   19.4245   20.2121   19.6184   20.0167
44   19.6487   20.646    19.9898   20.2517
45   20.1484   19.3788   20.091    20.6733
46   19.3789   20.1486   20.6732   20.0903
47   19.379    20.6735   20.148    20.0923
48   19.9958   20.2388   20.6467   19.6541
49   19.3783   20.6728   20.1467   20.0886
50   20.0979   19.3772   20.6739   20.143
51   19.9669   20.2448   19.4088   19.6375
52   20.2448   19.6361   19.9677   19.4092
53   20.2444   19.9666   19.4082   19.639
54   20.1463   20.6728   19.3782   20.0884
55   19.3772   20.098    20.1428   20.6739
56   19.6391   19.4081   20.2448   19.966
57   19.9644   19.6409   19.4074   20.2451
58   19.4082   20.2454   19.9651   19.6389
59   19.9893   20.2537   20.6449   19.6479
60   20.2476   19.96     19.4068   19.6425
61   19.648    20.6456   19.9879   20.2506
62   19.566    19.4565   20.075    20.18
63   20.1472   20.0888   19.3784   20.6729
64   20.2499   19.9896   20.646    19.649
65   20.1489   20.6731   19.3788   20.0901
66   19.9892   19.6479   20.2544   20.6448
67   20.0891   20.673    20.1474   19.3787
68   20.647    19.9973   20.2389   19.6549
69   19.4088   19.9665   19.6371   20.2452
70   20.0959   20.6738   19.3779   20.1449

 [*,*,2]
:       1         2         3         4       :=
1    20.2803   19.6768   19.4007   19.9585
2    19.6888   20.6044   19.9619   20.1635
3    19.6752   19.4006   19.9477   20.2758
4    20.0424   19.3816   20.6854   20.0321
5    20.6846   19.383    20.002    20.0709
6    20.6469   19.4208   19.8132   20.2581
7    20.2792   19.9556   19.4006   19.6765
8    20.1629   19.9608   19.6887   20.6038
9    19.9615   20.604    20.163    19.6887
10   19.934    20.2742   19.3982   19.6766
11   20.2753   19.3979   19.9336   19.6768
12   20.1826   20.6743   19.939    19.4043
13   19.9651   19.6774   20.4364   19.3999
14   20.1647   19.9653   19.6887   20.6066
15   20.6039   19.6888   19.9611   20.1631
16   19.6887   20.6051   19.9625   20.1638
17   20.2772   19.4007   19.6757   19.9516
18   19.3984   19.6761   20.2747   19.934
19   20.6049   19.6887   20.1637   19.9623
20   19.4      19.9413   20.2755   19.6759
21   20.2291   19.8379   19.4117   20.6553
22   20.1612   19.6882   19.9611   20.6034
23   20.1641   20.6054   19.6887   19.9632
24   19.9335   20.2734   19.3979   19.6762
25   20.1827   19.9411   19.4043   20.6746
26   19.9389   20.6749   19.4023   20.175
27   20.2411   20.6522   19.8297   19.4156
28   19.9635   19.6887   20.164    20.6056
29   19.404    20.6755   20.181    19.9432
30   20.1618   19.6884   19.9619   20.6036
31   20.1809   19.4039   19.9434   20.675
32   19.6768   20.2811   19.9598   19.4007
33   19.6768   19.3981   19.9337   20.2741
34   19.9642   19.6889   20.1643   20.6058
35   20.2847   19.4007   19.9629   19.6768
36   19.8438   19.4102   20.6574   20.2234
37   20.6758   19.9384   19.3985   20.1645
38   20.6762   20.1765   19.9517   19.4021
39   20.1621   19.6886   19.9616   20.6034
40   19.941    20.6746   19.4044   20.1829
41   19.6769   19.9605   20.2823   19.4007
42   20.6041   19.6888   20.1633   19.9618
43   20.2374   19.8321   19.4139   20.6534
44   19.4004   20.2757   19.6768   19.9496
45   19.6888   19.9623   20.6043   20.163
46   19.9623   19.6888   20.1636   20.6045
47   19.9614   20.1622   19.6885   20.6035
48   19.6763   19.9336   20.2739   19.398
49   19.9642   20.1643   19.6888   20.6059
50   20.6029   19.9642   20.1581   19.6874
51   20.6744   19.9396   20.1826   19.4043
52   19.9391   19.4048   20.6741   20.184
53   19.9388   20.6744   20.1807   19.4037
54   19.6888   20.1642   19.9644   20.606
55   19.9641   20.6028   19.6873   20.1579
56   19.4036   20.1803   19.94     20.6746
57   20.675    19.4029   20.1776   19.9422
58   20.1803   19.9423   20.6749   19.4036
59   19.6769   19.9541   20.278    19.4007
60   19.9521   20.6763   20.1747   19.402
61   19.4006   20.2766   19.6755   19.9495
62   19.4476   20.3224   20.6152   19.746
63   19.6888   20.6056   19.9637   20.1642
64   19.9475   19.6762   20.2756   19.4003
65   19.6889   20.1638   19.9625   20.6047
66   19.6768   19.4007   19.9557   20.2784
67   20.6053   20.1639   19.6887   19.9629
68   20.2732   19.6765   19.9335   19.3979
69   20.1826   20.6745   19.4044   19.9408
70   20.6031   20.1594   19.9629   19.6877

 [*,*,3]
:       1         2         3         4       :=
1    20.0089   19.3765   20.1007   20.6528
2    19.3882   20.3462   19.6739   19.8848
3    19.3774   20.1009   20.6545   20.0039
4    19.6678   20.226    20.1081   20.6539
5    20.0775   20.2532   19.672    20.6496
6    20.272    20.0489   20.645    19.6783
7    20.0083   20.6535   20.1002   19.3767
8    19.8852   19.6734   19.3883   20.3471
9    19.6739   20.3467   19.8848   19.3882
10   20.6571   20.0039   20.1061   19.3766
11   20.004    20.099    20.6572   19.3765
12   19.6678   20.1938   20.6555   20.0837
13   19.6785   19.3762   20.3662   20.094
14   19.8823   19.6762   19.3875   20.343
15   20.3469   19.3883   19.6735   19.8853
16   19.388    20.3453   19.6744   19.8841
17   20.0055   20.1008   19.3771   20.6539
18   20.1069   19.3769   20.0046   20.6571
19   20.3455   19.388    19.8843   19.6742
20   20.1028   20.6551   20.0039   19.377
21   19.6735   20.649    20.0701   20.2523
22   19.8841   19.3884   19.6741   20.3473
23   19.8837   20.3447   19.3879   19.6748
24   20.6572   20.0017   20.1064   19.3768
25   19.6676   20.6555   20.0828   20.1924
26   20.6556   20.191    20.0936   19.6673
27   19.6753   20.2599   20.6478   20.0607
28   19.675    19.3878   19.8833   20.3445
29   20.0836   20.1886   19.6674   20.6555
30   19.8841   19.388    19.6746   20.347
31   19.6675   20.0839   20.6555   20.191
32   19.3765   20.01     20.6529   20.1003
33   19.3765   20.1052   20.6572   20.0038
34   19.6753   19.3878   19.8833   20.3441
35   20.0141   20.1006   20.6527   19.3765
36   20.6499   20.0738   20.247    19.6727
37   20.1874   20.6563   20.1076   19.6666
38   20.1858   19.6671   20.6555   20.0882
39   19.8846   19.3883   19.6744   20.3471
40   20.6555   20.1925   20.0826   19.6676
41   19.3765   20.653    20.0121   20.1006
42   20.3465   19.3882   19.885    19.674
43   19.6747   20.6481   20.0646   20.257
44   20.1016   20.0041   19.3765   20.6537
45   19.3881   19.6745   20.3462   19.8844
46   19.6743   19.3881   19.8847   20.3459
47   19.6742   19.8846   19.3882   20.3471
48   19.3767   20.6571   20.0025   20.106
49   19.6753   19.8832   19.3877   20.3441
50   20.3467   19.6774   19.8808   19.3875
51   20.1935   20.6555   19.6678   20.0835
52   20.6555   20.0815   20.1943   19.6678
53   20.6556   20.1933   19.6678   20.086
54   19.3876   19.883    19.6754   20.3439
55   19.6774   20.3468   19.3875   19.8806
56   20.086    19.6677   20.6556   20.1925
57   20.1906   20.0882   19.6675   20.6556
58   19.6676   20.6555   20.1914   20.0852
59   19.3765   20.6533   20.0069   20.1008
60   20.6555   20.1852   19.6669   20.0887
61   20.1008   20.0049   19.3772   20.6542
62   19.9985   19.6932   20.3306   20.6297
63   19.3878   20.3444   19.6751   19.8836
64   20.6543   19.3768   20.004    20.102
65   19.3882   19.8846   19.6744   20.3457
66   19.3765   20.1007   20.6532   20.0072
67   20.3449   19.8838   19.3879   19.6746
68   20.0017   19.3766   20.6571   20.1079
69   19.6676   20.1929   20.0827   20.6555
70   20.3469   19.8821   19.6761   19.3878
;

radius = 0.70234
softness = 0.9

---------------------------- Solution coords data ----------------------------
distances [*,1,*]
:    1   2   3   4    :=
1    0   1   0   1
2    0   1   0   1
3    0   1   0   1
4    0   1   0   1
5    0   1   0   1
6    0   1   0   1
7    0   1   0   1
8    0   1   0   1
9    0   1   0   1
10   0   1   0   1
11   0   1   0   1
12   0   1   0   1
13   0   1   0   1
14   0   1   0   1
15   0   1   0   1
16   0   1   0   1
17   0   1   0   1
18   0   1   0   1
19   0   1   0   1
20   0   1   0   1
21   0   1   0   1
22   0   1   0   1
23   0   1   0   1
24   0   1   0   1
25   0   1   0   1
26   0   1   0   1
27   0   1   0   1
28   0   1   0   1
29   0   1   0   1
30   0   1   0   1
31   0   1   0   1
32   0   1   0   1
33   0   1   0   1
34   0   1   0   1
35   0   1   0   1
36   0   1   0   1
37   0   1   0   1
38   0   1   0   1
39   0   1   0   1
40   0   1   0   1
41   0   1   0   1
42   0   1   0   1
43   0   1   0   1
44   0   1   0   1
45   0   1   0   1
46   0   1   0   1
47   0   1   0   1
48   0   1   0   1
49   0   1   0   1
50   0   1   0   1
51   0   1   0   1
52   0   1   0   1
53   0   1   0   1
54   0   1   0   1
55   0   1   0   1
56   0   1   0   1
57   0   1   0   1
58   0   1   0   1
59   0   1   0   1
60   0   1   0   1
61   0   1   0   1
62   0   1   0   1
63   0   1   0   1
64   0   1   0   1
65   0   1   0   1
66   0   1   0   1
67   0   1   0   1
68   0   1   0   1
69   0   1   0   1
70   0   1   0   1

 [*,2,*]
:    1   2   3   4    :=
1    0   0   1   1
2    0   0   1   1
3    0   0   1   1
4    0   0   1   1
5    0   0   1   1
6    0   0   1   1
7    0   0   1   1
8    0   0   1   1
9    0   0   1   1
10   0   0   1   1
11   0   0   1   1
12   0   0   1   1
13   0   0   1   1
14   0   0   1   1
15   0   0   1   1
16   0   0   1   1
17   0   0   1   1
18   0   0   1   1
19   0   0   1   1
20   0   0   1   1
21   0   0   1   1
22   0   0   1   1
23   0   0   1   1
24   0   0   1   1
25   0   0   1   1
26   0   0   1   1
27   0   0   1   1
28   0   0   1   1
29   0   0   1   1
30   0   0   1   1
31   0   0   1   1
32   0   0   1   1
33   0   0   1   1
34   0   0   1   1
35   0   0   1   1
36   0   0   1   1
37   0   0   1   1
38   0   0   1   1
39   0   0   1   1
40   0   0   1   1
41   0   0   1   1
42   0   0   1   1
43   0   0   1   1
44   0   0   1   1
45   0   0   1   1
46   0   0   1   1
47   0   0   1   1
48   0   0   1   1
49   0   0   1   1
50   0   0   1   1
51   0   0   1   1
52   0   0   1   1
53   0   0   1   1
54   0   0   1   1
55   0   0   1   1
56   0   0   1   1
57   0   0   1   1
58   0   0   1   1
59   0   0   1   1
60   0   0   1   1
61   0   0   1   1
62   0   0   1   1
63   0   0   1   1
64   0   0   1   1
65   0   0   1   1
66   0   0   1   1
67   0   0   1   1
68   0   0   1   1
69   0   0   1   1
70   0   0   1   1

 [*,3,*]
:    1   2   3   4    :=
1    1   0   0   1
2    1   0   0   1
3    1   0   0   1
4    1   0   0   1
5    1   0   0   1
6    1   0   0   1
7    1   0   0   1
8    1   0   0   1
9    1   0   0   1
10   1   0   0   1
11   1   0   0   1
12   1   0   0   1
13   1   0   0   1
14   1   0   0   1
15   1   0   0   1
16   1   0   0   1
17   1   0   0   1
18   1   0   0   1
19   1   0   0   1
20   1   0   0   1
21   1   0   0   1
22   1   0   0   1
23   1   0   0   1
24   1   0   0   1
25   1   0   0   1
26   1   0   0   1
27   1   0   0   1
28   1   0   0   1
29   1   0   0   1
30   1   0   0   1
31   1   0   0   1
32   1   0   0   1
33   1   0   0   1
34   1   0   0   1
35   1   0   0   1
36   1   0   0   1
37   1   0   0   1
38   1   0   0   1
39   1   0   0   1
40   1   0   0   1
41   1   0   0   1
42   1   0   0   1
43   1   0   0   1
44   1   0   0   1
45   1   0   0   1
46   1   0   0   1
47   1   0   0   1
48   1   0   0   1
49   1   0   0   1
50   1   0   0   1
51   1   0   0   1
52   1   0   0   1
53   1   0   0   1
54   1   0   0   1
55   1   0   0   1
56   1   0   0   1
57   1   0   0   1
58   1   0   0   1
59   1   0   0   1
60   1   0   0   1
61   1   0   0   1
62   1   0   0   1
63   1   0   0   1
64   1   0   0   1
65   1   0   0   1
66   1   0   0   1
67   1   0   0   1
68   1   0   0   1
69   1   0   0   1
70   1   0   0   1

 [*,4,*]
:    1   2   3   4    :=
1    1   1   1   0
2    1   1   1   0
3    1   1   1   0
4    1   1   1   0
5    1   1   1   0
6    1   1   1   0
7    1   1   1   0
8    1   1   1   0
9    1   1   1   0
10   1   1   1   0
11   1   1   1   0
12   1   1   1   0
13   1   1   1   0
14   1   1   1   0
15   1   1   1   0
16   1   1   1   0
17   1   1   1   0
18   1   1   1   0
19   1   1   1   0
20   1   1   1   0
21   1   1   1   0
22   1   1   1   0
23   1   1   1   0
24   1   1   1   0
25   1   1   1   0
26   1   1   1   0
27   1   1   1   0
28   1   1   1   0
29   1   1   1   0
30   1   1   1   0
31   1   1   1   0
32   1   1   1   0
33   1   1   1   0
34   1   1   1   0
35   1   1   1   0
36   1   1   1   0
37   1   1   1   0
38   1   1   1   0
39   1   1   1   0
40   1   1   1   0
41   1   1   1   0
42   1   1   1   0
43   1   1   1   0
44   1   1   1   0
45   1   1   1   0
46   1   1   1   0
47   1   1   1   0
48   1   1   1   0
49   1   1   1   0
50   1   1   1   0
51   1   1   1   0
52   1   1   1   0
53   1   1   1   0
54   1   1   1   0
55   1   1   1   0
56   1   1   1   0
57   1   1   1   0
58   1   1   1   0
59   1   1   1   0
60   1   1   1   0
61   1   1   1   0
62   1   1   1   0
63   1   1   1   0
64   1   1   1   0
65   1   1   1   0
66   1   1   1   0
67   1   1   1   0
68   1   1   1   0
69   1   1   1   0
70   1   1   1   0
;

---------------------------- Solution stats data ----------------------------
_ampl_time = 0.281859
_total_solve_time = 43763.5
_ampl_elapsed_time = 0.279218
_ampl_user_time = 0.240496

Total time elapsed: $43763.49.
_total_solve_time = 43763.5

---------------------------- Solution miscs data ----------------------------
tetrahedron_volume [*] :=
 1 0    8 0   15 0   22 0   29 0   36 0   43 0   50 0   57 0   64 0
 2 0    9 0   16 0   23 0   30 0   37 0   44 0   51 0   58 0   65 0
 3 0   10 0   17 0   24 0   31 0   38 0   45 0   52 0   59 0   66 0
 4 0   11 0   18 0   25 0   32 0   39 0   46 0   53 0   60 0   67 0
 5 0   12 0   19 0   26 0   33 0   40 0   47 0   54 0   61 0   68 0
 6 0   13 0   20 0   27 0   34 0   41 0   48 0   55 0   62 0   69 0
 7 0   14 0   21 0   28 0   35 0   42 0   49 0   56 0   63 0   70 0
;

---------------------------- Solution miscs data ----------------------------
tetrahedron_surface_area [*] :=
 1 1.73205   13 1.73205   25 1.73205   37 1.73205   49 1.73205   61 1.73205
 2 1.73205   14 1.73205   26 1.73205   38 1.73205   50 1.73205   62 1.73205
 3 1.73205   15 1.73205   27 1.73205   39 1.73205   51 1.73205   63 1.73205
 4 1.73205   16 1.73205   28 1.73205   40 1.73205   52 1.73205   64 1.73205
 5 1.73205   17 1.73205   29 1.73205   41 1.73205   53 1.73205   65 1.73205
 6 1.73205   18 1.73205   30 1.73205   42 1.73205   54 1.73205   66 1.73205
 7 1.73205   19 1.73205   31 1.73205   43 1.73205   55 1.73205   67 1.73205
 8 1.73205   20 1.73205   32 1.73205   44 1.73205   56 1.73205   68 1.73205
 9 1.73205   21 1.73205   33 1.73205   45 1.73205   57 1.73205   69 1.73205
10 1.73205   22 1.73205   34 1.73205   46 1.73205   58 1.73205   70 1.73205
11 1.73205   23 1.73205   35 1.73205   47 1.73205   59 1.73205
12 1.73205   24 1.73205   36 1.73205   48 1.73205   60 1.73205
;

