Error at _cmdno 5 executing "solve" command
(file amplin, line 1961, offset 37058):
error processing param distances:
	3680 invalid subscripts discarded:
	distances[71,1,1]
	distances[71,1,2]
	distances[71,1,3]
	and 3677 more.
##### This license is only intended for use by NEOS. #####
##### License is valid until Jan 16, 2026 #####
ariables.
Substitution eliminates 1 variable.
Adjusted problem:
12918 variables:
	8088 nonlinear variables
	4830 linear variables
25903 constraints; 155161 nonzeros
	22925 nonlinear constraints
	2978 linear constraints
	2486 equality constraints
	23417 inequality constraints
1 nonlinear objective; 3 nonzeros.

Artelys Knitro 14.2.0: threads=4
algorithm=1
ms_enable=1
ms_maxsolves=10
feastol=1e-5
opttol=1e-5
honorbnds=1
bar_initpt=3
bar_murule=4
scale=1
outlev=2
maxtime_real=1200
WARNING:  Option 'threads' is deprecated, please use 'numthreads'.
WARNING: 1 constraint is constant or undefined and will be ignored.

=======================================
           Academic License
       (NOT FOR COMMERCIAL USE)
         Artelys Knitro 14.2.0
=======================================

No start point provided -- Knitro computing one.

Knitro presolve eliminated 0 variables and 1 constraint.

algorithm                1
bar_initpt               3
bar_murule               4
concurrent_evals         0
datacheck                0
feastol                  1e-05
findiff_numthreads       1
hessian_no_f             1
hessopt                  1
honorbnds                1
maxtime_real             1200
ms_enable                1
ms_maxsolves             10
numthreads               4
opttol                   1e-05

Problem Characteristics                                 (   Presolved)
-----------------------
Objective goal:  Minimize
Objective type:  general
Number of variables:                              12918 (       12918)
    bounded below only:                               1 (           1)
    bounded above only:                               0 (           0)
    bounded below and above:                          0 (           0)
    fixed:                                            0 (           0)
    free:                                         12917 (       12917)
Number of constraints:                            25903 (       25902)
    linear equalities:                                1 (           0)
    quadratic equalities:                          2415 (        2415)
    gen. nonlinear equalities:                       70 (          70)
    linear one-sided inequalities:                 2977 (        2977)
    quadratic one-sided inequalities:             20440 (       20440)
    gen. nonlinear one-sided inequalities:            0 (           0)
    linear two-sided inequalities:                    0 (           0)
    quadratic two-sided inequalities:                 0 (           0)
    gen. nonlinear two-sided inequalities:            0 (           0)
Number of nonzeros in Jacobian:                  155161 (      155161)
Number of nonzeros in Hessian:                    70668 (       70668)

Knitro parallel multistart will run with 4 threads.

Return codes description
------------------------
  0:  The final solution satisfies the termination conditions for verifying optimality.
  -100 to -199:  A feasible approximate solution was found.
  -200 to -299:  Knitro terminated at an infeasible point.
  -300 to -301:  The problem was determined to be unbounded.
  -400 to -499:  Knitro terminated because it reached a pre-defined limit.
    -400 to -409:  A feasible point was found.
    -410 to -419:  No feasible point was found.
  -500 to -599:  Knitro terminated with an input error or some non-standard error.
A more detailed description of individual return codes and their corresponding
termination messages is provided at
https://www.artelys.com/app/docs/knitro/3_referenceManual/returnCodes.html

 Solve #  ThreadID  Status     Objective      FeasError    OptError    Real Time 
--------  --------  ------  --------------   ----------   ----------  ----------
      0          0       0         4.13374  2.37627e-06  2.21496e-07      2266.36
      5          2    -410     3.11767e+10  4.23760e+06      8738.19      7624.55
      6          3    -410     1.23377e+09  1.49347e+07      1364.19      7717.48
      2          2    -410     6.74299e+10      118.416      983.555      10635.5
      3          3    -410     3.31892e+09  3.85365e+06      3978.28      10998.3
      1          1    -410     2.05748e+10  6.05831e+06      6061.46      11292.7
      4          0    -410     3.84210e+13  1.86297e+06  2.49310e+06      11001.6
      7          1    -410     2.81065e+13  1.48914e+06      656596.      7562.57
      8          0    -410     5.31840e+12      702404.      722277.      5898.21
      9          2    -410     2.24724e+13  1.12720e+06      729452.      3003.25

MULTISTART: Best locally optimal solution is returned.
EXIT: Locally optimal solution found.

Final Statistics
----------------
Final objective value               =   4.13374059131336e+00
Final feasibility error (abs / rel) =   2.38e-06 / 4.31e-07
Final optimality error  (abs / rel) =   2.21e-07 / 3.17e-08
# of iterations                     =      92353 
# of CG iterations                  =          0 
# of function evaluations           =      92654
# of gradient evaluations           =      92419
# of Hessian evaluations            =      92372
Total program time (secs)           =   21264.02148 ( 62461.859 CPU time)

===============================================================================

Knitro 14.2.0: Locally optimal or satisfactory solution.
objective 4.133740591; feasibility error 2.38e-06
92353 iterations; 92654 function evaluations

suffix feaserror OUT;
suffix opterror OUT;
suffix numfcevals OUT;
suffix numiters OUT;
---------------------------- Solver Status Report ----------------------------
solve_result_num = 0
solve_result = solved
solve_message = 'Knitro 14.2.0: Locally optimal or satisfactory solution.\
objective 4.133740591; feasibility error 2.38e-06\
92353 iterations; 92654 function evaluations'


---------------------------- Problem Dimensions ----------------------------
Variables: 25414
Constraints: 25974
---------------------------- Container and geometric considerations  ----------------------------
Container type: cylinder
Structural conservation type: volume & surface
---------------------------- Solution execution data ----------------------------
solve_result_num = 0
solve_result = solved

---------------------------- Solution data ----------------------------
card(figures) = 70

coords [*,*,1]
:         1            2             3            4         :=
1    -0.328724     -0.955168    -0.455695     -1.0861
2     0.103515      0.129877     1.03855       0.829915
3     0.158325      0.779868     0.0908121     0.931671
4     0.915843      1.179        0.171469      0.955597
5     0.920571      0.250966     0.141807      0.346753
6     1.18221       0.302838     0.297638      0.774253
7    -0.759841      0.206974    -0.432537     -0.164646
8    -0.345198     -1.10178     -0.0281081    -0.597748
9     0.278139      0.984435     0.154238      0.515038
10    0.783624      0.747996     0.00798512    0.132682
11   -0.414391     -1.12238     -0.759728     -0.159059
12    0.167698      0.468602    -0.414265      0.0231986
13   -1.04999      -1.17924     -1.15033      -0.273194
14   -0.503245      0.295145     0.368322      0.142308
15    0.00527889   -0.77405     -0.0253981    -0.758129
16    0.241041      0.302006     1.15691       0.977648
17   -0.531945      0.0918686    0.33512      -0.350025
18   -1.1079       -0.327577    -0.643979     -0.285081
19    1.15922       0.969567     0.200173      0.544181
20   -0.953315      0.0697531   -0.120873     -0.455305
21   -0.676303      0.182452    -0.323498     -0.470484
22    0.67599       0.274899     1.08436       0.239555
23    0.141868     -0.777619    -0.197229      0.090842
24   -0.751503      0.32864      0.0231834    -0.262927
25    0.282319      0.985273     1.15702       1.11339
26   -0.544298      0.149521     0.163595      0.325715
27    0.265016      0.0640533    0.755327     -0.268422
28   -1.16193      -1.06843     -0.238631     -0.902379
29   -0.756644     -0.119529    -0.373052     -1.11609
30   -1.00066      -0.542341    -0.355709      0.0539763
31    1.16636       0.250065     1.18164       0.940777
32    0.238809     -0.597747    -0.028129     -0.342522
33    0.480125      0.398802    -0.390312      0.125231
34    0.468603      0.0231995    0.844399      0.11648
35   -0.878418      0.0511892   -0.10549      -0.675319
36   -1.15059      -0.305991    -1.15517      -0.880898
37   -1.1702       -0.731677    -0.184127     -0.925186
38   -0.685302      0.120492     0.152216     -0.233375
39    0.961416      0.255827     1.04208       1.16444
40    0.929935      1.04209      0.360921      0.248187
41   -1.15574      -1.10261     -1.12335      -0.236999
42    0.298937     -0.293408    -0.476241      0.183852
43   -0.432648     -0.454599    -0.149949      0.480125
44   -0.186479     -0.856884    -0.200768      0.145513
45   -0.605501      0.0112263    0.246363     -0.284827
46    1.14711       0.303247     0.370569      0.194705
47   -0.516549     -0.334591     0.328642      0.255573
48    1.16451       0.302786     1.11441       0.77385
49   -0.346419     -0.712678    -1.11644      -1.1702
50    0.922122      0.216635     0.148719      0.835417
51   -0.491057      0.368774     0.301452      0.139511
52   -0.131184     -1.12299     -0.837292     -0.99194
53   -0.359555     -1.16319     -0.362805     -0.682534
54    0.240932      0.985381     1.17813       1.1597
55    0.796916      0.21606     -0.294361      0.236462
56    0.108211      0.130008     0.318038      0.998454
57    0.212724      0.498351     0.398822      1.1819
58    0.795704      0.967675     0.277771      0.064615
59    0.167459      0.911181    -0.00939792    0.142332
60    0.0953502    -0.0576589    0.018773      0.804037
61    0.391124      0.814323     0.201512     -0.274637
62   -0.224924     -0.714945    -1.13535      -1.16764
63   -1.15802      -0.757452    -0.773809     -0.101923
64    0.334815     -0.357953     0.540517      0.0930856
65    1.18142       0.988662     0.136643      0.798063
66    0.784932      0.172613     0.749359      1.16857
67    0.785628      1.15797      0.277176      0.967551
68    0.830905     -0.0161184   -0.163938      0.199758
69   -0.287784     -0.314549    -0.991966     -0.925185
70   -0.287395     -0.188927    -0.45458       0.463763

 [*,*,2]
:        1            2            3            4         :=
1     0.03384      0.697106     1.09117      0.467641
2     0.068383    -0.199216    -0.426127     0.520853
3    -1.08478     -0.888882    -0.070618    -0.314776
4     0.748019    -0.0909333    0.104955     0.696518
5     0.742193     0.178102     1.17396      1.13052
6    -0.0260754   -0.389506     0.0594125   -0.893777
7    -0.906061    -1.16424     -1.10055     -0.226177
8     1.06052      0.42941      0.236372     1.02029
9     1.14932      0.655127     0.267488     1.06444
10   -0.885572    -0.915863    -1.18247     -0.295797
11   -1.04128     -0.372242    -0.906156    -0.207966
12   -0.227549    -1.08569     -1.10756     -1.18227
13    0.543908    -0.0877058   -0.273952     0.0216742
14    1.07007      0.331235     1.12367      1.1739
15   -1.18249     -0.89395     -0.316794    -0.907493
16    0.0652511    0.182243    -0.230184     0.665213
17    1.0561       0.316456     1.13402      1.12951
18   -0.413368    -0.118684    -0.991764    -1.13651
19    0.23349      0.676938     0.285018     1.04984
20    0.699631     0.337776     1.1763       0.216214
21    0.670437     0.398023    -0.366232     0.256297
22   -0.970227    -1.02395     -0.393978    -0.165382
23    0.376211    -0.178984     0.29776     -0.454991
24   -0.488602    -0.306167    -1.18227     -0.771346
25    0.0907964    0.653867    -0.24415     -0.398304
26   -0.716879    -0.171134    -1.17113     -1.13671
27   -0.282873    -1.18076     -0.909827    -1.09413
28   -0.219595     0.506722    -0.0737524    0.656488
29   -0.907401    -0.388139     0.0523169   -0.233633
30    0.63007      1.0508       1.12773      0.347376
31   -0.19469     -0.0298773   -0.0451418    0.716409
32    1.15813      1.02029      0.236825     1.1318
33    0.531403    -0.359973     0.245267     0.093997
34   -1.08569     -1.18227     -0.827825    -0.314745
35   -0.739337    -0.364939    -0.211994     0.327857
36   -0.272853    -0.0472916    0.252765     0.788874
37   -0.170126     0.418364    -0.0703077    0.736434
38    0.963672     0.49286      1.17266      0.152158
39    0.688464     0.178119     0.558872    -0.205849
40    0.730428     0.558881     1.12607      0.166066
41   -0.250119    -0.427188     0.369318    -0.229813
42   -0.213353    -0.361558     0.232789     0.393699
43    1.10051      0.224139     0.295472     0.531405
44   -0.0882161    0.46698      0.944785     0.0568702
45   -0.541207    -1.18245     -0.311238    -1.13477
46    0.234405    -0.197537     0.895837     0.269277
47   -0.710121     0.256643    -0.306164    -0.0132415
48   -0.205476     0.078464    -0.395466    -0.894125
49    0.0625673   -0.943607    -0.233764    -0.170132
50    0.740267     0.127146     1.17311      0.836887
51    0.187991     0.866718    -0.226655     0.32279
52    0.152376     0.370396     0.47769     -0.513619
53   -0.294251    -0.212816    -0.0888055    0.717843
54    0.0652794    0.653703     0.101524    -0.231084
55    0.873627     0.135905     0.966825     1.15862
56    0.0358495   -0.229965    -1.03131     -0.417475
57    0.0238685    0.731139    -0.359775     0.037592
58   -0.870108     0.119858    -0.09363     -0.347872
59    0.0806737    0.550841     0.182629     1.12428
60   -0.255708    -0.457623     0.412992    -0.327989
61    0.199174     0.857428     0.141807     0.971594
62   -0.199748    -0.941891    -0.330587    -0.186877
63   -0.239374    -0.908057    -0.894161    -0.373792
64    1.13411      1.12702      1.00228      0.315472
65   -0.0505851   -0.184143    -0.0210576   -0.85842
66   -0.884412    -0.336035    -0.914748    -0.180965
67   -0.883794    -0.239589    -0.0927006    0.117675
68   -0.323951    -0.289806    -0.473614    -1.1655
69    0.0469768    1.1399       0.643666     0.736435
70   -1.09274     -0.327342    -0.0102436   -0.607438

 [*,*,3]
:         1            2             3             4         :=
1    -0.75481      -1.12684     -0.498156     -0.113969
2    -0.421571      0.431481    -0.136694     -0.00606104
3    -0.723063     -0.110438    -0.314516     -0.818072
4     0.097542     -0.066498    -0.384509     -0.794517
5     0.166919      0.487455     0.0443565     1.01541
6     0.955201      1.11744      0.314715      0.493414
7    -1.09546      -0.807072    -0.147313     -0.750392
8    -0.586703     -0.107859    -0.175081      0.33578
9    -0.595777     -0.834353    -1.12335      -1.66193
10   -0.548668     -1.64311     -0.880683     -1.20322
11   -0.188222     -0.376383    -1.09508      -0.762931
12    0.600115      0.121305     0.340881      1.11744
13    0.301563      1.03277     -0.0463422     0.539524
14    0.838383      0.709166     1.11744       0.0467419
15   -0.00619863   -0.336949     0.216595      0.729724
16   -1.41296      -0.43405     -0.98089      -0.89157
17   -0.639267     -1.11363     -0.844518     -1.68381
18   -1.83881      -1.43605     -1.03243      -1.83881
19   -1.63009      -0.869918    -1.10323      -1.80799
20   -1.27463      -1.12499     -1.80362      -1.83881
21   -0.864595     -0.900959    -0.89367      -1.76905
22    0.638844     -0.158805    -0.13821       0.520608
23   -0.20225       0.0129255    0.788298      0.124108
24    1.11744       1.11744      1.11744       0.323468
25    0.33623       0.0931434    0.696487     -0.183478
26   -0.16709      -0.31125     -0.758247      0.175175
27   -1.33155      -0.934189    -1.73963      -1.83881
28   -1.08941      -0.274718    -0.665157     -1.14075
29    0.773923      0.0971716    0.833194      0.137845
30   -1.21872      -0.576116    -1.6528       -1.13022
31   -0.985653     -0.408384    -0.103941     -0.81578
32   -0.044424      0.335782    -0.175787     -0.723661
33    1.11744       1.11744      1.11744       0.17791
34    0.121307      1.11744      1.11744       0.730664
35   -0.208975      0.0886027   -0.778612     -0.349823
36   -1.83881      -1.64966     -1.02606      -1.83881
37    1.11743       0.304183     1.11744       1.11744
38    0.363463      0.737431     0.00319996   -0.0962521
39    0.070819      0.456508     1.11744       0.66997
40    0.149501      1.11744      0.997845      0.482407
41   -1.11906      -0.0393268   -0.445715     -0.681009
42   -1.76122      -0.851741    -1.75358      -0.894292
43    0.939973      1.11744      0.252953      1.11744
44   -0.894555     -0.241085    -0.616878     -0.0767946
45   -0.975764     -0.883702    -1.34929      -1.83881
46   -1.62372      -1.83881     -1.83881      -1.08362
47    0.549635      0.909183     1.11744       0.205855
48    0.90916       0.32202     -0.16677       0.493049
49    0.858121      0.834675     0.137527      1.11744
50    0.166814     -0.27193      0.0464126    -0.738056
51   -1.83881      -1.83881     -1.83881      -1.04823
52   -0.170225     -0.44653      0.394223     -0.0455372
53   -0.732606     -1.26484     -1.64432      -0.999693
54   -1.41302      -0.912488    -1.83874      -0.979578
55   -0.720315     -0.269265    -0.740922     -0.0470584
56   -0.320048      0.533691    -0.189138     -0.107118
57    0.331193      1.11744      1.11744       0.841593
58   -1.58162      -1.83187     -1.00819      -1.83881
59   -0.303726      0.101314     0.567095      0.0283232
60   -1.43932      -0.384804    -0.575044     -0.760252
61   -1.14449      -0.711357    -0.272277     -0.74434
62   -1.22418      -1.12876     -0.629189     -1.71469
63    0.152443      0.774771    -0.320462      0.0784691
64   -0.844896     -1.69344     -1.83881      -1.11211
65   -0.135885     -0.999025    -0.404671     -0.156993
66   -0.507707     -1.23182     -1.60215      -0.905179
67   -1.56908      -0.95634     -1.00753      -1.83162
68   -0.771956     -1.29511     -0.338498     -0.773302
69    0.67265       0.603297     0.135032      1.11744
70   -1.82326      -1.04579     -1.83881      -1.83881
;

radius = 1.1825
height = 2.95625
softness = 0.2

---------------------------- Solution coords data ----------------------------
distances [*,1,*]
:    1   2   3   4    :=
1    0   1   0   1
2    0   1   0   1
3    0   1   0   1
4    0   1   0   1
5    0   1   0   1
6    0   1   0   1
7    0   1   0   1
8    0   1   0   1
9    0   1   0   1
10   0   1   0   1
11   0   1   0   1
12   0   1   0   1
13   0   1   0   1
14   0   1   0   1
15   0   1   0   1
16   0   1   0   1
17   0   1   0   1
18   0   1   0   1
19   0   1   0   1
20   0   1   0   1
21   0   1   0   1
22   0   1   0   1
23   0   1   0   1
24   0   1   0   1
25   0   1   0   1
26   0   1   0   1
27   0   1   0   1
28   0   1   0   1
29   0   1   0   1
30   0   1   0   1
31   0   1   0   1
32   0   1   0   1
33   0   1   0   1
34   0   1   0   1
35   0   1   0   1
36   0   1   0   1
37   0   1   0   1
38   0   1   0   1
39   0   1   0   1
40   0   1   0   1
41   0   1   0   1
42   0   1   0   1
43   0   1   0   1
44   0   1   0   1
45   0   1   0   1
46   0   1   0   1
47   0   1   0   1
48   0   1   0   1
49   0   1   0   1
50   0   1   0   1
51   0   1   0   1
52   0   1   0   1
53   0   1   0   1
54   0   1   0   1
55   0   1   0   1
56   0   1   0   1
57   0   1   0   1
58   0   1   0   1
59   0   1   0   1
60   0   1   0   1
61   0   1   0   1
62   0   1   0   1
63   0   1   0   1
64   0   1   0   1
65   0   1   0   1
66   0   1   0   1
67   0   1   0   1
68   0   1   0   1
69   0   1   0   1
70   0   1   0   1

 [*,2,*]
:    1   2   3   4    :=
1    0   0   1   1
2    0   0   1   1
3    0   0   1   1
4    0   0   1   1
5    0   0   1   1
6    0   0   1   1
7    0   0   1   1
8    0   0   1   1
9    0   0   1   1
10   0   0   1   1
11   0   0   1   1
12   0   0   1   1
13   0   0   1   1
14   0   0   1   1
15   0   0   1   1
16   0   0   1   1
17   0   0   1   1
18   0   0   1   1
19   0   0   1   1
20   0   0   1   1
21   0   0   1   1
22   0   0   1   1
23   0   0   1   1
24   0   0   1   1
25   0   0   1   1
26   0   0   1   1
27   0   0   1   1
28   0   0   1   1
29   0   0   1   1
30   0   0   1   1
31   0   0   1   1
32   0   0   1   1
33   0   0   1   1
34   0   0   1   1
35   0   0   1   1
36   0   0   1   1
37   0   0   1   1
38   0   0   1   1
39   0   0   1   1
40   0   0   1   1
41   0   0   1   1
42   0   0   1   1
43   0   0   1   1
44   0   0   1   1
45   0   0   1   1
46   0   0   1   1
47   0   0   1   1
48   0   0   1   1
49   0   0   1   1
50   0   0   1   1
51   0   0   1   1
52   0   0   1   1
53   0   0   1   1
54   0   0   1   1
55   0   0   1   1
56   0   0   1   1
57   0   0   1   1
58   0   0   1   1
59   0   0   1   1
60   0   0   1   1
61   0   0   1   1
62   0   0   1   1
63   0   0   1   1
64   0   0   1   1
65   0   0   1   1
66   0   0   1   1
67   0   0   1   1
68   0   0   1   1
69   0   0   1   1
70   0   0   1   1

 [*,3,*]
:    1   2   3   4    :=
1    1   0   0   1
2    1   0   0   1
3    1   0   0   1
4    1   0   0   1
5    1   0   0   1
6    1   0   0   1
7    1   0   0   1
8    1   0   0   1
9    1   0   0   1
10   1   0   0   1
11   1   0   0   1
12   1   0   0   1
13   1   0   0   1
14   1   0   0   1
15   1   0   0   1
16   1   0   0   1
17   1   0   0   1
18   1   0   0   1
19   1   0   0   1
20   1   0   0   1
21   1   0   0   1
22   1   0   0   1
23   1   0   0   1
24   1   0   0   1
25   1   0   0   1
26   1   0   0   1
27   1   0   0   1
28   1   0   0   1
29   1   0   0   1
30   1   0   0   1
31   1   0   0   1
32   1   0   0   1
33   1   0   0   1
34   1   0   0   1
35   1   0   0   1
36   1   0   0   1
37   1   0   0   1
38   1   0   0   1
39   1   0   0   1
40   1   0   0   1
41   1   0   0   1
42   1   0   0   1
43   1   0   0   1
44   1   0   0   1
45   1   0   0   1
46   1   0   0   1
47   1   0   0   1
48   1   0   0   1
49   1   0   0   1
50   1   0   0   1
51   1   0   0   1
52   1   0   0   1
53   1   0   0   1
54   1   0   0   1
55   1   0   0   1
56   1   0   0   1
57   1   0   0   1
58   1   0   0   1
59   1   0   0   1
60   1   0   0   1
61   1   0   0   1
62   1   0   0   1
63   1   0   0   1
64   1   0   0   1
65   1   0   0   1
66   1   0   0   1
67   1   0   0   1
68   1   0   0   1
69   1   0   0   1
70   1   0   0   1

 [*,4,*]
:    1   2   3   4    :=
1    1   1   1   0
2    1   1   1   0
3    1   1   1   0
4    1   1   1   0
5    1   1   1   0
6    1   1   1   0
7    1   1   1   0
8    1   1   1   0
9    1   1   1   0
10   1   1   1   0
11   1   1   1   0
12   1   1   1   0
13   1   1   1   0
14   1   1   1   0
15   1   1   1   0
16   1   1   1   0
17   1   1   1   0
18   1   1   1   0
19   1   1   1   0
20   1   1   1   0
21   1   1   1   0
22   1   1   1   0
23   1   1   1   0
24   1   1   1   0
25   1   1   1   0
26   1   1   1   0
27   1   1   1   0
28   1   1   1   0
29   1   1   1   0
30   1   1   1   0
31   1   1   1   0
32   1   1   1   0
33   1   1   1   0
34   1   1   1   0
35   1   1   1   0
36   1   1   1   0
37   1   1   1   0
38   1   1   1   0
39   1   1   1   0
40   1   1   1   0
41   1   1   1   0
42   1   1   1   0
43   1   1   1   0
44   1   1   1   0
45   1   1   1   0
46   1   1   1   0
47   1   1   1   0
48   1   1   1   0
49   1   1   1   0
50   1   1   1   0
51   1   1   1   0
52   1   1   1   0
53   1   1   1   0
54   1   1   1   0
55   1   1   1   0
56   1   1   1   0
57   1   1   1   0
58   1   1   1   0
59   1   1   1   0
60   1   1   1   0
61   1   1   1   0
62   1   1   1   0
63   1   1   1   0
64   1   1   1   0
65   1   1   1   0
66   1   1   1   0
67   1   1   1   0
68   1   1   1   0
69   1   1   1   0
70   1   1   1   0
;

---------------------------- Solution stats data ----------------------------
_ampl_time = 0.350189
_total_solve_time = 62462.6
_ampl_elapsed_time = 0.343284
_ampl_user_time = 0.309642

Total time elapsed: $62462.63.
_total_solve_time = 62462.6

---------------------------- Solution miscs data ----------------------------
tetrahedron_volume [*] :=
 1 0.117851   15 0.117851   29 0.117851   43 0.117851   57 0.117851
 2 0.117851   16 0.117851   30 0.117851   44 0.117851   58 0.117851
 3 0.117851   17 0.117851   31 0.117851   45 0.117851   59 0.117851
 4 0.117851   18 0.117851   32 0.117851   46 0.117851   60 0.117851
 5 0.117851   19 0.117851   33 0.117851   47 0.117851   61 0.117851
 6 0.117851   20 0.117851   34 0.117851   48 0.117851   62 0.117851
 7 0.117851   21 0.117851   35 0.117851   49 0.117851   63 0.117851
 8 0.117851   22 0.117851   36 0.117851   50 0.117851   64 0.117851
 9 0.117851   23 0.117851   37 0.117851   51 0.117851   65 0.117851
10 0.117851   24 0.117851   38 0.117851   52 0.117851   66 0.117851
11 0.117851   25 0.117851   39 0.117851   53 0.117851   67 0.117851
12 0.117851   26 0.117851   40 0.117851   54 0.117851   68 0.117851
13 0.117851   27 0.117851   41 0.117851   55 0.117851   69 0.117851
14 0.117851   28 0.117851   42 0.117851   56 0.117851   70 0.117851
;

---------------------------- Solution miscs data ----------------------------
tetrahedron_surface_area [*] :=
 1 0    8 0   15 0   22 0   29 0   36 0   43 0   50 0   57 0   64 0
 2 0    9 0   16 0   23 0   30 0   37 0   44 0   51 0   58 0   65 0
 3 0   10 0   17 0   24 0   31 0   38 0   45 0   52 0   59 0   66 0
 4 0   11 0   18 0   25 0   32 0   39 0   46 0   53 0   60 0   67 0
 5 0   12 0   19 0   26 0   33 0   40 0   47 0   54 0   61 0   68 0
 6 0   13 0   20 0   27 0   34 0   41 0   48 0   55 0   62 0   69 0
 7 0   14 0   21 0   28 0   35 0   42 0   49 0   56 0   63 0   70 0
;

