Error at _cmdno 5 executing "solve" command
(file amplin, line 1977, offset 37900):
error processing param distances:
	4000 invalid subscripts discarded:
	distances[51,1,1]
	distances[51,1,2]
	distances[51,1,3]
	and 3997 more.
##### This license is only intended for use by NEOS. #####
##### License is valid until Jan 16, 2026 #####
riables.
Adjusted problem:
6726 variables:
	4275 nonlinear variables
	2451 linear variables
14100 constraints; 81325 nonzeros
	11675 nonlinear constraints
	2425 linear constraints
	1275 equality constraints
	12825 inequality constraints
1 linear objective; 1 nonzero.

Artelys Knitro 14.2.0: threads=4
algorithm=1
ms_enable=1
ms_maxsolves=10
feastol=1e-5
opttol=1e-5
honorbnds=1
bar_initpt=3
bar_murule=4
scale=1
outlev=2
maxtime_real=1200
WARNING:  Option 'threads' is deprecated, please use 'numthreads'.

=======================================
           Academic License
       (NOT FOR COMMERCIAL USE)
         Artelys Knitro 14.2.0
=======================================

No start point provided -- Knitro computing one.

Knitro presolve eliminated 0 variables and 0 constraints.

algorithm                1
bar_initpt               3
bar_murule               4
concurrent_evals         0
datacheck                0
feastol                  1e-05
findiff_numthreads       1
hessian_no_f             1
hessopt                  1
honorbnds                1
maxtime_real             1200
ms_enable                1
ms_maxsolves             10
numthreads               4
opttol                   1e-05

Problem Characteristics                                 (   Presolved)
-----------------------
Objective goal:  Minimize
Objective type:  linear
Number of variables:                               6726 (        6726)
    bounded below only:                             601 (         601)
    bounded above only:                               0 (           0)
    bounded below and above:                          0 (           0)
    fixed:                                            0 (           0)
    free:                                          6125 (        6125)
Number of constraints:                            14100 (       14100)
    linear equalities:                                0 (           0)
    quadratic equalities:                          1225 (        1225)
    gen. nonlinear equalities:                       50 (          50)
    linear one-sided inequalities:                 2425 (        2425)
    quadratic one-sided inequalities:             10400 (       10400)
    gen. nonlinear one-sided inequalities:            0 (           0)
    linear two-sided inequalities:                    0 (           0)
    quadratic two-sided inequalities:                 0 (           0)
    gen. nonlinear two-sided inequalities:            0 (           0)
Number of nonzeros in Jacobian:                   81325 (       81325)
Number of nonzeros in Hessian:                    36975 (       36975)

Knitro parallel multistart will run with 4 threads.

Return codes description
------------------------
  0:  The final solution satisfies the termination conditions for verifying optimality.
  -100 to -199:  A feasible approximate solution was found.
  -200 to -299:  Knitro terminated at an infeasible point.
  -300 to -301:  The problem was determined to be unbounded.
  -400 to -499:  Knitro terminated because it reached a pre-defined limit.
    -400 to -409:  A feasible point was found.
    -410 to -419:  No feasible point was found.
  -500 to -599:  Knitro terminated with an input error or some non-standard error.
A more detailed description of individual return codes and their corresponding
termination messages is provided at
https://www.artelys.com/app/docs/knitro/3_referenceManual/returnCodes.html

 Solve #  ThreadID  Status     Objective      FeasError    OptError    Real Time 
--------  --------  ------  --------------   ----------   ----------  ----------
      2          2    -202         2269.17      48186.0     0.999745      198.740
      0          0       0         1.71475  7.46028e-05  2.23361e-06      1181.34
      9          0    -410         1055.57      3.89663     0.999420      3115.36
      4          2    -410         668.590  1.61729e-02      1.27491      3550.87
      7          2    -410         672.996  2.28462e-02  5.83527e-02      3237.70
      1          1    -410         268.647     0.565009     0.926424      3392.95
      5          0    -410         1000.58  5.89947e-02     0.677887      3567.39
      8          3    -410         664.163  1.95212e-02  8.46038e-02      3179.10
      3          3    -410         2421.04     0.532652      5.09729      3859.11
      6          1    -410         24481.8  3.23393e-02     0.170214      3599.29

MULTISTART: Best locally optimal solution is returned.
EXIT: Locally optimal solution found.

Final Statistics
----------------
Final objective value               =   1.71475109196006e+00
Final feasibility error (abs / rel) =   7.46e-05 / 4.08e-06
Final optimality error  (abs / rel) =   2.23e-06 / 2.23e-06
# of iterations                     =      84821 
# of CG iterations                  =          0 
# of function evaluations           =     116021
# of gradient evaluations           =      85131
# of Hessian evaluations            =      84894
Total program time (secs)           =    7865.65967 ( 24993.926 CPU time)

===============================================================================

Knitro 14.2.0: Locally optimal or satisfactory solution.
objective 1.714751092; feasibility error 7.46e-05
84821 iterations; 116021 function evaluations

suffix feaserror OUT;
suffix opterror OUT;
suffix numfcevals OUT;
suffix numiters OUT;
---------------------------- Container and geometric considerations  ----------------------------
Container type: cube
Structural conservation type: surface
---------------------------- Solution execution data ----------------------------
solve_result_num = 0
solve_result = solved

---------------------------- Solution data ----------------------------
card(figures) = 50

coords [*,*,1]
:       1         2         3         4       :=
1    19.9962   20.8574   20.3189   20.361
2    19.766    19.2009   19.9622   19.5689
3    19.1945   20.3122   19.473    19.4039
4    20.1425   19.1617   19.3075   19.1426
5    19.6851   20.0553   19.3243   19.9344
6    20.8384   19.9826   20.8574   20.8574
7    20.0754   19.1426   19.3135   20.1431
8    20.8574   20.6871   20.8574   19.7179
9    19.6453   20.8574   20.5408   20.8574
10   19.7579   19.3027   20.1955   20.54
11   20.7695   20.8394   20.2371   19.7387
12   19.3457   19.2914   19.3359   20.1786
13   19.9571   20.2796   19.764    19.5747
14   20.8081   20.7442   20.1632   19.6707
15   19.1426   19.1699   19.8025   19.4655
16   19.9508   20.5302   20.8379   20.8574
17   19.4869   19.8487   19.1426   19.4603
18   19.8441   20.6149   19.4223   19.9877
19   20.8129   20.5093   20.8462   19.588
20   19.64     19.3573   20.3563   20.5167
21   20.2323   20.6185   19.4688   19.604
22   19.1426   19.498    19.1426   19.1426
23   20.7844   19.915    20.2142   19.8524
24   20.4468   20.8574   20.8574   20.8574
25   20.8574   20.0041   20.8572   20.8574
26   19.6201   19.1528   19.7494   20.2683
27   19.1426   19.1426   19.7192   20.2716
28   20.8574   19.6979   20.7565   20.8574
29   19.7518   20.8574   19.948    19.6631
30   20.8574   19.6666   20.7417   20.76
31   19.1426   19.1426   19.5169   19.1426
32   20.8374   20.6245   19.7035   20.8574
33   19.796    20.5741   20.6497   19.6776
34   19.7192   20.0235   20.8574   20.8574
35   19.5002   20.045    19.1426   19.1713
36   19.1426   20.045    19.851    19.4255
37   19.1595   19.1426   20.0531   19.1426
38   20.2687   20.6592   19.4704   20.741
39   20.3099   20.569    19.9099   19.9642
40   19.1426   19.1426   19.8263   19.1426
41   19.3822   20.3669   19.1426   19.7467
42   19.5269   20.2812   20.6228   20.8019
43   19.9826   20.8574   20.8574   20.3076
44   20.1731   20.7206   19.4515   20.6523
45   19.1426   19.1426   19.6908   19.1426
46   19.9599   19.7403   20.7738   20.1521
47   19.8442   20.6283   20.6648   20.8574
48   19.5627   20.7008   20.5839   20.8443
49   19.6626   20.8574   20.6379   20.8375
50   19.654    20.0903   20.0125   20.468

 [*,*,2]
:       1         2         3         4       :=
1    19.9752   20.7935   20.0443   20.8574
2    20.5913   20.0925   20.8261   19.6053
3    19.2044   19.8295   19.1426   19.1426
4    20.22     19.4862   20.0649   20.2665
5    20.6255   20.3659   19.3976   19.9771
6    20.2661   19.9194   20.0532   20.8574
7    20.7965   20.2665   20.0576   20.22
8    20.8574   19.9732   20.8574   20.8163
9    19.8789   19.6177   20.7978   20.2981
10   19.2881   19.222    19.7955   19.1636
11   19.9064   20.2664   19.8029   19.7497
12   19.3938   19.4014   19.1426   20.1024
13   20.8574   20.5709   20.739    19.6376
14   20.8558   20.1658   19.8596   20.8574
15   20.2665   19.7944   20.8574   20.6457
16   19.4605   19.7599   20.2653   19.9578
17   19.5755   20.5117   19.8331   20.5935
18   19.1426   19.5981   19.1426   19.6633
19   20.2809   19.1747   19.6496   19.8972
20   19.9494   19.3469   20.1      19.1772
21   19.764    19.1534   19.1426   19.2451
22   20.2665   20.7738   20.8574   19.7184
23   20.8574   20.2077   20.8574   20.8574
24   19.2023   19.5998   19.1426   20.3122
25   20.8574   19.8981   20.6937   19.9557
26   19.8317   19.1603   19.5366   19.7827
27   19.6759   20.2665   19.1426   20.214
28   19.1426   19.1426   19.1426   19.4252
29   19.7      20.1961   20.7889   20.0043
30   19.6439   19.2315   19.7411   19.1828
31   20.8574   19.7185   20.7609   20.8367
32   19.9387   19.7855   19.3357   19.6328
33   19.8124   19.9935   19.5843   19.3924
34   19.1426   19.2637   19.1426   19.7342
35   20.7428   20.8574   20.2665   20.8574
36   20.2665   20.8574   20.8574   20.159
37   19.1426   19.6444   20.0654   20.0944
38   20.3371   19.7742   19.3308   19.1426
39   20.8574   20.8372   20.1552   19.9591
40   19.7182   20.1017   20.6936   20.8364
41   20.8574   20.8574   20.8574   20.6462
42   19.198    19.6575   19.6937   19.2155
43   19.9194   20.8574   20.0532   20.6387
44   19.7453   19.1426   19.3402   19.5908
45   19.1426   19.1426   20.0962   19.847
46   20.8574   20.645    20.8574   19.8425
47   20.0707   20.8574   19.7314   20.8574
48   19.1426   19.1426   19.6782   19.2273
49   19.9177   20.1504   20.7534   19.5426
50   19.7092   19.6714   20.0146   20.6966

 [*,*,3]
:       1         2         3         4       :=
1    20.805    20.3163   19.7804   20.774
2    19.1426   19.1426   19.8722   19.9419
3    20.1448   20.2436   19.5552   20.8378
4    20.8574   20.4708   19.9243   20.8574
5    19.6416   20.1733   19.7515   20.722
6    20.8574   20.786    19.8549   20.8566
7    20.6138   20.8574   19.8902   20.8574
8    19.1426   19.1426   19.7342   19.1426
9    19.6533   19.3178   19.7143   19.7244
10   19.1426   19.5147   20.2386   19.1746
11   19.6929   20.8574   20.8574   20.4432
12   19.2284   20.5118   19.7659   19.9023
13   20.4525   20.8574   19.6929   20.3262
14   19.7088   19.2815   19.2171   19.1426
15   20.8574   19.765    20.1111   19.6733
16   20.3932   20.8574   20.8574   19.6311
17   19.9919   20.4167   19.5855   19.209
18   19.6919   20.613    20.7552   20.8574
19   19.7207   19.1426   19.5951   19.6712
20   19.677    19.1426   19.4338   19.1431
21   20.1816   19.1426   19.3564   19.9251
22   20.8574   19.7321   20.3688   19.7748
23   19.6975   19.7816   20.8486   19.9696
24   20.4357   19.7885   20.8574   20.8574
25   20.5426   20.5011   19.9633   19.6277
26   20.7011   20.6594   19.6457   20.7947
27   20.5645   20.8574   20.8574   20.8574
28   19.5074   20.0603   20.788    20.1968
29   19.2082   19.2753   19.8608   19.7077
30   19.6177   19.8667   20.3509   19.1942
31   20.3688   19.7747   19.6405   19.1426
32   20.0664   20.8143   20.0402   19.5604
33   20.4484   19.9367   19.5161   19.2402
34   20.8574   20.001    20.8574   20.8574
35   19.7193   20.8574   20.8574   20.8574
36   20.8574   20.8574   19.9635   19.975
37   19.1426   19.8989   19.1426   19.1426
38   19.1426   19.3429   19.1428   19.1426
39   20.6555   20.0806   19.657    20.7968
40   19.7749   19.1426   20.0549   19.1426
41   20.3561   19.5313   19.1426   19.1426
42   19.8667   20.7995   20.3178   19.7116
43   20.786    20.8566   19.8549   20.8574
44   20.1361   19.1426   19.1537   19.5347
45   20.8574   19.5772   20.2407   20.0287
46   19.9019   19.1426   19.692    19.2087
47   19.6868   20.2993   19.6867   19.7538
48   19.7383   19.1426   20.3043   19.7202
49   19.6603   19.2501   19.6809   19.3013
50   20.286    19.5682   20.8036   20.1741
;

side = 1.71475
softness = 0.65

---------------------------- Solution coords data ----------------------------
distances [*,1,*]
:    1   2   3   4    :=
1    0   1   0   1
2    0   1   0   1
3    0   1   0   1
4    0   1   0   1
5    0   1   0   1
6    0   1   0   1
7    0   1   0   1
8    0   1   0   1
9    0   1   0   1
10   0   1   0   1
11   0   1   0   1
12   0   1   0   1
13   0   1   0   1
14   0   1   0   1
15   0   1   0   1
16   0   1   0   1
17   0   1   0   1
18   0   1   0   1
19   0   1   0   1
20   0   1   0   1
21   0   1   0   1
22   0   1   0   1
23   0   1   0   1
24   0   1   0   1
25   0   1   0   1
26   0   1   0   1
27   0   1   0   1
28   0   1   0   1
29   0   1   0   1
30   0   1   0   1
31   0   1   0   1
32   0   1   0   1
33   0   1   0   1
34   0   1   0   1
35   0   1   0   1
36   0   1   0   1
37   0   1   0   1
38   0   1   0   1
39   0   1   0   1
40   0   1   0   1
41   0   1   0   1
42   0   1   0   1
43   0   1   0   1
44   0   1   0   1
45   0   1   0   1
46   0   1   0   1
47   0   1   0   1
48   0   1   0   1
49   0   1   0   1
50   0   1   0   1

 [*,2,*]
:    1   2   3   4    :=
1    0   0   1   1
2    0   0   1   1
3    0   0   1   1
4    0   0   1   1
5    0   0   1   1
6    0   0   1   1
7    0   0   1   1
8    0   0   1   1
9    0   0   1   1
10   0   0   1   1
11   0   0   1   1
12   0   0   1   1
13   0   0   1   1
14   0   0   1   1
15   0   0   1   1
16   0   0   1   1
17   0   0   1   1
18   0   0   1   1
19   0   0   1   1
20   0   0   1   1
21   0   0   1   1
22   0   0   1   1
23   0   0   1   1
24   0   0   1   1
25   0   0   1   1
26   0   0   1   1
27   0   0   1   1
28   0   0   1   1
29   0   0   1   1
30   0   0   1   1
31   0   0   1   1
32   0   0   1   1
33   0   0   1   1
34   0   0   1   1
35   0   0   1   1
36   0   0   1   1
37   0   0   1   1
38   0   0   1   1
39   0   0   1   1
40   0   0   1   1
41   0   0   1   1
42   0   0   1   1
43   0   0   1   1
44   0   0   1   1
45   0   0   1   1
46   0   0   1   1
47   0   0   1   1
48   0   0   1   1
49   0   0   1   1
50   0   0   1   1

 [*,3,*]
:    1   2   3   4    :=
1    1   0   0   1
2    1   0   0   1
3    1   0   0   1
4    1   0   0   1
5    1   0   0   1
6    1   0   0   1
7    1   0   0   1
8    1   0   0   1
9    1   0   0   1
10   1   0   0   1
11   1   0   0   1
12   1   0   0   1
13   1   0   0   1
14   1   0   0   1
15   1   0   0   1
16   1   0   0   1
17   1   0   0   1
18   1   0   0   1
19   1   0   0   1
20   1   0   0   1
21   1   0   0   1
22   1   0   0   1
23   1   0   0   1
24   1   0   0   1
25   1   0   0   1
26   1   0   0   1
27   1   0   0   1
28   1   0   0   1
29   1   0   0   1
30   1   0   0   1
31   1   0   0   1
32   1   0   0   1
33   1   0   0   1
34   1   0   0   1
35   1   0   0   1
36   1   0   0   1
37   1   0   0   1
38   1   0   0   1
39   1   0   0   1
40   1   0   0   1
41   1   0   0   1
42   1   0   0   1
43   1   0   0   1
44   1   0   0   1
45   1   0   0   1
46   1   0   0   1
47   1   0   0   1
48   1   0   0   1
49   1   0   0   1
50   1   0   0   1

 [*,4,*]
:    1   2   3   4    :=
1    1   1   1   0
2    1   1   1   0
3    1   1   1   0
4    1   1   1   0
5    1   1   1   0
6    1   1   1   0
7    1   1   1   0
8    1   1   1   0
9    1   1   1   0
10   1   1   1   0
11   1   1   1   0
12   1   1   1   0
13   1   1   1   0
14   1   1   1   0
15   1   1   1   0
16   1   1   1   0
17   1   1   1   0
18   1   1   1   0
19   1   1   1   0
20   1   1   1   0
21   1   1   1   0
22   1   1   1   0
23   1   1   1   0
24   1   1   1   0
25   1   1   1   0
26   1   1   1   0
27   1   1   1   0
28   1   1   1   0
29   1   1   1   0
30   1   1   1   0
31   1   1   1   0
32   1   1   1   0
33   1   1   1   0
34   1   1   1   0
35   1   1   1   0
36   1   1   1   0
37   1   1   1   0
38   1   1   1   0
39   1   1   1   0
40   1   1   1   0
41   1   1   1   0
42   1   1   1   0
43   1   1   1   0
44   1   1   1   0
45   1   1   1   0
46   1   1   1   0
47   1   1   1   0
48   1   1   1   0
49   1   1   1   0
50   1   1   1   0
;

---------------------------- Solution stats data ----------------------------
_ampl_time = 0.138697
_total_solve_time = 24994.3
_ampl_elapsed_time = 0.13298
_ampl_user_time = 0.117944

Total time elapsed: $24994.34.
_total_solve_time = 24994.3

---------------------------- Solution miscs data ----------------------------
tetrahedron_volume [*] :=
 1 0    6 0   11 0   16 0   21 0   26 0   31 0   36 0   41 0   46 0
 2 0    7 0   12 0   17 0   22 0   27 0   32 0   37 0   42 0   47 0
 3 0    8 0   13 0   18 0   23 0   28 0   33 0   38 0   43 0   48 0
 4 0    9 0   14 0   19 0   24 0   29 0   34 0   39 0   44 0   49 0
 5 0   10 0   15 0   20 0   25 0   30 0   35 0   40 0   45 0   50 0
;

---------------------------- Solution miscs data ----------------------------
tetrahedron_surface_area [*] :=
 1 1.73205   10 1.73205   19 1.73205   28 1.73205   37 1.73205   46 1.73205
 2 1.73205   11 1.73205   20 1.73205   29 1.73205   38 1.73205   47 1.73205
 3 1.73205   12 1.73205   21 1.73205   30 1.73205   39 1.73205   48 1.73205
 4 1.73205   13 1.73205   22 1.73205   31 1.73205   40 1.73205   49 1.73205
 5 1.73205   14 1.73205   23 1.73205   32 1.73205   41 1.73205   50 1.73205
 6 1.73205   15 1.73205   24 1.73205   33 1.73205   42 1.73205
 7 1.73205   16 1.73205   25 1.73205   34 1.73205   43 1.73205
 8 1.73205   17 1.73205   26 1.73205   35 1.73205   44 1.73205
 9 1.73205   18 1.73205   27 1.73205   36 1.73205   45 1.73205
;

