Error at _cmdno 5 executing "solve" command
(file amplin, line 1971, offset 37608):
error processing param distances:
	3200 invalid subscripts discarded:
	distances[101,1,1]
	distances[101,1,2]
	distances[101,1,3]
	and 3197 more.
##### This license is only intended for use by NEOS. #####
##### License is valid until Jan 16, 2026 #####
iables.
Adjusted problem:
25951 variables:
	16050 nonlinear variables
	9901 linear variables
53200 constraints; 315150 nonzeros
	45850 nonlinear constraints
	7350 linear constraints
	5050 equality constraints
	48150 inequality constraints
1 linear objective; 1 nonzero.

Artelys Knitro 14.2.0: algorithm=1
ms_enable=1
ms_maxsolves=50
ms_terminate=1
ms_savetol=0.01
feastol=1e-5
opttol=1e-5
bar_initpt=3
bar_murule=6
bar_penaltyrule=2
linsolver=0
scale=3
honorbnds=1
outlev=3
maxtime_real=28800
numthreads=4
presolve=1
bar_refinement=1
debug=0

=======================================
           Academic License
       (NOT FOR COMMERCIAL USE)
         Artelys Knitro 14.2.0
=======================================

No start point provided -- Knitro computing one.

Knitro presolve eliminated 0 variables and 0 constraints.

algorithm                1
bar_initpt               3
bar_murule               6
bar_penaltyrule          2
bar_refinement           1
concurrent_evals         0
datacheck                0
feastol                  1e-05
findiff_numthreads       1
hessian_no_f             1
hessopt                  1
honorbnds                1
maxtime_real             28800
ms_enable                1
ms_maxsolves             50
ms_savetol               0.01
ms_terminate             1
numthreads               4
opttol                   1e-05
outlev                   3
scale                    3

Problem Characteristics                                 (   Presolved)
-----------------------
Objective goal:  Minimize
Objective type:  linear
Number of variables:                              25951 (       25951)
    bounded below only:                            1201 (        1201)
    bounded above only:                               0 (           0)
    bounded below and above:                          0 (           0)
    fixed:                                            0 (           0)
    free:                                         24750 (       24750)
Number of constraints:                            53200 (       53200)
    linear equalities:                                0 (           0)
    quadratic equalities:                          4950 (        4950)
    gen. nonlinear equalities:                      100 (         100)
    linear one-sided inequalities:                 7350 (        7350)
    quadratic one-sided inequalities:             40800 (       40800)
    gen. nonlinear one-sided inequalities:            0 (           0)
    linear two-sided inequalities:                    0 (           0)
    quadratic two-sided inequalities:                 0 (           0)
    gen. nonlinear two-sided inequalities:            0 (           0)
Number of nonzeros in Jacobian:                  315150 (      315150)
Number of nonzeros in Hessian:                   141450 (      141450)

Knitro parallel multistart will run with 4 threads.

Return codes description
------------------------
  0:  The final solution satisfies the termination conditions for verifying optimality.
  -100 to -199:  A feasible approximate solution was found.
  -200 to -299:  Knitro terminated at an infeasible point.
  -300 to -301:  The problem was determined to be unbounded.
  -400 to -499:  Knitro terminated because it reached a pre-defined limit.
    -400 to -409:  A feasible point was found.
    -410 to -419:  No feasible point was found.
  -500 to -599:  Knitro terminated with an input error or some non-standard error.
A more detailed description of individual return codes and their corresponding
termination messages is provided at
https://www.artelys.com/app/docs/knitro/3_referenceManual/returnCodes.html

 Solve #  ThreadID  Status     Objective      FeasError    OptError    Real Time 
--------  --------  ------  --------------   ----------   ----------  ----------
      0          0       0         2.49003  1.31049e-04  7.20823e-06      354.141
     15          3    -410         2619.36  6.15224e-02      1.25494      4457.50
     14          0    -410         15452.6      162951.      19.1017      4472.68
     13          1    -410         2769.46     0.192906      2.29740      4115.76
      2          1    -410         3921.46      522023.      192.129      5388.59
      6          2    -410         5377.59      489322.      297.882      5575.05
      9          3    -410         7626.14      520071.      26.6465      5691.48
      5          3    -410         16206.9      24.2284      3.46880      4706.72
      7          1    -410         4454.07      80.0697      1.00000      4583.74

MULTISTART: Best locally optimal solution is returned.
EXIT: Locally optimal solution found.

Final Statistics
----------------
Final objective value               =   2.49003178397159e+00
Final feasibility error (abs / rel) =   1.31e-04 / 7.22e-06
Final optimality error  (abs / rel) =   7.21e-06 / 7.21e-06
# of iterations                     =      80931 
# of CG iterations                  =          0 
# of function evaluations           =      86497
# of gradient evaluations           =      81108
# of Hessian evaluations            =      80970
Total program time (secs)           =   19575.32422 ( 73092.125 CPU time)

===============================================================================

Knitro 14.2.0: Locally optimal or satisfactory solution.
objective 2.490031784; feasibility error 0.000131
80931 iterations; 86497 function evaluations

suffix feaserror OUT;
suffix opterror OUT;
suffix numfcevals OUT;
suffix numiters OUT;
---------------------------- Container and geometric considerations  ----------------------------
Container type: cube
Structural conservation type: volume
---------------------------- Solution execution data ----------------------------
solve_result_num = 0
solve_result = solved

---------------------------- Solution data ----------------------------
card(figures) = 100

coords [*,*,1]
:        1         2         3         4       :=
1     20.4522   20.3828   19.9807   21.245
2     21.1737   20.7613   20.1394   20.345
3     19.5941   19.899    20.1768   20.1159
4     19.8631   18.9926   18.98     19.655
5     19.3973   20.0023   19.7525   19.7473
6     19.1273   19.5638   19.5274   20.1004
7     19.6296   20.663    20.4344   20.3741
8     20.1402   20.1173   20.7453   19.8024
9     21.245    21.245    20.2756   21.245
10    18.755    18.7585   19.7228   19.5262
11    18.755    18.7551   19.3675   18.755
12    19.9463   19.4792   18.7827   19.8307
13    19.6573   19.6312   19.7864   20.3351
14    21.245    20.2654   21.0389   21.245
15    19.1306   19.3913   20.1004   18.8583
16    20.1395   21.245    20.2558   21.1706
17    20.4252   19.8624   19.807    19.7212
18    20.461    19.9804   19.8632   21.1224
19    21.245    20.3067   21.245    21.2448
20    18.755    19.6198   19.8193   18.92
21    19.402    19.6623   18.9998   18.7551
22    19.6574   19.6312   19.7863   19.0818
23    20.6025   21.245    20.8805   20.1224
24    20.1163   19.8992   20.677    20.1773
25    20.4851   20.4094   21.245    21.2449
26    21.245    21.2411   20.5853   21.245
27    18.755    18.755    19.3999   19.3889
28    20.0197   19.8051   20.7558   20.554
29    21.245    20.4713   21.2449   20.6215
30    20.1358   20.6749   20.5719   21.245
31    19.6465   19.1265   20.1941   19.5715
32    18.7627   18.755    18.755    19.5266
33    19.5133   20.5407   19.8444   20.1005
34    21.245    20.2933   21.245    21.2449
35    19.6734   19.7942   20.2965   20.3352
36    19.8633   19.0522   19.8134   19.7324
37    19.3337   18.755    18.755    19.5234
38    20.2246   21.1847   20.345    21.245
39    19.6535   20.2486   20.7454   20.2572
40    18.7907   20.0504   19.4686   19.5289
41    18.755    19.7598   19.2189   18.755
42    20.3118   20.5829   21.245    20.7656
43    20.401    20.7787   20.2393   20.003
44    19.2883   18.755    18.8988   19.8865
45    21.245    19.9811   20.5835   20.7438
46    19.6512   20.7436   20.3052   20.2965
47    21.245    21.245    20.3078   21.245
48    18.755    19.7454   19.642    19.817
49    20.2316   20.1394   21.1077   20.1482
50    19.8542   18.873    18.8553   19.6277
51    21.2449   20.3332   21.1637   21.245
52    18.8443   19.7508   19.7474   19.5687
53    19.4075   18.755    18.755    19.4997
54    19.8456   19.3932   19.5186   18.9296
55    18.755    19.7596   19.6313   19.2057
56    19.8791   18.755    19.0926   18.7956
57    19.6378   18.7551   18.755    18.9004
58    20.2895   21.245    21.245    21.245
59    18.755    18.9927   18.755    19.4019
60    19.6243   19.8984   18.8588   20.0379
61    19.8631   18.8552   19.3648   20.0686
62    18.9263   19.8292   19.2919   19.5571
63    20.085    20.4395   19.7443   19.8606
64    18.755    19.9297   19.4777   18.7669
65    20.3053   20.8991   20.3359   21.245
66    18.755    18.755    19.5549   18.755
67    21.245    21.245    20.3077   20.7585
68    19.8457   19.8456   20.5348   20.0289
69    20.0013   20.5523   20.7224   19.891
70    19.9167   19.1007   18.8732   19.7776
71    20.0316   19.8432   19.8248   19.3636
72    19.9399   20.2405   19.598    20.0517
73    20.6638   19.6296   20.4206   19.4676
74    20.4009   20.2394   19.7442   20.0031
75    18.755    19.7075   18.8935   18.755
76    19.8986   20.7156   20.7786   20.204
77    21.245    21.245    21.245    20.1781
78    20.5774   19.9996   20.7634   19.8562
79    21.245    20.2376   20.7714   21.2417
80    20.0503   19.5149   19.871    20.7323
81    20.6783   21.245    20.1518   21.0353
82    20.1399   21.234    20.3569   21.2449
83    19.3754   19.7259   19.9451   18.9002
84    19.5424   18.755    18.755    18.755
85    18.8724   20.0134   20.0995   19.3878
86    21.245    21.245    20.4016   21.245
87    19.863    18.755    18.755    18.755
88    19.7441   19.6419   20.3662   19.895
89    19.6457   18.755    18.755    18.755
90    20.7904   20.401    20.2413   21.245
91    21.245    20.9726   21.2449   20.3333
92    20.5261   20.1171   20.7588   19.7452
93    19.3812   19.5237   19.7656   18.755
94    18.7551   19.4022   18.755    18.755
95    21.245    21.245    20.6217   21.245
96    20.7532   21.1908   20.2944   20.0251
97    21.043    20.1735   20.0118   20.0469
98    21.245    21.245    21.185    20.345
99    20.6801   21.245    20.365    20.4906
100   20.0851   19.8597   19.7443   19.3744

 [*,*,2]
:        1         2         3         4       :=
1     20.5541   20.4543   21.245    21.2388
2     21.245    21.245    21.245    20.3136
3     19.3049   19.6936   20.1319   18.8889
4     19.6782   19.2824   19.9341   20.1918
5     20.0622   19.878    19.6752   18.854
6     20.5654   20.5341   20.0507   21.0093
7     19.8108   19.6734   20.5183   20.0989
8     21.245    20.6006   21.245    21.245
9     20.5056   21.0146   20.3385   19.944
10    19.5347   18.8681   19.6329   19.4345
11    19.953    19.2801   19.8644   18.7592
12    18.7552   19.6582   18.7729   19.4501
13    20.8798   21.2447   19.9894   21.1285
14    20.8722   20.3248   21.245    20.7026
15    20.5669   20.487    21.0093   21.245
16    21.245    21.2449   20.5727   21.2449
17    20.501    19.7398   20.8813   20.1619
18    19.6547   18.755    18.7937   18.755
19    20.749    19.9379   19.8428   20.2178
20    18.755    19.5161   18.755    18.926
21    20.4676   20.2017   19.2925   19.9097
22    20.879    21.2446   19.9893   20.1053
23    19.4063   19.9766   19.8538   20.1651
24    18.8966   19.6924   19.9394   20.1395
25    20.5473   20.5126   21.1711   19.9071
26    20.0914   19.797    20.6963   21.0608
27    21.129    19.9098   20.4658   20.1956
28    19.1311   18.755    18.8731   19.7564
29    18.755    18.9771   19.9231   19.7068
30    18.755    19.7326   18.755    18.755
31    19.5882   20.4499   20.16     19.268
32    18.8642   19.8644   18.7551   19.4341
33    20.027    20.1438   20.8854   21.0092
34    20.0169   19.1841   19.0435   18.755
35    20.8723   20.005    20.199    21.1291
36    19.6787   19.9613   20.7503   20.2214
37    19.7547   20.1731   19.2793   20.0127
38    19.9182   20.7204   20.3868   19.9305
39    20.948    20.6331   21.245    20.0981
40    19.2596   19.1458   19.9568   19.9719
41    21.245    21.2427   20.1833   21.245
42    20.3713   20.4405   20.698    19.6006
43    18.755    19.536    19.0932   19.8817
44    19.7357   18.755    18.755    18.755
45    18.755    18.755    19.7674   18.8608
46    20.9497   21.2446   21.245    20.1472
47    20.2178   19.1099   19.9375   19.8916
48    18.7551   18.755    18.755    19.4413
49    20.3112   21.2449   20.9184   20.2457
50    21.245    20.7774   21.245    20.2871
51    21.245    20.6231   21.245    20.5057
52    18.9396   19.6162   18.7742   19.4702
53    18.8923   18.9175   19.2805   19.9373
54    18.755    18.755    19.7223   18.755
55    21.245    21.242    21.245    20.1934
56    21.245    21.245    20.4511   21.1541
57    20.1169   20.7724   19.9794   19.5357
58    19.2898   18.755    19.9668   19.8035
59    19.9097   19.2719   20.0329   20.4675
60    20.2918   21.245    21.2449   21.245
61    21.245    21.245    20.24     21.245
62    18.7551   18.755    19.7497   19.7551
63    19.9189   20.3248   20.8974   19.6384
64    18.755    18.7553   19.657    18.7731
65    21.245    21.107    20.3705   21.245
66    20.8023   19.5674   20.3068   20.5458
67    20.2178   19.1099   19.9374   19.5914
68    19.7383   18.755    19.7478   19.142
69    18.8084   18.9724   19.7488   20.0118
70    20.1887   20.445    20.7774   21.2084
71    19.1472   19.7287   18.755    19.2249
72    21.121    20.1128   20.2477   21.142
73    19.6766   19.8097   20.504    20.0372
74    18.755    19.0929   18.755    19.8814
75    20.7722   20.1928   21.1536   19.9586
76    19.6922   20.0072   19.5361   19.0642
77    18.755    18.755    19.8029   19.1378
78    20.4534   19.8263   19.6098   19.6303
79    18.755    18.755    19.8492   18.7551
80    19.1469   19.9612   19.6298   19.619
81    20.5687   19.9767   20.1602   19.807
82    21.2449   21.245    20.3344   20.8722
83    20.0437   20.8866   19.9426   20.023
84    19.7378   19.0695   19.9549   18.7551
85    21.245    21.245    21.0095   20.4844
86    19.9247   18.755    19.2128   18.755
87    21.245    21.245    20.6359   21.245
88    18.755    18.755    18.7832   19.6457
89    20.8068   20.6339   21.245    20.0329
90    19.8503   18.755    18.7676   18.755
91    20.2185   21.1539   21.2448   20.3679
92    20.4454   20.7019   19.6119   19.8984
93    20.2069   19.4361   19.6283   19.5421
94    19.9099   20.468    20.9228   20.1252
95    18.755    19.9234   19.7067   19.7987
96    19.5962   19.1676   19.9396   19.1293
97    21.245    20.4833   21.245    21.245
98    20.8721   19.9307   20.7206   20.3868
99    19.5537   19.8743   20.1795   20.5425
100   19.9189   19.6381   20.8972   20.057

 [*,*,3]
:        1         2         3         4       :=
1     20.536    21.245    21.245    21.245
2     19.7976   19.3028   20.3974   19.7969
3     19.7485   20.9129   19.9504   20.1767
4     20.0469   20.3614   19.914    20.9395
5     21.245    21.245    20.1506   21.1127
6     21.245    20.2028   21.245    21.245
7     20.5288   21.245    20.9085   20.12
8     20.396    20.0693   19.3309   19.1771
9     20.7346   20.3592   20.2422   19.7158
10    20.9313   20.4145   20.1229   21.245
11    19.9606   18.8902   19.8301   19.7773
12    19.944    19.8852   20.4394   20.4721
13    19.5709   18.755    18.755    18.7927
14    20.2735   19.6902   19.5014   19.02
15    21.245    20.3457   21.245    21.2067
16    20.3977   20.163    20.5725   21.1301
17    20.8846   20.0566   20.4929   21.1428
18    19.6561   19.3013   19.9412   19.8279
19    19.3632   19.5561   19.7445   18.7552
20    21.245    21.245    21.245    20.3721
21    20.3121   20.9459   20.3677   21.245
22    19.5711   18.755    18.755    18.755
23    19.5004   19.7754   20.6503   19.8979
24    20.1753   20.9125   20.4511   19.9486
25    21.245    20.5126   21.1967   21.2442
26    20.3876   21.245    20.6548   21.2001
27    21.1781   21.245    20.3155   21.245
28    18.755    19.4471   18.755    19.6377
29    20.6012   19.9084   20.2349   20.583
30    20.4602   20.6596   19.8635   20.6014
31    19.2993   19.7708   20.2857   19.8409
32    20.4137   21.1879   21.245    21.245
33    21.245    21.2449   20.4932   21.245
34    18.755    18.755    19.3439   18.755
35    19.543    18.7552   19.354    18.793
36    20.048    20.0228   20.4413   21.057
37    19.7898   18.7551   18.7706   18.755
38    19.552    19.3658   20.2504   19.7077
39    19.5402   20.0483   19.3308   19.3895
40    18.7551   18.755    18.755    19.4951
41    18.755    19.5234   19.0932   19.4186
42    18.7551   19.683    19.1619   18.755
43    21.245    21.245    20.2846   21.245
44    19.8582   19.7767   19.1608   19.9446
45    19.2519   19.3015   19.6224   18.755
46    19.5374   19.3311   18.7551   19.3833
47    18.755    19.3653   19.5567   19.6157
48    20.4387   21.189    20.0704   20.4718
49    20.5913   20.3975   20.2889   19.8128
50    19.5542   19.6993   20.2459   20.1304
51    20.1894   20.5019   21.2253   20.7346
52    20.299    20.2251   21.169    21.1804
53    18.755    19.5072   18.755    19.4617
54    19.912    18.755    19.274    19.1852
55    18.755    19.5233   18.755    19.0833
56    19.537    19.4186   19.1745   20.1832
57    20.1466   19.5212   20.0023   19.2991
58    19.769    19.8844   20.247    19.5875
59    21.245    20.3687   20.026    20.3121
60    20.1308   19.5237   20.2442   20.1406
61    20.736    20.2459   20.1516   20.1379
62    19.1826   19.899    19.8665   19.2918
63    18.8998   19.9554   19.6254   19.659
64    19.7767   19.9511   19.8861   20.446
65    18.755    19.6154   18.755    18.755
66    19.5278   19.2538   19.7053   18.755
67    18.755    19.3652   19.5567   18.755
68    19.8199   19.9117   19.5837   18.7695
69    20.0906   19.8267   20.5331   19.717
70    20.1048   19.173    19.6993   19.5656
71    18.755    19.8325   19.856    18.776
72    19.6267   20.329    20.0433   20.8142
73    21.245    20.529    20.9025   21.2305
74    21.245    20.2845   21.1742   21.2449
75    19.5213   20.1187   20.238    20.015
76    20.913    20.4673   21.245    20.2217
77    19.2519   19.8844   19.5876   19.449
78    19.6893   18.755    18.7652   19.6464
79    20.6014   20.4732   20.8163   21.2425
80    18.7552   18.7554   19.6307   18.7589
81    20.7385   19.7751   19.8947   20.7281
82    20.3972   19.7627   19.8009   20.2735
83    18.755    19.5868   19.8798   19.1718
84    19.896    20.5735   19.9609   19.7768
85    21.2101   20.6642   21.245    20.3408
86    20.2344   19.8844   19.7783   20.6012
87    20.736    20.1972   20.7637   21.245
88    21.1744   20.0692   20.0735   20.8697
89    20.4812   20.7656   20.1972   20.0255
90    20.8308   21.245    20.4753   21.245
91    18.755    19.5108   18.755    18.755
92    19.5227   18.755    18.755    18.755
93    21.1928   21.245    20.1358   20.8915
94    21.2446   20.312    21.1214   20.1396
95    20.6013   20.2349   20.583    21.245
96    18.755    19.2403   19.6881   18.755
97    21.0395   20.5265   20.307    21.2322
98    20.2735   19.7077   19.3658   20.2505
99    21.2079   21.0106   20.1548   21.245
100   18.8996   19.6618   19.6251   18.755
;

side = 2.49003
softness = 0.6

---------------------------- Solution coords data ----------------------------
distances [*,1,*]
:     1   2   3   4    :=
1     0   1   0   1
2     0   1   0   1
3     0   1   0   1
4     0   1   0   1
5     0   1   0   1
6     0   1   0   1
7     0   1   0   1
8     0   1   0   1
9     0   1   0   1
10    0   1   0   1
11    0   1   0   1
12    0   1   0   1
13    0   1   0   1
14    0   1   0   1
15    0   1   0   1
16    0   1   0   1
17    0   1   0   1
18    0   1   0   1
19    0   1   0   1
20    0   1   0   1
21    0   1   0   1
22    0   1   0   1
23    0   1   0   1
24    0   1   0   1
25    0   1   0   1
26    0   1   0   1
27    0   1   0   1
28    0   1   0   1
29    0   1   0   1
30    0   1   0   1
31    0   1   0   1
32    0   1   0   1
33    0   1   0   1
34    0   1   0   1
35    0   1   0   1
36    0   1   0   1
37    0   1   0   1
38    0   1   0   1
39    0   1   0   1
40    0   1   0   1
41    0   1   0   1
42    0   1   0   1
43    0   1   0   1
44    0   1   0   1
45    0   1   0   1
46    0   1   0   1
47    0   1   0   1
48    0   1   0   1
49    0   1   0   1
50    0   1   0   1
51    0   1   0   1
52    0   1   0   1
53    0   1   0   1
54    0   1   0   1
55    0   1   0   1
56    0   1   0   1
57    0   1   0   1
58    0   1   0   1
59    0   1   0   1
60    0   1   0   1
61    0   1   0   1
62    0   1   0   1
63    0   1   0   1
64    0   1   0   1
65    0   1   0   1
66    0   1   0   1
67    0   1   0   1
68    0   1   0   1
69    0   1   0   1
70    0   1   0   1
71    0   1   0   1
72    0   1   0   1
73    0   1   0   1
74    0   1   0   1
75    0   1   0   1
76    0   1   0   1
77    0   1   0   1
78    0   1   0   1
79    0   1   0   1
80    0   1   0   1
81    0   1   0   1
82    0   1   0   1
83    0   1   0   1
84    0   1   0   1
85    0   1   0   1
86    0   1   0   1
87    0   1   0   1
88    0   1   0   1
89    0   1   0   1
90    0   1   0   1
91    0   1   0   1
92    0   1   0   1
93    0   1   0   1
94    0   1   0   1
95    0   1   0   1
96    0   1   0   1
97    0   1   0   1
98    0   1   0   1
99    0   1   0   1
100   0   1   0   1

 [*,2,*]
:     1   2   3   4    :=
1     0   0   1   1
2     0   0   1   1
3     0   0   1   1
4     0   0   1   1
5     0   0   1   1
6     0   0   1   1
7     0   0   1   1
8     0   0   1   1
9     0   0   1   1
10    0   0   1   1
11    0   0   1   1
12    0   0   1   1
13    0   0   1   1
14    0   0   1   1
15    0   0   1   1
16    0   0   1   1
17    0   0   1   1
18    0   0   1   1
19    0   0   1   1
20    0   0   1   1
21    0   0   1   1
22    0   0   1   1
23    0   0   1   1
24    0   0   1   1
25    0   0   1   1
26    0   0   1   1
27    0   0   1   1
28    0   0   1   1
29    0   0   1   1
30    0   0   1   1
31    0   0   1   1
32    0   0   1   1
33    0   0   1   1
34    0   0   1   1
35    0   0   1   1
36    0   0   1   1
37    0   0   1   1
38    0   0   1   1
39    0   0   1   1
40    0   0   1   1
41    0   0   1   1
42    0   0   1   1
43    0   0   1   1
44    0   0   1   1
45    0   0   1   1
46    0   0   1   1
47    0   0   1   1
48    0   0   1   1
49    0   0   1   1
50    0   0   1   1
51    0   0   1   1
52    0   0   1   1
53    0   0   1   1
54    0   0   1   1
55    0   0   1   1
56    0   0   1   1
57    0   0   1   1
58    0   0   1   1
59    0   0   1   1
60    0   0   1   1
61    0   0   1   1
62    0   0   1   1
63    0   0   1   1
64    0   0   1   1
65    0   0   1   1
66    0   0   1   1
67    0   0   1   1
68    0   0   1   1
69    0   0   1   1
70    0   0   1   1
71    0   0   1   1
72    0   0   1   1
73    0   0   1   1
74    0   0   1   1
75    0   0   1   1
76    0   0   1   1
77    0   0   1   1
78    0   0   1   1
79    0   0   1   1
80    0   0   1   1
81    0   0   1   1
82    0   0   1   1
83    0   0   1   1
84    0   0   1   1
85    0   0   1   1
86    0   0   1   1
87    0   0   1   1
88    0   0   1   1
89    0   0   1   1
90    0   0   1   1
91    0   0   1   1
92    0   0   1   1
93    0   0   1   1
94    0   0   1   1
95    0   0   1   1
96    0   0   1   1
97    0   0   1   1
98    0   0   1   1
99    0   0   1   1
100   0   0   1   1

 [*,3,*]
:     1   2   3   4    :=
1     1   0   0   1
2     1   0   0   1
3     1   0   0   1
4     1   0   0   1
5     1   0   0   1
6     1   0   0   1
7     1   0   0   1
8     1   0   0   1
9     1   0   0   1
10    1   0   0   1
11    1   0   0   1
12    1   0   0   1
13    1   0   0   1
14    1   0   0   1
15    1   0   0   1
16    1   0   0   1
17    1   0   0   1
18    1   0   0   1
19    1   0   0   1
20    1   0   0   1
21    1   0   0   1
22    1   0   0   1
23    1   0   0   1
24    1   0   0   1
25    1   0   0   1
26    1   0   0   1
27    1   0   0   1
28    1   0   0   1
29    1   0   0   1
30    1   0   0   1
31    1   0   0   1
32    1   0   0   1
33    1   0   0   1
34    1   0   0   1
35    1   0   0   1
36    1   0   0   1
37    1   0   0   1
38    1   0   0   1
39    1   0   0   1
40    1   0   0   1
41    1   0   0   1
42    1   0   0   1
43    1   0   0   1
44    1   0   0   1
45    1   0   0   1
46    1   0   0   1
47    1   0   0   1
48    1   0   0   1
49    1   0   0   1
50    1   0   0   1
51    1   0   0   1
52    1   0   0   1
53    1   0   0   1
54    1   0   0   1
55    1   0   0   1
56    1   0   0   1
57    1   0   0   1
58    1   0   0   1
59    1   0   0   1
60    1   0   0   1
61    1   0   0   1
62    1   0   0   1
63    1   0   0   1
64    1   0   0   1
65    1   0   0   1
66    1   0   0   1
67    1   0   0   1
68    1   0   0   1
69    1   0   0   1
70    1   0   0   1
71    1   0   0   1
72    1   0   0   1
73    1   0   0   1
74    1   0   0   1
75    1   0   0   1
76    1   0   0   1
77    1   0   0   1
78    1   0   0   1
79    1   0   0   1
80    1   0   0   1
81    1   0   0   1
82    1   0   0   1
83    1   0   0   1
84    1   0   0   1
85    1   0   0   1
86    1   0   0   1
87    1   0   0   1
88    1   0   0   1
89    1   0   0   1
90    1   0   0   1
91    1   0   0   1
92    1   0   0   1
93    1   0   0   1
94    1   0   0   1
95    1   0   0   1
96    1   0   0   1
97    1   0   0   1
98    1   0   0   1
99    1   0   0   1
100   1   0   0   1

 [*,4,*]
:     1   2   3   4    :=
1     1   1   1   0
2     1   1   1   0
3     1   1   1   0
4     1   1   1   0
5     1   1   1   0
6     1   1   1   0
7     1   1   1   0
8     1   1   1   0
9     1   1   1   0
10    1   1   1   0
11    1   1   1   0
12    1   1   1   0
13    1   1   1   0
14    1   1   1   0
15    1   1   1   0
16    1   1   1   0
17    1   1   1   0
18    1   1   1   0
19    1   1   1   0
20    1   1   1   0
21    1   1   1   0
22    1   1   1   0
23    1   1   1   0
24    1   1   1   0
25    1   1   1   0
26    1   1   1   0
27    1   1   1   0
28    1   1   1   0
29    1   1   1   0
30    1   1   1   0
31    1   1   1   0
32    1   1   1   0
33    1   1   1   0
34    1   1   1   0
35    1   1   1   0
36    1   1   1   0
37    1   1   1   0
38    1   1   1   0
39    1   1   1   0
40    1   1   1   0
41    1   1   1   0
42    1   1   1   0
43    1   1   1   0
44    1   1   1   0
45    1   1   1   0
46    1   1   1   0
47    1   1   1   0
48    1   1   1   0
49    1   1   1   0
50    1   1   1   0
51    1   1   1   0
52    1   1   1   0
53    1   1   1   0
54    1   1   1   0
55    1   1   1   0
56    1   1   1   0
57    1   1   1   0
58    1   1   1   0
59    1   1   1   0
60    1   1   1   0
61    1   1   1   0
62    1   1   1   0
63    1   1   1   0
64    1   1   1   0
65    1   1   1   0
66    1   1   1   0
67    1   1   1   0
68    1   1   1   0
69    1   1   1   0
70    1   1   1   0
71    1   1   1   0
72    1   1   1   0
73    1   1   1   0
74    1   1   1   0
75    1   1   1   0
76    1   1   1   0
77    1   1   1   0
78    1   1   1   0
79    1   1   1   0
80    1   1   1   0
81    1   1   1   0
82    1   1   1   0
83    1   1   1   0
84    1   1   1   0
85    1   1   1   0
86    1   1   1   0
87    1   1   1   0
88    1   1   1   0
89    1   1   1   0
90    1   1   1   0
91    1   1   1   0
92    1   1   1   0
93    1   1   1   0
94    1   1   1   0
95    1   1   1   0
96    1   1   1   0
97    1   1   1   0
98    1   1   1   0
99    1   1   1   0
100   1   1   1   0
;

---------------------------- Solution stats data ----------------------------
_ampl_time = 0.204378
_total_solve_time = 73092.6
_ampl_elapsed_time = 0.200737
_ampl_user_time = 0.155556

Total time elapsed: $73092.62.
_total_solve_time = 73092.6

---------------------------- Solution miscs data ----------------------------
tetrahedron_volume [*] :=
  1 0.117851    21 0.117851    41 0.117851    61 0.117851    81 0.117851
  2 0.117851    22 0.117851    42 0.117851    62 0.117851    82 0.117851
  3 0.117851    23 0.117851    43 0.117851    63 0.117851    83 0.117851
  4 0.117851    24 0.117851    44 0.117851    64 0.117851    84 0.117851
  5 0.117851    25 0.117851    45 0.117851    65 0.117851    85 0.117851
  6 0.117851    26 0.117851    46 0.117851    66 0.117851    86 0.117851
  7 0.117851    27 0.117851    47 0.117851    67 0.117851    87 0.117851
  8 0.117851    28 0.117851    48 0.117851    68 0.117851    88 0.117851
  9 0.117851    29 0.117851    49 0.117851    69 0.117851    89 0.117851
 10 0.117851    30 0.117851    50 0.117851    70 0.117851    90 0.117851
 11 0.117851    31 0.117851    51 0.117851    71 0.117851    91 0.117851
 12 0.117851    32 0.117851    52 0.117851    72 0.117851    92 0.117851
 13 0.117851    33 0.117851    53 0.117851    73 0.117851    93 0.117851
 14 0.117851    34 0.117851    54 0.117851    74 0.117851    94 0.117851
 15 0.117851    35 0.117851    55 0.117851    75 0.117851    95 0.117851
 16 0.117851    36 0.117851    56 0.117851    76 0.117851    96 0.117851
 17 0.117851    37 0.117851    57 0.117851    77 0.117851    97 0.117851
 18 0.117851    38 0.117851    58 0.117851    78 0.117851    98 0.117851
 19 0.117851    39 0.117851    59 0.117851    79 0.117851    99 0.117851
 20 0.117851    40 0.117851    60 0.117851    80 0.117851   100 0.117851
;

---------------------------- Solution miscs data ----------------------------
tetrahedron_surface_area [*] :=
  1 0    11 0    21 0    31 0    41 0    51 0    61 0    71 0    81 0    91 0
  2 0    12 0    22 0    32 0    42 0    52 0    62 0    72 0    82 0    92 0
  3 0    13 0    23 0    33 0    43 0    53 0    63 0    73 0    83 0    93 0
  4 0    14 0    24 0    34 0    44 0    54 0    64 0    74 0    84 0    94 0
  5 0    15 0    25 0    35 0    45 0    55 0    65 0    75 0    85 0    95 0
  6 0    16 0    26 0    36 0    46 0    56 0    66 0    76 0    86 0    96 0
  7 0    17 0    27 0    37 0    47 0    57 0    67 0    77 0    87 0    97 0
  8 0    18 0    28 0    38 0    48 0    58 0    68 0    78 0    88 0    98 0
  9 0    19 0    29 0    39 0    49 0    59 0    69 0    79 0    89 0    99 0
 10 0    20 0    30 0    40 0    50 0    60 0    70 0    80 0    90 0   100 0
;

