Error at _cmdno 5 executing "solve" command
(file amplin, line 1961, offset 37059):
error processing param distances:
	3200 invalid subscripts discarded:
	distances[101,1,1]
	distances[101,1,2]
	distances[101,1,3]
	and 3197 more.
##### This license is only intended for use by NEOS. #####
##### License is valid until Jan 16, 2026 #####
iables.
Substitution eliminates 1 variable.
Adjusted problem:
25953 variables:
	16053 nonlinear variables
	9900 linear variables
52003 constraints; 313156 nonzeros
	46250 nonlinear constraints
	5753 linear constraints
	5051 equality constraints
	46952 inequality constraints
1 nonlinear objective; 3 nonzeros.

Artelys Knitro 14.2.0: threads=4
algorithm=1
ms_enable=1
ms_maxsolves=10
feastol=1e-5
opttol=1e-5
honorbnds=1
bar_initpt=3
bar_murule=4
scale=1
outlev=2
maxtime_real=1200
WARNING:  Option 'threads' is deprecated, please use 'numthreads'.
WARNING: 1 constraint is constant or undefined and will be ignored.

=======================================
           Academic License
       (NOT FOR COMMERCIAL USE)
         Artelys Knitro 14.2.0
=======================================

No start point provided -- Knitro computing one.

Knitro presolve eliminated 0 variables and 1 constraint.

algorithm                1
bar_initpt               3
bar_murule               4
concurrent_evals         0
datacheck                0
feastol                  1e-05
findiff_numthreads       1
hessian_no_f             1
hessopt                  1
honorbnds                1
maxtime_real             1200
ms_enable                1
ms_maxsolves             10
numthreads               4
opttol                   1e-05

Problem Characteristics                                 (   Presolved)
-----------------------
Objective goal:  Minimize
Objective type:  general
Number of variables:                              25953 (       25953)
    bounded below only:                               1 (           1)
    bounded above only:                               0 (           0)
    bounded below and above:                          0 (           0)
    fixed:                                            0 (           0)
    free:                                         25952 (       25952)
Number of constraints:                            52003 (       52002)
    linear equalities:                                1 (           0)
    quadratic equalities:                          4950 (        4950)
    gen. nonlinear equalities:                      100 (         100)
    linear one-sided inequalities:                 5752 (        5752)
    quadratic one-sided inequalities:             41200 (       41200)
    gen. nonlinear one-sided inequalities:            0 (           0)
    linear two-sided inequalities:                    0 (           0)
    quadratic two-sided inequalities:                 0 (           0)
    gen. nonlinear two-sided inequalities:            0 (           0)
Number of nonzeros in Jacobian:                  313156 (      313156)
Number of nonzeros in Hessian:                   141453 (      141453)

Knitro parallel multistart will run with 4 threads.

Return codes description
------------------------
  0:  The final solution satisfies the termination conditions for verifying optimality.
  -100 to -199:  A feasible approximate solution was found.
  -200 to -299:  Knitro terminated at an infeasible point.
  -300 to -301:  The problem was determined to be unbounded.
  -400 to -499:  Knitro terminated because it reached a pre-defined limit.
    -400 to -409:  A feasible point was found.
    -410 to -419:  No feasible point was found.
  -500 to -599:  Knitro terminated with an input error or some non-standard error.
A more detailed description of individual return codes and their corresponding
termination messages is provided at
https://www.artelys.com/app/docs/knitro/3_referenceManual/returnCodes.html

 Solve #  ThreadID  Status     Objective      FeasError    OptError    Real Time 
--------  --------  ------  --------------   ----------   ----------  ----------
      0          0       0         4.73594  2.08298e-05  5.47228e-06      1944.13
      3          3    -410     1.57075e+11  2.90448e+06      22800.5      7471.41
      4          0    -410     2.53699e+11      55058.7      42778.1      7517.23
      5          3    -410     4.43100e+13  1.38766e+06      725343.      6247.93
      7          2    -410     4.43730e+11  3.70517e+06      123340.      6252.99
      1          1    -410     5.09197e+11      59.1111      36481.7      7610.19
      2          2    -410     3.38238e+08      112.162      972.003      7675.65
      8          0    -410     6.49435e+09  3.27695e+06      15597.9      5908.40
      9          1    -410     1.83536e+12  3.07840e+06      390057.      5181.94
      6          1    -410     5.89012e+11      61.8902      148744.      5854.58

MULTISTART: Best locally optimal solution is returned.
EXIT: Locally optimal solution found.

Final Statistics
----------------
Final objective value               =   4.73593922531210e+00
Final feasibility error (abs / rel) =   2.08e-05 / 3.58e-06
Final optimality error  (abs / rel) =   5.47e-06 / 6.81e-07
# of iterations                     =      92898 
# of CG iterations                  =          0 
# of function evaluations           =      93531
# of gradient evaluations           =      93020
# of Hessian evaluations            =      92933
Total program time (secs)           =   18647.51367 ( 61313.926 CPU time)

===============================================================================

Knitro 14.2.0: Locally optimal or satisfactory solution.
objective 4.735939225; feasibility error 2.08e-05
92898 iterations; 93531 function evaluations

suffix feaserror OUT;
suffix opterror OUT;
suffix numfcevals OUT;
suffix numiters OUT;
---------------------------- Solver Status Report ----------------------------
solve_result_num = 0
solve_result = solved
solve_message = 'Knitro 14.2.0: Locally optimal or satisfactory solution.\
objective 4.735939225; feasibility error 2.08e-05\
92898 iterations; 93531 function evaluations'


---------------------------- Problem Dimensions ----------------------------
Variables: 51304
Constraints: 52104
---------------------------- Container and geometric considerations  ----------------------------
Container type: cylinder
Structural conservation type: volume & surface
---------------------------- Solution execution data ----------------------------
solve_result_num = 0
solve_result = solved

---------------------------- Solution data ----------------------------
card(figures) = 100

coords [*,*,1]
:          1             2             3             4         :=
1      0.701117      0.378653      0.35948       1.02591
2      0.771516      0.360207      0.0505262     0.134963
3      0.132745      0.325882     -0.00879832    1.00575
4     -0.135522     -0.92251      -1.16778      -1.08448
5     -0.0888475     0.772027      0.741762      1.17464
6     -1.16778      -0.135522     -1.08448      -1.1084
7     -0.283065      0.590103     -0.0659641    -0.129509
8     -0.599855     -0.422343     -0.0333686    -0.998033
9      0.729351      0.890871      0.261278      0.141624
10    -0.88626      -0.223454      0.1552       -0.505912
11    -0.214942      0.228349      0.325287      0.371218
12    -0.291026     -0.877093      0.0510268    -0.25937
13     1.12206       0.0443379     1.1758        0.916968
14     0.476924      0.712532      0.104734      0.178944
15     0.338993      0.1411        0.0954167    -0.288714
16    -1.12065      -1.16307      -0.828376     -0.042133
17     0.94624       1.10721       0.698692      0.131463
18    -1.16307      -0.986468     -0.591401      0.0338107
19    -0.92251      -1.08186      -0.415735     -0.124235
20    -1.17787      -1.11574      -0.204869     -0.515209
21     0.834527      0.100022      0.297545      0.385441
22    -1.08146      -1.17483      -0.135956     -1.16307
23    -1.17378      -0.693857     -0.145391     -0.932996
24     0.947324      1.10627       1.14592       0.118808
25    -0.92251      -0.197701     -0.907015     -0.135523
26    -0.30894       0.294462      0.5686       -0.035558
27    -0.369444      0.134964      0.0505262     0.360207
28     1.1257        0.964298      0.791198      0.0411344
29    -0.433738     -0.0625194     0.395717      0.361503
30     0.58212       0.228349     -0.433947     -0.0369566
31     1.12189       0.519985      0.926299      0.0568323
32    -1.12065      -1.16307      -1.09484      -0.0421326
33     0.0954166    -0.474973      0.1411       -0.288714
34     0.924421      0.0309744     0.264232     -0.240571
35    -0.477455     -1.02857      -0.100643      0.0505261
36     0.00598986   -0.833627     -0.88626      -1.17351
37     0.0338108    -1.16307      -0.498301     -0.591402
38     0.0568323     0.0702893     1.12189       0.519985
39    -0.153083     -0.0920861    -0.194226      0.552202
40     0.568602      0.010935     -0.323907      0.107665
41     0.153689      0.888092      1.16244       0.771517
42    -0.874319     -0.795311     -1.08906       0.0424591
43     0.252283      0.677503      1.08823       0.433081
44     0.297545     -0.234196      0.121839      0.383245
45     0.228349     -0.515208     -0.525322      0.106374
46    -0.505911     -0.223454      0.39119       0.155201
47    -0.133371      0.590103      0.224936     -0.13021
48    -1.17351       0.00598985   -0.533299     -0.833627
49     0.24867      -0.97534      -0.158922     -0.0914984
50     1.09332       0.772027      0.128204      1.17464
51    -0.317141     -1.08457      -0.838824      0.0795287
52     0.455077     -0.453311      0.0989932     0.160125
53    -0.250017     -0.289183      0.791198      0.00237348
54     0.339945      1.17464       0.771516      1.14183
55     0.741762      0.378004      0.0451334    -0.223454
56    -0.0628204    -0.92251      -0.307186     -0.124235
57    -0.0534922    -0.435125     -0.463961      0.361178
58    -0.0537012    -0.207972     -0.318337     -1.0751
59     0.361311     -0.213928     -0.391683     -0.515208
60     0.772027      0.299345      0.128031      1.0904
61     0.771516      0.360149      1.17464       0.33843
62     0.138357      1.00528       0.371542     -0.0178473
63     0.482344     -0.640266      0.309729     -0.27231
64     1.11818       1.1626        0.263335      1.08324
65     0.0815706    -0.442199     -0.322951     -0.838761
66     0.334771      0.109724     -0.377372     -0.57985
67    -0.92251      -0.0685368    -1.17787      -0.904729
68     0.0815706    -0.442199     -0.322951      0.117741
69    -0.0187858    -0.515208     -0.525374     -1.07795
70    -1.12065      -1.09484      -0.0421318    -1.01849
71    -0.0949202    -0.00233377    0.655424      0.910924
72    -0.606235      0.0493168    -1.07795      -0.970631
73     1.15835       1.17592       1.02495       0.0722428
74    -0.424219     -0.596057      0.0343535    -1.00189
75     0.127595      0.771517      0.888803      0.321992
76     0.228349      0.342453      1.1034        0.36476
77     0.926588      0.350773      0.572076     -0.00584807
78    -0.768705      0.0505261    -1.02857      -0.100643
79     0.946196      0.104734      0.476924      0.712532
80     0.0510268    -0.473134     -0.877093     -0.25937
81    -0.125384      0.167924     -0.197701     -0.882609
82    -0.131239      0.0350261    -0.346327      0.400521
83    -0.877093     -0.254268     -0.260196     -1.08904
84     0.143052      0.96296       0.694603      1.12165
85     0.890871      0.141623      1.16343       1.1021
86    -1.08904      -0.18784      -1.07967      -0.264735
87     0.729351      0.141625      0.890871      1.1021
88    -1.16307      -1.07969      -0.124055     -1.09484
89    -0.515209     -0.391528     -0.211505     -1.17787
90    -0.250017     -0.017696     -0.308133     -1.10518
91     1.16256       0.708156      1.08181       0.261904
92    -1.16307      -0.984829     -0.135956     -1.17483
93     1.02591       0.345605      1.15844       0.698212
94     0.646091      0.791198     -0.283065     -0.00114659
95    -0.732323     -0.346327     -0.131032      0.0349687
96     0.451095      0.220265      0.587229     -0.224261
97     0.228349      0.349388      1.09282       0.57987
98     0.0722428     1.11978       1.15835       1.17592
99     0.771517      0.109394      0.128199      0.316734
100    0.102001     -0.917947     -0.693854     -0.145387

 [*,*,2]
:          1             2             3             4         :=
1      0.946642      1.11549      -0.140348      0.578963
2     -0.890202      0.049495     -1.17692      -0.281019
3      0.462568     -0.193799      0.152183      0.556549
4     -0.200039     -0.732579     -0.154847     -0.45999
5      0.0290035     0.678646      0.915143      0.0889585
6     -0.154847     -0.200039     -0.45999       0.398942
7     -1.03877      -0.635035     -0.186188     -0.192964
8      1.01384       1.09969      -0.0257135     0.625801
9     -0.925064     -0.770743     -1.14866       0.0928523
10     0.776042      1.15662       0.313173      1.06384
11     0.262281      1.15566       0.599766      0.0722755
12    -0.00222378   -0.786387     -0.182391     -1.1491
13    -0.358732      0.133372     -0.0720778    -0.739504
14     1.07714       0.938081      0.0280092     1.16434
15    -1.12818      -1.16952      -0.155617     -1.14208
16     0.363085      0.187015      0.83755      -0.11968
17     0.70166       0.402231      0.948434      0.051507
18     0.187014      0.643878      0.922514      0.271671
19    -0.732579     -0.466128     -1.10221      -0.192402
20    -0.0180767     0.377904      0.273572      1.05937
21     0.831421      0.2305       -0.0423611     1.11316
22    -0.467057      0.0864852    -0.264711      0.187014
23     0.0997381     0.416496     -0.366206      0.582137
24     0.700196      0.404783     -0.273061      0.0365958
25    -0.732579     -0.271631      0.270876     -0.200039
26    -1.13677      -0.974077     -1.03169       0.0357923
27    -0.271524     -0.281018     -1.17692       0.049495
28     0.347125     -0.676629     -0.872756     -0.047973
29     1.09525      -0.00733564    1.10955       1.12117
30     1.02413       1.15566       1.09517       0.338751
31    -0.359239     -0.906971     -0.727782      0.113696
32     0.363085      0.187015     -0.434769     -0.11968
33    -0.155617     -1.07801      -1.16952      -1.14208
34    -0.730166     -0.16618      -1.14799      -1.15318
35    -0.0386669    -0.516956     -0.211912     -1.17692
36     0.354111      0.832324      0.776042     -0.102812
37     0.271671      0.187015     -0.25216       0.922514
38     0.113696     -0.144202     -0.359239     -0.906971
39    -1.09871      -0.0985024     0.148084     -0.101558
40    -1.03169      -0.0126008    -1.1326       -1.17308
41    -0.253541     -0.773945     -0.190897     -0.890202
42    -0.338414     -0.86901      -0.449052     -0.099235
43     0.42678      -0.674736      0.414191      0.148194
44    -0.0423608     1.07817       0.200362      1.08429
45     1.15566       1.05937       1.05439       0.197864
46     1.06384       1.15662       1.11116       0.313172
47    -0.190592     -0.635035      0.495265     -0.143979
48    -0.102812      0.354111     -0.28162       0.832324
49     0.940709      0.626427      0.0252058    -0.209792
50    -0.277551      0.678646      0.192798      0.0889586
51    -1.13451      -0.459785     -0.827086     -0.123013
52     1.08656       1.08729      -0.00732287    1.16707
53    -1.15117      -1.06288      -0.872756     -0.00535078
54    -0.182475      0.0889585    -0.890202     -0.289696
55     0.915143      1.11524       0.185034      1.15662
56    -0.185852     -0.732579     -1.13725      -0.192402
57    -0.014155      1.0947        1.08279       1.12127
58    -0.396475      0.113326     -1.13418      -0.468109
59     0.147383      0.26129      -0.161875      1.05937
60     0.678646     -0.045005      0.192666     -0.268844
61    -0.890202      0.0496275     0.0889585    -0.198125
62     0.463103      0.556689      1.11788       0.148203
63     0.0928471     0.390274     -0.252431     -0.259837
64    -0.37063       0.189912      0.240861      0.462905
65    -0.12018      -1.09186      -1.13287      -0.82715
66     1.12944       0.0527571     1.11592       1.00675
67    -0.732579     -0.189488     -0.0180767     0.418919
68    -0.12018      -1.09186      -1.13287      -1.17211
69     0.333459      1.05937       1.05436       0.4751
70     0.363085     -0.434769     -0.11968      -0.379393
71    -1.02779      -0.0923027    -0.112919     -0.746936
72     1.01004       0.331001      0.4751        0.58487
73     0.214318     -0.0700201     0.580672      0.0992493
74     1.09897       0.925044      0.273703      0.619611
75    -0.224549     -0.890201     -0.773128     -1.13315
76     1.15566       0.42965       0.412553      0.121249
77    -0.727414     -1.12457      -1.02977      -0.0910073
78    -0.892631     -1.17692      -0.516955     -0.211912
79     0.701719      0.0280093     1.07714       0.938081
80    -0.182391     -1.07882      -0.786388     -1.1491
81    -0.180276      0.390318     -0.27163       0.25221
82     0.863036      0.291832      0.00360975   -0.283643
83    -0.786387      0.0844156    -1.14891      -0.449092
84     0.208287      0.43033      -0.692097     -0.359991
85    -0.770743      0.0928529     0.184737     -0.416012
86    -0.449089      0.104745     -0.471173     -1.14787
87    -0.925064      0.0928521    -0.770743     -0.416012
88     0.187014     -0.471141      0.165585     -0.434769
89     1.05937      -0.163399      0.270278     -0.0180767
90    -1.15117      -0.0964632    -1.13699      -0.407767
91     0.190165      0.941389      0.462517      0.240474
92     0.187014      0.646382     -0.264711      0.0864852
93     0.57897      -0.189277      0.213808      0.948787
94    -0.609148     -0.872756     -1.03877      -0.00148006
95     0.922714      0.00360975    0.863688      0.291788
96     0.0960369     0.50972      -0.626137     -0.0815176
97     1.15566       0.385524      0.439813      1.0254
98     0.0992493    -0.365777      0.214318     -0.0700201
99    -0.890202     -1.16479      -0.274545     -1.13463
100    0.317888      0.571757      0.416491     -0.366211

 [*,*,3]
:          1             2            3            4         :=
1      1.37583       0.831331      0.981338     0.220491
2     -1.25103      -1.25103      -1.25103     -0.362081
3      1.15256       1.00092       0.12557      0.242797
4      1.09506       1.9026        1.82471      0.691301
5     -1.25103      -0.590075     -1.25103     -1.25103
6      1.82471       1.09506       0.691301     1.49368
7      1.54608       1.54689       2.05671      0.9954
8      1.20759       0.335342      0.762144     0.479452
9      0.683463      1.69196       1.11835      1.15082
10    -1.25103      -1.25103      -1.03384     -0.259606
11     1.42234       2.16178       1.02971      2.16178
12     0.0649425    -0.57394      -0.486229     0.26818
13     0.644629      0.201506     -0.307831    -0.0623551
14     0.63365      -0.60132       0.0329923   -0.348154
15     0.0293407    -1.0839       -0.328976     0.105434
16    -0.941288      0.00951971   -0.463354    -0.489926
17     0.341494     -0.685971     -0.649772     0.0385403
18     0.00951992    0.409631     -0.634293     0.251999
19     1.9026        0.717131      1.58413      1.08348
20     2.16178       1.50715       1.40797      2.16178
21    -0.801789     -1.25103      -0.0618617   -0.456908
22     0.683869      1.22387       0.593462     0.0095193
23     1.20804       1.54463       0.716037     0.432621
24     0.33598      -0.677935     -0.447173     0.0216043
25     1.9026        2.0768        1.44667      1.09506
26     0.289254     -0.0267658     0.834623     0.659711
27    -1.25103      -0.362081     -1.25103     -1.25103
28     2.16178       1.56801       2.16178      2.16178
29     1.29442       0.83314       1.21074      0.45014
30     1.15806       2.16178       1.29442      1.23319
31     0.6438        0.77459      -0.0375429    0.188306
32    -0.941288      0.00951971   -0.387306    -0.489926
33    -0.328976     -0.973997     -1.0839       0.105434
34     1.72473       1.02926       1.12093      1.64142
35    -1.25103      -1.25103      -0.447347    -1.25103
36    -1.25103      -0.470003     -1.25103     -1.25103
37     0.251999      0.00951977   -0.174431    -0.634292
38     0.188306      1.12867       0.6438       0.77459
39     0.0729849     0.652777     -0.136321    -0.25604
40     0.834625      0.764204      0.281002     1.25811
41    -0.435984     -0.0458395    -0.272242    -1.25103
42    -1.20789      -0.745625      0.0337417   -0.369848
43     1.19141       1.64511       2.14064      2.16178
44    -0.0618618    -0.310183     -1.11968     -0.447036
45     2.16178       2.16178       1.15097      1.83458
46    -0.259607     -1.25103      -0.426591    -1.03384
47     0.99244       1.54689       1.16216      2.06806
48    -1.25103      -1.25103      -0.919788    -0.470003
49     0.425302      0.480317      0.194257     0.826092
50    -0.415564     -0.590075     -1.08438     -1.25103
51     0.296626      0.691079      1.14745      0.94433
52     0.560035     -0.277014      0.0340736   -0.408665
53     2.16178       1.53199       2.16178      2.16178
54    -0.340201     -1.25103      -1.25103     -0.407188
55    -1.25103      -0.44316      -1.23304     -1.25103
56     2.10922       1.9026        1.50343      1.08348
57     0.823128      1.29587       0.534097     0.450492
58     0.768274      0.119155      0.296792     0.686212
59     2.16178       1.42351       2.16178      2.16178
60    -0.590075     -0.0506388    -1.08452     -0.417153
61    -1.25103      -1.25103      -1.25103     -0.34641
62     1.14644       0.244051      0.672371     0.123039
63    -1.21114      -0.70986      -0.176532    -1.13176
64     1.32267       0.90577       1.19901      2.13627
65     0.945196      1.56286       0.304246     1.14732
66     0.456912      0.0548264     0.536918    -0.408198
67     1.9026        2.10785       2.16178      1.37941
68     0.945196      1.56286       0.304246     1.27997
69     1.25259       2.16178       1.14578      1.60944
70    -0.941288     -0.387306     -0.489926    -1.25103
71     0.0383201     0.530583     -0.408877    -0.0448102
72     1.19817       1.17036       1.60944      0.466612
73     0.918012     -0.314401      0.216991     0.279937
74     0.335513     -0.635505      0.24673      0.48151
75    -0.389474     -1.25103      -0.0378645   -0.109966
76     2.16178       1.28207       2.16178      2.16178
77    -0.0384183    -0.103909      0.850409     0.532151
78    -0.699678     -1.25103      -1.25103     -0.447347
79     0.341289      0.0329923     0.63365     -0.60132
80    -0.486229     -0.962917     -0.57394      0.26818
81     0.864573      1.24589       2.0768       1.46835
82    -0.24811      -1.20846      -0.0849369   -0.199546
83    -0.57394       0.0996995     0.267097     0.0336816
84     1.06151       1.99877       1.66408      1.33646
85     1.69196       1.15082       0.909163     0.639621
86     0.0336811     0.107974      0.6892       0.2662
87     0.683463      1.15082       1.69196      0.639621
88     0.00951938    0.688233      0.157811    -0.387306
89     2.16178       2.16178       1.41235      2.16178
90     2.16178       2.16178       1.50379      2.16178
91     0.906907      1.37875       2.13463      1.19738
92     0.00951961    0.411922      0.593462     1.22387
93     0.220509      0.960091      0.91892      1.38492
94     1.54694       2.16178       1.54608      2.16178
95    -0.789491     -0.0849369    -0.248385    -1.20829
96     2.15849       1.15724       1.54386      2.13733
97     2.16178       1.2286        2.16178      1.1648
98     0.279937      0.66901       0.918012    -0.314401
99    -1.25103      -1.25103      -0.352634    -0.0976561
100    1.20671       0.502962      1.54462      0.716031
;

radius = 1.17801
height = 3.4128
softness = 0.6

---------------------------- Solution coords data ----------------------------
distances [*,1,*]
:     1   2   3   4    :=
1     0   1   0   1
2     0   1   0   1
3     0   1   0   1
4     0   1   0   1
5     0   1   0   1
6     0   1   0   1
7     0   1   0   1
8     0   1   0   1
9     0   1   0   1
10    0   1   0   1
11    0   1   0   1
12    0   1   0   1
13    0   1   0   1
14    0   1   0   1
15    0   1   0   1
16    0   1   0   1
17    0   1   0   1
18    0   1   0   1
19    0   1   0   1
20    0   1   0   1
21    0   1   0   1
22    0   1   0   1
23    0   1   0   1
24    0   1   0   1
25    0   1   0   1
26    0   1   0   1
27    0   1   0   1
28    0   1   0   1
29    0   1   0   1
30    0   1   0   1
31    0   1   0   1
32    0   1   0   1
33    0   1   0   1
34    0   1   0   1
35    0   1   0   1
36    0   1   0   1
37    0   1   0   1
38    0   1   0   1
39    0   1   0   1
40    0   1   0   1
41    0   1   0   1
42    0   1   0   1
43    0   1   0   1
44    0   1   0   1
45    0   1   0   1
46    0   1   0   1
47    0   1   0   1
48    0   1   0   1
49    0   1   0   1
50    0   1   0   1
51    0   1   0   1
52    0   1   0   1
53    0   1   0   1
54    0   1   0   1
55    0   1   0   1
56    0   1   0   1
57    0   1   0   1
58    0   1   0   1
59    0   1   0   1
60    0   1   0   1
61    0   1   0   1
62    0   1   0   1
63    0   1   0   1
64    0   1   0   1
65    0   1   0   1
66    0   1   0   1
67    0   1   0   1
68    0   1   0   1
69    0   1   0   1
70    0   1   0   1
71    0   1   0   1
72    0   1   0   1
73    0   1   0   1
74    0   1   0   1
75    0   1   0   1
76    0   1   0   1
77    0   1   0   1
78    0   1   0   1
79    0   1   0   1
80    0   1   0   1
81    0   1   0   1
82    0   1   0   1
83    0   1   0   1
84    0   1   0   1
85    0   1   0   1
86    0   1   0   1
87    0   1   0   1
88    0   1   0   1
89    0   1   0   1
90    0   1   0   1
91    0   1   0   1
92    0   1   0   1
93    0   1   0   1
94    0   1   0   1
95    0   1   0   1
96    0   1   0   1
97    0   1   0   1
98    0   1   0   1
99    0   1   0   1
100   0   1   0   1

 [*,2,*]
:     1   2   3   4    :=
1     0   0   1   1
2     0   0   1   1
3     0   0   1   1
4     0   0   1   1
5     0   0   1   1
6     0   0   1   1
7     0   0   1   1
8     0   0   1   1
9     0   0   1   1
10    0   0   1   1
11    0   0   1   1
12    0   0   1   1
13    0   0   1   1
14    0   0   1   1
15    0   0   1   1
16    0   0   1   1
17    0   0   1   1
18    0   0   1   1
19    0   0   1   1
20    0   0   1   1
21    0   0   1   1
22    0   0   1   1
23    0   0   1   1
24    0   0   1   1
25    0   0   1   1
26    0   0   1   1
27    0   0   1   1
28    0   0   1   1
29    0   0   1   1
30    0   0   1   1
31    0   0   1   1
32    0   0   1   1
33    0   0   1   1
34    0   0   1   1
35    0   0   1   1
36    0   0   1   1
37    0   0   1   1
38    0   0   1   1
39    0   0   1   1
40    0   0   1   1
41    0   0   1   1
42    0   0   1   1
43    0   0   1   1
44    0   0   1   1
45    0   0   1   1
46    0   0   1   1
47    0   0   1   1
48    0   0   1   1
49    0   0   1   1
50    0   0   1   1
51    0   0   1   1
52    0   0   1   1
53    0   0   1   1
54    0   0   1   1
55    0   0   1   1
56    0   0   1   1
57    0   0   1   1
58    0   0   1   1
59    0   0   1   1
60    0   0   1   1
61    0   0   1   1
62    0   0   1   1
63    0   0   1   1
64    0   0   1   1
65    0   0   1   1
66    0   0   1   1
67    0   0   1   1
68    0   0   1   1
69    0   0   1   1
70    0   0   1   1
71    0   0   1   1
72    0   0   1   1
73    0   0   1   1
74    0   0   1   1
75    0   0   1   1
76    0   0   1   1
77    0   0   1   1
78    0   0   1   1
79    0   0   1   1
80    0   0   1   1
81    0   0   1   1
82    0   0   1   1
83    0   0   1   1
84    0   0   1   1
85    0   0   1   1
86    0   0   1   1
87    0   0   1   1
88    0   0   1   1
89    0   0   1   1
90    0   0   1   1
91    0   0   1   1
92    0   0   1   1
93    0   0   1   1
94    0   0   1   1
95    0   0   1   1
96    0   0   1   1
97    0   0   1   1
98    0   0   1   1
99    0   0   1   1
100   0   0   1   1

 [*,3,*]
:     1   2   3   4    :=
1     1   0   0   1
2     1   0   0   1
3     1   0   0   1
4     1   0   0   1
5     1   0   0   1
6     1   0   0   1
7     1   0   0   1
8     1   0   0   1
9     1   0   0   1
10    1   0   0   1
11    1   0   0   1
12    1   0   0   1
13    1   0   0   1
14    1   0   0   1
15    1   0   0   1
16    1   0   0   1
17    1   0   0   1
18    1   0   0   1
19    1   0   0   1
20    1   0   0   1
21    1   0   0   1
22    1   0   0   1
23    1   0   0   1
24    1   0   0   1
25    1   0   0   1
26    1   0   0   1
27    1   0   0   1
28    1   0   0   1
29    1   0   0   1
30    1   0   0   1
31    1   0   0   1
32    1   0   0   1
33    1   0   0   1
34    1   0   0   1
35    1   0   0   1
36    1   0   0   1
37    1   0   0   1
38    1   0   0   1
39    1   0   0   1
40    1   0   0   1
41    1   0   0   1
42    1   0   0   1
43    1   0   0   1
44    1   0   0   1
45    1   0   0   1
46    1   0   0   1
47    1   0   0   1
48    1   0   0   1
49    1   0   0   1
50    1   0   0   1
51    1   0   0   1
52    1   0   0   1
53    1   0   0   1
54    1   0   0   1
55    1   0   0   1
56    1   0   0   1
57    1   0   0   1
58    1   0   0   1
59    1   0   0   1
60    1   0   0   1
61    1   0   0   1
62    1   0   0   1
63    1   0   0   1
64    1   0   0   1
65    1   0   0   1
66    1   0   0   1
67    1   0   0   1
68    1   0   0   1
69    1   0   0   1
70    1   0   0   1
71    1   0   0   1
72    1   0   0   1
73    1   0   0   1
74    1   0   0   1
75    1   0   0   1
76    1   0   0   1
77    1   0   0   1
78    1   0   0   1
79    1   0   0   1
80    1   0   0   1
81    1   0   0   1
82    1   0   0   1
83    1   0   0   1
84    1   0   0   1
85    1   0   0   1
86    1   0   0   1
87    1   0   0   1
88    1   0   0   1
89    1   0   0   1
90    1   0   0   1
91    1   0   0   1
92    1   0   0   1
93    1   0   0   1
94    1   0   0   1
95    1   0   0   1
96    1   0   0   1
97    1   0   0   1
98    1   0   0   1
99    1   0   0   1
100   1   0   0   1

 [*,4,*]
:     1   2   3   4    :=
1     1   1   1   0
2     1   1   1   0
3     1   1   1   0
4     1   1   1   0
5     1   1   1   0
6     1   1   1   0
7     1   1   1   0
8     1   1   1   0
9     1   1   1   0
10    1   1   1   0
11    1   1   1   0
12    1   1   1   0
13    1   1   1   0
14    1   1   1   0
15    1   1   1   0
16    1   1   1   0
17    1   1   1   0
18    1   1   1   0
19    1   1   1   0
20    1   1   1   0
21    1   1   1   0
22    1   1   1   0
23    1   1   1   0
24    1   1   1   0
25    1   1   1   0
26    1   1   1   0
27    1   1   1   0
28    1   1   1   0
29    1   1   1   0
30    1   1   1   0
31    1   1   1   0
32    1   1   1   0
33    1   1   1   0
34    1   1   1   0
35    1   1   1   0
36    1   1   1   0
37    1   1   1   0
38    1   1   1   0
39    1   1   1   0
40    1   1   1   0
41    1   1   1   0
42    1   1   1   0
43    1   1   1   0
44    1   1   1   0
45    1   1   1   0
46    1   1   1   0
47    1   1   1   0
48    1   1   1   0
49    1   1   1   0
50    1   1   1   0
51    1   1   1   0
52    1   1   1   0
53    1   1   1   0
54    1   1   1   0
55    1   1   1   0
56    1   1   1   0
57    1   1   1   0
58    1   1   1   0
59    1   1   1   0
60    1   1   1   0
61    1   1   1   0
62    1   1   1   0
63    1   1   1   0
64    1   1   1   0
65    1   1   1   0
66    1   1   1   0
67    1   1   1   0
68    1   1   1   0
69    1   1   1   0
70    1   1   1   0
71    1   1   1   0
72    1   1   1   0
73    1   1   1   0
74    1   1   1   0
75    1   1   1   0
76    1   1   1   0
77    1   1   1   0
78    1   1   1   0
79    1   1   1   0
80    1   1   1   0
81    1   1   1   0
82    1   1   1   0
83    1   1   1   0
84    1   1   1   0
85    1   1   1   0
86    1   1   1   0
87    1   1   1   0
88    1   1   1   0
89    1   1   1   0
90    1   1   1   0
91    1   1   1   0
92    1   1   1   0
93    1   1   1   0
94    1   1   1   0
95    1   1   1   0
96    1   1   1   0
97    1   1   1   0
98    1   1   1   0
99    1   1   1   0
100   1   1   1   0
;

---------------------------- Solution stats data ----------------------------
_ampl_time = 0.297766
_total_solve_time = 61314.8
_ampl_elapsed_time = 0.294367
_ampl_user_time = 0.255088

Total time elapsed: $61314.83.
_total_solve_time = 61314.8

---------------------------- Solution miscs data ----------------------------
tetrahedron_volume [*] :=
  1 0.117851    21 0.117851    41 0.117851    61 0.117851    81 0.117851
  2 0.117851    22 0.117851    42 0.117851    62 0.117851    82 0.117851
  3 0.117851    23 0.117851    43 0.117851    63 0.117851    83 0.117851
  4 0.117851    24 0.117851    44 0.117851    64 0.117851    84 0.117851
  5 0.117851    25 0.117851    45 0.117851    65 0.117851    85 0.117851
  6 0.117851    26 0.117851    46 0.117851    66 0.117851    86 0.117851
  7 0.117851    27 0.117851    47 0.117851    67 0.117851    87 0.117851
  8 0.117851    28 0.117851    48 0.117851    68 0.117851    88 0.117851
  9 0.117851    29 0.117851    49 0.117851    69 0.117851    89 0.117851
 10 0.117851    30 0.117851    50 0.117851    70 0.117851    90 0.117851
 11 0.117851    31 0.117851    51 0.117851    71 0.117851    91 0.117851
 12 0.117851    32 0.117851    52 0.117851    72 0.117851    92 0.117851
 13 0.117851    33 0.117851    53 0.117851    73 0.117851    93 0.117851
 14 0.117851    34 0.117851    54 0.117851    74 0.117851    94 0.117851
 15 0.117851    35 0.117851    55 0.117851    75 0.117851    95 0.117851
 16 0.117851    36 0.117851    56 0.117851    76 0.117851    96 0.117851
 17 0.117851    37 0.117851    57 0.117851    77 0.117851    97 0.117851
 18 0.117851    38 0.117851    58 0.117851    78 0.117851    98 0.117851
 19 0.117851    39 0.117851    59 0.117851    79 0.117851    99 0.117851
 20 0.117851    40 0.117851    60 0.117851    80 0.117851   100 0.117851
;

---------------------------- Solution miscs data ----------------------------
tetrahedron_surface_area [*] :=
  1 0    11 0    21 0    31 0    41 0    51 0    61 0    71 0    81 0    91 0
  2 0    12 0    22 0    32 0    42 0    52 0    62 0    72 0    82 0    92 0
  3 0    13 0    23 0    33 0    43 0    53 0    63 0    73 0    83 0    93 0
  4 0    14 0    24 0    34 0    44 0    54 0    64 0    74 0    84 0    94 0
  5 0    15 0    25 0    35 0    45 0    55 0    65 0    75 0    85 0    95 0
  6 0    16 0    26 0    36 0    46 0    56 0    66 0    76 0    86 0    96 0
  7 0    17 0    27 0    37 0    47 0    57 0    67 0    77 0    87 0    97 0
  8 0    18 0    28 0    38 0    48 0    58 0    68 0    78 0    88 0    98 0
  9 0    19 0    29 0    39 0    49 0    59 0    69 0    79 0    89 0    99 0
 10 0    20 0    30 0    40 0    50 0    60 0    70 0    80 0    90 0   100 0
;

