Error at _cmdno 5 executing "solve" command
(file amplin, line 1977, offset 37900):
error processing param distances:
	3600 invalid subscripts discarded:
	distances[76,1,1]
	distances[76,1,2]
	distances[76,1,3]
	and 3597 more.
##### This license is only intended for use by NEOS. #####
##### License is valid until Jan 16, 2026 #####
ariables.
Adjusted problem:
14776 variables:
	9225 nonlinear variables
	5551 linear variables
30525 constraints; 179175 nonzeros
	25950 nonlinear constraints
	4575 linear constraints
	2850 equality constraints
	27675 inequality constraints
1 linear objective; 1 nonzero.

Artelys Knitro 14.2.0: threads=4
algorithm=1
ms_enable=1
ms_maxsolves=10
feastol=1e-5
opttol=1e-5
honorbnds=1
bar_initpt=3
bar_murule=4
scale=1
outlev=2
maxtime_real=1200
WARNING:  Option 'threads' is deprecated, please use 'numthreads'.

=======================================
           Academic License
       (NOT FOR COMMERCIAL USE)
         Artelys Knitro 14.2.0
=======================================

No start point provided -- Knitro computing one.

Knitro presolve eliminated 0 variables and 0 constraints.

algorithm                1
bar_initpt               3
bar_murule               4
concurrent_evals         0
datacheck                0
feastol                  1e-05
findiff_numthreads       1
hessian_no_f             1
hessopt                  1
honorbnds                1
maxtime_real             1200
ms_enable                1
ms_maxsolves             10
numthreads               4
opttol                   1e-05

Problem Characteristics                                 (   Presolved)
-----------------------
Objective goal:  Minimize
Objective type:  linear
Number of variables:                              14776 (       14776)
    bounded below only:                             901 (         901)
    bounded above only:                               0 (           0)
    bounded below and above:                          0 (           0)
    fixed:                                            0 (           0)
    free:                                         13875 (       13875)
Number of constraints:                            30525 (       30525)
    linear equalities:                                0 (           0)
    quadratic equalities:                          2775 (        2775)
    gen. nonlinear equalities:                       75 (          75)
    linear one-sided inequalities:                 4575 (        4575)
    quadratic one-sided inequalities:             23100 (       23100)
    gen. nonlinear one-sided inequalities:            0 (           0)
    linear two-sided inequalities:                    0 (           0)
    quadratic two-sided inequalities:                 0 (           0)
    gen. nonlinear two-sided inequalities:            0 (           0)
Number of nonzeros in Jacobian:                  179175 (      179175)
Number of nonzeros in Hessian:                    80775 (       80775)

Knitro parallel multistart will run with 4 threads.

Return codes description
------------------------
  0:  The final solution satisfies the termination conditions for verifying optimality.
  -100 to -199:  A feasible approximate solution was found.
  -200 to -299:  Knitro terminated at an infeasible point.
  -300 to -301:  The problem was determined to be unbounded.
  -400 to -499:  Knitro terminated because it reached a pre-defined limit.
    -400 to -409:  A feasible point was found.
    -410 to -419:  No feasible point was found.
  -500 to -599:  Knitro terminated with an input error or some non-standard error.
A more detailed description of individual return codes and their corresponding
termination messages is provided at
https://www.artelys.com/app/docs/knitro/3_referenceManual/returnCodes.html

 Solve #  ThreadID  Status     Objective      FeasError    OptError    Real Time 
--------  --------  ------  --------------   ----------   ----------  ----------
      7          3    -202         3758.22      54199.8     0.999970      243.453
      0          0       0         2.13265  1.66688e-04  3.61153e-06      783.781
      4          0    -202         35940.1      1.09506     0.999988      1947.25
      9          3    -410         659.522     0.163010     0.355477      2475.72
      6          1    -410         556.441  9.26713e-04  7.11876e-02      2326.06
      2          1    -410         5054.70      7.99918     0.999861      2924.17
      8          2    -410         2244.72  2.63801e-02     0.328955      2573.12
      5          0    -410         1145.81  3.24375e-03     0.126439      2578.45
      1          3    -410         2639.39     0.692684      2.23369      2939.09
      3          2    -410         6023.50     0.196748     0.946304      3119.56

MULTISTART: Best locally optimal solution is returned.
EXIT: Locally optimal solution found.

Final Statistics
----------------
Final objective value               =   2.13264896959552e+00
Final feasibility error (abs / rel) =   1.67e-04 / 9.21e-06
Final optimality error  (abs / rel) =   3.61e-06 / 3.61e-06
# of iterations                     =      80391 
# of CG iterations                  =          0 
# of function evaluations           =      96369
# of gradient evaluations           =      80765
# of Hessian evaluations            =      80455
Total program time (secs)           =    5693.76318 ( 21804.273 CPU time)

===============================================================================

Knitro 14.2.0: Locally optimal or satisfactory solution.
objective 2.13264897; feasibility error 0.000167
80391 iterations; 96369 function evaluations

suffix feaserror OUT;
suffix opterror OUT;
suffix numfcevals OUT;
suffix numiters OUT;
---------------------------- Container and geometric considerations  ----------------------------
Container type: cube
Structural conservation type: surface
---------------------------- Solution execution data ----------------------------
solve_result_num = 0
solve_result = solved

---------------------------- Solution data ----------------------------
card(figures) = 75

coords [*,*,1]
:       1         2         3         4       :=
1    20.1321   18.9899   19.739    19.3854
2    21.0365   20.4732   21.0663   21.0663
3    20.0944   19.9861   20.7096   21.0663
4    19.9691   18.9337   18.9626   18.9337
5    21.0663   21.0663   21.0663   20.354
6    20.0304   19.6441   18.9337   19.9947
7    21.0663   20.3468   19.9861   20.0944
8    21.0663   20.153    20.2464   20.332
9    20.1297   20.4423   21.0466   20.8662
10   19.7428   18.9337   18.9337   19.5455
11   20.0568   19.1097   19.0371   18.9337
12   19.6245   20.4677   19.972    20.0302
13   19.8314   19.5272   20.4384   20.493
14   21.0663   20.1852   21.0283   21.0663
15   18.9337   19.4107   20.0417   18.9337
16   20.0417   21.0663   20.7255   20.7829
17   18.9337   19.9816   19.371    18.9337
18   20.1016   19.3724   18.9337   18.9558
19   21.0663   20.2195   21.0663   21.0663
20   19.9771   21.0663   20.6152   21.0663
21   19.144    20.2306   19.4971   19.8965
22   19.1206   18.9337   19.9708   18.9337
23   19.6272   20.3781   19.8747   19.1844
24   19.9497   19.6606   20.7875   20.0043
25   21.0663   20.9493   21.0663   20.3728
26   21.0663   20.3626   20.1726   21.0663
27   19.4466   19.1901   18.9337   19.991
28   19.3466   19.9315   20.0806   20.5663
29   19.7273   19.6545   19.5518   20.2584
30   21.0663   20.883    20.1349   21.0663
31   20.1523   20.2048   20.9292   21.0628
32   19.31     19.991    19.8561   18.9337
33   20.5841   21.0663   19.9838   21.0444
34   20.2099   20.3972   21.0663   20.3529
35   18.9337   18.9337   20.1013   19.2462
36   18.9337   18.9521   20.1141   19.38
37   18.9337   19.5679   19.1193   18.9337
38   19.4098   20.4981   20.3869   19.8174
39   20.8576   20.9317   21.0663   20.0282
40   19.9655   19.685    19.0815   19.4051
41   20.0354   20.002    19.5778   20.3297
42   20.3893   20.7979   20.3744   19.5743
43   20.073    20.9065   21.0506   21.0663
44   21.0459   20.0408   21.0481   20.6809
45   19.4452   20.0705   20.6827   20.1194
46   19.9922   21.0663   21.0663   21.0663
47   20.0321   21.0652   19.8453   20.3415
48   19.9708   20.5712   21.0663   19.9389
49   20.2708   20.2464   21.0663   21.0663
50   19.6416   20.314    19.6728   19.193
51   20.9385   20.7695   20.2336   20.2817
52   19.6003   20.2242   20.3976   20.2154
53   19.4112   20.1663   19.5376   18.9337
54   20.0265   20.0148   20.9162   21.0476
55   18.9337   18.9337   19.5671   18.9381
56   18.9337   18.9337   18.9337   19.7039
57   18.9337   18.9337   19.1952   19.9882
58   20.0451   20.0795   20.8339   20.4421
59   18.9882   19.8325   18.9337   18.9337
60   18.9337   19.99     18.9337   18.9337
61   19.0979   19.322    19.7643   20.1841
62   20.4473   19.2424   19.5455   20.0169
63   19.4724   19.8806   19.6101   19.1101
64   20.0786   19.5492   20.764    19.7501
65   19.5778   20.8213   20.5014   19.9655
66   20.397    19.4559   19.9902   19.7224
67   21.0663   20.6902   19.9821   19.8416
68   21.0663   21.0663   21.0663   20.4868
69   19.5178   19.4013   18.9337   19.5098
70   20.332    19.5662   20.0994   20.2548
71   19.2913   20.3668   20.2279   20.1325
72   19.4023   19.4557   20.1657   19.5238
73   20.4384   19.7313   19.7288   20.5049
74   21.0306   20.1741   20.3165   20.8196
75   18.9337   18.9394   19.5574   19.6728

 [*,*,2]
:       1         2         3         4       :=
1    21.0663   21.0132   20.9911   20.1051
2    21.0663   20.523    21.0385   19.9766
3    20.0032   21.0663   20.9851   20.4473
4    19.9144   19.3344   19.9      19.3334
5    21.0663   19.9636   21.0663   20.4754
6    20.3525   19.4077   19.8751   19.59
7    20.4473   20.0616   21.0663   20.0032
8    21.0663   20.2207   21.0663   21.0663
9    20.2814   21.0663   21.0663   21.0663
10   19.7333   19.0596   18.9337   18.9337
11   20.3521   20.0856   21.0663   20.4054
12   19.5561   19.8394   19.1043   20.3479
13   21.0663   20.3968   21.0663   21.0334
14   20.0955   20.1944   20.8488   21.0663
15   19.8023   19.6543   20.3456   20.4504
16   20.579    20.8804   21.0663   19.8228
17   19.6736   19.9547   19.1409   19.7651
18   21.0663   20.0956   20.654    20.9922
19   20.8736   20.3211   20.282    20.0955
20   18.9844   18.9337   19.6272   18.9652
21   21.0663   20.9644   19.9685   21.0663
22   19.6624   20.5965   20.4983   19.928
23   19.779    19.4358   18.9337   19.0821
24   18.9337   19.3288   18.9337   19.8967
25   19.8213   20.0021   21.0663   20.4438
26   20.4473   20.0701   19.8248   19.2024
27   19.2636   19.8062   18.9337   19.591
28   19.8914   18.9352   20.0219   19.6429
29   20.1686   19.7612   20.9168   20.7133
30   18.9337   18.9337   19.4983   19.8987
31   20.6821   19.5308   20.1923   19.8817
32   19.1801   19.591    18.9337   18.9337
33   19.6037   18.9337   18.9479   19.5805
34   18.9337   18.9337   18.9337   19.9377
35   20.1912   20.9478   20.6162   19.7835
36   20.3038   19.7591   20.0002   19.9069
37   20.0829   20.0256   19.1711   19.0049
38   20.2481   19.6465   20.6501   19.6098
39   19.4579   20.2775   20.0955   19.5733
40   19.3136   19.7339   19.0516   20.0753
41   19.8605   20.6971   20.0689   20.9806
42   18.9337   18.9337   19.8779   18.9337
43   19.9534   19.079    20.1204   19.6158
44   20.1401   19.427    19.1443   18.9508
45   20.4999   19.5124   20.5927   20.7202
46   19.6027   19.5775   20.1356   19.6024
47   20.3731   21.0663   21.0577   20.3427
48   18.9337   19.5895   19.5251   19.6067
49   20.2812   21.0663   21.0273   21.0663
50   21.0345   21.0663   21.0663   20.5249
51   19.7305   20.9628   20.2994   19.8833
52   19.1343   18.9337   18.9337   20.0376
53   19.8107   18.9337   18.9833   18.9337
54   19.4169   20.0089   19.193    20.0997
55   21.0663   20.2098   20.8467   21.0663
56   20.0531   20.494    19.2525   20.0374
57   21.0663   20.5196   19.892    20.7804
58   20.7314   20.1552   21.0663   21.0663
59   18.9337   19.8148   19.175    19.3806
60   21.0663   20.8352   21.0663   20.177
61   20.1036   20.9359   20.1219   20.0505
62   19.5908   19.9027   18.9337   18.9337
63   18.9735   19.8837   18.9337   18.9337
64   19.9216   18.9609   18.9337   19.6009
65   19.8609   19.9214   20.0869   19.3136
66   19.9216   20.7087   21.0549   20.1637
67   20.0955   20.1107   20.4186   19.8717
68   18.9337   20.1205   19.0053   19.1588
69   19.5449   20.6011   20.0829   20.7597
70   21.0663   20.6446   19.9518   20.9895
71   19.8216   19.6429   20.154    20.6749
72   20.5709   19.9452   20.9403   20.9104
73   18.9337   18.9337   19.4655   19.8945
74   18.9337   18.9337   19.9371   18.9337
75   21.0663   20.2384   20.9388   21.0663

 [*,*,3]
:       1         2         3         4       :=
1    20.528    21.0207   21.0663   20.2664
2    20.2831   19.3149   19.6135   20.2634
3    20.4275   21.0663   20.883    21.0663
4    20.3338   19.9576   21.0663   20.7084
5    21.0663   20.498    20.2848   20.2336
6    21.0663   20.3536   21.0663   21.0663
7    21.0663   21.0663   21.0663   20.4275
8    18.9337   18.9616   19.8706   18.9337
9    20.4224   19.8256   20.1169   20.9962
10   20.2419   19.5775   20.3665   19.3083
11   21.0658   20.3029   21.0663   21.0168
12   20.1954   21.0663   21.0663   21.0663
13   21.0663   20.5002   19.9794   20.9606
14   18.9337   19.0492   19.6903   18.9337
15   20.8929   20.2364   21.0572   21.0663
16   20.0649   20.3207   19.7675   19.7838
17   19.6754   20.286    19.5684   20.496
18   20.542    20.2664   20.416    21.0232
19   19.7145   19.1757   20.0765   18.9337
20   19.001    18.9337   19.8552   19.6038
21   20.5756   19.9765   20.1187   20.5492
22   19.6186   20.4202   19.977    20.3632
23   19.8655   18.9337   18.9857   18.9337
24   18.9337   19.4652   19.8176   19.7208
25   21.0663   20.431    21.0663   20.2408
26   21.0663   21.0663   20.4632   21.0663
27   20.2173   21.0663   21.0663   21.0663
28   19.8899   19.7854   20.3743   19.8668
29   18.9337   19.4616   19.9131   18.9337
30   20.1401   19.4948   19.5372   20.2597
31   20.1262   19.6552   20.4219   19.8425
32   20.1085   21.0663   21.0663   21.0663
33   19.824    18.9337   18.9525   19.1102
34   20.1627   21.0181   21.0663   20.8848
35   20.101    19.9807   20.0237   19.6696
36   20.9051   20.3078   20.6841   19.8127
37   18.9337   19.7202   18.9337   19.5565
38   19.7785   19.718    19.6872   19.3085
39   18.9337   19.8679   18.9337   19.3804
40   18.9337   19.763    18.9337   18.9337
41   20.5266   20.9022   19.9146   20.122
42   19.6177   20.2146   20.12     19.9852
43   20.396    20.6971   20.2541   21.0663
44   20.2417   20.0647   20.7395   20.1924
45   19.7659   19.7563   19.6666   20.0543
46   19.4284   18.9957   19.6507   20.0578
47   19.6501   19.6973   19.9459   19.0557
48   18.9337   19.8051   18.9337   19.4554
49   19.0031   19.8706   19.6034   18.9337
50   20.1779   19.1306   18.9337   19.1343
51   20.8657   20.9187   20.0117   20.5356
52   20.0847   20.228    21.0197   20.681
53   19.8553   19.3964   18.9337   19.2214
54   20.0622   20.3776   20.6455   20.2628
55   20.0163   19.1305   19.9925   18.9408
56   18.9509   19.4565   19.5498   19.8749
57   20.0163   19.4509   19.6959   20.0592
58   20.8604   20.5186   20.9069   19.8251
59   20.493    20.2462   19.7624   20.9903
60   20.0163   20.07     20.6871   20.1024
61   20.3093   21.0663   20.2346   20.9154
62   19.8605   19.8908   19.3083   19.7856
63   19.4982   20.2432   20.7349   20.0614
64   20.5835   19.9945   20.2657   19.9886
65   18.9452   18.9337   19.749    18.9337
66   21.0663   20.8549   21.0663   20.2393
67   18.9337   19.8127   19.4534   18.9337
68   20.1401   20.2872   20.8405   19.7494
69   19.5332   18.9337   18.9337   19.8055
70   18.9337   19.82     18.9337   19.6038
71   19.7719   19.8109   20.5218   20.11
72   18.9337   19.1696   18.9337   19.953
73   21.0663   20.8985   20.1925   21.0663
74   21.0286   20.125    20.8461   20.3075
75   18.9337   19.133    19.956    18.9337
;

side = 2.13265
softness = 0.55

---------------------------- Solution coords data ----------------------------
distances [*,1,*]
:    1   2   3   4    :=
1    0   1   0   1
2    0   1   0   1
3    0   1   0   1
4    0   1   0   1
5    0   1   0   1
6    0   1   0   1
7    0   1   0   1
8    0   1   0   1
9    0   1   0   1
10   0   1   0   1
11   0   1   0   1
12   0   1   0   1
13   0   1   0   1
14   0   1   0   1
15   0   1   0   1
16   0   1   0   1
17   0   1   0   1
18   0   1   0   1
19   0   1   0   1
20   0   1   0   1
21   0   1   0   1
22   0   1   0   1
23   0   1   0   1
24   0   1   0   1
25   0   1   0   1
26   0   1   0   1
27   0   1   0   1
28   0   1   0   1
29   0   1   0   1
30   0   1   0   1
31   0   1   0   1
32   0   1   0   1
33   0   1   0   1
34   0   1   0   1
35   0   1   0   1
36   0   1   0   1
37   0   1   0   1
38   0   1   0   1
39   0   1   0   1
40   0   1   0   1
41   0   1   0   1
42   0   1   0   1
43   0   1   0   1
44   0   1   0   1
45   0   1   0   1
46   0   1   0   1
47   0   1   0   1
48   0   1   0   1
49   0   1   0   1
50   0   1   0   1
51   0   1   0   1
52   0   1   0   1
53   0   1   0   1
54   0   1   0   1
55   0   1   0   1
56   0   1   0   1
57   0   1   0   1
58   0   1   0   1
59   0   1   0   1
60   0   1   0   1
61   0   1   0   1
62   0   1   0   1
63   0   1   0   1
64   0   1   0   1
65   0   1   0   1
66   0   1   0   1
67   0   1   0   1
68   0   1   0   1
69   0   1   0   1
70   0   1   0   1
71   0   1   0   1
72   0   1   0   1
73   0   1   0   1
74   0   1   0   1
75   0   1   0   1

 [*,2,*]
:    1   2   3   4    :=
1    0   0   1   1
2    0   0   1   1
3    0   0   1   1
4    0   0   1   1
5    0   0   1   1
6    0   0   1   1
7    0   0   1   1
8    0   0   1   1
9    0   0   1   1
10   0   0   1   1
11   0   0   1   1
12   0   0   1   1
13   0   0   1   1
14   0   0   1   1
15   0   0   1   1
16   0   0   1   1
17   0   0   1   1
18   0   0   1   1
19   0   0   1   1
20   0   0   1   1
21   0   0   1   1
22   0   0   1   1
23   0   0   1   1
24   0   0   1   1
25   0   0   1   1
26   0   0   1   1
27   0   0   1   1
28   0   0   1   1
29   0   0   1   1
30   0   0   1   1
31   0   0   1   1
32   0   0   1   1
33   0   0   1   1
34   0   0   1   1
35   0   0   1   1
36   0   0   1   1
37   0   0   1   1
38   0   0   1   1
39   0   0   1   1
40   0   0   1   1
41   0   0   1   1
42   0   0   1   1
43   0   0   1   1
44   0   0   1   1
45   0   0   1   1
46   0   0   1   1
47   0   0   1   1
48   0   0   1   1
49   0   0   1   1
50   0   0   1   1
51   0   0   1   1
52   0   0   1   1
53   0   0   1   1
54   0   0   1   1
55   0   0   1   1
56   0   0   1   1
57   0   0   1   1
58   0   0   1   1
59   0   0   1   1
60   0   0   1   1
61   0   0   1   1
62   0   0   1   1
63   0   0   1   1
64   0   0   1   1
65   0   0   1   1
66   0   0   1   1
67   0   0   1   1
68   0   0   1   1
69   0   0   1   1
70   0   0   1   1
71   0   0   1   1
72   0   0   1   1
73   0   0   1   1
74   0   0   1   1
75   0   0   1   1

 [*,3,*]
:    1   2   3   4    :=
1    1   0   0   1
2    1   0   0   1
3    1   0   0   1
4    1   0   0   1
5    1   0   0   1
6    1   0   0   1
7    1   0   0   1
8    1   0   0   1
9    1   0   0   1
10   1   0   0   1
11   1   0   0   1
12   1   0   0   1
13   1   0   0   1
14   1   0   0   1
15   1   0   0   1
16   1   0   0   1
17   1   0   0   1
18   1   0   0   1
19   1   0   0   1
20   1   0   0   1
21   1   0   0   1
22   1   0   0   1
23   1   0   0   1
24   1   0   0   1
25   1   0   0   1
26   1   0   0   1
27   1   0   0   1
28   1   0   0   1
29   1   0   0   1
30   1   0   0   1
31   1   0   0   1
32   1   0   0   1
33   1   0   0   1
34   1   0   0   1
35   1   0   0   1
36   1   0   0   1
37   1   0   0   1
38   1   0   0   1
39   1   0   0   1
40   1   0   0   1
41   1   0   0   1
42   1   0   0   1
43   1   0   0   1
44   1   0   0   1
45   1   0   0   1
46   1   0   0   1
47   1   0   0   1
48   1   0   0   1
49   1   0   0   1
50   1   0   0   1
51   1   0   0   1
52   1   0   0   1
53   1   0   0   1
54   1   0   0   1
55   1   0   0   1
56   1   0   0   1
57   1   0   0   1
58   1   0   0   1
59   1   0   0   1
60   1   0   0   1
61   1   0   0   1
62   1   0   0   1
63   1   0   0   1
64   1   0   0   1
65   1   0   0   1
66   1   0   0   1
67   1   0   0   1
68   1   0   0   1
69   1   0   0   1
70   1   0   0   1
71   1   0   0   1
72   1   0   0   1
73   1   0   0   1
74   1   0   0   1
75   1   0   0   1

 [*,4,*]
:    1   2   3   4    :=
1    1   1   1   0
2    1   1   1   0
3    1   1   1   0
4    1   1   1   0
5    1   1   1   0
6    1   1   1   0
7    1   1   1   0
8    1   1   1   0
9    1   1   1   0
10   1   1   1   0
11   1   1   1   0
12   1   1   1   0
13   1   1   1   0
14   1   1   1   0
15   1   1   1   0
16   1   1   1   0
17   1   1   1   0
18   1   1   1   0
19   1   1   1   0
20   1   1   1   0
21   1   1   1   0
22   1   1   1   0
23   1   1   1   0
24   1   1   1   0
25   1   1   1   0
26   1   1   1   0
27   1   1   1   0
28   1   1   1   0
29   1   1   1   0
30   1   1   1   0
31   1   1   1   0
32   1   1   1   0
33   1   1   1   0
34   1   1   1   0
35   1   1   1   0
36   1   1   1   0
37   1   1   1   0
38   1   1   1   0
39   1   1   1   0
40   1   1   1   0
41   1   1   1   0
42   1   1   1   0
43   1   1   1   0
44   1   1   1   0
45   1   1   1   0
46   1   1   1   0
47   1   1   1   0
48   1   1   1   0
49   1   1   1   0
50   1   1   1   0
51   1   1   1   0
52   1   1   1   0
53   1   1   1   0
54   1   1   1   0
55   1   1   1   0
56   1   1   1   0
57   1   1   1   0
58   1   1   1   0
59   1   1   1   0
60   1   1   1   0
61   1   1   1   0
62   1   1   1   0
63   1   1   1   0
64   1   1   1   0
65   1   1   1   0
66   1   1   1   0
67   1   1   1   0
68   1   1   1   0
69   1   1   1   0
70   1   1   1   0
71   1   1   1   0
72   1   1   1   0
73   1   1   1   0
74   1   1   1   0
75   1   1   1   0
;

---------------------------- Solution stats data ----------------------------
_ampl_time = 0.130984
_total_solve_time = 21804.6
_ampl_elapsed_time = 0.127728
_ampl_user_time = 0.113117

Total time elapsed: $21804.62.
_total_solve_time = 21804.6

---------------------------- Solution miscs data ----------------------------
tetrahedron_volume [*] :=
 1 0    8 0   15 0   22 0   29 0   36 0   43 0   50 0   57 0   64 0   71 0
 2 0    9 0   16 0   23 0   30 0   37 0   44 0   51 0   58 0   65 0   72 0
 3 0   10 0   17 0   24 0   31 0   38 0   45 0   52 0   59 0   66 0   73 0
 4 0   11 0   18 0   25 0   32 0   39 0   46 0   53 0   60 0   67 0   74 0
 5 0   12 0   19 0   26 0   33 0   40 0   47 0   54 0   61 0   68 0   75 0
 6 0   13 0   20 0   27 0   34 0   41 0   48 0   55 0   62 0   69 0
 7 0   14 0   21 0   28 0   35 0   42 0   49 0   56 0   63 0   70 0
;

---------------------------- Solution miscs data ----------------------------
tetrahedron_surface_area [*] :=
 1 1.73205   14 1.73205   27 1.73205   40 1.73205   53 1.73205   66 1.73205
 2 1.73205   15 1.73205   28 1.73205   41 1.73205   54 1.73205   67 1.73205
 3 1.73205   16 1.73205   29 1.73205   42 1.73205   55 1.73205   68 1.73205
 4 1.73205   17 1.73205   30 1.73205   43 1.73205   56 1.73205   69 1.73205
 5 1.73205   18 1.73205   31 1.73205   44 1.73205   57 1.73205   70 1.73205
 6 1.73205   19 1.73205   32 1.73205   45 1.73205   58 1.73205   71 1.73205
 7 1.73205   20 1.73205   33 1.73205   46 1.73205   59 1.73205   72 1.73205
 8 1.73205   21 1.73205   34 1.73205   47 1.73205   60 1.73205   73 1.73205
 9 1.73205   22 1.73205   35 1.73205   48 1.73205   61 1.73205   74 1.73205
10 1.73205   23 1.73205   36 1.73205   49 1.73205   62 1.73205   75 1.73205
11 1.73205   24 1.73205   37 1.73205   50 1.73205   63 1.73205
12 1.73205   25 1.73205   38 1.73205   51 1.73205   64 1.73205
13 1.73205   26 1.73205   39 1.73205   52 1.73205   65 1.73205
;

