Error at _cmdno 5 executing "solve" command
(file amplin, line 1977, offset 37909):
error processing param distances:
	4000 invalid subscripts discarded:
	distances[51,1,1]
	distances[51,1,2]
	distances[51,1,3]
	and 3997 more.
##### This license is only intended for use by NEOS. #####
##### License is valid until Jan 16, 2026 #####
riables.
Adjusted problem:
6726 variables:
	4275 nonlinear variables
	2451 linear variables
14100 constraints; 81325 nonzeros
	11675 nonlinear constraints
	2425 linear constraints
	1275 equality constraints
	12825 inequality constraints
1 linear objective; 1 nonzero.

Artelys Knitro 14.2.0: threads=4
algorithm=1
ms_enable=1
ms_maxsolves=10
feastol=1e-5
opttol=1e-5
honorbnds=1
bar_initpt=3
bar_murule=4
scale=1
outlev=2
maxtime_real=1200
WARNING:  Option 'threads' is deprecated, please use 'numthreads'.

=======================================
           Academic License
       (NOT FOR COMMERCIAL USE)
         Artelys Knitro 14.2.0
=======================================

No start point provided -- Knitro computing one.

Knitro presolve eliminated 0 variables and 0 constraints.

algorithm                1
bar_initpt               3
bar_murule               4
concurrent_evals         0
datacheck                0
feastol                  1e-05
findiff_numthreads       1
hessian_no_f             1
hessopt                  1
honorbnds                1
maxtime_real             1200
ms_enable                1
ms_maxsolves             10
numthreads               4
opttol                   1e-05

Problem Characteristics                                 (   Presolved)
-----------------------
Objective goal:  Minimize
Objective type:  linear
Number of variables:                               6726 (        6726)
    bounded below only:                             601 (         601)
    bounded above only:                               0 (           0)
    bounded below and above:                          0 (           0)
    fixed:                                            0 (           0)
    free:                                          6125 (        6125)
Number of constraints:                            14100 (       14100)
    linear equalities:                                0 (           0)
    quadratic equalities:                          1225 (        1225)
    gen. nonlinear equalities:                       50 (          50)
    linear one-sided inequalities:                 2425 (        2425)
    quadratic one-sided inequalities:             10400 (       10400)
    gen. nonlinear one-sided inequalities:            0 (           0)
    linear two-sided inequalities:                    0 (           0)
    quadratic two-sided inequalities:                 0 (           0)
    gen. nonlinear two-sided inequalities:            0 (           0)
Number of nonzeros in Jacobian:                   81325 (       81325)
Number of nonzeros in Hessian:                    36975 (       36975)

Knitro parallel multistart will run with 4 threads.

Return codes description
------------------------
  0:  The final solution satisfies the termination conditions for verifying optimality.
  -100 to -199:  A feasible approximate solution was found.
  -200 to -299:  Knitro terminated at an infeasible point.
  -300 to -301:  The problem was determined to be unbounded.
  -400 to -499:  Knitro terminated because it reached a pre-defined limit.
    -400 to -409:  A feasible point was found.
    -410 to -419:  No feasible point was found.
  -500 to -599:  Knitro terminated with an input error or some non-standard error.
A more detailed description of individual return codes and their corresponding
termination messages is provided at
https://www.artelys.com/app/docs/knitro/3_referenceManual/returnCodes.html

 Solve #  ThreadID  Status     Objective      FeasError    OptError    Real Time 
--------  --------  ------  --------------   ----------   ----------  ----------
      0          0       0         1.79007  9.87902e-05  9.65604e-06      1230.94
      5          2    -201         29709.6     0.835105      11.4247      1632.56
      1          2    -410         356.205  3.43268e-02      1.28729      3057.88
      6          3    -410         245.661     0.115436     0.181168      3354.45
      9          0    -410         483.879  1.16663e-02     0.312553      3456.12
      8          2    -410         509.774  6.31824e-04  3.05640e-02      3602.05
      3          3    -410         1120.96  1.66888e-02     0.574051      3143.74
      2          1    -410         2681.73  1.95665e-02     0.789471      3206.95
      7          1    -410         32235.7  8.96310e-02      1.00000      4660.22
      4          0    -410         22196.2     0.448075  6.66286e-02      3670.59

MULTISTART: Best locally optimal solution is returned.
EXIT: Locally optimal solution found.

Final Statistics
----------------
Final objective value               =   1.79007216082594e+00
Final feasibility error (abs / rel) =   9.88e-05 / 5.40e-06
Final optimality error  (abs / rel) =   9.66e-06 / 9.66e-06
# of iterations                     =      87829 
# of CG iterations                  =          0 
# of function evaluations           =     133153
# of gradient evaluations           =      88179
# of Hessian evaluations            =      87903
Total program time (secs)           =    8360.54199 ( 23821.799 CPU time)

===============================================================================

Knitro 14.2.0: Locally optimal or satisfactory solution.
objective 1.790072161; feasibility error 9.88e-05
87829 iterations; 133153 function evaluations

suffix feaserror OUT;
suffix opterror OUT;
suffix numfcevals OUT;
suffix numiters OUT;
---------------------------- Container and geometric considerations  ----------------------------
Container type: cube
Structural conservation type: volume & surface
---------------------------- Solution execution data ----------------------------
solve_result_num = 0
solve_result = solved

---------------------------- Solution data ----------------------------
card(figures) = 50

coords [*,*,1]
:       1         2         3         4       :=
1    20.895    19.9542   20.7724   20.2175
2    19.62     19.628    19.8651   20.6555
3    19.1463   19.2935   20.2457   19.9941
4    20.7687   20.2096   19.749    19.672
5    19.3461   20.0892   19.167    19.6363
6    20.7176   20.065    20.895    19.6668
7    19.105    19.7224   20.066    19.2126
8    20.81     19.7699   20.895    20.1844
9    19.9775   20.895    20.895    20.0638
10   19.8312   19.5707   20.549    20.5352
11   20.5496   19.6101   20.6346   20.1385
12   19.1169   19.917    19.105    19.7693
13   19.7367   19.8896   19.6959   20.704
14   20.895    20.2084   20.895    20.8912
15   20.7725   20.2142   19.8731   19.7658
16   20.5678   20.5959   19.6101   20.5629
17   19.3364   20.0292   19.4682   20.0918
18   19.105    19.3928   19.105    19.1057
19   20.895    19.9775   20.895    20.895
20   20.3504   19.9297   20.5892   19.5668
21   20.2443   20.2305   19.1451   19.7777
22   20.701    19.562    19.6722   19.6726
23   20.8145   20.895    20.3845   19.6413
24   20.895    20.7917   20.895    19.9872
25   20.895    20.895    20.895    19.9449
26   19.105    19.7761   19.105    19.3774
27   19.6512   19.105    19.105    20.1812
28   20.895    20.317    20.895    20.895
29   20.895    20.0177   20.8918   19.9091
30   20.4673   20.895    19.8312   20.895
31   19.105    19.105    19.105    19.6415
32   20.7067   20.7104   20.0326   20.2888
33   20.1111   19.9513   19.1809   19.2934
34   20.2466   19.9593   20.895    20.8453
35   19.9573   19.5107   20.6702   20.1478
36   20.0003   19.105    19.105    19.105
37   19.105    19.8909   19.4921   20.0638
38   19.8495   20.1879   19.5357   19.4648
39   19.105    19.7374   20.0302   19.1242
40   19.105    19.702    19.2029   19.105
41   19.5101   19.8909   19.105    19.105
42   20.1186   19.4327   20.1764   20.2908
43   20.3516   20.895    20.683    20.8734
44   20.0031   19.105    19.5316   19.47
45   19.105    19.105    19.105    19.6908
46   20.0396   19.4355   20.5438   19.4494
47   20.5295   20.895    20.8895   19.7975
48   20.0107   20.895    20.895    20.895
49   19.7286   20.2184   20.886    19.9562
50   19.1052   19.2126   20.066    19.105

 [*,*,2]
:       1         2         3         4       :=
1    20.2752   20.6672   20.895    19.7584
2    20.1794   19.3514   20.4354   19.7283
3    19.105    19.1336   19.4829   19.105
4    20.8847   19.7502   20.2161   20.895
5    20.2298   19.8618   19.105    20.2728
6    20.1114   19.105    19.105    19.4073
7    20.895    20.7593   20.0726   20.0481
8    20.743    20.3515   19.8613   20.8013
9    20.0243   20.895    20.1378   20.895
10   19.3117   19.3222   19.5457   20.0634
11   19.9845   19.3525   19.6865   19.3338
12   19.967    20.0686   20.2629   19.4224
13   20.8944   20.7435   20.1631   20.8458
14   20.895    20.5749   19.7388   20.895
15   20.895    19.7601   20.6445   20.2013
16   19.6432   20.1007   19.3525   19.9797
17   19.1613   19.9726   20.4135   19.4265
18   19.692    19.1815   19.105    20.2801
19   20.895    20.0243   20.1378   19.7124
20   19.5527   20.481    20.6259   20.2251
21   19.482    19.105    19.105    19.105
22   19.8917   20.3835   19.6328   20.5356
23   19.7398   19.105    20.198    19.2669
24   19.6126   19.105    19.105    19.105
25   20.895    19.9997   20.8496   20.7929
26   20.2629   19.4138   19.9891   19.184
27   19.2631   19.105    20.3699   19.7695
28   20.0167   19.3498   19.9731   19.105
29   19.105    19.4446   19.7214   19.2084
30   20.3386   19.7434   19.3117   19.2148
31   20.4599   20.1587   19.2086   20.2671
32   20.6243   20.0972   19.6034   19.9058
33   19.8392   20.0508   19.105    20.0653
34   19.3796   19.105    19.105    19.9276
35   20.043    20.3924   20.5614   19.7802
36   20.895    20.895    20.895    20.0348
37   20.895    20.895    20.182    20.895
38   19.3082   20.1908   19.3681   19.763
39   20.895    20.895    20.895    20.1516
40   19.1145   20.2113   19.283    20.1587
41   20.2142   20.895    20.895    20.895
42   19.6045   19.2007   20.1898   19.9931
43   19.4686   19.9731   19.7888   20.619
44   19.105    19.105    19.3827   19.7846
45   20.1587   20.895    20.895    19.9105
46   20.566    20.6316   20.7526   20.1643
47   20.7976   20.895    19.7624   20.3849
48   19.1181   19.105    19.9651   19.6126
49   20.4991   20.895    20.895    20.895
50   20.2635   20.0481   20.0726   20.895

 [*,*,3]
:       1         2         3         4       :=
1    20.8673   20.1182   20.8944   20.8824
2    19.105    19.105    19.7122   19.6745
3    19.6409   20.895    20.1393   20.5796
4    20.895    20.8803   20.5587   20.895
5    19.5497   20.5049   20.0844   20.211
6    20.895    20.4937   20.895    20.895
7    20.895    20.8752   20.895    19.9617
8    20.6821   20.078    19.7792   20.239
9    19.105    19.105    19.6844   19.105
10   19.206    20.2874   19.5173   19.9404
11   20.8371   20.2732   19.6107   20.6203
12   19.7589   20.7334   20.8581   20.6959
13   20.895    19.913    20.5321   20.8755
14   20.2378   19.2249   19.7248   19.6054
15   20.8945   20.8787   20.0412   20.57
16   19.5762   20.0119   20.2732   20.7955
17   20.2155   20.895    20.0955   20.5823
18   19.7746   20.3371   20.895    20.8945
19   19.105    19.105    19.6844   19.105
20   19.105    19.8438   19.7305   19.105
21   20.1394   19.1589   19.6396   20.34
22   19.8074   19.5609   19.2788   20.1648
23   19.105    19.1498   19.53     19.105
24   20.4069   20.7697   19.509    19.7936
25   20.2378   19.9318   20.8686   20.0355
26   20.8581   20.6942   19.7894   20.2603
27   20.6181   20.895    20.895    20.895
28   20.0183   19.9584   20.895    20.895
29   19.1871   20.0326   19.7141   19.105
30   19.5813   19.7371   19.206    19.1889
31   19.6611   19.105    19.8461   20.2283
32   20.5389   20.8884   20.8605   19.7113
33   20.5404   19.7635   20.098    19.6021
34   19.8443   20.4426   20.895    20.8144
35   19.7917   20.0717   20.4665   20.8332
36   20.0619   20.895    20.1335   19.9677
37   19.105    20.0707   19.105    19.105
38   19.1389   19.964    20.2914   19.3512
39   20.895    20.895    20.0341   20.0757
40   19.105    19.3069   20.0063   19.105
41   19.1485   20.0707   19.105    20.1335
42   19.4118   20.2614   19.9993   20.6032
43   20.6633   20.895    19.6617   20.5969
44   19.1225   19.105    20.2629   19.2609
45   19.105    20.1335   19.105    19.5974
46   20.1491   19.9393   19.3417   19.105
47   19.731    20.2378   19.7283   19.8701
48   19.8095   19.3204   19.8818   20.4069
49   19.2038   19.1459   19.5257   20.3834
50   20.8611   19.9617   20.895    20.895
;

side = 1.79007
softness = 0.6

---------------------------- Solution coords data ----------------------------
distances [*,1,*]
:    1   2   3   4    :=
1    0   1   0   1
2    0   1   0   1
3    0   1   0   1
4    0   1   0   1
5    0   1   0   1
6    0   1   0   1
7    0   1   0   1
8    0   1   0   1
9    0   1   0   1
10   0   1   0   1
11   0   1   0   1
12   0   1   0   1
13   0   1   0   1
14   0   1   0   1
15   0   1   0   1
16   0   1   0   1
17   0   1   0   1
18   0   1   0   1
19   0   1   0   1
20   0   1   0   1
21   0   1   0   1
22   0   1   0   1
23   0   1   0   1
24   0   1   0   1
25   0   1   0   1
26   0   1   0   1
27   0   1   0   1
28   0   1   0   1
29   0   1   0   1
30   0   1   0   1
31   0   1   0   1
32   0   1   0   1
33   0   1   0   1
34   0   1   0   1
35   0   1   0   1
36   0   1   0   1
37   0   1   0   1
38   0   1   0   1
39   0   1   0   1
40   0   1   0   1
41   0   1   0   1
42   0   1   0   1
43   0   1   0   1
44   0   1   0   1
45   0   1   0   1
46   0   1   0   1
47   0   1   0   1
48   0   1   0   1
49   0   1   0   1
50   0   1   0   1

 [*,2,*]
:    1   2   3   4    :=
1    0   0   1   1
2    0   0   1   1
3    0   0   1   1
4    0   0   1   1
5    0   0   1   1
6    0   0   1   1
7    0   0   1   1
8    0   0   1   1
9    0   0   1   1
10   0   0   1   1
11   0   0   1   1
12   0   0   1   1
13   0   0   1   1
14   0   0   1   1
15   0   0   1   1
16   0   0   1   1
17   0   0   1   1
18   0   0   1   1
19   0   0   1   1
20   0   0   1   1
21   0   0   1   1
22   0   0   1   1
23   0   0   1   1
24   0   0   1   1
25   0   0   1   1
26   0   0   1   1
27   0   0   1   1
28   0   0   1   1
29   0   0   1   1
30   0   0   1   1
31   0   0   1   1
32   0   0   1   1
33   0   0   1   1
34   0   0   1   1
35   0   0   1   1
36   0   0   1   1
37   0   0   1   1
38   0   0   1   1
39   0   0   1   1
40   0   0   1   1
41   0   0   1   1
42   0   0   1   1
43   0   0   1   1
44   0   0   1   1
45   0   0   1   1
46   0   0   1   1
47   0   0   1   1
48   0   0   1   1
49   0   0   1   1
50   0   0   1   1

 [*,3,*]
:    1   2   3   4    :=
1    1   0   0   1
2    1   0   0   1
3    1   0   0   1
4    1   0   0   1
5    1   0   0   1
6    1   0   0   1
7    1   0   0   1
8    1   0   0   1
9    1   0   0   1
10   1   0   0   1
11   1   0   0   1
12   1   0   0   1
13   1   0   0   1
14   1   0   0   1
15   1   0   0   1
16   1   0   0   1
17   1   0   0   1
18   1   0   0   1
19   1   0   0   1
20   1   0   0   1
21   1   0   0   1
22   1   0   0   1
23   1   0   0   1
24   1   0   0   1
25   1   0   0   1
26   1   0   0   1
27   1   0   0   1
28   1   0   0   1
29   1   0   0   1
30   1   0   0   1
31   1   0   0   1
32   1   0   0   1
33   1   0   0   1
34   1   0   0   1
35   1   0   0   1
36   1   0   0   1
37   1   0   0   1
38   1   0   0   1
39   1   0   0   1
40   1   0   0   1
41   1   0   0   1
42   1   0   0   1
43   1   0   0   1
44   1   0   0   1
45   1   0   0   1
46   1   0   0   1
47   1   0   0   1
48   1   0   0   1
49   1   0   0   1
50   1   0   0   1

 [*,4,*]
:    1   2   3   4    :=
1    1   1   1   0
2    1   1   1   0
3    1   1   1   0
4    1   1   1   0
5    1   1   1   0
6    1   1   1   0
7    1   1   1   0
8    1   1   1   0
9    1   1   1   0
10   1   1   1   0
11   1   1   1   0
12   1   1   1   0
13   1   1   1   0
14   1   1   1   0
15   1   1   1   0
16   1   1   1   0
17   1   1   1   0
18   1   1   1   0
19   1   1   1   0
20   1   1   1   0
21   1   1   1   0
22   1   1   1   0
23   1   1   1   0
24   1   1   1   0
25   1   1   1   0
26   1   1   1   0
27   1   1   1   0
28   1   1   1   0
29   1   1   1   0
30   1   1   1   0
31   1   1   1   0
32   1   1   1   0
33   1   1   1   0
34   1   1   1   0
35   1   1   1   0
36   1   1   1   0
37   1   1   1   0
38   1   1   1   0
39   1   1   1   0
40   1   1   1   0
41   1   1   1   0
42   1   1   1   0
43   1   1   1   0
44   1   1   1   0
45   1   1   1   0
46   1   1   1   0
47   1   1   1   0
48   1   1   1   0
49   1   1   1   0
50   1   1   1   0
;

---------------------------- Solution stats data ----------------------------
_ampl_time = 0.147724
_total_solve_time = 23822.2
_ampl_elapsed_time = 0.191519
_ampl_user_time = 0.118963

Total time elapsed: $23822.18.
_total_solve_time = 23822.2

---------------------------- Solution miscs data ----------------------------
tetrahedron_volume [*] :=
 1 0    6 0   11 0   16 0   21 0   26 0   31 0   36 0   41 0   46 0
 2 0    7 0   12 0   17 0   22 0   27 0   32 0   37 0   42 0   47 0
 3 0    8 0   13 0   18 0   23 0   28 0   33 0   38 0   43 0   48 0
 4 0    9 0   14 0   19 0   24 0   29 0   34 0   39 0   44 0   49 0
 5 0   10 0   15 0   20 0   25 0   30 0   35 0   40 0   45 0   50 0
;

---------------------------- Solution miscs data ----------------------------
tetrahedron_surface_area [*] :=
 1 1.73205   10 1.73205   19 1.73205   28 1.73205   37 1.73205   46 1.73205
 2 1.73205   11 1.73205   20 1.73205   29 1.73205   38 1.73205   47 1.73205
 3 1.73205   12 1.73205   21 1.73205   30 1.73205   39 1.73205   48 1.73205
 4 1.73205   13 1.73205   22 1.73205   31 1.73205   40 1.73205   49 1.73205
 5 1.73205   14 1.73205   23 1.73205   32 1.73205   41 1.73205   50 1.73205
 6 1.73205   15 1.73205   24 1.73205   33 1.73205   42 1.73205
 7 1.73205   16 1.73205   25 1.73205   34 1.73205   43 1.73205
 8 1.73205   17 1.73205   26 1.73205   35 1.73205   44 1.73205
 9 1.73205   18 1.73205   27 1.73205   36 1.73205   45 1.73205
;

