Error at _cmdno 5 executing "solve" command
(file amplin, line 1945, offset 37257):
error processing param distances:
	4000 invalid subscripts discarded:
	distances[51,1,1]
	distances[51,1,2]
	distances[51,1,3]
	and 3997 more.
##### This license is only intended for use by NEOS. #####
##### License is valid until Jan 16, 2026 #####
riables.
Adjusted problem:
6726 variables:
	4276 nonlinear variables
	2450 linear variables
13100 constraints; 79725 nonzeros
	11875 nonlinear constraints
	1225 linear constraints
	1275 equality constraints
	11825 inequality constraints
1 linear objective; 1 nonzero.

Artelys Knitro 14.2.0: threads=4
algorithm=1
ms_enable=1
ms_maxsolves=10
feastol=1e-5
opttol=1e-5
honorbnds=1
bar_initpt=3
bar_murule=4
scale=1
outlev=2
maxtime_real=3600
WARNING:  Option 'threads' is deprecated, please use 'numthreads'.

=======================================
           Academic License
       (NOT FOR COMMERCIAL USE)
         Artelys Knitro 14.2.0
=======================================

No start point provided -- Knitro computing one.

Knitro presolve eliminated 0 variables and 0 constraints.

algorithm                1
bar_initpt               3
bar_murule               4
concurrent_evals         0
datacheck                0
feastol                  1e-05
findiff_numthreads       1
hessian_no_f             1
hessopt                  1
honorbnds                1
maxtime_real             3600
ms_enable                1
ms_maxsolves             10
numthreads               4
opttol                   1e-05

Problem Characteristics                                 (   Presolved)
-----------------------
Objective goal:  Minimize
Objective type:  linear
Number of variables:                               6726 (        6726)
    bounded below only:                             601 (         601)
    bounded above only:                               0 (           0)
    bounded below and above:                          0 (           0)
    fixed:                                            0 (           0)
    free:                                          6125 (        6125)
Number of constraints:                            13100 (       13100)
    linear equalities:                                0 (           0)
    quadratic equalities:                          1225 (        1225)
    gen. nonlinear equalities:                       50 (          50)
    linear one-sided inequalities:                 1225 (        1225)
    quadratic one-sided inequalities:             10600 (       10600)
    gen. nonlinear one-sided inequalities:            0 (           0)
    linear two-sided inequalities:                    0 (           0)
    quadratic two-sided inequalities:                 0 (           0)
    gen. nonlinear two-sided inequalities:            0 (           0)
Number of nonzeros in Jacobian:                   79725 (       79725)
Number of nonzeros in Hessian:                    36976 (       36976)

Knitro parallel multistart will run with 4 threads.

Return codes description
------------------------
  0:  The final solution satisfies the termination conditions for verifying optimality.
  -100 to -199:  A feasible approximate solution was found.
  -200 to -299:  Knitro terminated at an infeasible point.
  -300 to -301:  The problem was determined to be unbounded.
  -400 to -499:  Knitro terminated because it reached a pre-defined limit.
    -400 to -409:  A feasible point was found.
    -410 to -419:  No feasible point was found.
  -500 to -599:  Knitro terminated with an input error or some non-standard error.
A more detailed description of individual return codes and their corresponding
termination messages is provided at
https://www.artelys.com/app/docs/knitro/3_referenceManual/returnCodes.html

 Solve #  ThreadID  Status     Objective      FeasError    OptError    Real Time 
--------  --------  ------  --------------   ----------   ----------  ----------
      2          2    -202         1595.25      56554.1      2.03513      252.335
      4          2    -202         1900.83      42982.0      48.4972      280.810
      0          0       0         1.13275  1.48952e-04  7.20971e-06      360.934
      7          3    -202         2216.13      61864.0      5.54846      1830.81
      6          2    -400         1.49158  2.37893e-04  1.58295e-04      3069.26
      8          1    -410         21557.0      2.91102      1.00000      3093.30
      3          3    -410         47.8402  1.28843e-02  1.25761e-03      3043.19
      9          2    -410         22727.1  3.07882e-02      1.00000      3026.79
      1          1    -410         1685.25  7.00966e-02      2.00655      3400.78
      5          0    -410         16315.9     0.120187     0.155913      3707.88

MULTISTART: Best locally optimal solution is returned.
EXIT: Locally optimal solution found.

Final Statistics
----------------
Final objective value               =   1.13274627627511e+00
Final feasibility error (abs / rel) =   1.49e-04 / 1.39e-07
Final optimality error  (abs / rel) =   7.21e-06 / 7.21e-06
# of iterations                     =      69751 
# of CG iterations                  =          0 
# of function evaluations           =      98609
# of gradient evaluations           =      70131
# of Hessian evaluations            =      69806
Total program time (secs)           =    6631.04443 ( 18854.371 CPU time)

===============================================================================

Knitro 14.2.0: Locally optimal or satisfactory solution.
objective 1.132746276; feasibility error 0.000149
69751 iterations; 98609 function evaluations

suffix feaserror OUT;
suffix opterror OUT;
suffix numfcevals OUT;
suffix numiters OUT;
---------------------------- Container and geometric considerations  ----------------------------
Container type: sphere
Structural conservation type: surface
---------------------------- Solution execution data ----------------------------
solve_result_num = 0
solve_result = solved

---------------------------- Solution data ----------------------------
card(figures) = 50

coords [*,*,1]
:       1         2         3         4       :=
1    19.8862   19.1848   19.9593   20.2078
2    20.469    19.2709   20.113    19.6744
3    19.2305   19.478    20.3348   20.0467
4    20.3151   20.8904   19.7584   20.5625
5    19.9997   20.1811   18.9633   19.8056
6    19.4756   20.233    20.6941   19.7559
7    20.1181   19.4974   20.1392   19.1893
8    20.5515   19.9387   20.0019   20.8986
9    20.7738   20.2738   20.4721   20.4969
10   20.0777   20.0025   20.5927   19.7488
11   19.1429   19.4594   19.0465   20.2595
12   20.0584   18.9982   20.1153   20.1905
13   19.2773   19.6726   20.2607   20.4528
14   20.8519   21.096    20.5268   20.6586
15   20.4076   19.7559   19.148    19.6066
16   20.278    20.2741   20.4969   20.4721
17   20.2595   19.4826   19.045    19.143
18   19.2547   19.8345   19.4839   20.3737
19   20.2657   19.763    20.4747   20.301
20   20.0742   18.9959   20.1391   19.4934
21   19.4258   20.3374   19.2345   19.2071
22   18.9229   20.0573   19.5222   19.7442
23   20.6013   20.5407   20.2836   20.5642
24   20.8519   21.0885   20.728    20.5382
25   20.041    18.9891   19.016    19.1671
26   19.3778   20.3175   19.2174   19.9685
27   20.1022   19.7495   20.1612   20.593
28   20.9075   20.1255   20.4786   20.1173
29   20.1188   20.3075   20.8904   20.0252
30   20.4549   20.7024   20.0843   21.0026
31   20.3033   19.2625   20.0537   19.7453
32   19.2845   20.1069   19.0758   19.3523
33   20.4872   19.4349   20.0093   19.9831
34   20.0843   21.0496   20.7024   20.7061
35   18.8837   20.0357   19.1725   19.1788
36   20.3982   19.5262   20.0137   20.4921
37   20.4426   20.0301   20.2225   19.3693
38   19.0858   19.954    19.4841   18.8875
39   20.329    19.3203   19.5572   20.2825
40   19.2424   20.1599   18.9236   19.1354
41   20.5185   20.3071   19.6829   19.3733
42   19.5602   20.5668   20.695    20.0744
43   19.9712   20.1367   18.9501   19.4692
44   18.9921   19.4958   19.1784   20.1253
45   20.0093   19.3709   19.2617   20.3248
46   19.5622   20.7015   20.4871   20.7983
47   19.4143   18.9072   18.9858   20.0267
48   20.1648   20.1362   20.6113   20.7206
49   20.5416   20.6021   20.5664   20.8504
50   20.1849   19.4359   20.3491   19.2124

 [*,*,2]
:       1         2         3         4       :=
1    20.2749   19.9897   20.3742   20.7468
2    20.1086   20.1453   20.4261   19.6114
3    19.3039   19.0533   19.881    18.9758
4    19.7119   20.6049   20.2827   20.4936
5    20.3877   20.098    19.7609   20.0469
6    20.282    20.377    20.0757   19.214
7    18.9795   19.1463   20.1194   19.8172
8    20.8768   20.3541   20.4389   20.6728
9    20.6548   20.4779   19.4783   20.3441
10   19.046    18.8718   20.0064   19.2099
11   19.7731   19.0547   19.3921   19.7945
12   19.4628   19.781    20.3537   20.0037
13   20.3884   20.7813   20.0566   20.7123
14   20.6922   20.0184   19.4507   19.9293
15   19.8126   19.214    19.5669   20.4785
16   19.4769   20.4777   20.3441   19.4777
17   19.7929   20.2481   19.3931   19.7732
18   19.5166   18.937    19.0531   19.9667
19   20.473    19.6457   19.4859   19.4023
20   18.9799   19.536    20.1192   19.1487
21   19.0647   19.8755   19.2933   19.8272
22   20.2645   20.845    20.8817   20.8213
23   19.7698   20.3857   19.1302   19.6192
24   20.6922   19.9367   20.2019   19.4943
25   20.2885   19.5692   19.8332   19.8997
26   20.2952   19.86     19.3165   20.2759
27   18.8728   19.2087   19.5669   20.0071
28   19.6184   18.8837   19.6384   19.0416
29   20.511    19.7001   20.6049   20.2436
30   19.5728   20.0028   18.9046   19.5189
31   20.2854   20.1666   19.1662   19.5568
32   20.1455   20.5746   19.8196   20.2744
33   19.902    19.2671   18.9626   19.4789
34   18.9046   19.6161   20.0028   19.3132
35   20.0065   20.5473   20.1816   20.6384
36   19.6526   19.2665   20.3791   20.0929
37   19.4358   20.2836   19.1071   19.4781
38   20.3055   20.5304   20.8651   19.9937
39   20.772    20.466    20.9228   20.0559
40   19.9331   20.3413   20.0333   19.8862
41   20.8382   20.7765   20.8893   20.2661
42   20.9327   20.7217   20.4228   20.2482
43   18.9712   20.101    19.6093   19.9042
44   19.4978   19.1481   19.9138   20.0983
45   19.1354   19.6051   20.1743   20.2209
46   20.9298   20.4219   20.8445   20.7881
47   20.1969   19.9825   20.2169   20.6032
48   19.0465   19.5027   19.8487   20.203
49   20.3771   19.7613   19.5778   20.6855
50   20.4854   20.5452   20.9945   20.4121

 [*,*,3]
:       1         2         3         4       :=
1    19.7695   20.0982   21.0481   19.9242
2    18.9747   19.1454   19.8781   18.987
3    20.4543   19.6618   20.1422   19.5183
4    19.8615   20.3528   20.8673   20.8503
5    20.8166   20.1581   20.3888   19.5934
6    20.9637   21.0424   20.6131   20.7783
7    19.5229   19.4507   19.9904   19.2303
8    20.4584   19.4578   20.738    19.8484
9    20.2572   19.8406   19.9873   19.042
10   19.541    20.1014   20.221    20.7719
11   20.7049   19.6882   19.9445   20.0736
12   19.7497   20.4014   20.6734   19.9785
13   19.5827   19.7816   18.8991   19.9868
14   19.7203   20.2856   19.7764   19.0811
15   20.6635   20.7783   20.6081   20.9484
16   19.0345   19.8397   19.042    19.988
17   20.0703   20.8004   19.9475   20.7051
18   20.6344   19.6455   20.3468   20.1923
19   19.7948   18.9505   20.0078   19.0861
20   19.5132   19.9352   19.9903   19.4507
21   19.7195   20.1216   20.4291   20.7299
22   20.2304   20.0686   19.4733   20.737
23   20.3697   19.2441   19.332    19.0946
24   19.7203   20.307    20.8295   19.7744
25   19.8866   19.725    20.5128   19.2389
26   20.8843   20.1244   20.4511   20.8579
27   19.955    20.7699   21.0342   20.2212
28   19.4398   20.1459   20.4862   19.4076
29   20.8332   19.8551   20.3528   19.6949
30   20.9453   20.5244   20.2757   19.7847
31   19.888    19.1565   19.309    18.9891
32   19.6116   20.5002   20.6296   20.8879
33   20.2795   20.6532   19.5453   20.7212
34   20.2757   19.8153   20.5244   19.4408
35   20.1922   20.3667   20.7519   19.5513
36   19.9096   20.479    20.8967   20.6633
37   19.9215   19.8178   19.3395   19.2171
38   19.405    20.3246   19.4817   20.213
39   19.9569   19.2229   19.5147   18.9045
40   19.1606   19.8125   19.6488   20.4398
41   20.5583   19.9444   19.584    20.6637
42   19.5313   20.0876   19.2117   18.9998
43   19.527    19.9829   19.9744   20.2532
44   19.9062   19.4494   19.225    19.9787
45   19.2682   19.2776   19.1588   19.8783
46   19.5237   19.217    20.4109   19.8428
47   19.137    20.2975   19.5444   20.1905
48   20.0432   21.0086   20.9416   20.1041
49   19.2597   20.3854   19.1145   19.6998
50   21.0066   20.8171   20.0334   20.1706
;

radius = 1.13275
softness = 0.65

---------------------------- Solution coords data ----------------------------
distances [*,1,*]
:    1   2   3   4    :=
1    0   1   0   1
2    0   1   0   1
3    0   1   0   1
4    0   1   0   1
5    0   1   0   1
6    0   1   0   1
7    0   1   0   1
8    0   1   0   1
9    0   1   0   1
10   0   1   0   1
11   0   1   0   1
12   0   1   0   1
13   0   1   0   1
14   0   1   0   1
15   0   1   0   1
16   0   1   0   1
17   0   1   0   1
18   0   1   0   1
19   0   1   0   1
20   0   1   0   1
21   0   1   0   1
22   0   1   0   1
23   0   1   0   1
24   0   1   0   1
25   0   1   0   1
26   0   1   0   1
27   0   1   0   1
28   0   1   0   1
29   0   1   0   1
30   0   1   0   1
31   0   1   0   1
32   0   1   0   1
33   0   1   0   1
34   0   1   0   1
35   0   1   0   1
36   0   1   0   1
37   0   1   0   1
38   0   1   0   1
39   0   1   0   1
40   0   1   0   1
41   0   1   0   1
42   0   1   0   1
43   0   1   0   1
44   0   1   0   1
45   0   1   0   1
46   0   1   0   1
47   0   1   0   1
48   0   1   0   1
49   0   1   0   1
50   0   1   0   1

 [*,2,*]
:    1   2   3   4    :=
1    0   0   1   1
2    0   0   1   1
3    0   0   1   1
4    0   0   1   1
5    0   0   1   1
6    0   0   1   1
7    0   0   1   1
8    0   0   1   1
9    0   0   1   1
10   0   0   1   1
11   0   0   1   1
12   0   0   1   1
13   0   0   1   1
14   0   0   1   1
15   0   0   1   1
16   0   0   1   1
17   0   0   1   1
18   0   0   1   1
19   0   0   1   1
20   0   0   1   1
21   0   0   1   1
22   0   0   1   1
23   0   0   1   1
24   0   0   1   1
25   0   0   1   1
26   0   0   1   1
27   0   0   1   1
28   0   0   1   1
29   0   0   1   1
30   0   0   1   1
31   0   0   1   1
32   0   0   1   1
33   0   0   1   1
34   0   0   1   1
35   0   0   1   1
36   0   0   1   1
37   0   0   1   1
38   0   0   1   1
39   0   0   1   1
40   0   0   1   1
41   0   0   1   1
42   0   0   1   1
43   0   0   1   1
44   0   0   1   1
45   0   0   1   1
46   0   0   1   1
47   0   0   1   1
48   0   0   1   1
49   0   0   1   1
50   0   0   1   1

 [*,3,*]
:    1   2   3   4    :=
1    1   0   0   1
2    1   0   0   1
3    1   0   0   1
4    1   0   0   1
5    1   0   0   1
6    1   0   0   1
7    1   0   0   1
8    1   0   0   1
9    1   0   0   1
10   1   0   0   1
11   1   0   0   1
12   1   0   0   1
13   1   0   0   1
14   1   0   0   1
15   1   0   0   1
16   1   0   0   1
17   1   0   0   1
18   1   0   0   1
19   1   0   0   1
20   1   0   0   1
21   1   0   0   1
22   1   0   0   1
23   1   0   0   1
24   1   0   0   1
25   1   0   0   1
26   1   0   0   1
27   1   0   0   1
28   1   0   0   1
29   1   0   0   1
30   1   0   0   1
31   1   0   0   1
32   1   0   0   1
33   1   0   0   1
34   1   0   0   1
35   1   0   0   1
36   1   0   0   1
37   1   0   0   1
38   1   0   0   1
39   1   0   0   1
40   1   0   0   1
41   1   0   0   1
42   1   0   0   1
43   1   0   0   1
44   1   0   0   1
45   1   0   0   1
46   1   0   0   1
47   1   0   0   1
48   1   0   0   1
49   1   0   0   1
50   1   0   0   1

 [*,4,*]
:    1   2   3   4    :=
1    1   1   1   0
2    1   1   1   0
3    1   1   1   0
4    1   1   1   0
5    1   1   1   0
6    1   1   1   0
7    1   1   1   0
8    1   1   1   0
9    1   1   1   0
10   1   1   1   0
11   1   1   1   0
12   1   1   1   0
13   1   1   1   0
14   1   1   1   0
15   1   1   1   0
16   1   1   1   0
17   1   1   1   0
18   1   1   1   0
19   1   1   1   0
20   1   1   1   0
21   1   1   1   0
22   1   1   1   0
23   1   1   1   0
24   1   1   1   0
25   1   1   1   0
26   1   1   1   0
27   1   1   1   0
28   1   1   1   0
29   1   1   1   0
30   1   1   1   0
31   1   1   1   0
32   1   1   1   0
33   1   1   1   0
34   1   1   1   0
35   1   1   1   0
36   1   1   1   0
37   1   1   1   0
38   1   1   1   0
39   1   1   1   0
40   1   1   1   0
41   1   1   1   0
42   1   1   1   0
43   1   1   1   0
44   1   1   1   0
45   1   1   1   0
46   1   1   1   0
47   1   1   1   0
48   1   1   1   0
49   1   1   1   0
50   1   1   1   0
;

---------------------------- Solution stats data ----------------------------
_ampl_time = 0.144663
_total_solve_time = 18854.7
_ampl_elapsed_time = 0.139512
_ampl_user_time = 0.124839

Total time elapsed: $18854.72.
_total_solve_time = 18854.7

---------------------------- Solution miscs data ----------------------------
tetrahedron_volume [*] :=
 1 0    6 0   11 0   16 0   21 0   26 0   31 0   36 0   41 0   46 0
 2 0    7 0   12 0   17 0   22 0   27 0   32 0   37 0   42 0   47 0
 3 0    8 0   13 0   18 0   23 0   28 0   33 0   38 0   43 0   48 0
 4 0    9 0   14 0   19 0   24 0   29 0   34 0   39 0   44 0   49 0
 5 0   10 0   15 0   20 0   25 0   30 0   35 0   40 0   45 0   50 0
;

---------------------------- Solution miscs data ----------------------------
tetrahedron_surface_area [*] :=
 1 1.73205   10 1.73205   19 1.73205   28 1.73205   37 1.73205   46 1.73205
 2 1.73205   11 1.73205   20 1.73205   29 1.73205   38 1.73205   47 1.73205
 3 1.73205   12 1.73205   21 1.73205   30 1.73205   39 1.73205   48 1.73205
 4 1.73205   13 1.73205   22 1.73205   31 1.73205   40 1.73205   49 1.73205
 5 1.73205   14 1.73205   23 1.73205   32 1.73205   41 1.73205   50 1.73205
 6 1.73205   15 1.73205   24 1.73205   33 1.73205   42 1.73205
 7 1.73205   16 1.73205   25 1.73205   34 1.73205   43 1.73205
 8 1.73205   17 1.73205   26 1.73205   35 1.73205   44 1.73205
 9 1.73205   18 1.73205   27 1.73205   36 1.73205   45 1.73205
;

