Error at _cmdno 5 executing "solve" command
(file amplin, line 1961, offset 37059):
error processing param distances:
	3200 invalid subscripts discarded:
	distances[101,1,1]
	distances[101,1,2]
	distances[101,1,3]
	and 3197 more.
##### This license is only intended for use by NEOS. #####
##### License is valid until Jan 16, 2026 #####
iables.
Substitution eliminates 1 variable.
Adjusted problem:
25953 variables:
	16053 nonlinear variables
	9900 linear variables
52003 constraints; 313156 nonzeros
	46250 nonlinear constraints
	5753 linear constraints
	5051 equality constraints
	46952 inequality constraints
1 nonlinear objective; 3 nonzeros.

Artelys Knitro 14.2.0: threads=4
algorithm=1
ms_enable=1
ms_maxsolves=10
feastol=1e-5
opttol=1e-5
honorbnds=1
bar_initpt=3
bar_murule=4
scale=1
outlev=2
maxtime_real=1200
WARNING:  Option 'threads' is deprecated, please use 'numthreads'.
WARNING: 1 constraint is constant or undefined and will be ignored.

=======================================
           Academic License
       (NOT FOR COMMERCIAL USE)
         Artelys Knitro 14.2.0
=======================================

No start point provided -- Knitro computing one.

Knitro presolve eliminated 0 variables and 1 constraint.

algorithm                1
bar_initpt               3
bar_murule               4
concurrent_evals         0
datacheck                0
feastol                  1e-05
findiff_numthreads       1
hessian_no_f             1
hessopt                  1
honorbnds                1
maxtime_real             1200
ms_enable                1
ms_maxsolves             10
numthreads               4
opttol                   1e-05

Problem Characteristics                                 (   Presolved)
-----------------------
Objective goal:  Minimize
Objective type:  general
Number of variables:                              25953 (       25953)
    bounded below only:                               1 (           1)
    bounded above only:                               0 (           0)
    bounded below and above:                          0 (           0)
    fixed:                                            0 (           0)
    free:                                         25952 (       25952)
Number of constraints:                            52003 (       52002)
    linear equalities:                                1 (           0)
    quadratic equalities:                          4950 (        4950)
    gen. nonlinear equalities:                      100 (         100)
    linear one-sided inequalities:                 5752 (        5752)
    quadratic one-sided inequalities:             41200 (       41200)
    gen. nonlinear one-sided inequalities:            0 (           0)
    linear two-sided inequalities:                    0 (           0)
    quadratic two-sided inequalities:                 0 (           0)
    gen. nonlinear two-sided inequalities:            0 (           0)
Number of nonzeros in Jacobian:                  313156 (      313156)
Number of nonzeros in Hessian:                   141453 (      141453)

Knitro parallel multistart will run with 4 threads.

Return codes description
------------------------
  0:  The final solution satisfies the termination conditions for verifying optimality.
  -100 to -199:  A feasible approximate solution was found.
  -200 to -299:  Knitro terminated at an infeasible point.
  -300 to -301:  The problem was determined to be unbounded.
  -400 to -499:  Knitro terminated because it reached a pre-defined limit.
    -400 to -409:  A feasible point was found.
    -410 to -419:  No feasible point was found.
  -500 to -599:  Knitro terminated with an input error or some non-standard error.
A more detailed description of individual return codes and their corresponding
termination messages is provided at
https://www.artelys.com/app/docs/knitro/3_referenceManual/returnCodes.html

 Solve #  ThreadID  Status     Objective      FeasError    OptError    Real Time 
--------  --------  ------  --------------   ----------   ----------  ----------
      0          0       0         4.53728  6.11489e-06  1.57295e-06      2084.94
      4          0    -410     1.55318e+09  2.60972e+07      1392.74      7269.56
      3          2    -410     1.05257e+12      171290.      73793.6      6938.32
      2          3    -410     6.94092e+10      17580.7      37829.5      7356.51
      9          2    -410     1.05131e+11  2.59142e+06      59771.4      5163.03
      6          2    -410     1.74223e+10      72.5443      14211.0      5900.77
      7          3    -410     8.95014e+10      995.592      46396.0      5833.00
      8          0    -410     1.69059e+11  6.37626e+06      124822.      5861.00
      1          1    -410     2.17327e+09      9.17109      3734.73      6926.66
      5          1    -410     5.33974e+12      123.106      197299.      6160.87

MULTISTART: Best locally optimal solution is returned.
EXIT: Locally optimal solution found.

Final Statistics
----------------
Final objective value               =   4.53728053947876e+00
Final feasibility error (abs / rel) =   6.11e-06 / 1.05e-06
Final optimality error  (abs / rel) =   1.57e-06 / 2.11e-07
# of iterations                     =      93651 
# of CG iterations                  =          0 
# of function evaluations           =      94818
# of gradient evaluations           =      93829
# of Hessian evaluations            =      93697
Total program time (secs)           =   18002.69531 ( 59163.570 CPU time)

===============================================================================

Knitro 14.2.0: Locally optimal or satisfactory solution.
objective 4.537280539; feasibility error 6.11e-06
93651 iterations; 94818 function evaluations

suffix feaserror OUT;
suffix opterror OUT;
suffix numfcevals OUT;
suffix numiters OUT;
---------------------------- Solver Status Report ----------------------------
solve_result_num = 0
solve_result = solved
solve_message = 'Knitro 14.2.0: Locally optimal or satisfactory solution.\
objective 4.537280539; feasibility error 6.11e-06\
93651 iterations; 94818 function evaluations'


---------------------------- Problem Dimensions ----------------------------
Variables: 51304
Constraints: 52104
---------------------------- Container and geometric considerations  ----------------------------
Container type: cylinder
Structural conservation type: volume & surface
---------------------------- Solution execution data ----------------------------
solve_result_num = 0
solve_result = solved

---------------------------- Solution data ----------------------------
card(figures) = 100

coords [*,*,1]
:         1            2            3             4         :=
1      0.969441     0.309337    -0.0636682    0.690549
2      1.21899      0.962825    -0.0575244    0.218114
3     -0.0607672    0.197459     0.398764     0.687592
4      0.0913206   -0.941447    -1.21897     -0.937534
5      1.06451      0.196456     1.10801      1.21972
6     -1.21897      0.0913192   -0.937535    -1.01799
7     -0.90411     -0.0180673   -1.21901     -1.00442
8     -1.04872     -0.61006     -0.0827505   -1.10096
9      0.712641     0.0280349    0.158954     0.529383
10    -0.110433    -0.0841292   -0.040956     0.651292
11    -0.174951     0.590599    -0.106417     0.121229
12     0.390378     0.448818    -0.165241     0.842046
13     1.14587      0.165569     1.18577      0.758007
14     0.333602    -0.298682     0.0911591   -0.178408
15     0.299629     0.594526     1.21898      0.113833
16    -1.09306     -0.257777    -0.0800511   -0.00992994
17     0.65249      1.10735      1.06451      0.171062
18    -1.09548     -0.747263    -0.858108    -0.186462
19    -0.941584    -0.937534    -0.20755      0.0913212
20    -1.10096     -1.16965     -1.21886     -0.0827552
21     1.21899      0.0984634    1.1141       1.00491
22    -1.21761     -0.790818    -0.0668007   -0.906088
23    -1.12427     -1.16737     -0.0584132   -1.1111
24     1.1141       1.21899      1.18342      0.0984578
25    -1.21296     -0.994324    -1.21761     -0.254475
26     0.448817     0.0202741   -0.328568    -0.130878
27     0.297857     1.18747      0.15861      1.18904
28     0.232384    -0.372404     0.169813    -0.135021
29    -0.877898    -0.02628     -0.176225    -0.300473
30    -0.321789    -0.874023    -0.277391    -0.0681906
31     0.836171     0.229211     0.199527     0.395855
32     0.123258    -0.282775    -1.09812     -0.700841
33    -0.136747     0.229211     0.395854     0.169654
34     0.158284     0.0375516    0.54046     -0.124714
35     0.0760546   -0.129016     0.103148    -0.78965
36    -0.0621301   -0.0877366   -0.835442    -1.21969
37    -1.04872     -1.21886     -1.10096     -0.0827512
38    -0.126356    -0.372405     0.178271    -0.885264
39    -0.674914     0.312549    -0.093864    -0.254473
40     0.44881      0.390378    -0.165252    -0.190349
41     1.21899      0.107889     1.18319      0.925588
42    -1.21296     -0.50863     -0.0567198   -0.577981
43     0.0897891    0.325001    -0.179778     0.953203
44    -0.0650035   -0.117528    -0.0772627    0.669246
45    -0.0841295   -0.870398    -0.03638     -0.108409
46    -0.199975     0.667919     0.269412     0.290821
47    -0.254475    -0.790818    -0.0669501   -1.21761
48    -0.700993     0.26061      0.123258     0.0657568
49    -0.175285    -1.17499      0.0700574   -0.789652
50     1.21899      1.10801      0.196455     1.21972
51    -0.127833    -0.627624    -1.1006       0.0192039
52     0.668389    -0.117528     0.309336    -0.0636831
53    -0.975302     0.178274    -0.207618    -0.546422
54     0.229602     1.21972      1.09211      1.21899
55     1.06451      0.263784     0.262203     0.667919
56    -0.504601    -1.21296     -0.577981    -0.997681
57    -0.168292    -0.108407    -0.858105    -0.0363795
58    -0.328568    -0.0795315   -0.743601    -0.1316
59     0.113241    -0.328568    -0.252341    -0.943574
60     0.215618     1.06451      0.215115     1.18246
61     0.808914     0.255249     1.21972      1.09063
62    -0.0599492    1.01101     -0.262582     0.163158
63     1.18855      0.992845     0.3176       0.0755635
64     0.836171     0.164947     0.297856     1.17975
65    -0.656555    -1.1006      -0.127833     0.0192051
66    -0.6124      -0.0084129   -1.04214     -0.172396
67    -0.943575    -0.743309    -1.16515     -0.240807
68     0.0415993   -0.657476    -0.127934     0.151925
69    -0.231738    -0.277396    -0.85811     -0.747265
70    -0.743601    -0.239107    -0.328568    -0.943574
71     0.0574896   -0.891865     0.366988     0.0990943
72    -1.12762     -0.289831    -1.11111     -1.05219
73     1.1355       1.15471      1.1141       0.14518
74    -0.319877     0.312898    -0.072356    -0.27657
75     0.247319     0.758311     1.17975      0.243822
76     0.197459     0.687592     0.398764     0.857086
77     1.21898      0.299629     0.0688286    0.113834
78     0.780363     1.18445      0.215617     0.215117
79     0.667919     0.651291    -0.0409559   -0.0841292
80     1.20515      0.448819     0.0233214    0.679395
81    -0.0938643   -0.674914    -0.254473    -1.08966
82    -0.0726799    1.21899      0.692853     0.954743
83     0.593671     0.0318554   -0.127315     0.191128
84    -0.183187     0.387996     0.107651     0.796742
85     0.232497     0.263679     0.727595    -0.207895
86     0.191432     0.019687    -0.556341    -0.12735
87     0.958416     0.0797851    0.712479     0.529017
88     0.123253    -0.434967    -0.943575    -1.17751
89    -0.857328    -0.0956483   -1.13938     -1.09356
90     0.231268    -0.0213015   -0.784789    -0.577981
91     0.0897889    0.263809     0.953204    -0.179778
92    -1.17751     -1.09183      0.123252    -0.69637
93     0.297856     1.00293      1.21374      0.953204
94     0.169927     0.232497    -0.205812    -0.542933
95    -0.0793055    0.939027     0.5906      -0.180989
96    -0.179779    -0.0938635    0.321403    -0.674914
97     0.857084     1.0334       0.687592     0.197452
98     0.0797851    0.712482     1.14544      0.958417
99     0.782423     0.82262     -0.170095     0.996086
100   -0.179351    -1.08966     -0.885479    -0.0938629

 [*,*,2]
:          1            2            3             4         :=
1      0.740318      1.17991     -0.0020849    1.0055
2     -0.0442805     0.734607    -0.0416237   -0.0534536
3      1.21828      -0.0521424    1.15277      1.00752
4     -0.14918      -0.775606    -0.0448024   -0.780331
5      0.595568      0.230811     0.51009     -0.0134606
6     -0.0447917    -0.14918     -0.780331    -0.0526211
7     -0.110845     -0.368534    -0.0437499   -0.692114
8      0.622951      1.05627     -0.13476      0.525141
9     -0.989965     -0.0560166   -1.20939     -1.09893
10     1.21478       1.21689      0.240763     1.03136
11     1.01105       0.257415    -0.0701957   -0.0599064
12    -1.15564      -1.13422     -0.200028    -0.882523
13    -0.418185     -0.125488    -0.286055    -0.955675
14     1.17328       1.18266      0.223453     1.2015
15    -0.578015     -1.06509     -0.0442807   -0.034912
16    -0.0440216     0.884314    -0.20876     -0.0994733
17     1.0306        0.511526     0.595568     0.214037
18     0.53649       0.964099     0.866913     0.111826
19    -0.775441     -0.780332    -1.202       -0.14918
20     0.52514      -0.0396262   -0.0477097   -0.13476
21    -0.0442904    -0.130505     0.496668     0.691404
22    -0.0728704     0.339232     0.515437     0.816635
23    -0.473178     -0.353734     0.072263     0.503335
24     0.496667     -0.0442912   -0.295641    -0.130509
25    -0.128876      0.706547    -0.0728665   -0.0358158
26    -1.13422      -0.212474    -1.1747      -1.21275
27     0.31989       0.274366    -0.211165    -0.272173
28    -1.19602      -0.931948    -0.420596    -0.00935943
29     0.846867      0.449039     1.18991      1.1822
30     1.17658       0.850865     1.18783      0.0187198
31    -0.750532     -1.18732     -0.295925     0.125022
32    -0.0775093     0.185193     0.422197    -0.256797
33    -0.00704222   -1.18732      0.125022    -0.41848
34    -1.20948      -0.0721623   -1.08252     -1.19106
35    -0.506181      0.505475     0.337511    -0.144132
36    -0.150206      0.60587      0.888776    -0.0154765
37     0.622951     -0.0477115    0.52514     -0.13476
38    -0.020995     -0.931951    -0.430051    -0.647929
39     0.936199      0.185611     0.480426    -0.0358158
40    -1.13422      -1.15564     -0.200014    -1.20485
41    -0.0442893    -0.102399    -0.296547    -0.794465
42    -0.128876     -0.306189    -0.0166171   -1.07416
43     0.228424      1.1757       1.20647      0.761112
44     0.25501       1.21412      0.304596     1.0198
45     1.21689       0.854573     0.242433     1.20697
46     0.0616235     1.02067      0.602066    -0.149635
47    -0.0358007     0.339231     0.515396    -0.0728704
48    -0.25683       0.587277    -0.0775095   -0.162117
49     0.459978     -0.0510838   -0.394164    -0.144133
50    -0.0442881     0.51009      0.23081     -0.0134602
51    -1.21307      -0.203748    -0.342242    -0.113985
52     1.02001       1.21411      1.17991     -0.00212762
53    -0.73258      -0.430049    -1.20199     -1.09056
54     0.222897     -0.0134611   -0.543303    -0.0442881
55     0.595568      0.562941    -0.238451     1.02067
56    -0.26157      -0.128876    -1.07416     -0.701798
57     0.111124      1.20694      0.866917     0.242402
58    -1.1747       -0.143907    -0.966926    -1.21267
59    -0.0840377    -1.1747      -0.189198    -0.773017
60    -0.286877      0.595568     0.299156    -0.292214
61    -0.912987      0.216775    -0.0134608   -0.546281
62     1.21832       0.682455     1.03989     -0.00591711
63     0.27431       0.708623     0.31888     -0.241612
64    -0.750532     -0.271232     0.31989     -0.309946
65    -1.02802      -0.342243    -1.21307     -0.113987
66     1.05491      -0.120971     0.0904388    0.97073
67    -0.773017     -0.967151    -0.360989    -0.342717
68    -0.110295     -1.02743     -1.21306     -1.21029
69     0.180637      1.18783      0.866912     0.964097
70    -0.966926     -0.341677    -1.1747      -0.773017
71    -0.464091     -0.199296     0.12041      0.335381
72     0.43077       0.187243     0.503309    -0.617085
73    -0.270266     -0.393092     0.496667    -0.123283
74     1.1771        1.17898      0.0101088    1.18802
75    -0.274375     -0.955433    -0.309948    -1.19517
76    -0.0521415     1.00752      1.15277      0.867924
77    -0.0442808    -0.578014    -0.053722    -0.0349116
78    -0.854729     -0.291504    -0.286878     0.298668
79     1.02067       1.03136      0.240761     1.21689
80    -0.188388     -1.13422     -0.306018    -1.01307
81     0.480425      0.936199    -0.0358163    0.548203
82    -0.00856086   -0.0442793    1.00391      0.759178
83    -1.06557      -0.0898401   -1.20921     -0.189575
84    -0.479399      0.258802    -0.0978414   -0.873158
85    -1.19743      -0.288135    -0.979027    -1.20194
86    -0.188475     -0.110384    -0.349454    -1.20947
87    -0.754537     -0.0786111   -0.990082    -1.0991
88    -0.0775107    -0.234786    -0.773017    -0.31835
89     0.867685      0.0641211    0.435549     0.540376
90    -1.19752       0.055239    -0.750527    -1.07416
91     0.228424      0.296968     0.761111     1.20647
92    -0.31835       0.445523    -0.0775102   -0.265162
93     0.319891      0.694275    -0.121303     0.761111
94    -0.421999     -1.19743     -1.2023      -1.0923
95    -0.0574525     0.702657     0.257415     1.01699
96     1.20647       0.480426     0.17888      0.936199
97     0.867925      0.648059     1.00752     -0.0521584
98    -0.0786106    -0.99008     -0.41934     -0.754537
99    -0.838579     -0.900658    -0.194618     0.0158056
100    1.20653       0.548203     0.838937     0.480425

 [*,*,3]
:         1           2            3            4         :=
1      1.45575     1.55527      1.09309      0.777709
2      1.18177     1.40683      1.08071      1.81066
3      1.87403     2.13739      2.42323      1.51723
4      1.69664     1.9157       1.73909      1.15525
5     -0.140758    0.661288     1.04926     -0.140753
6      1.7391      1.69664      1.15525      0.982421
7      2.74775     1.79984      1.73883      1.89603
8      2.03031     1.77135      1.65176      1.12472
9      2.27588     1.63631      1.93012      1.10824
10     0.82158    -0.140758     0.0290269    0.83261
11     1.45492     1.85003      1.0401       2.17279
12     1.06342    -0.140758     0.566504     1.08571
13     1.73454     1.9098       2.73648      2.23496
14     2.34576     1.58714      2.05543      2.9044
15     1.46952     1.08372      1.18177      0.649519
16     0.957101    1.39355      1.01043      1.71456
17     0.76281     1.02955     -0.140758     0.757118
18     1.13917     1.19505     -0.119588     0.455252
19     1.94232     1.15525      1.68538      1.69664
20     1.12472     0.90369      2.00585      1.65176
21     1.18177     1.87961      2.13112      1.37681
22     2.00263     2.76143      1.72061      2.00904
23     0.353932    1.06075      0.916459     0.672502
24     2.13112     1.18177      1.953        1.87961
25     2.90872     2.90872      2.00263      2.90872
26    -0.140758   -0.0350892   -0.140758     0.817323
27     2.90872     2.36158      1.96557      2.79291
28     2.90678     2.48118      1.83683      2.80375
29     1.9646      1.79824      2.88388      1.56688
30     1.54182     1.36426      0.569099     0.954417
31     2.90872     2.90872      1.93171      2.90872
32    -0.140758    0.862004    -0.105752     0.57732
33     2.80924     2.90872      2.90872      1.83385
34     1.93155     1.62449      1.07724      0.937653
35     1.73026     1.68107      2.34321      2.6253
36     1.03526     0.671844     1.30453      0.904163
37     2.03031     2.00586      1.12472      1.65176
38     2.77616     2.48118      1.80641      1.89241
39     2.90872     2.90872      1.81115      2.90872
40    -0.140743    1.06342      0.566495     0.905799
41     1.18176     1.79122      1.95581      1.01507
42     2.90872     2.30138      2.90872      2.90872
43     2.05974     2.35627      2.90872      2.90872
44     0.035689    0.819509     1.02408      0.826872
45    -0.140758   -0.140758    -0.140729     0.76176
46    -0.140758   -0.140758     0.940367    -0.140758
47     2.90869     2.76143      1.72083      2.00263
48     0.577453    0.913316    -0.140758     1.12725
49     1.7472      1.99218      1.70557      2.6253
50     1.18177     1.04926      0.66129     -0.140751
51     0.923973    0.694814     0.979073     1.64535
52     0.826865    0.81951      1.55527      1.09307
53     1.95632     1.80641      1.6854       2.69441
54     0.635308   -0.140754     0.814768     1.18176
55    -0.140758    0.911748    -0.140758    -0.140758
56     2.26609     2.90872      2.90872      1.87668
57     0.579272    0.761731    -0.119606    -0.140758
58    -0.140757    0.412258     1.09802      0.813865
59    -0.140758   -0.140758     0.692862    -0.140758
60    -0.140758   -0.140758     0.631178    -0.0503772
61     0.403657    0.615204    -0.140755     0.821022
62     1.87355     1.43854      1.45271      2.14194
63     2.36092     1.87517      2.89657      1.95032
64     2.90872     1.87864      2.90872      2.72639
65     1.37364     0.979074     0.923972     1.64535
66     1.76881     1.71888      0.971871     1.43945
67    -0.140758    1.09964      1.01805      0.575315
68     1.63479     1.37462      0.924042     1.90909
69     0.514992    0.569104    -0.119611     1.19502
70     1.09802     0.577046    -0.140757    -0.140758
71     1.77519     2.65758      2.90872      2.34453
72    -0.140758    0.85363      0.672489     0.333882
73     2.75092     1.92725      2.13112      1.88625
74     1.49977     1.56151      1.0764       0.55117
75     1.94746     2.23527      2.72639      2.89725
76     2.13739     1.51724      2.42323      2.82176
77     1.18177     1.46952      1.83526      0.649519
78     0.414566   -0.0492413   -0.140758     0.630536
79    -0.140758    0.832609     0.0290268   -0.140758
80    -0.140758   -0.140758    -0.140758     0.546524
81     1.81115     2.90872      2.90872      2.67936
82     1.08992     1.18177      0.782557     1.41393
83     1.09334     1.61329      0.92651      0.66988
84     0.210966    0.977262    -0.140758     0.428087
85     2.90872     1.9484       2.28434      1.67414
86     0.669807    1.64772      0.726679     0.926337
87     1.09601     1.8179       2.27478      1.10602
88    -0.140758    0.950865    -0.140758    -0.140758
89    -0.122958    0.399848    -0.140758     1.12603
90     2.90872     2.90872      2.18912      2.90872
91     2.05974     2.90872      2.90872      2.90872
92    -0.140758   -0.140758    -0.140758     0.585981
93     2.90872     1.88872      2.90872      2.90872
94     1.83877     2.90872      1.68042      2.68318
95     1.0716      1.43934      1.85003      1.4518
96     2.90872     1.81115      2.90872      2.90872
97     2.82175     1.55194      1.51724      2.1374
98     1.8179      2.27477      1.73547      1.09601
99     1.12915     0.420984     0.474921     1.06292
100    2.90836     2.67936      1.94802      1.81115
;

radius = 1.21979
height = 3.04948
softness = 0.75

---------------------------- Solution coords data ----------------------------
distances [*,1,*]
:     1   2   3   4    :=
1     0   1   0   1
2     0   1   0   1
3     0   1   0   1
4     0   1   0   1
5     0   1   0   1
6     0   1   0   1
7     0   1   0   1
8     0   1   0   1
9     0   1   0   1
10    0   1   0   1
11    0   1   0   1
12    0   1   0   1
13    0   1   0   1
14    0   1   0   1
15    0   1   0   1
16    0   1   0   1
17    0   1   0   1
18    0   1   0   1
19    0   1   0   1
20    0   1   0   1
21    0   1   0   1
22    0   1   0   1
23    0   1   0   1
24    0   1   0   1
25    0   1   0   1
26    0   1   0   1
27    0   1   0   1
28    0   1   0   1
29    0   1   0   1
30    0   1   0   1
31    0   1   0   1
32    0   1   0   1
33    0   1   0   1
34    0   1   0   1
35    0   1   0   1
36    0   1   0   1
37    0   1   0   1
38    0   1   0   1
39    0   1   0   1
40    0   1   0   1
41    0   1   0   1
42    0   1   0   1
43    0   1   0   1
44    0   1   0   1
45    0   1   0   1
46    0   1   0   1
47    0   1   0   1
48    0   1   0   1
49    0   1   0   1
50    0   1   0   1
51    0   1   0   1
52    0   1   0   1
53    0   1   0   1
54    0   1   0   1
55    0   1   0   1
56    0   1   0   1
57    0   1   0   1
58    0   1   0   1
59    0   1   0   1
60    0   1   0   1
61    0   1   0   1
62    0   1   0   1
63    0   1   0   1
64    0   1   0   1
65    0   1   0   1
66    0   1   0   1
67    0   1   0   1
68    0   1   0   1
69    0   1   0   1
70    0   1   0   1
71    0   1   0   1
72    0   1   0   1
73    0   1   0   1
74    0   1   0   1
75    0   1   0   1
76    0   1   0   1
77    0   1   0   1
78    0   1   0   1
79    0   1   0   1
80    0   1   0   1
81    0   1   0   1
82    0   1   0   1
83    0   1   0   1
84    0   1   0   1
85    0   1   0   1
86    0   1   0   1
87    0   1   0   1
88    0   1   0   1
89    0   1   0   1
90    0   1   0   1
91    0   1   0   1
92    0   1   0   1
93    0   1   0   1
94    0   1   0   1
95    0   1   0   1
96    0   1   0   1
97    0   1   0   1
98    0   1   0   1
99    0   1   0   1
100   0   1   0   1

 [*,2,*]
:     1   2   3   4    :=
1     0   0   1   1
2     0   0   1   1
3     0   0   1   1
4     0   0   1   1
5     0   0   1   1
6     0   0   1   1
7     0   0   1   1
8     0   0   1   1
9     0   0   1   1
10    0   0   1   1
11    0   0   1   1
12    0   0   1   1
13    0   0   1   1
14    0   0   1   1
15    0   0   1   1
16    0   0   1   1
17    0   0   1   1
18    0   0   1   1
19    0   0   1   1
20    0   0   1   1
21    0   0   1   1
22    0   0   1   1
23    0   0   1   1
24    0   0   1   1
25    0   0   1   1
26    0   0   1   1
27    0   0   1   1
28    0   0   1   1
29    0   0   1   1
30    0   0   1   1
31    0   0   1   1
32    0   0   1   1
33    0   0   1   1
34    0   0   1   1
35    0   0   1   1
36    0   0   1   1
37    0   0   1   1
38    0   0   1   1
39    0   0   1   1
40    0   0   1   1
41    0   0   1   1
42    0   0   1   1
43    0   0   1   1
44    0   0   1   1
45    0   0   1   1
46    0   0   1   1
47    0   0   1   1
48    0   0   1   1
49    0   0   1   1
50    0   0   1   1
51    0   0   1   1
52    0   0   1   1
53    0   0   1   1
54    0   0   1   1
55    0   0   1   1
56    0   0   1   1
57    0   0   1   1
58    0   0   1   1
59    0   0   1   1
60    0   0   1   1
61    0   0   1   1
62    0   0   1   1
63    0   0   1   1
64    0   0   1   1
65    0   0   1   1
66    0   0   1   1
67    0   0   1   1
68    0   0   1   1
69    0   0   1   1
70    0   0   1   1
71    0   0   1   1
72    0   0   1   1
73    0   0   1   1
74    0   0   1   1
75    0   0   1   1
76    0   0   1   1
77    0   0   1   1
78    0   0   1   1
79    0   0   1   1
80    0   0   1   1
81    0   0   1   1
82    0   0   1   1
83    0   0   1   1
84    0   0   1   1
85    0   0   1   1
86    0   0   1   1
87    0   0   1   1
88    0   0   1   1
89    0   0   1   1
90    0   0   1   1
91    0   0   1   1
92    0   0   1   1
93    0   0   1   1
94    0   0   1   1
95    0   0   1   1
96    0   0   1   1
97    0   0   1   1
98    0   0   1   1
99    0   0   1   1
100   0   0   1   1

 [*,3,*]
:     1   2   3   4    :=
1     1   0   0   1
2     1   0   0   1
3     1   0   0   1
4     1   0   0   1
5     1   0   0   1
6     1   0   0   1
7     1   0   0   1
8     1   0   0   1
9     1   0   0   1
10    1   0   0   1
11    1   0   0   1
12    1   0   0   1
13    1   0   0   1
14    1   0   0   1
15    1   0   0   1
16    1   0   0   1
17    1   0   0   1
18    1   0   0   1
19    1   0   0   1
20    1   0   0   1
21    1   0   0   1
22    1   0   0   1
23    1   0   0   1
24    1   0   0   1
25    1   0   0   1
26    1   0   0   1
27    1   0   0   1
28    1   0   0   1
29    1   0   0   1
30    1   0   0   1
31    1   0   0   1
32    1   0   0   1
33    1   0   0   1
34    1   0   0   1
35    1   0   0   1
36    1   0   0   1
37    1   0   0   1
38    1   0   0   1
39    1   0   0   1
40    1   0   0   1
41    1   0   0   1
42    1   0   0   1
43    1   0   0   1
44    1   0   0   1
45    1   0   0   1
46    1   0   0   1
47    1   0   0   1
48    1   0   0   1
49    1   0   0   1
50    1   0   0   1
51    1   0   0   1
52    1   0   0   1
53    1   0   0   1
54    1   0   0   1
55    1   0   0   1
56    1   0   0   1
57    1   0   0   1
58    1   0   0   1
59    1   0   0   1
60    1   0   0   1
61    1   0   0   1
62    1   0   0   1
63    1   0   0   1
64    1   0   0   1
65    1   0   0   1
66    1   0   0   1
67    1   0   0   1
68    1   0   0   1
69    1   0   0   1
70    1   0   0   1
71    1   0   0   1
72    1   0   0   1
73    1   0   0   1
74    1   0   0   1
75    1   0   0   1
76    1   0   0   1
77    1   0   0   1
78    1   0   0   1
79    1   0   0   1
80    1   0   0   1
81    1   0   0   1
82    1   0   0   1
83    1   0   0   1
84    1   0   0   1
85    1   0   0   1
86    1   0   0   1
87    1   0   0   1
88    1   0   0   1
89    1   0   0   1
90    1   0   0   1
91    1   0   0   1
92    1   0   0   1
93    1   0   0   1
94    1   0   0   1
95    1   0   0   1
96    1   0   0   1
97    1   0   0   1
98    1   0   0   1
99    1   0   0   1
100   1   0   0   1

 [*,4,*]
:     1   2   3   4    :=
1     1   1   1   0
2     1   1   1   0
3     1   1   1   0
4     1   1   1   0
5     1   1   1   0
6     1   1   1   0
7     1   1   1   0
8     1   1   1   0
9     1   1   1   0
10    1   1   1   0
11    1   1   1   0
12    1   1   1   0
13    1   1   1   0
14    1   1   1   0
15    1   1   1   0
16    1   1   1   0
17    1   1   1   0
18    1   1   1   0
19    1   1   1   0
20    1   1   1   0
21    1   1   1   0
22    1   1   1   0
23    1   1   1   0
24    1   1   1   0
25    1   1   1   0
26    1   1   1   0
27    1   1   1   0
28    1   1   1   0
29    1   1   1   0
30    1   1   1   0
31    1   1   1   0
32    1   1   1   0
33    1   1   1   0
34    1   1   1   0
35    1   1   1   0
36    1   1   1   0
37    1   1   1   0
38    1   1   1   0
39    1   1   1   0
40    1   1   1   0
41    1   1   1   0
42    1   1   1   0
43    1   1   1   0
44    1   1   1   0
45    1   1   1   0
46    1   1   1   0
47    1   1   1   0
48    1   1   1   0
49    1   1   1   0
50    1   1   1   0
51    1   1   1   0
52    1   1   1   0
53    1   1   1   0
54    1   1   1   0
55    1   1   1   0
56    1   1   1   0
57    1   1   1   0
58    1   1   1   0
59    1   1   1   0
60    1   1   1   0
61    1   1   1   0
62    1   1   1   0
63    1   1   1   0
64    1   1   1   0
65    1   1   1   0
66    1   1   1   0
67    1   1   1   0
68    1   1   1   0
69    1   1   1   0
70    1   1   1   0
71    1   1   1   0
72    1   1   1   0
73    1   1   1   0
74    1   1   1   0
75    1   1   1   0
76    1   1   1   0
77    1   1   1   0
78    1   1   1   0
79    1   1   1   0
80    1   1   1   0
81    1   1   1   0
82    1   1   1   0
83    1   1   1   0
84    1   1   1   0
85    1   1   1   0
86    1   1   1   0
87    1   1   1   0
88    1   1   1   0
89    1   1   1   0
90    1   1   1   0
91    1   1   1   0
92    1   1   1   0
93    1   1   1   0
94    1   1   1   0
95    1   1   1   0
96    1   1   1   0
97    1   1   1   0
98    1   1   1   0
99    1   1   1   0
100   1   1   1   0
;

---------------------------- Solution stats data ----------------------------
_ampl_time = 0.288427
_total_solve_time = 59164.2
_ampl_elapsed_time = 0.284706
_ampl_user_time = 0.248529

Total time elapsed: $59164.18.
_total_solve_time = 59164.2

---------------------------- Solution miscs data ----------------------------
tetrahedron_volume [*] :=
  1 0.117851    21 0.117851    41 0.117851    61 0.117851    81 0.117851
  2 0.117851    22 0.117851    42 0.117851    62 0.117851    82 0.117851
  3 0.117851    23 0.117851    43 0.117851    63 0.117851    83 0.117851
  4 0.117851    24 0.117851    44 0.117851    64 0.117851    84 0.117851
  5 0.117851    25 0.117851    45 0.117851    65 0.117851    85 0.117851
  6 0.117851    26 0.117851    46 0.117851    66 0.117851    86 0.117851
  7 0.117851    27 0.117851    47 0.117851    67 0.117851    87 0.117851
  8 0.117851    28 0.117851    48 0.117851    68 0.117851    88 0.117851
  9 0.117851    29 0.117851    49 0.117851    69 0.117851    89 0.117851
 10 0.117851    30 0.117851    50 0.117851    70 0.117851    90 0.117851
 11 0.117851    31 0.117851    51 0.117851    71 0.117851    91 0.117851
 12 0.117851    32 0.117851    52 0.117851    72 0.117851    92 0.117851
 13 0.117851    33 0.117851    53 0.117851    73 0.117851    93 0.117851
 14 0.117851    34 0.117851    54 0.117851    74 0.117851    94 0.117851
 15 0.117851    35 0.117851    55 0.117851    75 0.117851    95 0.117851
 16 0.117851    36 0.117851    56 0.117851    76 0.117851    96 0.117851
 17 0.117851    37 0.117851    57 0.117851    77 0.117851    97 0.117851
 18 0.117851    38 0.117851    58 0.117851    78 0.117851    98 0.117851
 19 0.117851    39 0.117851    59 0.117851    79 0.117851    99 0.117851
 20 0.117851    40 0.117851    60 0.117851    80 0.117851   100 0.117851
;

---------------------------- Solution miscs data ----------------------------
tetrahedron_surface_area [*] :=
  1 0    11 0    21 0    31 0    41 0    51 0    61 0    71 0    81 0    91 0
  2 0    12 0    22 0    32 0    42 0    52 0    62 0    72 0    82 0    92 0
  3 0    13 0    23 0    33 0    43 0    53 0    63 0    73 0    83 0    93 0
  4 0    14 0    24 0    34 0    44 0    54 0    64 0    74 0    84 0    94 0
  5 0    15 0    25 0    35 0    45 0    55 0    65 0    75 0    85 0    95 0
  6 0    16 0    26 0    36 0    46 0    56 0    66 0    76 0    86 0    96 0
  7 0    17 0    27 0    37 0    47 0    57 0    67 0    77 0    87 0    97 0
  8 0    18 0    28 0    38 0    48 0    58 0    68 0    78 0    88 0    98 0
  9 0    19 0    29 0    39 0    49 0    59 0    69 0    79 0    89 0    99 0
 10 0    20 0    30 0    40 0    50 0    60 0    70 0    80 0    90 0   100 0
;

