Error at _cmdno 5 executing "solve" command
(file amplin, line 1977, offset 37900):
error processing param distances:
	4000 invalid subscripts discarded:
	distances[51,1,1]
	distances[51,1,2]
	distances[51,1,3]
	and 3997 more.
##### This license is only intended for use by NEOS. #####
##### License is valid until Jan 16, 2026 #####
riables.
Adjusted problem:
6726 variables:
	4275 nonlinear variables
	2451 linear variables
14100 constraints; 81325 nonzeros
	11675 nonlinear constraints
	2425 linear constraints
	1275 equality constraints
	12825 inequality constraints
1 linear objective; 1 nonzero.

Artelys Knitro 14.2.0: threads=4
algorithm=1
ms_enable=1
ms_maxsolves=10
feastol=1e-5
opttol=1e-5
honorbnds=1
bar_initpt=3
bar_murule=4
scale=1
outlev=2
maxtime_real=1200
WARNING:  Option 'threads' is deprecated, please use 'numthreads'.

=======================================
           Academic License
       (NOT FOR COMMERCIAL USE)
         Artelys Knitro 14.2.0
=======================================

No start point provided -- Knitro computing one.

Knitro presolve eliminated 0 variables and 0 constraints.

algorithm                1
bar_initpt               3
bar_murule               4
concurrent_evals         0
datacheck                0
feastol                  1e-05
findiff_numthreads       1
hessian_no_f             1
hessopt                  1
honorbnds                1
maxtime_real             1200
ms_enable                1
ms_maxsolves             10
numthreads               4
opttol                   1e-05

Problem Characteristics                                 (   Presolved)
-----------------------
Objective goal:  Minimize
Objective type:  linear
Number of variables:                               6726 (        6726)
    bounded below only:                             601 (         601)
    bounded above only:                               0 (           0)
    bounded below and above:                          0 (           0)
    fixed:                                            0 (           0)
    free:                                          6125 (        6125)
Number of constraints:                            14100 (       14100)
    linear equalities:                                0 (           0)
    quadratic equalities:                          1225 (        1225)
    gen. nonlinear equalities:                       50 (          50)
    linear one-sided inequalities:                 2425 (        2425)
    quadratic one-sided inequalities:             10400 (       10400)
    gen. nonlinear one-sided inequalities:            0 (           0)
    linear two-sided inequalities:                    0 (           0)
    quadratic two-sided inequalities:                 0 (           0)
    gen. nonlinear two-sided inequalities:            0 (           0)
Number of nonzeros in Jacobian:                   81325 (       81325)
Number of nonzeros in Hessian:                    36975 (       36975)

Knitro parallel multistart will run with 4 threads.

Return codes description
------------------------
  0:  The final solution satisfies the termination conditions for verifying optimality.
  -100 to -199:  A feasible approximate solution was found.
  -200 to -299:  Knitro terminated at an infeasible point.
  -300 to -301:  The problem was determined to be unbounded.
  -400 to -499:  Knitro terminated because it reached a pre-defined limit.
    -400 to -409:  A feasible point was found.
    -410 to -419:  No feasible point was found.
  -500 to -599:  Knitro terminated with an input error or some non-standard error.
A more detailed description of individual return codes and their corresponding
termination messages is provided at
https://www.artelys.com/app/docs/knitro/3_referenceManual/returnCodes.html

 Solve #  ThreadID  Status     Objective      FeasError    OptError    Real Time 
--------  --------  ------  --------------   ----------   ----------  ----------
      0          0       0         1.27780  8.14545e-05  1.35474e-08      153.768
      8          3    -202         2479.65      60683.1      51.9738      351.912
      4          0    -202         55599.2      7.28738     0.999999      399.081
      9          0    -202         622.281      3431.53      36.6584      390.174
      5          0    -201         34959.9     0.454074      15.1412      472.794
      1          1    -410         222.069  7.40509e-04  1.22712e-02      866.847
      2          2    -410         270.963  3.95911e-02     0.788796      887.108
      3          3    -410         378.270     0.818783      1.32315      952.707
      7          2    -410         2754.48  1.08244e-02      6.96054      1093.02
      6          1    -410         30671.9     0.148029     0.184749      1226.65

MULTISTART: Best locally optimal solution is returned.
EXIT: Locally optimal solution found.

Final Statistics
----------------
Final objective value               =   1.27779912638703e+00
Final feasibility error (abs / rel) =   8.15e-05 / 4.45e-06
Final optimality error  (abs / rel) =   1.35e-08 / 1.35e-08
# of iterations                     =      66326 
# of CG iterations                  =          0 
# of function evaluations           =      86513
# of gradient evaluations           =      66610
# of Hessian evaluations            =      66382
Total program time (secs)           =    2093.73950 (  6768.083 CPU time)

===============================================================================

Knitro 14.2.0: Locally optimal or satisfactory solution.
objective 1.277799126; feasibility error 8.15e-05
66326 iterations; 86513 function evaluations

suffix feaserror OUT;
suffix opterror OUT;
suffix numfcevals OUT;
suffix numiters OUT;
---------------------------- Container and geometric considerations  ----------------------------
Container type: cube
Structural conservation type: surface
---------------------------- Solution execution data ----------------------------
solve_result_num = 0
solve_result = solved

---------------------------- Solution data ----------------------------
card(figures) = 50

coords [*,*,1]
:       1         2         3         4       :=
1    19.4799   19.8445   20.6389   20.2363
2    19.6573   19.3924   19.7404   19.3611
3    19.4799   20.6389   19.8459   20.2374
4    20.6389   19.4799   19.8429   20.2364
5    19.3611   19.6584   19.3611   19.4603
6    20.3277   19.6383   20.6388   20.6389
7    19.5279   20.4868   20.1574   20.6389
8    20.6389   20.1178   20.6389   19.5911
9    19.9338   20.6389   20.2155   19.4417
10   19.4488   20.6389   19.8633   20.1485
11   19.6574   20.0808   20.5638   20.6389
12   19.4799   20.2362   20.6389   19.8445
13   19.4799   20.2363   19.8437   20.6389
14   20.6389   20.1178   20.6389   19.591
15   19.3616   19.3613   19.6476   19.3615
16   19.4398   20.6389   20.6388   20.3798
17   19.3637   19.4408   19.3905   19.6584
18   19.638    20.6389   19.9547   20.3278
19   20.6389   19.4489   20.224    20.0147
20   19.4411   20.2158   20.6389   19.9505
21   19.8443   20.6389   19.4799   20.2362
22   19.7268   19.3657   19.3644   19.4046
23   20.3709   20.6389   20.0189   19.4307
24   20.6389   19.545    19.9841   19.9991
25   20.6389   20.6389   20.3225   19.5457
26   20.2992   20.6388   19.3738   19.3611
27   19.3611   19.3611   19.3611   20.3458
28   19.9992   19.545    19.9842   20.6389
29   20.6389   20.4976   19.698    19.3846
30   20.6388   20.6389   19.396    20.4263
31   19.7778   19.4007   19.4059   19.3611
32   20.6375   19.819    19.6855   19.5379
33   20.6389   19.8016   19.6626   20.6201
34   19.3964   20.6387   20.5362   20.6389
35   19.9216   20.5803   20.3494   19.4492
36   19.7448   19.3611   19.6552   19.3863
37   19.3611   19.7448   19.3611   19.5006
38   19.4307   20.3709   20.019    20.6389
39   19.7453   19.6552   19.3856   19.3611
40   19.3611   19.6979   19.3611   19.9158
41   19.4062   19.7778   19.3611   19.4007
42   19.5943   20.6389   20.6389   20.3164
43   19.5073   20.6387   20.0101   20.2785
44   19.4875   20.6389   20.0274   20.6374
45   19.6528   19.6724   20.6389   20.2526
46   20.2373   19.9673   20.6388   19.4648
47   19.4721   20.6375   19.6201   19.4007
48   20.0191   20.3714   19.4308   20.6389
49   19.591    20.6389   20.1179   20.6389
50   19.7453   19.5992   19.8003   19.3611

 [*,*,2]
:       1         2         3         4       :=
1    19.8008   19.3611   19.3611   20.6131
2    20.6389   20.5713   20.4535   19.3611
3    19.8008   19.3611   19.3611   20.6132
4    19.3611   19.8009   19.3611   20.6124
5    20.6389   20.6389   19.6196   19.694
6    20.6388   19.7726   19.3636   20.3218
7    19.5396   20.2735   20.5872   19.3611
8    20.6389   19.4026   19.7986   20.6365
9    19.3667   19.8566   20.3437   19.3733
10   19.5265   19.3611   19.3611   20.6095
11   19.7611   19.3611   20.6067   19.3611
12   19.8008   20.6131   19.3611   19.3611
13   19.8009   20.6128   19.3611   19.3611
14   19.7986   19.4026   20.6389   20.6365
15   20.6381   20.6363   20.5778   19.4455
16   19.4326   19.8884   19.4992   20.2199
17   19.7042   19.6009   20.6388   20.6389
18   19.7738   19.3611   19.3912   20.6389
19   19.8065   19.3827   20.3524   19.3612
20   19.373    20.343    19.8325   19.3612
21   19.3611   19.3611   19.8009   20.613
22   20.5405   19.8276   19.3986   20.5961
23   20.2127   19.6207   19.3611   19.4257
24   20.5882   19.8908   20.3557   19.6803
25   19.6207   20.192    20.473    19.5045
26   20.2445   19.3611   19.3721   19.3611
27   19.6831   20.6389   19.3611   20.2724
28   19.6803   19.8908   20.3557   20.5882
29   20.6389   19.5616   20.6389   20.1627
30   19.3614   19.6091   19.3774   19.9553
31   20.6389   20.6389   19.4901   19.7894
32   20.6389   20.6389   20.2954   19.8702
33   20.6389   20.6389   20.2039   20.6389
34   19.3613   19.3611   19.3611   19.607
35   20.5361   19.3792   20.2489   19.3657
36   20.4679   19.3611   20.6389   20.5549
37   20.3819   20.4679   19.3611   20.6389
38   19.4257   20.2127   19.3611   19.6206
39   20.4703   20.6389   20.5521   19.3611
40   19.3611   20.331    19.3611   19.8758
41   19.4909   20.6389   19.7896   20.6389
42   19.797    20.6389   20.0529   20.4969
43   19.4541   20.0533   19.4813   20.4242
44   19.4775   19.3619   19.3611   19.9794
45   20.2012   19.86     20.6389   20.4665
46   20.3721   19.4047   19.9301   19.4015
47   19.9742   20.6389   20.6389   20.6389
48   19.3611   20.2127   19.4258   19.6206
49   20.6365   19.7986   19.4026   20.6389
50   20.4676   20.0467   20.626    19.3611

 [*,*,3]
:       1         2         3         4       :=
1    20.2784   20.3575   20.6389   20.6389
2    20.2213   19.3611   20.6197   19.9394
3    20.2784   20.6389   20.358    20.6389
4    20.6389   20.2785   20.3569   20.6389
5    19.3611   20.6389   19.8187   20.2484
6    20.5857   19.9596   20.6388   20.6388
7    20.0542   20.6389   20.6076   20.6389
8    19.3611   19.3611   19.3611   19.3611
9    19.3613   19.3623   20.2365   19.7272
10   20.2361   20.6389   20.2067   20.6069
11   19.903    20.2927   20.4163   20.6389
12   20.2784   20.6389   20.6389   20.3575
13   20.2784   20.6389   20.3572   20.6389
14   19.3611   19.3611   19.3611   19.3611
15   20.298    19.3659   20.6384   19.9821
16   19.7968   20.1896   19.3611   20.3414
17   19.7815   20.2098   19.3612   20.6389
18   19.9596   20.6389   20.2634   20.5859
19   19.3644   19.7326   20.2411   19.3617
20   19.7275   20.2362   19.3628   19.3613
21   20.3574   20.6389   20.2784   20.6389
22   20.4469   19.3727   19.8866   19.3655
23   20.3363   19.3611   19.3611   19.7916
24   20.1136   20.2711   20.5202   19.3611
25   19.3611   20.1606   20.3054   19.7969
26   20.6193   20.6389   20.192    20.6389
27   20.2247   20.6389   20.6389   20.6389
28   19.3611   20.2711   20.5203   20.1137
29   19.3611   19.3611   19.3611   19.3611
30   19.3611   20.2228   19.7739   20.4099
31   20.6389   19.3611   20.0541   19.7248
32   19.3611   20.4242   20.1708   19.3611
33   20.6389   20.4467   20.2167   19.3837
34   19.8675   19.3612   20.575    20.2157
35   20.5187   20.6202   20.6375   20.218
36   20.6267   19.9728   20.2233   19.3611
37   19.3611   20.6267   19.9728   19.6995
38   19.7916   20.3363   19.3611   19.3611
39   20.6278   20.2235   19.3611   19.9782
40   20.3269   20.2248   19.3611   19.3611
41   20.0524   20.6389   19.7226   19.3611
42   19.3611   19.3611   19.3611   20.2492
43   19.7657   19.3652   19.3628   20.2784
44   19.9095   19.3612   19.3619   20.3843
45   19.9914   19.3611   19.3611   20.4078
46   20.2513   19.3618   19.364    19.7406
47   19.3611   19.3611   20.1044   19.3611
48   19.3611   20.3361   19.792    19.3611
49   19.3611   19.3611   19.3611   19.3611
50   20.6266   19.3611   19.9563   20.0405
;

side = 1.2778
softness = 0.8

---------------------------- Solution coords data ----------------------------
distances [*,1,*]
:    1   2   3   4    :=
1    0   1   0   1
2    0   1   0   1
3    0   1   0   1
4    0   1   0   1
5    0   1   0   1
6    0   1   0   1
7    0   1   0   1
8    0   1   0   1
9    0   1   0   1
10   0   1   0   1
11   0   1   0   1
12   0   1   0   1
13   0   1   0   1
14   0   1   0   1
15   0   1   0   1
16   0   1   0   1
17   0   1   0   1
18   0   1   0   1
19   0   1   0   1
20   0   1   0   1
21   0   1   0   1
22   0   1   0   1
23   0   1   0   1
24   0   1   0   1
25   0   1   0   1
26   0   1   0   1
27   0   1   0   1
28   0   1   0   1
29   0   1   0   1
30   0   1   0   1
31   0   1   0   1
32   0   1   0   1
33   0   1   0   1
34   0   1   0   1
35   0   1   0   1
36   0   1   0   1
37   0   1   0   1
38   0   1   0   1
39   0   1   0   1
40   0   1   0   1
41   0   1   0   1
42   0   1   0   1
43   0   1   0   1
44   0   1   0   1
45   0   1   0   1
46   0   1   0   1
47   0   1   0   1
48   0   1   0   1
49   0   1   0   1
50   0   1   0   1

 [*,2,*]
:    1   2   3   4    :=
1    0   0   1   1
2    0   0   1   1
3    0   0   1   1
4    0   0   1   1
5    0   0   1   1
6    0   0   1   1
7    0   0   1   1
8    0   0   1   1
9    0   0   1   1
10   0   0   1   1
11   0   0   1   1
12   0   0   1   1
13   0   0   1   1
14   0   0   1   1
15   0   0   1   1
16   0   0   1   1
17   0   0   1   1
18   0   0   1   1
19   0   0   1   1
20   0   0   1   1
21   0   0   1   1
22   0   0   1   1
23   0   0   1   1
24   0   0   1   1
25   0   0   1   1
26   0   0   1   1
27   0   0   1   1
28   0   0   1   1
29   0   0   1   1
30   0   0   1   1
31   0   0   1   1
32   0   0   1   1
33   0   0   1   1
34   0   0   1   1
35   0   0   1   1
36   0   0   1   1
37   0   0   1   1
38   0   0   1   1
39   0   0   1   1
40   0   0   1   1
41   0   0   1   1
42   0   0   1   1
43   0   0   1   1
44   0   0   1   1
45   0   0   1   1
46   0   0   1   1
47   0   0   1   1
48   0   0   1   1
49   0   0   1   1
50   0   0   1   1

 [*,3,*]
:    1   2   3   4    :=
1    1   0   0   1
2    1   0   0   1
3    1   0   0   1
4    1   0   0   1
5    1   0   0   1
6    1   0   0   1
7    1   0   0   1
8    1   0   0   1
9    1   0   0   1
10   1   0   0   1
11   1   0   0   1
12   1   0   0   1
13   1   0   0   1
14   1   0   0   1
15   1   0   0   1
16   1   0   0   1
17   1   0   0   1
18   1   0   0   1
19   1   0   0   1
20   1   0   0   1
21   1   0   0   1
22   1   0   0   1
23   1   0   0   1
24   1   0   0   1
25   1   0   0   1
26   1   0   0   1
27   1   0   0   1
28   1   0   0   1
29   1   0   0   1
30   1   0   0   1
31   1   0   0   1
32   1   0   0   1
33   1   0   0   1
34   1   0   0   1
35   1   0   0   1
36   1   0   0   1
37   1   0   0   1
38   1   0   0   1
39   1   0   0   1
40   1   0   0   1
41   1   0   0   1
42   1   0   0   1
43   1   0   0   1
44   1   0   0   1
45   1   0   0   1
46   1   0   0   1
47   1   0   0   1
48   1   0   0   1
49   1   0   0   1
50   1   0   0   1

 [*,4,*]
:    1   2   3   4    :=
1    1   1   1   0
2    1   1   1   0
3    1   1   1   0
4    1   1   1   0
5    1   1   1   0
6    1   1   1   0
7    1   1   1   0
8    1   1   1   0
9    1   1   1   0
10   1   1   1   0
11   1   1   1   0
12   1   1   1   0
13   1   1   1   0
14   1   1   1   0
15   1   1   1   0
16   1   1   1   0
17   1   1   1   0
18   1   1   1   0
19   1   1   1   0
20   1   1   1   0
21   1   1   1   0
22   1   1   1   0
23   1   1   1   0
24   1   1   1   0
25   1   1   1   0
26   1   1   1   0
27   1   1   1   0
28   1   1   1   0
29   1   1   1   0
30   1   1   1   0
31   1   1   1   0
32   1   1   1   0
33   1   1   1   0
34   1   1   1   0
35   1   1   1   0
36   1   1   1   0
37   1   1   1   0
38   1   1   1   0
39   1   1   1   0
40   1   1   1   0
41   1   1   1   0
42   1   1   1   0
43   1   1   1   0
44   1   1   1   0
45   1   1   1   0
46   1   1   1   0
47   1   1   1   0
48   1   1   1   0
49   1   1   1   0
50   1   1   1   0
;

---------------------------- Solution stats data ----------------------------
_ampl_time = 0.049481
_total_solve_time = 6768.32
_ampl_elapsed_time = 0.045991
_ampl_user_time = 0.036363

Total time elapsed: $6768.32.
_total_solve_time = 6768.32

---------------------------- Solution miscs data ----------------------------
tetrahedron_volume [*] :=
 1 0    6 0   11 0   16 0   21 0   26 0   31 0   36 0   41 0   46 0
 2 0    7 0   12 0   17 0   22 0   27 0   32 0   37 0   42 0   47 0
 3 0    8 0   13 0   18 0   23 0   28 0   33 0   38 0   43 0   48 0
 4 0    9 0   14 0   19 0   24 0   29 0   34 0   39 0   44 0   49 0
 5 0   10 0   15 0   20 0   25 0   30 0   35 0   40 0   45 0   50 0
;

---------------------------- Solution miscs data ----------------------------
tetrahedron_surface_area [*] :=
 1 1.73205   10 1.73205   19 1.73205   28 1.73205   37 1.73205   46 1.73205
 2 1.73205   11 1.73205   20 1.73205   29 1.73205   38 1.73205   47 1.73205
 3 1.73205   12 1.73205   21 1.73205   30 1.73205   39 1.73205   48 1.73205
 4 1.73205   13 1.73205   22 1.73205   31 1.73205   40 1.73205   49 1.73205
 5 1.73205   14 1.73205   23 1.73205   32 1.73205   41 1.73205   50 1.73205
 6 1.73205   15 1.73205   24 1.73205   33 1.73205   42 1.73205
 7 1.73205   16 1.73205   25 1.73205   34 1.73205   43 1.73205
 8 1.73205   17 1.73205   26 1.73205   35 1.73205   44 1.73205
 9 1.73205   18 1.73205   27 1.73205   36 1.73205   45 1.73205
;

