Error at _cmdno 5 executing "solve" command
(file amplin, line 1961, offset 37059):
error processing param distances:
	3200 invalid subscripts discarded:
	distances[101,1,1]
	distances[101,1,2]
	distances[101,1,3]
	and 3197 more.
##### This license is only intended for use by NEOS. #####
##### License is valid until Jan 16, 2026 #####
iables.
Substitution eliminates 1 variable.
Adjusted problem:
25953 variables:
	16053 nonlinear variables
	9900 linear variables
52003 constraints; 313156 nonzeros
	46250 nonlinear constraints
	5753 linear constraints
	5051 equality constraints
	46952 inequality constraints
1 nonlinear objective; 3 nonzeros.

Artelys Knitro 14.2.0: threads=4
algorithm=1
ms_enable=1
ms_maxsolves=10
feastol=1e-5
opttol=1e-5
honorbnds=1
bar_initpt=3
bar_murule=4
scale=1
outlev=2
maxtime_real=1200
WARNING:  Option 'threads' is deprecated, please use 'numthreads'.
WARNING: 1 constraint is constant or undefined and will be ignored.

=======================================
           Academic License
       (NOT FOR COMMERCIAL USE)
         Artelys Knitro 14.2.0
=======================================

No start point provided -- Knitro computing one.

Knitro presolve eliminated 0 variables and 1 constraint.

algorithm                1
bar_initpt               3
bar_murule               4
concurrent_evals         0
datacheck                0
feastol                  1e-05
findiff_numthreads       1
hessian_no_f             1
hessopt                  1
honorbnds                1
maxtime_real             1200
ms_enable                1
ms_maxsolves             10
numthreads               4
opttol                   1e-05

Problem Characteristics                                 (   Presolved)
-----------------------
Objective goal:  Minimize
Objective type:  general
Number of variables:                              25953 (       25953)
    bounded below only:                               1 (           1)
    bounded above only:                               0 (           0)
    bounded below and above:                          0 (           0)
    fixed:                                            0 (           0)
    free:                                         25952 (       25952)
Number of constraints:                            52003 (       52002)
    linear equalities:                                1 (           0)
    quadratic equalities:                          4950 (        4950)
    gen. nonlinear equalities:                      100 (         100)
    linear one-sided inequalities:                 5752 (        5752)
    quadratic one-sided inequalities:             41200 (       41200)
    gen. nonlinear one-sided inequalities:            0 (           0)
    linear two-sided inequalities:                    0 (           0)
    quadratic two-sided inequalities:                 0 (           0)
    gen. nonlinear two-sided inequalities:            0 (           0)
Number of nonzeros in Jacobian:                  313156 (      313156)
Number of nonzeros in Hessian:                   141453 (      141453)

Knitro parallel multistart will run with 4 threads.

Return codes description
------------------------
  0:  The final solution satisfies the termination conditions for verifying optimality.
  -100 to -199:  A feasible approximate solution was found.
  -200 to -299:  Knitro terminated at an infeasible point.
  -300 to -301:  The problem was determined to be unbounded.
  -400 to -499:  Knitro terminated because it reached a pre-defined limit.
    -400 to -409:  A feasible point was found.
    -410 to -419:  No feasible point was found.
  -500 to -599:  Knitro terminated with an input error or some non-standard error.
A more detailed description of individual return codes and their corresponding
termination messages is provided at
https://www.artelys.com/app/docs/knitro/3_referenceManual/returnCodes.html

 Solve #  ThreadID  Status     Objective      FeasError    OptError    Real Time 
--------  --------  ------  --------------   ----------   ----------  ----------
      0          0       0         5.26159  1.23414e-05  1.17889e-07      1885.45
      2          2    -410     8.12758e+09  1.10044e+07      8097.26      7010.18
      6          3    -410     9.71556e+08  1.64228e+07      1856.65      6383.16
      3          1    -410     9.95413e+11      71728.2      74165.0      6459.30
      1          3    -410     3.44622e+11      137016.      25887.6      6555.95
      4          0    -410     1.14977e+11  5.05146e+06      25079.9      6896.13
      5          1    -410     2.42936e+12  2.47346e+06      107123.      6050.44
      9          1    -410     2.11460e+10  1.67570e+06      18959.3      4622.54
      8          0    -410     2.06906e+11      2.87302      140149.      5471.06
      7          2    -410     1.37144e+12      6.21853      271525.      5953.22

MULTISTART: Best locally optimal solution is returned.
EXIT: Locally optimal solution found.

Final Statistics
----------------
Final objective value               =   5.26159408522597e+00
Final feasibility error (abs / rel) =   1.23e-05 / 2.12e-06
Final optimality error  (abs / rel) =   1.18e-07 / 1.44e-08
# of iterations                     =      93134 
# of CG iterations                  =          0 
# of function evaluations           =      95478
# of gradient evaluations           =      93284
# of Hessian evaluations            =      93161
Total program time (secs)           =   17133.80078 ( 56958.895 CPU time)

===============================================================================

Knitro 14.2.0: Locally optimal or satisfactory solution.
objective 5.261594085; feasibility error 1.23e-05
93134 iterations; 95478 function evaluations

suffix feaserror OUT;
suffix opterror OUT;
suffix numfcevals OUT;
suffix numiters OUT;
---------------------------- Solver Status Report ----------------------------
solve_result_num = 0
solve_result = solved
solve_message = 'Knitro 14.2.0: Locally optimal or satisfactory solution.\
objective 5.261594085; feasibility error 1.23e-05\
93134 iterations; 95478 function evaluations'


---------------------------- Problem Dimensions ----------------------------
Variables: 51304
Constraints: 52104
---------------------------- Container and geometric considerations  ----------------------------
Container type: cylinder
Structural conservation type: volume & surface
---------------------------- Solution execution data ----------------------------
solve_result_num = 0
solve_result = solved

---------------------------- Solution data ----------------------------
card(figures) = 100

coords [*,*,1]
:         1            2            3            4         :=
1      1.01548      1.16716      0.55573      1.27923
2      0.465462     0.447008     0.157043     1.09207
3      0.0859287    0.234128     0.673676     1.07329
4     -0.438407    -1.24115     -1.19107     -1.26627
5      0.456634     0.529297     0.880957     1.13344
6     -0.284247    -0.579633     0.166423    -0.688038
7     -0.79973      0.135239    -0.755881    -0.351909
8     -1.18323     -0.48924     -0.285798    -1.07071
9     -0.0452407    0.283193     0.395789     0.879121
10    -0.440406     0.52302     -0.0376956    0.0328561
11    -1.23508     -0.926584    -0.273597    -0.400945
12    -0.592446    -1.25782     -0.308622    -0.259869
13     1.27599      0.483666     1.11011      1.19752
14     1.05107      1.17259      0.451974     0.187017
15     0.559109     0.414577    -0.0638775   -0.386049
16    -1.09092     -1.19673     -0.414472    -1.26413
17     0.929135     0.575967     0.625333     0.152806
18    -0.901977    -0.026759    -0.407405     0.0787384
19    -1.24051     -0.44445     -1.26282     -0.864285
20    -1.15781     -1.27747     -0.583511    -0.931637
21     0.495827     0.23725      0.679733    -0.162748
22    -0.613429    -0.257903    -0.514643    -0.969625
23    -1.18899     -1.07421     -0.352       -1.19745
24     1.25344      0.978869     1.27599      0.390817
25    -0.568866     0.4312      -0.585235    -0.256681
26    -0.548137    -0.644385    -0.408595     0.124512
27    -0.333072     0.13582     -0.265647     0.410271
28     0.358551     0.488627     0.854353    -0.0559354
29    -0.223382    -0.160601     0.194844    -0.879792
30     0.504461    -0.0156956   -0.406078     0.120877
31     1.23843      0.549766     0.979313     0.419064
32    -1.19745     -0.425565    -1.23238     -0.660795
33     0.104071    -0.252063     0.483735     0.239762
34     0.114435     0.483418     0.580328     0.928966
35     0.218482    -0.380586     0.232763     0.343858
36    -1.21565     -0.239673    -0.703042    -0.866047
37     0.115716    -0.590748    -0.108285    -0.684296
38    -0.381126    -0.863997     0.12681     -0.433628
39     0.518788    -0.368677    -0.264232     0.122114
40     0.0190578    0.104433    -0.760866    -0.355846
41     1.26684      0.698846     0.159168     1.15004
42    -0.56238     -0.256681     0.4312       0.113236
43     0.333916     0.245328     0.972635     0.208287
44     0.622176     0.242331    -0.162748     0.495827
45     0.186107    -0.865615    -0.345345    -0.715836
46    -0.111068    -0.641199     0.229387     0.23725
47    -0.276924     0.327033     0.304989    -0.498898
48    -0.364585    -0.538775    -1.11223     -0.350041
49    -0.257826     0.215735     0.341765    -0.518469
50     1.27599      0.912708     0.422963     1.0656
51    -1.26756     -0.485952    -1.25044     -0.799144
52     0.567103    -0.287853     0.193293    -0.129675
53    -0.904479    -0.245395    -0.542585     0.0123188
54     0.419064     1.27599      0.979191     1.23843
55     0.23725      0.500723     0.229387    -0.641199
56    -1.03012     -0.355381     0.0214758   -0.761025
57    -0.835402    -0.985127    -0.176525    -0.0967591
58    -0.41346     -0.444626    -1.26606     -0.840159
59    -0.546393    -1.10027     -0.41738     -1.24522
60     1.17187      1.26147      0.338467     1.25104
61     0.434289     0.23725      0.956138     1.14814
62     0.610532     0.568665    -0.298439     0.141548
63     0.978515     0.330702     1.25155      0.42327
64     0.612026     0.698846     0.159168     1.15004
65    -0.870402    -0.542585    -0.24675     -1.25782
66    -0.288003     0.117796    -0.954469    -0.129675
67    -1.26861     -1.25002     -1.15071     -0.485337
68     0.123373    -0.0297034   -0.430375     0.433954
69    -0.0386278   -0.440406    -0.632632    -1.19745
70    -0.539334    -0.690151    -0.540005    -1.24463
71    -0.169622     0.347103     0.338737    -0.563982
72     0.0815304   -0.931429    -0.834784    -0.563384
73     0.260231     0.601477     0.305005    -0.18103
74     0.0922993   -1.06364     -0.276241    -0.411125
75     1.27599      1.23795      0.899959     0.455839
76    -0.55267      0.185713     0.239449    -0.267169
77     1.23728      0.580328     0.899325     0.455955
78    -0.267473    -0.281394    -0.587041     0.188002
79     0.52302      0.0135992    0.673676     1.15197
80     0.543477    -0.304672    -0.276899     0.0801799
81    -0.597931     0.134971     0.539495    -0.0893876
82     1.25613      0.168946     0.516006     0.827644
83    -0.0600546   -0.898811     0.0123188   -0.236116
84     0.184165     0.11942      0.47276      0.844591
85     0.549766     0.160419     1.23843      0.401402
86    -0.348848    -0.800017    -0.755287    -1.26096
87     0.0826292    0.404431     0.428336    -0.346752
88    -1.23289     -0.969626    -0.514643    -0.613429
89    -1.21341     -0.398717    -0.926796    -1.26861
90    -0.272906     0.108256     0.184361     0.844186
91     0.174446     1.25418      0.728753     0.830535
92    -1.25782     -1.03984     -0.308622    -0.592446
93     1.09207      0.447008     1.26397      0.155313
94     0.48196      0.580328    -0.29846      0.114435
95    -0.364585     0.387768    -0.350041    -0.37859
96     1.1677       0.507056     0.751938     0.150867
97     0.673676     0.0859286    1.15197      1.07329
98     0.139489     0.81262      0.311459     1.27597
99     0.706741     0.15186      0.38971      1.26625
100    0.288563    -0.563461    -0.482013    -0.284762

 [*,*,2]
:         1             2             3             4         :=
1     -0.408668     0.529188      0.298193     -0.0766023
2     -0.0354778    0.433932     -0.459029     -0.222746
3      0.488736     0.490258      1.09016       0.29036
4     -0.0640318   -0.319118      0.472912     -0.19714
5      1.19741      0.221594      0.930705      0.598001
6     -1.2496      -0.393238     -1.09674      -1.08116
7     -1.00136     -0.51071      -0.663712      0.0637367
8      0.492207     1.16106       0.337168      0.704187
9     -1.27996     -0.446576     -1.21887      -0.932439
10     1.20347      1.16993       1.09395       0.211142
11    -0.223067     0.88529       0.238622      0.069021
12    -0.0101406   -0.245326      0.424766     -0.408852
13     0.118905     0.228144      0.640281     -0.330147
14     0.733181     0.517031      1.19917       0.414414
15    -0.553543     0.231385     -0.00101464   -0.340517
16     0.672448     0.458416      0.397638     -0.210412
17     0.882612     0.231022      1.11859       1.27238
18     0.265178     0.381434      1.21504       0.385075
19    -0.321604    -0.0677686    -0.218145     -0.946207
20     0.549329    -0.101873      0.0209473     0.879971
21     1.18172      0.349098      0.369069      0.539534
22    -1.12517     -1.22163      -0.159918     -0.837928
23    -0.381436    -0.69883      -0.340489      0.45651
24    -0.26679      0.826119      0.118904     -0.0618324
25    -1.12672     -0.897438     -0.429019     -0.00759264
26    -0.0669971   -0.931443      0.189231     -0.501475
27     0.842829     0.230631     -0.310052      0.199312
28    -0.495636    -0.361235     -0.955184     -1.2803
29     0.292132     1.27142       1.26662       0.931806
30     0.916226     0.381551      1.21471       0.387623
31    -0.329512    -1.15761      -0.826585     -0.247103
32     0.45651     -0.356112     -0.351462      0.217021
33    -0.47383     -0.0140598     0.409601     -0.650572
34    -1.2764      -0.31598      -1.14259      -0.88279
35     0.456358     0.231078     -0.471296      0.464608
36     0.405577     0.21264       1.07146       0.944594
37     0.397448    -0.0106645    -0.441636      0.28503
38     0.127342    -0.924332     -0.384805     -0.407886
39     0.470036     0.259793     -0.0295433    -0.425305
40    -1.28138     -0.511874     -1.0312       -1.23113
41    -0.193418    -1.0742       -0.457905     -0.565433
42    -1.10355     -0.00759276   -0.897438     -0.486866
43     0.463954    -0.35085       0.294396      0.455687
44     0.380715     1.2584        0.539534      1.18172
45     1.26794      0.944991      0.248771      1.06296
46     0.484169     1.10958       1.22761       0.349098
47    -1.14221     -0.156614     -0.401804     -0.00316855
48     0.828968    -0.226126      0.636587      0.302651
49    -1.25532     -1.26323      -0.514538     -0.447828
50     0.118905     0.899589     -0.0205998     0.711898
51    -0.188635     0.0635653    -0.280515     -0.953758
52     1.14921      1.24877       0.379257      1.27494
53    -0.907862    -0.356244     -1.16099      -1.28146
54    -0.247103     0.118904     -0.82673      -0.329512
55     0.349098     1.17965       1.22761       1.10958
56    -0.762327    -1.23126      -0.530243     -1.03109
57     0.708021     0.819647      1.26931       0.482357
58    -0.383685    -0.0681366    -0.198459     -0.895726
59    -0.226238     0.657046     -0.127323     -0.302852
60     0.51867      0.22581       0.419182     -0.277854
61     0.26676      0.349098      0.853286     -0.29153
62     1.12674      1.14844       1.24629       0.378536
63     0.82753      0.449126     -0.259278     -0.0695432
64    -1.12593     -1.0742       -0.457905     -0.565433
65    -0.851319    -1.16099      -0.411002     -0.245327
66     1.24874      0.588632      0.855153      1.27494
67    -0.18147     -0.282389      0.564051      0.063758
68    -0.487581    -1.28118      -1.20709      -1.20581
69     0.406738     1.20347       1.10974       0.45651
70    -0.132524    -1.07981      -0.225429     -0.305289
71     0.316933    -0.377919      0.590368     -0.0257535
72     0.409914     0.800077      0.707796     -0.0262013
73    -0.271179     0.266838      0.823713      0.459522
74     0.630107     0.71482       0.270318      1.21378
75     0.118904    -0.331335     -0.912343     -0.369341
76     1.09981      1.26799       0.517686      0.225883
77    -0.333806    -1.14259      -0.912968     -0.188234
78    -0.278833     0.773502     -0.0229482     0.163467
79     1.16993      0.452105      1.09016       0.561476
80    -0.367673    -1.1618       -0.269281     -0.82971
81     0.0362787    0.469579     -0.200921     -0.370849
82    -0.253829    -0.480685      0.418264     -0.225973
83    -0.636318    -0.910172     -1.28146      -0.389558
84    -1.16159     -0.48476      -0.0856888    -0.963827
85    -1.15761     -0.452507     -0.32951      -0.124062
86     0.0651354   -1.00113      -0.659497     -0.228641
87    -1.03333     -0.423524     -0.478907      0.0460341
88    -0.349701    -0.837928     -0.159918     -1.12517
89     0.412222     0.0908781     0.885069     -0.181471
90    -1.25213     -0.477376     -1.162        -0.964182
91    -0.478834    -0.263286     -1.05414      -0.224292
92    -0.245326     0.749019      0.424766     -0.0101405
93    -0.222746     0.433932     -0.211384     -0.459466
94    -0.439298    -1.14259      -1.15599      -1.2764
95     0.828968     0.373336      0.302652     -0.100207
96     0.527994    -0.142734     -0.552362      0.441979
97     1.09016      0.488736      0.561476      0.29036
98     0.0226056   -0.887408     -0.293063      0.118896
99    -0.185844     0.316934     -0.438384      0.11278
100   -0.420027    -0.309711     -0.0285658    -1.17314

 [*,*,3]
:          1             2             3            4         :=
1      1.34945        1.25283      0.550088      0.267707
2     -0.702868       0.329783     0.334186     -0.231394
3      1.11427        0.0172876    0.431996      0.534816
4     -0.951369      -0.597992    -0.806951     -1.75319
5     -1.73939       -1.11289     -0.691146     -1.77538
6      1.19654        0.682914     0.136576      0.12017
7     -0.908215      -0.49809     -0.00589539   -0.785662
8      1.17303        0.524173     0.655931      0.0361871
9     -0.85161       -0.111607     0.159405     -0.771136
10     1.34945        1.34945      0.59734       1.34945
11    -0.623333      -0.785742    -1.0842       -0.255613
12    -0.996148      -1.85435     -1.85435      -1.85435
13    -0.886577      -1.12722     -1.85435      -1.85435
14     0.610299      -0.325232    -0.269439     -0.0295153
15    -1.52646       -1.74914     -0.716148     -1.6344
16     0.211034       1.34813      0.552932      0.471983
17    -0.25127       -0.626051    -1.34763      -0.331925
18     1.03954        1.3031       0.588804      0.428132
19    -0.569885      -0.929535    -1.72695      -0.91387
20    -0.680399      -1.63519     -1.00022      -1.70085
21    -1.64055       -1.85435     -0.830748     -0.930707
22     0.31424        1.34945      0.953408      1.34945
23     0.544607       1.34945      1.34945       1.34945
24    -0.0912922     -0.374415    -0.886577     -0.83889
25     0.03711        0.338642     0.650802      0.0471032
26    -0.595196       0.175173     0.265748     -0.501534
27    -1.85435       -0.985242    -1.85435      -1.85435
28    -0.182602      -1.30577     -0.786754     -0.848854
29    -0.879882      -1.50202     -0.653958     -0.913164
30     0.623593       1.21255      0.579502      0.0736486
31     0.0338216     -0.119609    -0.934596     -0.442351
32     1.34945        1.26705      0.534003      0.523362
33     0.599402      -0.40647     -0.0528283    -0.460885
34    -0.798398      -1.33825     -1.85435      -0.812856
35     1.2219         0.542532     0.522429      0.0691674
36     0.0562734     -0.543932    -0.0177214    -0.911837
37     1.09153        1.28761      0.322475      0.31285
38    -0.780004      -0.862279    -1.14015      -1.80994
39    -0.0235816      0.524229    -0.401676      0.560193
40    -1.05831       -0.452583    -1.02839       0.0402889
41     0.0857235     -0.129251     0.316173      0.812864
42     0.0373241      0.0471032    0.338642     -0.485305
43     0.160574       0.480088     1.11623       1.31563
44    -0.837577      -0.534686    -0.930707     -1.64055
45    -0.655868      -0.909316    -0.82576      -0.0842468
46    -1.07614       -1.85435     -1.09399      -1.85435
47     1.23182        1.34945      0.551248      1.28939
48    -0.315093      -0.187671     0.177222      0.618168
49     1.31303        0.252046     0.648394      0.634226
50    -0.886576      -0.314651    -0.818221     -1.45105
51    -0.572902      -0.300339     0.48155       0.165455
52    -0.126654       0.63044      0.028411     -0.516683
53    -0.963828      -1.71365     -1.85435      -1.05977
54    -0.442351      -0.886578    -0.934913      0.033822
55    -1.85435       -1.85435     -1.09399      -1.85435
56     0.000952755    0.0413442   -0.435255     -1.02888
57    -1.85435       -0.789404    -1.49223      -1.06195
58    -1.85435       -0.929529    -1.74086      -0.914771
59    -0.19601        0.213422     0.731527      0.51198
60    -0.350909       0.769896     0.0911668    -0.0859114
61    -1.07692       -1.85435     -1.85435      -1.80406
62     0.827917      -0.128165     0.639009      0.0727732
63    -0.374781      -0.0793394   -0.0932384    -0.810765
64     1.02824       -0.129251     0.316173      0.812864
65    -0.978465      -1.85435     -1.85435      -1.85435
66     0.631554      -0.0990106    0.185806     -0.516683
67    -0.654023       0.503332     0.229323     -0.300061
68    -0.477669      -0.815937     0.247359      0.246768
69     1.28129        1.34945      0.572106      1.34945
70     0.957052       0.301381    -0.201122      0.480148
71    -1.11734       -0.342627    -0.108971     -0.503296
72    -1.20502       -0.790668    -1.85435      -0.995523
73    -0.475465      -1.07815     -0.111185     -1.10171
74    -0.0531086      0.0283104    0.660863      0.591251
75    -0.886578      -1.85435     -0.906624     -1.45005
76    -0.187784      -0.655536    -0.099769     -0.898236
77    -1.85435       -1.85435     -0.905483     -1.69806
78    -1.85435       -1.75877     -1.00907      -0.88841
79     1.34945        1.14416      0.431997      1.34945
80    -1.85435       -1.85435     -1.79333      -0.894208
81     1.34945        1.15764      1.34945       0.387353
82     0.580527       0.340267     0.347556      1.26289
83    -0.581698      -0.964422    -1.05977      -1.6901
84     0.414181       1.34945      0.744559      1.34945
85    -0.119609       0.318192     0.0338219    -0.485964
86    -0.807265      -0.904818     0.00496364   -0.544156
87    -0.808897      -0.284468    -1.4448       -0.784189
88     0.459325       1.34945      0.953408      0.314241
89     0.0461302     -0.260918    -0.785791     -0.654024
90     1.34945        1.34945      0.413769      1.34945
91     0.346146       0.52013      1.18981       1.27068
92    -1.85435       -1.75346     -1.85435      -0.996148
93    -0.231394       0.329783     0.578831      0.335233
94    -1.37759       -1.85435     -1.85435      -0.798398
95    -0.315093      -0.122795     0.618167     -0.45059
96     1.34945        0.684112     1.34945       1.34945
97     0.431997       1.11427      1.34945       0.534816
98    -1.10822       -0.845979    -0.386569     -0.886568
99    -1.85435       -1.14552     -0.99412      -0.887747
100    0.570079       0.518141     1.27631       1.24396
;

radius = 1.28152
height = 3.2038
softness = 0.35

---------------------------- Solution coords data ----------------------------
distances [*,1,*]
:     1   2   3   4    :=
1     0   1   0   1
2     0   1   0   1
3     0   1   0   1
4     0   1   0   1
5     0   1   0   1
6     0   1   0   1
7     0   1   0   1
8     0   1   0   1
9     0   1   0   1
10    0   1   0   1
11    0   1   0   1
12    0   1   0   1
13    0   1   0   1
14    0   1   0   1
15    0   1   0   1
16    0   1   0   1
17    0   1   0   1
18    0   1   0   1
19    0   1   0   1
20    0   1   0   1
21    0   1   0   1
22    0   1   0   1
23    0   1   0   1
24    0   1   0   1
25    0   1   0   1
26    0   1   0   1
27    0   1   0   1
28    0   1   0   1
29    0   1   0   1
30    0   1   0   1
31    0   1   0   1
32    0   1   0   1
33    0   1   0   1
34    0   1   0   1
35    0   1   0   1
36    0   1   0   1
37    0   1   0   1
38    0   1   0   1
39    0   1   0   1
40    0   1   0   1
41    0   1   0   1
42    0   1   0   1
43    0   1   0   1
44    0   1   0   1
45    0   1   0   1
46    0   1   0   1
47    0   1   0   1
48    0   1   0   1
49    0   1   0   1
50    0   1   0   1
51    0   1   0   1
52    0   1   0   1
53    0   1   0   1
54    0   1   0   1
55    0   1   0   1
56    0   1   0   1
57    0   1   0   1
58    0   1   0   1
59    0   1   0   1
60    0   1   0   1
61    0   1   0   1
62    0   1   0   1
63    0   1   0   1
64    0   1   0   1
65    0   1   0   1
66    0   1   0   1
67    0   1   0   1
68    0   1   0   1
69    0   1   0   1
70    0   1   0   1
71    0   1   0   1
72    0   1   0   1
73    0   1   0   1
74    0   1   0   1
75    0   1   0   1
76    0   1   0   1
77    0   1   0   1
78    0   1   0   1
79    0   1   0   1
80    0   1   0   1
81    0   1   0   1
82    0   1   0   1
83    0   1   0   1
84    0   1   0   1
85    0   1   0   1
86    0   1   0   1
87    0   1   0   1
88    0   1   0   1
89    0   1   0   1
90    0   1   0   1
91    0   1   0   1
92    0   1   0   1
93    0   1   0   1
94    0   1   0   1
95    0   1   0   1
96    0   1   0   1
97    0   1   0   1
98    0   1   0   1
99    0   1   0   1
100   0   1   0   1

 [*,2,*]
:     1   2   3   4    :=
1     0   0   1   1
2     0   0   1   1
3     0   0   1   1
4     0   0   1   1
5     0   0   1   1
6     0   0   1   1
7     0   0   1   1
8     0   0   1   1
9     0   0   1   1
10    0   0   1   1
11    0   0   1   1
12    0   0   1   1
13    0   0   1   1
14    0   0   1   1
15    0   0   1   1
16    0   0   1   1
17    0   0   1   1
18    0   0   1   1
19    0   0   1   1
20    0   0   1   1
21    0   0   1   1
22    0   0   1   1
23    0   0   1   1
24    0   0   1   1
25    0   0   1   1
26    0   0   1   1
27    0   0   1   1
28    0   0   1   1
29    0   0   1   1
30    0   0   1   1
31    0   0   1   1
32    0   0   1   1
33    0   0   1   1
34    0   0   1   1
35    0   0   1   1
36    0   0   1   1
37    0   0   1   1
38    0   0   1   1
39    0   0   1   1
40    0   0   1   1
41    0   0   1   1
42    0   0   1   1
43    0   0   1   1
44    0   0   1   1
45    0   0   1   1
46    0   0   1   1
47    0   0   1   1
48    0   0   1   1
49    0   0   1   1
50    0   0   1   1
51    0   0   1   1
52    0   0   1   1
53    0   0   1   1
54    0   0   1   1
55    0   0   1   1
56    0   0   1   1
57    0   0   1   1
58    0   0   1   1
59    0   0   1   1
60    0   0   1   1
61    0   0   1   1
62    0   0   1   1
63    0   0   1   1
64    0   0   1   1
65    0   0   1   1
66    0   0   1   1
67    0   0   1   1
68    0   0   1   1
69    0   0   1   1
70    0   0   1   1
71    0   0   1   1
72    0   0   1   1
73    0   0   1   1
74    0   0   1   1
75    0   0   1   1
76    0   0   1   1
77    0   0   1   1
78    0   0   1   1
79    0   0   1   1
80    0   0   1   1
81    0   0   1   1
82    0   0   1   1
83    0   0   1   1
84    0   0   1   1
85    0   0   1   1
86    0   0   1   1
87    0   0   1   1
88    0   0   1   1
89    0   0   1   1
90    0   0   1   1
91    0   0   1   1
92    0   0   1   1
93    0   0   1   1
94    0   0   1   1
95    0   0   1   1
96    0   0   1   1
97    0   0   1   1
98    0   0   1   1
99    0   0   1   1
100   0   0   1   1

 [*,3,*]
:     1   2   3   4    :=
1     1   0   0   1
2     1   0   0   1
3     1   0   0   1
4     1   0   0   1
5     1   0   0   1
6     1   0   0   1
7     1   0   0   1
8     1   0   0   1
9     1   0   0   1
10    1   0   0   1
11    1   0   0   1
12    1   0   0   1
13    1   0   0   1
14    1   0   0   1
15    1   0   0   1
16    1   0   0   1
17    1   0   0   1
18    1   0   0   1
19    1   0   0   1
20    1   0   0   1
21    1   0   0   1
22    1   0   0   1
23    1   0   0   1
24    1   0   0   1
25    1   0   0   1
26    1   0   0   1
27    1   0   0   1
28    1   0   0   1
29    1   0   0   1
30    1   0   0   1
31    1   0   0   1
32    1   0   0   1
33    1   0   0   1
34    1   0   0   1
35    1   0   0   1
36    1   0   0   1
37    1   0   0   1
38    1   0   0   1
39    1   0   0   1
40    1   0   0   1
41    1   0   0   1
42    1   0   0   1
43    1   0   0   1
44    1   0   0   1
45    1   0   0   1
46    1   0   0   1
47    1   0   0   1
48    1   0   0   1
49    1   0   0   1
50    1   0   0   1
51    1   0   0   1
52    1   0   0   1
53    1   0   0   1
54    1   0   0   1
55    1   0   0   1
56    1   0   0   1
57    1   0   0   1
58    1   0   0   1
59    1   0   0   1
60    1   0   0   1
61    1   0   0   1
62    1   0   0   1
63    1   0   0   1
64    1   0   0   1
65    1   0   0   1
66    1   0   0   1
67    1   0   0   1
68    1   0   0   1
69    1   0   0   1
70    1   0   0   1
71    1   0   0   1
72    1   0   0   1
73    1   0   0   1
74    1   0   0   1
75    1   0   0   1
76    1   0   0   1
77    1   0   0   1
78    1   0   0   1
79    1   0   0   1
80    1   0   0   1
81    1   0   0   1
82    1   0   0   1
83    1   0   0   1
84    1   0   0   1
85    1   0   0   1
86    1   0   0   1
87    1   0   0   1
88    1   0   0   1
89    1   0   0   1
90    1   0   0   1
91    1   0   0   1
92    1   0   0   1
93    1   0   0   1
94    1   0   0   1
95    1   0   0   1
96    1   0   0   1
97    1   0   0   1
98    1   0   0   1
99    1   0   0   1
100   1   0   0   1

 [*,4,*]
:     1   2   3   4    :=
1     1   1   1   0
2     1   1   1   0
3     1   1   1   0
4     1   1   1   0
5     1   1   1   0
6     1   1   1   0
7     1   1   1   0
8     1   1   1   0
9     1   1   1   0
10    1   1   1   0
11    1   1   1   0
12    1   1   1   0
13    1   1   1   0
14    1   1   1   0
15    1   1   1   0
16    1   1   1   0
17    1   1   1   0
18    1   1   1   0
19    1   1   1   0
20    1   1   1   0
21    1   1   1   0
22    1   1   1   0
23    1   1   1   0
24    1   1   1   0
25    1   1   1   0
26    1   1   1   0
27    1   1   1   0
28    1   1   1   0
29    1   1   1   0
30    1   1   1   0
31    1   1   1   0
32    1   1   1   0
33    1   1   1   0
34    1   1   1   0
35    1   1   1   0
36    1   1   1   0
37    1   1   1   0
38    1   1   1   0
39    1   1   1   0
40    1   1   1   0
41    1   1   1   0
42    1   1   1   0
43    1   1   1   0
44    1   1   1   0
45    1   1   1   0
46    1   1   1   0
47    1   1   1   0
48    1   1   1   0
49    1   1   1   0
50    1   1   1   0
51    1   1   1   0
52    1   1   1   0
53    1   1   1   0
54    1   1   1   0
55    1   1   1   0
56    1   1   1   0
57    1   1   1   0
58    1   1   1   0
59    1   1   1   0
60    1   1   1   0
61    1   1   1   0
62    1   1   1   0
63    1   1   1   0
64    1   1   1   0
65    1   1   1   0
66    1   1   1   0
67    1   1   1   0
68    1   1   1   0
69    1   1   1   0
70    1   1   1   0
71    1   1   1   0
72    1   1   1   0
73    1   1   1   0
74    1   1   1   0
75    1   1   1   0
76    1   1   1   0
77    1   1   1   0
78    1   1   1   0
79    1   1   1   0
80    1   1   1   0
81    1   1   1   0
82    1   1   1   0
83    1   1   1   0
84    1   1   1   0
85    1   1   1   0
86    1   1   1   0
87    1   1   1   0
88    1   1   1   0
89    1   1   1   0
90    1   1   1   0
91    1   1   1   0
92    1   1   1   0
93    1   1   1   0
94    1   1   1   0
95    1   1   1   0
96    1   1   1   0
97    1   1   1   0
98    1   1   1   0
99    1   1   1   0
100   1   1   1   0
;

---------------------------- Solution stats data ----------------------------
_ampl_time = 0.478539
_total_solve_time = 56959.9
_ampl_elapsed_time = 0.475179
_ampl_user_time = 0.409916

Total time elapsed: $56959.89.
_total_solve_time = 56959.9

---------------------------- Solution miscs data ----------------------------
tetrahedron_volume [*] :=
  1 0.117851    21 0.117851    41 0.117851    61 0.117851    81 0.117851
  2 0.117851    22 0.117851    42 0.117851    62 0.117851    82 0.117851
  3 0.117851    23 0.117851    43 0.117851    63 0.117851    83 0.117851
  4 0.117851    24 0.117851    44 0.117851    64 0.117851    84 0.117851
  5 0.117851    25 0.117851    45 0.117851    65 0.117851    85 0.117851
  6 0.117851    26 0.117851    46 0.117851    66 0.117851    86 0.117851
  7 0.117851    27 0.117851    47 0.117851    67 0.117851    87 0.117851
  8 0.117851    28 0.117851    48 0.117851    68 0.117851    88 0.117851
  9 0.117851    29 0.117851    49 0.117851    69 0.117851    89 0.117851
 10 0.117851    30 0.117851    50 0.117851    70 0.117851    90 0.117851
 11 0.117851    31 0.117851    51 0.117851    71 0.117851    91 0.117851
 12 0.117851    32 0.117851    52 0.117851    72 0.117851    92 0.117851
 13 0.117851    33 0.117851    53 0.117851    73 0.117851    93 0.117851
 14 0.117851    34 0.117851    54 0.117851    74 0.117851    94 0.117851
 15 0.117851    35 0.117851    55 0.117851    75 0.117851    95 0.117851
 16 0.117851    36 0.117851    56 0.117851    76 0.117851    96 0.117851
 17 0.117851    37 0.117851    57 0.117851    77 0.117851    97 0.117851
 18 0.117851    38 0.117851    58 0.117851    78 0.117851    98 0.117851
 19 0.117851    39 0.117851    59 0.117851    79 0.117851    99 0.117851
 20 0.117851    40 0.117851    60 0.117851    80 0.117851   100 0.117851
;

---------------------------- Solution miscs data ----------------------------
tetrahedron_surface_area [*] :=
  1 0    11 0    21 0    31 0    41 0    51 0    61 0    71 0    81 0    91 0
  2 0    12 0    22 0    32 0    42 0    52 0    62 0    72 0    82 0    92 0
  3 0    13 0    23 0    33 0    43 0    53 0    63 0    73 0    83 0    93 0
  4 0    14 0    24 0    34 0    44 0    54 0    64 0    74 0    84 0    94 0
  5 0    15 0    25 0    35 0    45 0    55 0    65 0    75 0    85 0    95 0
  6 0    16 0    26 0    36 0    46 0    56 0    66 0    76 0    86 0    96 0
  7 0    17 0    27 0    37 0    47 0    57 0    67 0    77 0    87 0    97 0
  8 0    18 0    28 0    38 0    48 0    58 0    68 0    78 0    88 0    98 0
  9 0    19 0    29 0    39 0    49 0    59 0    69 0    79 0    89 0    99 0
 10 0    20 0    30 0    40 0    50 0    60 0    70 0    80 0    90 0   100 0
;

