Error at _cmdno 5 executing "solve" command
(file amplin, line 1961, offset 37058):
error processing param distances:
	3440 invalid subscripts discarded:
	distances[86,1,1]
	distances[86,1,2]
	distances[86,1,3]
	and 3437 more.
##### This license is only intended for use by NEOS. #####
##### License is valid until Jan 16, 2026 #####
ariables.
Substitution eliminates 1 variable.
Adjusted problem:
18873 variables:
	11733 nonlinear variables
	7140 linear variables
37828 constraints; 227296 nonzeros
	33575 nonlinear constraints
	4253 linear constraints
	3656 equality constraints
	34172 inequality constraints
1 nonlinear objective; 3 nonzeros.

Artelys Knitro 14.2.0: threads=4
algorithm=1
ms_enable=1
ms_maxsolves=10
feastol=1e-5
opttol=1e-5
honorbnds=1
bar_initpt=3
bar_murule=4
scale=1
outlev=2
maxtime_real=1200
WARNING:  Option 'threads' is deprecated, please use 'numthreads'.
WARNING: 1 constraint is constant or undefined and will be ignored.

=======================================
           Academic License
       (NOT FOR COMMERCIAL USE)
         Artelys Knitro 14.2.0
=======================================

No start point provided -- Knitro computing one.

Knitro presolve eliminated 0 variables and 1 constraint.

algorithm                1
bar_initpt               3
bar_murule               4
concurrent_evals         0
datacheck                0
feastol                  1e-05
findiff_numthreads       1
hessian_no_f             1
hessopt                  1
honorbnds                1
maxtime_real             1200
ms_enable                1
ms_maxsolves             10
numthreads               4
opttol                   1e-05

Problem Characteristics                                 (   Presolved)
-----------------------
Objective goal:  Minimize
Objective type:  general
Number of variables:                              18873 (       18873)
    bounded below only:                               1 (           1)
    bounded above only:                               0 (           0)
    bounded below and above:                          0 (           0)
    fixed:                                            0 (           0)
    free:                                         18872 (       18872)
Number of constraints:                            37828 (       37827)
    linear equalities:                                1 (           0)
    quadratic equalities:                          3570 (        3570)
    gen. nonlinear equalities:                       85 (          85)
    linear one-sided inequalities:                 4252 (        4252)
    quadratic one-sided inequalities:             29920 (       29920)
    gen. nonlinear one-sided inequalities:            0 (           0)
    linear two-sided inequalities:                    0 (           0)
    quadratic two-sided inequalities:                 0 (           0)
    gen. nonlinear two-sided inequalities:            0 (           0)
Number of nonzeros in Jacobian:                  227296 (      227296)
Number of nonzeros in Hessian:                   103023 (      103023)

Knitro parallel multistart will run with 4 threads.

Return codes description
------------------------
  0:  The final solution satisfies the termination conditions for verifying optimality.
  -100 to -199:  A feasible approximate solution was found.
  -200 to -299:  Knitro terminated at an infeasible point.
  -300 to -301:  The problem was determined to be unbounded.
  -400 to -499:  Knitro terminated because it reached a pre-defined limit.
    -400 to -409:  A feasible point was found.
    -410 to -419:  No feasible point was found.
  -500 to -599:  Knitro terminated with an input error or some non-standard error.
A more detailed description of individual return codes and their corresponding
termination messages is provided at
https://www.artelys.com/app/docs/knitro/3_referenceManual/returnCodes.html

 Solve #  ThreadID  Status     Objective      FeasError    OptError    Real Time 
--------  --------  ------  --------------   ----------   ----------  ----------
      0          0       0         6.44624  5.86681e-06  6.30221e-06      1182.37
      3          2    -410     3.58297e+10  3.17476e+06      6204.11      4164.78
      2          3    -410     2.78439e+13  2.52606e+06  1.84955e+06      4469.83
      1          1    -410     2.67035e+11  3.15617e+06      22054.5      4505.44
      5          2    -410     7.31937e+11  1.57923e+06      64498.7      3601.89
      7          1    -410     1.12780e+13  1.39063e+06      451484.      3592.54
      6          3    -410     7.77417e+09  3.94908e+06      7959.33      3636.33
      4          0    -410     8.99388e+13  2.65861e+06  4.00662e+06      4296.48
      8          0    -410     9.69445e+10  5.02996e+06      12481.4      3565.45
      9          2    -410     1.60341e+12  1.55369e+06      456529.      3092.96

MULTISTART: Best locally optimal solution is returned.
EXIT: Locally optimal solution found.

Final Statistics
----------------
Final objective value               =   6.44624438961987e+00
Final feasibility error (abs / rel) =   5.87e-06 / 1.11e-06
Final optimality error  (abs / rel) =   6.30e-06 / 6.67e-07
# of iterations                     =      92772 
# of CG iterations                  =          0 
# of function evaluations           =      93107
# of gradient evaluations           =      92782
# of Hessian evaluations            =      92791
Total program time (secs)           =   10860.10352 ( 35997.871 CPU time)

===============================================================================

Knitro 14.2.0: Locally optimal or satisfactory solution.
objective 6.44624439; feasibility error 5.87e-06
92772 iterations; 93107 function evaluations

suffix feaserror OUT;
suffix opterror OUT;
suffix numfcevals OUT;
suffix numiters OUT;
---------------------------- Solver Status Report ----------------------------
solve_result_num = 0
solve_result = solved
solve_message = 'Knitro 14.2.0: Locally optimal or satisfactory solution.\
objective 6.44624439; feasibility error 5.87e-06\
92772 iterations; 93107 function evaluations'


---------------------------- Problem Dimensions ----------------------------
Variables: 37234
Constraints: 37914
---------------------------- Container and geometric considerations  ----------------------------
Container type: cylinder
Structural conservation type: volume & surface
---------------------------- Solution execution data ----------------------------
solve_result_num = 0
solve_result = solved

---------------------------- Solution data ----------------------------
card(figures) = 85

coords [*,*,1]
:         1             2             3             4         :=
1     0.317105      1.18112       0.357278      0.429197
2    -0.154407     -0.415736     -0.445719      0.427935
3     1.36363       1.31355       0.480312      1.15276
4     0.990552      0.444648     -0.0124487     0.471281
5    -0.890359     -0.834679     -0.481767     -0.00397615
6    -0.551532      0.338173      0.274469      0.0708383
7    -0.516943      0.216544     -0.663013     -0.0345748
8    -0.667377     -0.164188      0.318182     -0.0475488
9     0.296435     -0.0856595     0.631563      0.859739
10   -1.10889      -0.692652     -0.213446     -1.05079
11   -1.31769      -0.499874     -0.807402     -0.412513
12    0.254991      0.422453      0.825282      1.1717
13   -0.00174691   -0.480984     -0.00966431   -0.847009
14    0.320955      1.27649       0.890685      0.611124
15   -0.722661     -0.28929      -0.564882     -1.25226
16   -0.125427      0.291442      0.751114      0.705777
17   -0.0506078    -0.0298175     0.597294     -0.374145
18    0.174486      1.08623       0.274706      0.584281
19   -0.324146      0.164774      0.668357      0.221841
20   -0.783515     -0.00947265   -0.284442     -0.869676
21   -0.476359      0.232806      0.479149      0.0607616
22    1.14023       1.2892        0.841147      0.368381
23   -0.932261     -0.834199     -0.318191     -0.0871178
24   -0.346841     -0.0585059    -0.0325411    -0.906837
25   -1.22311      -0.990908     -1.30662      -0.403834
26   -0.89285      -0.473895     -0.248529      0.0708532
27    0.654735      1.2713        0.290573      0.793324
28   -1.09937      -0.486008     -1.35663      -1.34644
29   -0.953143     -0.362257     -1.21946      -0.471849
30   -1.09155      -1.36294      -1.00226      -0.392492
31   -0.17506      -0.330091      0.609961      0.0502186
32    0.484731      1.364         0.932193      1.29948
33    0.0663517     0.623354      0.913428      0.963215
34   -0.29327       0.52503       0.431451     -0.125078
35    0.76161      -0.162401      0.59653       0.290028
36   -0.157581      0.387951     -0.613598     -0.0838207
37    0.19409      -0.68194      -0.477352     -0.644623
38   -0.711851     -0.960422     -0.14454      -0.158536
39    0.930582      0.261133      0.0748385     0.777227
40    0.220972     -0.0613284    -0.732152     -0.316028
41   -0.328073      0.32573       0.617533     -0.00670115
42    0.173026     -0.299843      0.470792      0.634501
43   -0.171677     -0.614408     -0.133413     -0.990579
44   -0.461781     -1.27909      -0.606046     -1.18034
45    0.700392      1.29813       0.443569      1.20478
46    0.202262     -0.133333     -0.347141      0.583915
47   -0.485475     -1.10352      -1.35463      -1.33167
48    1.24577       0.723821      0.267329      0.609548
49   -0.00236781   -0.607975      0.248452     -0.516403
50    0.758922     -0.11194      -0.00651268   -0.0356334
51   -0.154408     -1.11344      -0.445719     -0.415736
52   -0.0399483    -1.02676      -0.666803     -0.667377
53   -0.830265     -1.34462      -1.30734      -0.490898
54    0.75863       0.308977      0.640363      1.29206
55   -0.10239      -0.273987     -0.975366     -0.134693
56    0.73069       0.451692      1.31978       1.21279
57   -0.479407     -0.548607      0.120085      0.25082
58    1.1717        0.825283      0.422449      1.34538
59    1.26472       0.317857      0.520583      0.592158
60   -0.60387      -1.03799      -0.133964     -0.247194
61   -0.55729      -0.391735      0.371173     -0.246133
62   -0.539582      0.353105     -0.155712      0.251411
63    1.31993       1.21994       1.08684       0.414257
64   -0.562837     -0.36589      -0.346213      0.363278
65   -0.507432     -0.288606      0.213029     -0.743409
66   -1.36396      -1.21717      -1.09841      -0.440429
67    0.0573723     1.00206       0.247993      0.474954
68    0.775736     -0.147223      0.621835      0.488437
69   -0.279066     -0.844052     -0.932128     -1.2668
70    1.28712       1.27046       1.33816       0.487432
71   -1.09582      -0.893174     -0.390914     -1.36279
72    1.23433       1.36484       0.468724      0.851514
73    0.825837      1.20106       0.388486      0.329721
74    0.392591     -0.140608      0.346021     -0.470363
75   -0.203376      0.34908       0.644486     -0.135688
76    0.662776     -0.284726      0.43135       0.178396
77    0.333941     -0.108551     -0.213726     -0.665241
78    0.707228      0.466528      1.26873       1.27761
79   -0.106677      0.0127056    -0.912514     -0.297709
80    0.109971      0.318183     -0.190435      0.778046
81   -0.0216364     0.602598      0.298433      0.932961
82    0.578627      0.711145      0.318739     -0.215541
83   -0.372855     -1.22514      -0.347004     -0.562838
84   -0.438745     -1.33683      -0.526428     -0.72757
85    1.31415       0.485846      0.976876      1.36373

 [*,*,2]
:        1            2             3            4         :=
1     0.0775442    0.388651     0.936072      0.0600626
2     0.751677     1.27215      0.267608      0.743772
3    -0.0634219   -0.371586    -0.113178      0.583232
4    -0.410685    -1.24254     -0.347523     -0.653537
5    -0.234731    -0.752211     0.177262     -0.556318
6     0.0961948    0.47345     -0.421934      0.419088
7     1.09475      0.450932     0.114003      0.578265
8    -1.19084     -1.11092     -1.3275       -0.412516
9    -0.490828     0.420861     0.100622      0.303465
10    0.649345     0.0393229    0.225991     -0.329756
11   -0.356647    -0.152363    -1.10073      -0.5835
12    1.04419      0.213914     1.08739       0.632316
13   -0.56026      0.180685     0.361241     -0.194505
14    0.358037     0.48382      0.997951      1.22067
15   -0.114459     0.388774     0.873555      0.54347
16    0.728342     0.369846     1.0954        0.165887
17   -1.24478     -0.492007    -0.499207     -0.327663
18    0.334965     0.426836     0.402789     -0.426484
19   -0.412111     0.465783    -0.391409     -0.115057
20   -1.11786     -1.30557     -0.361461     -0.950479
21    1.04079      0.429711     1.26335       0.482289
22    0.184106     0.448845     1.07516       0.245309
23    0.997192     1.08056      0.390634      1.36232
24   -0.404492    -0.631446    -1.33113      -1.02037
25   -0.60623     -0.0826301    0.395281     -0.0241703
26   -1.03263     -1.28021     -0.415546     -1.27773
27    1.19784      0.497285     0.396588      1.11092
28    0.809256     0.0780805   -0.151828      0.224964
29    0.977252     0.333858     0.613531      1.26688
30    0.819775     0.0767837    0.926806      0.315069
31   -1.35383     -0.377882    -0.730229     -0.924035
32    0.272483    -0.0549179   -0.501728      0.418152
33    0.0445078    0.033578     0.584153     -0.408963
34   -0.30388     -0.185498    -0.999563     -0.901143
35   -1.13282     -1.29524     -1.22782      -0.414337
36    0.420477     0.398427     0.463609      1.24572
37   -0.438588    -0.916776    -0.446864      0.0873507
38    0.228282    -0.465247     0.10188      -0.59328
39   -0.998759    -1.11719     -0.491686     -0.269767
40    0.33243      0.358863     0.488929     -0.41573
41    1.32509      0.82023      1.21744       0.429827
42   -0.465037    -1.33176     -1.28135      -1.20868
43    0.38039      0.470311     1.25036       0.939285
44   -0.065014     0.476888     0.773736     -0.0175316
45    1.17173      0.422327     0.224723      0.641881
46   -0.567655     0.362815    -0.388315     -0.0420053
47   -0.0909587   -0.802491     0.168774     -0.300256
48   -0.558185    -1.1574      -0.422636     -1.22145
49   -0.386263    -0.140784     0.346948      0.475631
50    1.1347       1.3605       0.500322      1.36389
51    0.751677     0.789776     0.267608      1.27215
52   -0.444796    -0.270802    -0.783857     -1.19084
53   -0.478686    -0.235587     0.39288       0.246423
54   -0.633166    -0.267405    -1.20559      -0.440545
55   -1.36126     -0.395021    -0.955072     -0.733415
56    0.22549     -0.29254      0.213845     -0.619747
57   -0.428895     0.0945613    0.352955     -0.478132
58    0.632309     1.08739      0.213914      0.231195
59   -0.326626    -0.363168     0.10291      -0.897649
60    1.22427      0.886606     1.29849       0.405423
61    0.242649     1.08286      0.517211      0.19621
62    0.248421     0.702986     0.764289     -0.10893
63   -0.348269     0.612584     0.315825      0.0637064
64   -1.24367     -0.762856    -0.262307     -0.933511
65   -0.0546358   -0.441267     0.364966      0.452386
66   -0.0557189    0.107157    -0.810556     -0.0933932
67    0.477264     0.424345     0.396736      1.24856
68    1.12327      1.08971      1.21525       0.332158
69    0.360172     1.07288      0.872047      0.217965
70    0.45479     -0.499429    -0.269882     -0.10124
71    0.814051    -0.13142      0.313482      0.0794157
72   -0.583029    -0.0267311   -0.0871761    -0.889855
73   -0.645361     0.279127     0.126884      0.0428152
74    1.30743      1.35784      0.523182      0.801099
75   -0.31831      0.0628863   -0.770897     -0.804118
76    1.19341      1.33508      1.29516       0.468389
77    0.149968    -0.734843    -0.300591      0.0851875
78   -1.04909     -0.0897589   -0.321442     -0.480861
79    1.36093      0.515312     0.873985      1.33224
80   -0.477188    -1.3275      -1.35175      -1.12167
81    0.410982     1.19859      0.785789      0.296201
82   -0.19435     -0.700152     0.224616     -0.525708
83   -0.798828    -0.602104    -0.272472     -1.24367
84   -0.393685    -0.276363    -0.00943343   -0.980732
85   -0.369472    -0.114893    -0.953528     -0.0612492

 [*,*,3]
:        1            2            3            4         :=
1     0.963851     0.555565     0.447761    -0.0246479
2     1.1304       1.94943      1.94943      1.94943
3    -1.03523     -0.0799634   -0.578891    -0.309022
4     1.94943      1.94943      1.94943      1.13557
5    -1.47811     -0.61839     -0.657551    -1.13039
6     0.604469     0.84133      0.389412    -0.115528
7     0.126631     0.366413     0.0441731   -0.587907
8    -1.50978     -0.655136    -1.50978     -1.36832
9    -1.30297     -1.18972     -0.562788    -1.50978
10   -1.33963     -0.658005    -1.50978     -1.50978
11    1.09496      0.547747     0.674352     1.44021
12    1.94943      1.4264       1.13524      1.94943
13   -1.13327     -0.652307    -1.50978     -1.50978
14    0.797653     1.04492      0.272375     1.20095
15    0.258342     0.999902     0.163817     0.803007
16    0.852953     1.68223      1.17997      0.800574
17   -0.4501      -1.11561     -0.33032     -0.196681
18    0.103691    -0.308964    -0.884311    -0.408424
19   -0.648769    -0.664885    -0.715935     0.140951
20    0.244387    -0.361722    -0.166452    -0.73263
21   -0.0319616    0.306642    -0.197708    -0.671947
22   -1.4096      -0.451619    -1.08168     -0.768891
23    0.497059     1.49377      0.996039     0.900065
24   -0.21874     -1.14359     -0.422647    -0.781858
25    1.94943      1.13584      1.94943      1.94943
26    0.482984     1.36229      0.923507     0.517756
27   -0.147088    -0.492146    -0.632245    -1.12853
28    0.422219     0.140841     0.564109    -0.357242
29   -0.735232    -0.258894     0.162979     0.0981106
30   -0.308672    -0.912254    -1.30395     -0.805256
31    1.24579      1.12964      1.17605      0.376594
32    1.26615      1.59736      0.807485     0.713031
33    1.94943      1.12503      1.91416      1.94943
34   -0.212591     0.340919    -0.240924     0.577971
35   -0.0467653    0.284861     0.939965     0.455827
36   -1.50978     -0.677968    -0.626495    -0.941657
37    0.463225     0.581156    -0.271678     0.562968
38    1.09343      1.76262      1.9133       1.18766
39   -0.961769    -0.221626    -0.985852    -0.302184
40   -0.239145    -1.20331     -0.480065    -0.615827
41   -1.21785     -0.645442    -1.50978     -1.50978
42    1.46469      1.30633      1.94943      0.970696
43   -1.50978     -0.620562    -1.00809     -1.42589
44    1.78108      1.94943      1.26468      1.08006
45    0.215184     0.517015     0.0472523   -0.459244
46   -1.45703     -1.27926     -0.646738    -0.703352
47    0.190656    -0.158263    -0.218137     0.670392
48    0.802829     0.187599     0.679259     1.18401
49    1.65763      0.894097     1.03066      1.66976
50    0.776007     1.2239       0.735055     0.221824
51    1.1304       1.42839      1.94943      1.94943
52   -1.31042     -1.38746     -0.601835    -1.50978
53    0.451075     1.27953      0.509052     1.05857
54   -0.692253    -1.50978     -1.50978     -1.50978
55    0.0013923   -0.162754     0.289364     0.773242
56   -0.707403    -1.50978     -1.50978     -0.958715
57   -0.23978      0.603549    -0.100783     0.448946
58    1.94943      1.13524      1.42639      1.05504
59   -0.106164    -0.440242     0.415137     0.353825
60   -0.0928398   -0.922598    -0.978096    -0.531323
61    0.173908     0.699876     0.403201     1.12838
62    1.86893      1.94943      1.09658      1.38248
63   -0.0868462   -0.325096     0.621965    -0.0809358
64    1.94943      1.08918      1.94943      1.7594
65    0.328978    -0.56132     -0.232155    -0.49397
66   -0.176971    -1.15065     -0.785       -0.545295
67   -0.678523    -0.369087     0.294708    -0.187878
68    0.703916     0.333753    -0.284949     0.154735
69    1.03071      1.43424      0.463714     1.14935
70    0.673478     0.954884    -0.0209609    0.466714
71   -0.294373    -0.0585599   -0.806756    -0.910035
72    0.810292     1.63703      1.20775      1.67592
73    0.861519     0.740988     1.31243      0.322741
74   -0.131303    -0.981689    -0.741867    -0.225845
75    1.34064      0.606148     1.08316      0.463484
76    0.976383     1.24504      1.94905      1.45567
77    0.679075     0.502129     1.39115      0.592834
78    0.272224     0.450397    -0.108883     0.873709
79    0.889069     0.378497     0.537626    -0.0971788
80   -1.0369      -1.50978     -0.643338    -0.651781
81   -1.50978     -1.50978     -0.645443    -1.25181
82    1.88804      1.04094      1.01229      1.38854
83    1.07993      1.57481      1.93567      1.94943
84   -0.748583    -0.335954     0.175896     0.0142771
85   -0.086604    -0.575582    -0.831671    -1.04187
;

radius = 1.3651
height = 3.45921
softness = 0.01

---------------------------- Solution coords data ----------------------------
distances [*,1,*]
:    1   2   3   4    :=
1    0   1   0   1
2    0   1   0   1
3    0   1   0   1
4    0   1   0   1
5    0   1   0   1
6    0   1   0   1
7    0   1   0   1
8    0   1   0   1
9    0   1   0   1
10   0   1   0   1
11   0   1   0   1
12   0   1   0   1
13   0   1   0   1
14   0   1   0   1
15   0   1   0   1
16   0   1   0   1
17   0   1   0   1
18   0   1   0   1
19   0   1   0   1
20   0   1   0   1
21   0   1   0   1
22   0   1   0   1
23   0   1   0   1
24   0   1   0   1
25   0   1   0   1
26   0   1   0   1
27   0   1   0   1
28   0   1   0   1
29   0   1   0   1
30   0   1   0   1
31   0   1   0   1
32   0   1   0   1
33   0   1   0   1
34   0   1   0   1
35   0   1   0   1
36   0   1   0   1
37   0   1   0   1
38   0   1   0   1
39   0   1   0   1
40   0   1   0   1
41   0   1   0   1
42   0   1   0   1
43   0   1   0   1
44   0   1   0   1
45   0   1   0   1
46   0   1   0   1
47   0   1   0   1
48   0   1   0   1
49   0   1   0   1
50   0   1   0   1
51   0   1   0   1
52   0   1   0   1
53   0   1   0   1
54   0   1   0   1
55   0   1   0   1
56   0   1   0   1
57   0   1   0   1
58   0   1   0   1
59   0   1   0   1
60   0   1   0   1
61   0   1   0   1
62   0   1   0   1
63   0   1   0   1
64   0   1   0   1
65   0   1   0   1
66   0   1   0   1
67   0   1   0   1
68   0   1   0   1
69   0   1   0   1
70   0   1   0   1
71   0   1   0   1
72   0   1   0   1
73   0   1   0   1
74   0   1   0   1
75   0   1   0   1
76   0   1   0   1
77   0   1   0   1
78   0   1   0   1
79   0   1   0   1
80   0   1   0   1
81   0   1   0   1
82   0   1   0   1
83   0   1   0   1
84   0   1   0   1
85   0   1   0   1

 [*,2,*]
:    1   2   3   4    :=
1    0   0   1   1
2    0   0   1   1
3    0   0   1   1
4    0   0   1   1
5    0   0   1   1
6    0   0   1   1
7    0   0   1   1
8    0   0   1   1
9    0   0   1   1
10   0   0   1   1
11   0   0   1   1
12   0   0   1   1
13   0   0   1   1
14   0   0   1   1
15   0   0   1   1
16   0   0   1   1
17   0   0   1   1
18   0   0   1   1
19   0   0   1   1
20   0   0   1   1
21   0   0   1   1
22   0   0   1   1
23   0   0   1   1
24   0   0   1   1
25   0   0   1   1
26   0   0   1   1
27   0   0   1   1
28   0   0   1   1
29   0   0   1   1
30   0   0   1   1
31   0   0   1   1
32   0   0   1   1
33   0   0   1   1
34   0   0   1   1
35   0   0   1   1
36   0   0   1   1
37   0   0   1   1
38   0   0   1   1
39   0   0   1   1
40   0   0   1   1
41   0   0   1   1
42   0   0   1   1
43   0   0   1   1
44   0   0   1   1
45   0   0   1   1
46   0   0   1   1
47   0   0   1   1
48   0   0   1   1
49   0   0   1   1
50   0   0   1   1
51   0   0   1   1
52   0   0   1   1
53   0   0   1   1
54   0   0   1   1
55   0   0   1   1
56   0   0   1   1
57   0   0   1   1
58   0   0   1   1
59   0   0   1   1
60   0   0   1   1
61   0   0   1   1
62   0   0   1   1
63   0   0   1   1
64   0   0   1   1
65   0   0   1   1
66   0   0   1   1
67   0   0   1   1
68   0   0   1   1
69   0   0   1   1
70   0   0   1   1
71   0   0   1   1
72   0   0   1   1
73   0   0   1   1
74   0   0   1   1
75   0   0   1   1
76   0   0   1   1
77   0   0   1   1
78   0   0   1   1
79   0   0   1   1
80   0   0   1   1
81   0   0   1   1
82   0   0   1   1
83   0   0   1   1
84   0   0   1   1
85   0   0   1   1

 [*,3,*]
:    1   2   3   4    :=
1    1   0   0   1
2    1   0   0   1
3    1   0   0   1
4    1   0   0   1
5    1   0   0   1
6    1   0   0   1
7    1   0   0   1
8    1   0   0   1
9    1   0   0   1
10   1   0   0   1
11   1   0   0   1
12   1   0   0   1
13   1   0   0   1
14   1   0   0   1
15   1   0   0   1
16   1   0   0   1
17   1   0   0   1
18   1   0   0   1
19   1   0   0   1
20   1   0   0   1
21   1   0   0   1
22   1   0   0   1
23   1   0   0   1
24   1   0   0   1
25   1   0   0   1
26   1   0   0   1
27   1   0   0   1
28   1   0   0   1
29   1   0   0   1
30   1   0   0   1
31   1   0   0   1
32   1   0   0   1
33   1   0   0   1
34   1   0   0   1
35   1   0   0   1
36   1   0   0   1
37   1   0   0   1
38   1   0   0   1
39   1   0   0   1
40   1   0   0   1
41   1   0   0   1
42   1   0   0   1
43   1   0   0   1
44   1   0   0   1
45   1   0   0   1
46   1   0   0   1
47   1   0   0   1
48   1   0   0   1
49   1   0   0   1
50   1   0   0   1
51   1   0   0   1
52   1   0   0   1
53   1   0   0   1
54   1   0   0   1
55   1   0   0   1
56   1   0   0   1
57   1   0   0   1
58   1   0   0   1
59   1   0   0   1
60   1   0   0   1
61   1   0   0   1
62   1   0   0   1
63   1   0   0   1
64   1   0   0   1
65   1   0   0   1
66   1   0   0   1
67   1   0   0   1
68   1   0   0   1
69   1   0   0   1
70   1   0   0   1
71   1   0   0   1
72   1   0   0   1
73   1   0   0   1
74   1   0   0   1
75   1   0   0   1
76   1   0   0   1
77   1   0   0   1
78   1   0   0   1
79   1   0   0   1
80   1   0   0   1
81   1   0   0   1
82   1   0   0   1
83   1   0   0   1
84   1   0   0   1
85   1   0   0   1

 [*,4,*]
:    1   2   3   4    :=
1    1   1   1   0
2    1   1   1   0
3    1   1   1   0
4    1   1   1   0
5    1   1   1   0
6    1   1   1   0
7    1   1   1   0
8    1   1   1   0
9    1   1   1   0
10   1   1   1   0
11   1   1   1   0
12   1   1   1   0
13   1   1   1   0
14   1   1   1   0
15   1   1   1   0
16   1   1   1   0
17   1   1   1   0
18   1   1   1   0
19   1   1   1   0
20   1   1   1   0
21   1   1   1   0
22   1   1   1   0
23   1   1   1   0
24   1   1   1   0
25   1   1   1   0
26   1   1   1   0
27   1   1   1   0
28   1   1   1   0
29   1   1   1   0
30   1   1   1   0
31   1   1   1   0
32   1   1   1   0
33   1   1   1   0
34   1   1   1   0
35   1   1   1   0
36   1   1   1   0
37   1   1   1   0
38   1   1   1   0
39   1   1   1   0
40   1   1   1   0
41   1   1   1   0
42   1   1   1   0
43   1   1   1   0
44   1   1   1   0
45   1   1   1   0
46   1   1   1   0
47   1   1   1   0
48   1   1   1   0
49   1   1   1   0
50   1   1   1   0
51   1   1   1   0
52   1   1   1   0
53   1   1   1   0
54   1   1   1   0
55   1   1   1   0
56   1   1   1   0
57   1   1   1   0
58   1   1   1   0
59   1   1   1   0
60   1   1   1   0
61   1   1   1   0
62   1   1   1   0
63   1   1   1   0
64   1   1   1   0
65   1   1   1   0
66   1   1   1   0
67   1   1   1   0
68   1   1   1   0
69   1   1   1   0
70   1   1   1   0
71   1   1   1   0
72   1   1   1   0
73   1   1   1   0
74   1   1   1   0
75   1   1   1   0
76   1   1   1   0
77   1   1   1   0
78   1   1   1   0
79   1   1   1   0
80   1   1   1   0
81   1   1   1   0
82   1   1   1   0
83   1   1   1   0
84   1   1   1   0
85   1   1   1   0
;

---------------------------- Solution stats data ----------------------------
_ampl_time = 0.211312
_total_solve_time = 35998.3
_ampl_elapsed_time = 0.207742
_ampl_user_time = 0.177468

Total time elapsed: $35998.35.
_total_solve_time = 35998.3

---------------------------- Solution miscs data ----------------------------
tetrahedron_volume [*] :=
 1 0.117851   18 0.117851   35 0.117851   52 0.117851   69 0.117851
 2 0.117851   19 0.117851   36 0.117851   53 0.117851   70 0.117851
 3 0.117851   20 0.117851   37 0.117851   54 0.117851   71 0.117851
 4 0.117851   21 0.117851   38 0.117851   55 0.117851   72 0.117851
 5 0.117851   22 0.117851   39 0.117851   56 0.117851   73 0.117851
 6 0.117851   23 0.117851   40 0.117851   57 0.117851   74 0.117851
 7 0.117851   24 0.117851   41 0.117851   58 0.117851   75 0.117851
 8 0.117851   25 0.117851   42 0.117851   59 0.117851   76 0.117851
 9 0.117851   26 0.117851   43 0.117851   60 0.117851   77 0.117851
10 0.117851   27 0.117851   44 0.117851   61 0.117851   78 0.117851
11 0.117851   28 0.117851   45 0.117851   62 0.117851   79 0.117851
12 0.117851   29 0.117851   46 0.117851   63 0.117851   80 0.117851
13 0.117851   30 0.117851   47 0.117851   64 0.117851   81 0.117851
14 0.117851   31 0.117851   48 0.117851   65 0.117851   82 0.117851
15 0.117851   32 0.117851   49 0.117851   66 0.117851   83 0.117851
16 0.117851   33 0.117851   50 0.117851   67 0.117851   84 0.117851
17 0.117851   34 0.117851   51 0.117851   68 0.117851   85 0.117851
;

---------------------------- Solution miscs data ----------------------------
tetrahedron_surface_area [*] :=
 1 0    9 0   17 0   25 0   33 0   41 0   49 0   57 0   65 0   73 0   81 0
 2 0   10 0   18 0   26 0   34 0   42 0   50 0   58 0   66 0   74 0   82 0
 3 0   11 0   19 0   27 0   35 0   43 0   51 0   59 0   67 0   75 0   83 0
 4 0   12 0   20 0   28 0   36 0   44 0   52 0   60 0   68 0   76 0   84 0
 5 0   13 0   21 0   29 0   37 0   45 0   53 0   61 0   69 0   77 0   85 0
 6 0   14 0   22 0   30 0   38 0   46 0   54 0   62 0   70 0   78 0
 7 0   15 0   23 0   31 0   39 0   47 0   55 0   63 0   71 0   79 0
 8 0   16 0   24 0   32 0   40 0   48 0   56 0   64 0   72 0   80 0
;

