Error at _cmdno 5 executing "solve" command
(file amplin, line 2001, offset 39164):
error processing param distances:
	4000 invalid subscripts discarded:
	distances[51,1,1]
	distances[51,1,2]
	distances[51,1,3]
	and 3997 more.
##### This license is only intended for use by NEOS. #####
##### License is valid until Jan 16, 2026 #####
ariables.
Substitution eliminates 1 variable.
Adjusted problem:
6728 variables:
	4278 nonlinear variables
	2450 linear variables
13553 constraints; 80931 nonzeros
	11925 nonlinear constraints
	1628 linear constraints
	1326 equality constraints
	12227 inequality constraints
1 nonlinear objective; 3 nonzeros.

Artelys Knitro 14.2.0: threads=4
algorithm=1
ms_enable=1
ms_maxsolves=10
feastol=1e-5
opttol=1e-5
honorbnds=1
bar_initpt=3
bar_murule=4
scale=1
outlev=2
maxtime_real=1200
WARNING:  Option 'threads' is deprecated, please use 'numthreads'.
WARNING: 1 constraint is constant or undefined and will be ignored.

=======================================
           Academic License
       (NOT FOR COMMERCIAL USE)
         Artelys Knitro 14.2.0
=======================================

No start point provided -- Knitro computing one.

Knitro presolve eliminated 0 variables and 1 constraint.

algorithm                1
bar_initpt               3
bar_murule               4
concurrent_evals         0
datacheck                0
feastol                  1e-05
findiff_numthreads       1
hessian_no_f             1
hessopt                  1
honorbnds                1
maxtime_real             1200
ms_enable                1
ms_maxsolves             10
numthreads               4
opttol                   1e-05

Problem Characteristics                                 (   Presolved)
-----------------------
Objective goal:  Minimize
Objective type:  general
Number of variables:                               6728 (        6728)
    bounded below only:                               1 (           1)
    bounded above only:                               0 (           0)
    bounded below and above:                          0 (           0)
    fixed:                                            0 (           0)
    free:                                          6727 (        6727)
Number of constraints:                            13553 (       13552)
    linear equalities:                                1 (           0)
    quadratic equalities:                          1225 (        1225)
    gen. nonlinear equalities:                      100 (         100)
    linear one-sided inequalities:                 1627 (        1627)
    quadratic one-sided inequalities:             10600 (       10600)
    gen. nonlinear one-sided inequalities:            0 (           0)
    linear two-sided inequalities:                    0 (           0)
    quadratic two-sided inequalities:                 0 (           0)
    gen. nonlinear two-sided inequalities:            0 (           0)
Number of nonzeros in Jacobian:                   80931 (       80931)
Number of nonzeros in Hessian:                    36978 (       36978)

Knitro parallel multistart will run with 4 threads.

Return codes description
------------------------
  0:  The final solution satisfies the termination conditions for verifying optimality.
  -100 to -199:  A feasible approximate solution was found.
  -200 to -299:  Knitro terminated at an infeasible point.
  -300 to -301:  The problem was determined to be unbounded.
  -400 to -499:  Knitro terminated because it reached a pre-defined limit.
    -400 to -409:  A feasible point was found.
    -410 to -419:  No feasible point was found.
  -500 to -599:  Knitro terminated with an input error or some non-standard error.
A more detailed description of individual return codes and their corresponding
termination messages is provided at
https://www.artelys.com/app/docs/knitro/3_referenceManual/returnCodes.html

 Solve #  ThreadID  Status     Objective      FeasError    OptError    Real Time 
--------  --------  ------  --------------   ----------   ----------  ----------
      3          2    -410     5.75131e+09      467793.      1554.46      917.150
      1          1    -410     1.47551e+12  1.19948e+06      172205.      974.766
      5          2    -410     6.91292e+11  1.83924e+06      141218.      1001.01
      7          1    -410     4.68904e+10      159680.      61149.2      981.932
      6          3    -410     9.61066e+11      12528.5      58922.8      973.267
      8          0    -410     9.32989e+10      24.8639      43411.9      890.277
      9          2    -410     4.28340e+13      98.2333  2.34993e+06      909.637
      4          0    -410     3.43521e+11      16.9414      72143.1      986.457
      2          3    -410     3.03151e+11      6.84216      70313.9      945.945
      0          0    -400         3.67581  3.92584e-09     0.267593      880.591

MULTISTART: Best locally optimal solution is returned.
EXIT: Locally optimal solution found.

Final Statistics
----------------
Final objective value               =   3.67581358519625e+00
Final feasibility error (abs / rel) =   3.93e-09 / 8.86e-10
Final optimality error  (abs / rel) =   2.68e-01 / 4.14e-02
# of iterations                     =     100000 
# of CG iterations                  =          0 
# of function evaluations           =     118516
# of gradient evaluations           =     100234
# of Hessian evaluations            =     100039
Total program time (secs)           =    2828.84106 (  9431.092 CPU time)

===============================================================================

Knitro 14.2.0: Locally optimal or satisfactory solution.
objective 3.675813585; feasibility error 3.93e-09
100000 iterations; 118516 function evaluations

suffix feaserror OUT;
suffix opterror OUT;
suffix numfcevals OUT;
suffix numiters OUT;
---------------------------- Solver Status Report ----------------------------
solve_result_num = 0
solve_result = solved
solve_message = 'Knitro 14.2.0: Locally optimal or satisfactory solution.\
objective 3.675813585; feasibility error 3.93e-09\
100000 iterations; 118516 function evaluations'


---------------------------- Problem Dimensions ----------------------------
Variables: 13204
Constraints: 13654
---------------------------- Container and geometric considerations  ----------------------------
Container type: cylinder
Structural conservation type: volume & surface
---------------------------- Solution execution data ----------------------------
solve_result_num = 0
solve_result = solved

---------------------------- Solution data ----------------------------
card(figures) = 50

coords [*,*,1]
:        1            2            3             4         :=
1    -0.392554     0.155219    -0.505235     0.330124
2    -0.828699    -0.393615    -0.505264     0.152476
3    -0.636       -1.11587     -1.12184     -0.279938
4    -0.785535    -0.116203    -0.664784    -1.09426
5    -0.90361     -0.584098    -0.061082    -0.0870726
6    -0.439655    -0.0618362   -0.416344    -1.04569
7    -1.04408     -0.265808    -1.08101     -0.478415
8     0.423708    -0.0177802   -0.0836502   -0.573573
9    -1.02427     -0.971388    -0.2807      -0.303166
10   -0.0590945   -0.111114    -0.0870914    0.729639
11    0.0426246   -0.0471776    0.593867     0.784145
12   -0.568423    -1.00117     -0.155559    -0.139219
13   -0.153945    -0.132948    -0.315382    -1.00085
14   -0.233886    -1.08651     -0.91415     -1.09803
15   -0.0610208   -0.0871175   -0.113463    -0.902587
16   -1.08662     -1.0973      -0.935329    -0.236787
17    0.595512     0.524323     1.11846      0.124839
18    0.410148     0.374116     0.26682     -0.457046
19   -0.709137    -0.967541    -0.15488     -0.155619
20   -0.264618    -0.421381     0.510237    -0.00258425
21    0.697745     1.11805      0.5876       0.1245
22   -1.11214     -0.60108     -0.194615    -0.956897
23   -0.0823067    0.519085     0.753677    -0.0165019
24   -0.825664    -0.206823    -0.0983512   -0.883128
25   -0.593712    -0.164806    -0.983759    -0.112495
26   -0.831457    -0.124055     0.126279    -0.183402
27    0.520019     1.00664      0.891584     0.103019
28    0.501185     0.190655    -0.0517371   -0.466212
29    0.400121     0.974997     1.06833      0.251116
30    0.501355    -0.0518249    0.190819     0.892883
31   -0.29232     -1.00042     -0.807618    -0.143975
32    0.245489    -0.298588    -0.454789     0.384297
33   -0.0220433   -0.649226    -0.11359      0.338978
34    0.185139     1.06628      0.954866     0.965287
35    0.328463    -0.142963    -0.0866254   -0.666959
36    0.864852     1.13601      0.234252     1.0546
37    0.744477     0.0830994    0.0722426   -0.220958
38    0.562267    -0.406638     0.0297537   -0.134812
39    0.166604     0.295175     1.04834      0.751526
40    0.0830948    0.759792     0.342418    -0.201461
41   -0.171235     0.536214    -0.180188     0.526441
42   -0.105668     0.857935     0.144636     0.299434
43    1.11059      1.11762      0.725005     0.254906
44   -0.0235289    0.394615    -0.600226    -0.11146
45    0.716716     0.0458247    0.0540658    0.793179
46    0.0434995    0.866048     0.755574     0.187267
47    0.878464     0.772419     1.1285       0.166495
48    0.877663     1.12854      0.708678     0.16494
49   -0.0232889   -0.111102     0.773634     0.394962
50    0.82744      0.0553199    0.159383     0.792923

 [*,*,2]
:        1             2             3            4         :=
1    -0.452724    -0.267845     -1.01868      -1.08812
2    -0.0724271   -0.452516     -1.01868      -0.26552
3    -0.67423     -0.218666      0.18406       0.181916
4     0.822162     0.0793638     0.257808     -0.128992
5    -0.555963    -0.975622     -0.23313      -1.13324
6    -1.04841     -0.268582     -1.05814      -0.44658
7     0.45044     -0.175831     -0.352256      0.412501
8    -1.05372     -0.249035     -1.13402      -0.979493
9    -0.475131    -0.591059     -1.00939      -0.0165219
10   -0.253111    -0.28104      -1.13273      -0.558665
11   -1.13631     -0.272142     -0.968814     -0.465927
12    0.303945    -0.496105     -0.127686     -0.595572
13    0.243406     0.96831       0.0239403     0.535786
14   -0.102627    -0.335303     -0.676222      0.295433
15   -0.233062    -1.13226      -0.303654     -0.553397
16   -0.331603     0.298207      0.645998      0.0948947
17   -0.439784    -1.00871      -0.204424     -0.0920014
18   -1.0481      -1.0738       -0.204302     -0.892817
19    0.88887      0.550955      0.188135      1.125
20   -0.663971    -1.05594      -0.968901     -0.1521
21    0.520405    -0.202652     -0.437061     -0.0884246
22    0.105874     0.965238      0.150934      0.614202
23   -1.12046     -1.01171      -0.577326     -0.235007
24    0.110587    -0.0121217    -0.574319     -0.716241
25   -0.280865     0.594808      0.570237      0.234066
26    0.135744    -0.56367       0.404487     -0.0318753
27   -1.01119     -0.139761     -0.705728     -0.237796
28    0.12168     -0.161669     -0.704994      0.194382
29   -1.06433     -0.584951     -0.389375     -0.0920094
30    0.121299    -0.705386     -0.16203      -0.691531
31    0.058975     0.540425      0.800406      1.00439
32    0.509213     0.0298714    -0.146041     -0.46887
33    0.135658     0.577312      1.13135       0.667733
34   -0.0624608    0.39493      -0.558129     -0.321751
35    0.888885     1.128         0.172134      0.812813
36   -0.738274    -0.0378826     0.00287452    0.19351
37    0.85945      0.436181      0.20964       1.11542
38    0.847241     1.01968       0.197486      0.281565
39    0.187258     1.09799       0.440124      0.853273
40    0.236537     0.845809      1.08383       1.11879
41   -0.263882    -0.484434      0.175368      0.413852
42   -0.493019    -0.225543      0.475247     -0.0806788
43    0.241879     0.00727734    0.876004      0.0173547
44    0.236363     1.06642       0.965355      1.10223
45    0.847158     0.411549      0.200285     -0.127266
46    1.13627      0.679282      0.849208      0.164167
47    0.722005    -0.141708     -0.139497      0.0750919
48    0.722985    -0.138411      0.594519      0.091528
49    0.236547     1.10266       0.638393      1.06628
50    0.0643313    0.699641      0.0440057     0.813507

 [*,*,3]
:        1            2            3            4         :=
1    -0.177059    -0.993262    -0.993819    -0.448743
2    -0.993613    -0.177225    -0.99385     -0.993805
3    -0.244282    -0.993862    -0.0786508   -0.618661
4    -0.99368     -0.993851    -0.17698     -0.993095
5     0.999245     1.84885      1.43047      0.995543
6     0.472325    -0.0268256   -0.5274      -0.0478232
7    -0.31824     -0.274721     0.277071     0.505434
8     1.84891      1.45182      0.991        1.84891
9     0.054298     1.04619      0.456341     0.573588
10    1.46813      0.469858     0.993253     0.934677
11   -0.0583682   -0.55345     -0.8756      -0.0323978
12    0.47708      0.0614794   -0.324861     0.558722
13    0.475916    -0.212594    -0.486211     0.031673
14    0.837597     0.36969      1.29385      1.14563
15    1.43049      0.993677     0.434434     0.995586
16    0.372402     1.14904      0.225589     0.682079
17   -0.174439    -0.993792    -0.993674    -0.985319
18    1.08504      0.0859691    0.567994     0.611763
19    0.945329     0.0402644    0.496245     0.146656
20    0.619899    -0.286592     0.0663317   -0.198188
21   -0.445607    -0.993858    -0.179103    -0.993866
22    1.82984      1.84886      1.43469      0.982726
23    0.998453     1.78993      0.920287     1.45856
24    1.782        1.00611      1.82598      1.22262
25    1.21732      1.43904      0.86573      0.507914
26    1.747        1.8489       1.84886      1.00405
27    1.78839      1.72794      0.911683     1.31083
28    0.528913    -0.378438     0.425364     0.286259
29    0.764478     0.10135      1.07754      0.583939
30    0.528681     0.424851    -0.378715     0.0972803
31   -0.483811     0.0327886   -0.913424    -0.19375
32   -0.710189    -0.0215642   -0.99346     -0.555532
33   -0.172293    -0.813946    -0.176651    -0.938239
34    0.566051     0.44528      0.163812     1.13536
35    0.978297     0.129439     0.418003     0.920694
36   -0.285239     0.375062    -0.0554151   -0.594499
37    0.0334926    0.652752    -0.321186    -0.0152277
38    0.944768     1.12174      1.48716      0.504242
39   -0.5344      -0.927094    -0.93246     -0.0715727
40   -0.38525      0.0283244   -0.848706    -0.010323
41    0.378178     1.04957      1.27648      0.61022
42    1.84833      1.84891      1.8489       1.03226
43   -0.584595     0.387495     0.0856216   -0.118132
44    1.47974      1.84886      1.84875      0.987203
45    0.0843181    0.684437    -0.29299      0.295566
46    0.472933     0.134451     1.11371      0.657833
47    1.35582      1.84843      0.913924     1.08296
48    1.35629      0.914384     0.37913      1.05086
49    1.47924      0.986984     1.0282       1.84876
50    1.84469      1.8489       1.10098      1.18327
;

radius = 1.13711
height = 2.84279
softness = 0.9

---------------------------- Solution coords data ----------------------------
distances [*,1,*]
:    1   2   3   4    :=
1    0   1   0   1
2    0   1   0   1
3    0   1   0   1
4    0   1   0   1
5    0   1   0   1
6    0   1   0   1
7    0   1   0   1
8    0   1   0   1
9    0   1   0   1
10   0   1   0   1
11   0   1   0   1
12   0   1   0   1
13   0   1   0   1
14   0   1   0   1
15   0   1   0   1
16   0   1   0   1
17   0   1   0   1
18   0   1   0   1
19   0   1   0   1
20   0   1   0   1
21   0   1   0   1
22   0   1   0   1
23   0   1   0   1
24   0   1   0   1
25   0   1   0   1
26   0   1   0   1
27   0   1   0   1
28   0   1   0   1
29   0   1   0   1
30   0   1   0   1
31   0   1   0   1
32   0   1   0   1
33   0   1   0   1
34   0   1   0   1
35   0   1   0   1
36   0   1   0   1
37   0   1   0   1
38   0   1   0   1
39   0   1   0   1
40   0   1   0   1
41   0   1   0   1
42   0   1   0   1
43   0   1   0   1
44   0   1   0   1
45   0   1   0   1
46   0   1   0   1
47   0   1   0   1
48   0   1   0   1
49   0   1   0   1
50   0   1   0   1

 [*,2,*]
:    1   2   3   4    :=
1    0   0   1   1
2    0   0   1   1
3    0   0   1   1
4    0   0   1   1
5    0   0   1   1
6    0   0   1   1
7    0   0   1   1
8    0   0   1   1
9    0   0   1   1
10   0   0   1   1
11   0   0   1   1
12   0   0   1   1
13   0   0   1   1
14   0   0   1   1
15   0   0   1   1
16   0   0   1   1
17   0   0   1   1
18   0   0   1   1
19   0   0   1   1
20   0   0   1   1
21   0   0   1   1
22   0   0   1   1
23   0   0   1   1
24   0   0   1   1
25   0   0   1   1
26   0   0   1   1
27   0   0   1   1
28   0   0   1   1
29   0   0   1   1
30   0   0   1   1
31   0   0   1   1
32   0   0   1   1
33   0   0   1   1
34   0   0   1   1
35   0   0   1   1
36   0   0   1   1
37   0   0   1   1
38   0   0   1   1
39   0   0   1   1
40   0   0   1   1
41   0   0   1   1
42   0   0   1   1
43   0   0   1   1
44   0   0   1   1
45   0   0   1   1
46   0   0   1   1
47   0   0   1   1
48   0   0   1   1
49   0   0   1   1
50   0   0   1   1

 [*,3,*]
:    1   2   3   4    :=
1    1   0   0   1
2    1   0   0   1
3    1   0   0   1
4    1   0   0   1
5    1   0   0   1
6    1   0   0   1
7    1   0   0   1
8    1   0   0   1
9    1   0   0   1
10   1   0   0   1
11   1   0   0   1
12   1   0   0   1
13   1   0   0   1
14   1   0   0   1
15   1   0   0   1
16   1   0   0   1
17   1   0   0   1
18   1   0   0   1
19   1   0   0   1
20   1   0   0   1
21   1   0   0   1
22   1   0   0   1
23   1   0   0   1
24   1   0   0   1
25   1   0   0   1
26   1   0   0   1
27   1   0   0   1
28   1   0   0   1
29   1   0   0   1
30   1   0   0   1
31   1   0   0   1
32   1   0   0   1
33   1   0   0   1
34   1   0   0   1
35   1   0   0   1
36   1   0   0   1
37   1   0   0   1
38   1   0   0   1
39   1   0   0   1
40   1   0   0   1
41   1   0   0   1
42   1   0   0   1
43   1   0   0   1
44   1   0   0   1
45   1   0   0   1
46   1   0   0   1
47   1   0   0   1
48   1   0   0   1
49   1   0   0   1
50   1   0   0   1

 [*,4,*]
:    1   2   3   4    :=
1    1   1   1   0
2    1   1   1   0
3    1   1   1   0
4    1   1   1   0
5    1   1   1   0
6    1   1   1   0
7    1   1   1   0
8    1   1   1   0
9    1   1   1   0
10   1   1   1   0
11   1   1   1   0
12   1   1   1   0
13   1   1   1   0
14   1   1   1   0
15   1   1   1   0
16   1   1   1   0
17   1   1   1   0
18   1   1   1   0
19   1   1   1   0
20   1   1   1   0
21   1   1   1   0
22   1   1   1   0
23   1   1   1   0
24   1   1   1   0
25   1   1   1   0
26   1   1   1   0
27   1   1   1   0
28   1   1   1   0
29   1   1   1   0
30   1   1   1   0
31   1   1   1   0
32   1   1   1   0
33   1   1   1   0
34   1   1   1   0
35   1   1   1   0
36   1   1   1   0
37   1   1   1   0
38   1   1   1   0
39   1   1   1   0
40   1   1   1   0
41   1   1   1   0
42   1   1   1   0
43   1   1   1   0
44   1   1   1   0
45   1   1   1   0
46   1   1   1   0
47   1   1   1   0
48   1   1   1   0
49   1   1   1   0
50   1   1   1   0
;

---------------------------- Solution stats data ----------------------------
_ampl_time = 0.053561
_total_solve_time = 9431.29
_ampl_elapsed_time = 0.050315
_ampl_user_time = 0.03966

Total time elapsed: $9431.29.
_total_solve_time = 9431.29

---------------------------- Solution miscs data ----------------------------
tetrahedron_volume [*] :=
 1 0.117851   11 0.117851   21 0.117851   31 0.117851   41 0.117851
 2 0.117851   12 0.117851   22 0.117851   32 0.117851   42 0.117851
 3 0.117851   13 0.117851   23 0.117851   33 0.117851   43 0.117851
 4 0.117851   14 0.117851   24 0.117851   34 0.117851   44 0.117851
 5 0.117851   15 0.117851   25 0.117851   35 0.117851   45 0.117851
 6 0.117851   16 0.117851   26 0.117851   36 0.117851   46 0.117851
 7 0.117851   17 0.117851   27 0.117851   37 0.117851   47 0.117851
 8 0.117851   18 0.117851   28 0.117851   38 0.117851   48 0.117851
 9 0.117851   19 0.117851   29 0.117851   39 0.117851   49 0.117851
10 0.117851   20 0.117851   30 0.117851   40 0.117851   50 0.117851
;

---------------------------- Solution miscs data ----------------------------
tetrahedron_surface_area [*] :=
 1 1.73205   10 1.73205   19 1.73205   28 1.73205   37 1.73205   46 1.73205
 2 1.73205   11 1.73205   20 1.73205   29 1.73205   38 1.73205   47 1.73205
 3 1.73205   12 1.73205   21 1.73205   30 1.73205   39 1.73205   48 1.73205
 4 1.73205   13 1.73205   22 1.73205   31 1.73205   40 1.73205   49 1.73205
 5 1.73205   14 1.73205   23 1.73205   32 1.73205   41 1.73205   50 1.73205
 6 1.73205   15 1.73205   24 1.73205   33 1.73205   42 1.73205
 7 1.73205   16 1.73205   25 1.73205   34 1.73205   43 1.73205
 8 1.73205   17 1.73205   26 1.73205   35 1.73205   44 1.73205
 9 1.73205   18 1.73205   27 1.73205   36 1.73205   45 1.73205
;

