Error at _cmdno 5 executing "solve" command
(file amplin, line 1971, offset 37608):
error processing param distances:
	3200 invalid subscripts discarded:
	distances[101,1,1]
	distances[101,1,2]
	distances[101,1,3]
	and 3197 more.
##### This license is only intended for use by NEOS. #####
##### License is valid until Jan 16, 2026 #####
iables.
Adjusted problem:
25951 variables:
	16050 nonlinear variables
	9901 linear variables
53200 constraints; 315150 nonzeros
	45850 nonlinear constraints
	7350 linear constraints
	5050 equality constraints
	48150 inequality constraints
1 linear objective; 1 nonzero.

Artelys Knitro 14.2.0: algorithm=1
ms_enable=1
ms_maxsolves=50
ms_terminate=1
ms_savetol=0.01
feastol=1e-5
opttol=1e-5
bar_initpt=3
bar_murule=6
bar_penaltyrule=2
linsolver=0
scale=3
honorbnds=1
outlev=3
maxtime_real=28800
numthreads=4
presolve=1
bar_refinement=1
debug=0

=======================================
           Academic License
       (NOT FOR COMMERCIAL USE)
         Artelys Knitro 14.2.0
=======================================

No start point provided -- Knitro computing one.

Knitro presolve eliminated 0 variables and 0 constraints.

algorithm                1
bar_initpt               3
bar_murule               6
bar_penaltyrule          2
bar_refinement           1
concurrent_evals         0
datacheck                0
feastol                  1e-05
findiff_numthreads       1
hessian_no_f             1
hessopt                  1
honorbnds                1
maxtime_real             28800
ms_enable                1
ms_maxsolves             50
ms_savetol               0.01
ms_terminate             1
numthreads               4
opttol                   1e-05
outlev                   3
scale                    3

Problem Characteristics                                 (   Presolved)
-----------------------
Objective goal:  Minimize
Objective type:  linear
Number of variables:                              25951 (       25951)
    bounded below only:                            1201 (        1201)
    bounded above only:                               0 (           0)
    bounded below and above:                          0 (           0)
    fixed:                                            0 (           0)
    free:                                         24750 (       24750)
Number of constraints:                            53200 (       53200)
    linear equalities:                                0 (           0)
    quadratic equalities:                          4950 (        4950)
    gen. nonlinear equalities:                      100 (         100)
    linear one-sided inequalities:                 7350 (        7350)
    quadratic one-sided inequalities:             40800 (       40800)
    gen. nonlinear one-sided inequalities:            0 (           0)
    linear two-sided inequalities:                    0 (           0)
    quadratic two-sided inequalities:                 0 (           0)
    gen. nonlinear two-sided inequalities:            0 (           0)
Number of nonzeros in Jacobian:                  315150 (      315150)
Number of nonzeros in Hessian:                   141450 (      141450)

Knitro parallel multistart will run with 4 threads.

Return codes description
------------------------
  0:  The final solution satisfies the termination conditions for verifying optimality.
  -100 to -199:  A feasible approximate solution was found.
  -200 to -299:  Knitro terminated at an infeasible point.
  -300 to -301:  The problem was determined to be unbounded.
  -400 to -499:  Knitro terminated because it reached a pre-defined limit.
    -400 to -409:  A feasible point was found.
    -410 to -419:  No feasible point was found.
  -500 to -599:  Knitro terminated with an input error or some non-standard error.
A more detailed description of individual return codes and their corresponding
termination messages is provided at
https://www.artelys.com/app/docs/knitro/3_referenceManual/returnCodes.html

 Solve #  ThreadID  Status     Objective      FeasError    OptError    Real Time 
--------  --------  ------  --------------   ----------   ----------  ----------
      0          0       0         2.60385  7.30198e-05  4.49544e-06      832.586
     13          2    -410         8871.44      6535.29      1.25071      5490.30
     15          1    -410         6291.84      518548.      126.086      5837.73
     14          3    -410         15003.3      168840.      1.00000      5316.00
      1          2    -410         6974.41      232151.      1.00000      5786.68
      3          3    -410         8095.69      560342.      87.2183      6119.30
      4          0    -410         7684.38      255259.      23.5352      5747.45
      6          2    -410         2630.41      5639.81     0.998589      5784.60
      7          3    -410         8592.42      35555.8     0.999991      5600.69

MULTISTART: Best locally optimal solution is returned.
EXIT: Locally optimal solution found.

Final Statistics
----------------
Final objective value               =   2.60385398188130e+00
Final feasibility error (abs / rel) =   7.30e-05 / 4.02e-06
Final optimality error  (abs / rel) =   4.50e-06 / 4.50e-06
# of iterations                     =      81639 
# of CG iterations                  =          0 
# of function evaluations           =      82045
# of gradient evaluations           =      81760
# of Hessian evaluations            =      81659
Total program time (secs)           =   24351.09570 ( 90537.680 CPU time)

===============================================================================

Knitro 14.2.0: Locally optimal or satisfactory solution.
objective 2.603853982; feasibility error 7.3e-05
81639 iterations; 82045 function evaluations

suffix feaserror OUT;
suffix opterror OUT;
suffix numfcevals OUT;
suffix numiters OUT;
---------------------------- Container and geometric considerations  ----------------------------
Container type: cube
Structural conservation type: volume
---------------------------- Solution execution data ----------------------------
solve_result_num = 0
solve_result = solved

---------------------------- Solution data ----------------------------
card(figures) = 100

coords [*,*,1]
:        1         2         3         4       :=
1     21.164    20.9957   20.3177   20.5045
2     20.4111   20.4103   19.8658   19.7358
3     19.1083   19.5064   19.9411   19.9072
4     19.5812   18.9326   18.7141   19.5245
5     21.3019   20.5895   21.3019   21.3019
6     19.2151   19.5485   20.1174   19.4987
7     21.3019   21.3019   21.191    20.464
8     20.5304   20.1644   19.8141   20.654
9     21.2608   20.6762   20.2116   20.4578
10    19.8561   20.2605   19.5806   19.3711
11    19.4571   18.9065   19.4476   19.9606
12    18.6981   18.7948   19.5      18.6981
13    19.576    19.155    19.4243   20.0764
14    21.3019   20.45     21.2378   21.2206
15    19.1805   18.6981   19.4889   19.6783
16    20.3852   20.7745   19.7447   20.4186
17    19.4346   18.7708   19.5182   19.694
18    18.6981   19.0084   19.5445   18.6981
19    21.24     20.1677   20.564    20.7919
20    20.739    20.4463   21.1996   20.1322
21    20.0889   19.5702   19.0168   19.3961
22    18.6981   18.7484   19.543    18.6981
23    20.2441   21.2177   20.5429   20.5288
24    20.3123   21.173    21.3019   20.8992
25    19.5043   20.5754   19.9887   19.9629
26    20.6541   21.1276   20.1762   20.4643
27    20.4039   19.7452   20.2745   19.4845
28    20.2438   20.4672   20.4015   19.6165
29    21.3019   20.5134   21.3019   21.3019
30    20.1429   19.5074   19.9867   20.4243
31    19.6199   19.5099   18.6981   19.175
32    19.5004   19.8002   19.7591   20.4436
33    19.9419   19.8616   19.9036   19.0826
34    21.3019   20.6661   21.0314   20.2571
35    19.9841   19.4067   19.5762   20.1779
36    18.6981   18.9335   18.6981   19.546
37    19.1095   18.6981   18.8291   19.5688
38    20.1641   19.2338   20.0312   20.0093
39    21.3019   21.3019   21.3019   20.5452
40    20.3621   19.4527   19.6222   19.7477
41    18.7509   19.4213   18.8079   19.5588
42    18.8986   18.6981   18.6981   19.5021
43    20.6925   21.3019   20.6113   21.3018
44    20.599    20.1225   19.9059   19.5397
45    20.4858   20.2055   20.2426   21.0331
46    20.5816   20.1779   19.5762   19.9841
47    21.3019   21.2178   20.5439   20.5288
48    18.884    19.7132   19.7478   19.0478
49    20.2749   20.7438   20.4245   21.3019
50    19.5162   18.6982   18.7485   19.5187
51    20.773    21.2956   20.2356   20.8049
52    19.2351   19.961    18.9068   19.5076
53    19.844    19.0867   18.8801   19.5723
54    18.6981   18.6981   19.5966   19.1326
55    18.6981   19.4764   19.6852   19.1136
56    20.4357   19.462    19.845    19.7036
57    19.546    18.7402   18.8551   19.5997
58    18.6981   18.6981   18.6981   19.5161
59    19.5263   19.2377   19.5593   18.6981
60    20.031    19.8616   20.7307   19.9481
61    18.6981   18.6981   18.6981   19.502
62    20.0094   20.855    20.1647   20.0312
63    20.2347   20.2609   20.8816   21.0472
64    19.5446   20.4708   20.0413   19.695
65    19.8074   19.5978   19.5029   20.3815
66    20.465    20.5757   21.3018   21.3019
67    19.7485   18.9332   19.7756   19.1832
68    20.0004   19.2628   20.146    19.52
69    19.1262   18.801    19.6848   18.6981
70    19.531    18.9083   18.6981   19.533
71    19.8508   20.2355   20.8928   20.2605
72    20.5754   19.9404   20.0117   19.5043
73    19.8543   20.352    20.1509   20.7838
74    20.749    20.0271   19.6979   20.4737
75    19.5043   19.2214   19.9377   20.009
76    19.5821   20.3891   20.412    19.9543
77    21.3019   21.2387   21.3019   20.4558
78    19.171    20.0741   19.6996   19.8025
79    19.9861   20.1951   20.1099   20.8644
80    20.4338   20.4061   21.0384   21.182
81    20.1498   19.4698   20.3622   19.8615
82    20.5547   20.4534   21.2966   20.3926
83    19.6182   19.5371   18.7348   19.3182
84    18.6981   19.4968   18.6981   18.7677
85    20.1637   20.3213   20.5021   21.1598
86    21.3019   20.4266   21.0973   21.2281
87    19.5001   19.435    18.6981   18.6981
88    21.3019   20.8398   20.2302   20.9268
89    20.8797   19.8536   20.2991   20.4025
90    21.3019   21.0831   20.3708   20.4985
91    20.3999   21.1822   20.2422   20.434
92    19.5167   19.155    18.6981   18.6981
93    19.3335   18.9098   18.6981   19.529
94    18.8701   18.6981   18.6981   19.5548
95    20.2177   20.1205   20.8567   20.9186
96    19.9731   19.2628   20.1301   20.1787
97    19.9484   20.5759   20.731    20.0307
98    21.3019   21.3019   21.3019   20.4812
99    21.3019   21.3019   20.8219   20.5546
100   21.3019   21.3019   20.4395   21.3019

 [*,*,2]
:        1         2         3         4       :=
1     20.357    21.0574   20.9886   20.2785
2     21.0947   20.4162   21.2634   20.4694
3     20.4701   21.3019   21.0393   20.4372
4     19.1571   18.7476   19.5142   19.6343
5     20.8528   20.3125   19.7806   20.3286
6     20.1939   19.5922   20.0048   19.179
7     19.7182   20.7905   20.3228   20.2756
8     21.2796   20.3857   20.9906   20.3251
9     21.1198   21.3019   21.3019   20.5084
10    19.6544   18.7565   19.3497   18.6981
11    19.4997   18.6981   18.7983   18.6981
12    18.6981   18.6981   19.0393   19.5656
13    21.3019   21.3019   20.4656   21.2698
14    20.253    20.474    20.7526   21.1884
15    20.4274   21.3019   21.3019   21.3019
16    20.4936   20.3178   20.3707   21.1884
17    19.4614   19.7112   20.4525   19.7687
18    19.985    19.4721   20.3399   20.3421
19    21.3019   21.3019   20.4695   21.1544
20    19.4902   18.6981   18.6981   18.6981
21    19.5595   19.8406   19.5377   20.378
22    20.3422   21.009    20.3396   19.9831
23    19.5257   19.4481   19.4186   20.2528
24    18.6981   18.8437   18.6981   19.5343
25    21.3019   21.3019   21.1802   20.4245
26    19.4593   20.3443   20.0643   20.2742
27    19.7324   20.3708   20.0494   19.5561
28    19.456    20.3716   19.5284   19.729
29    18.6981   18.9649   19.5343   18.6981
30    18.8003   19.5233   19.7062   19.7328
31    21.3019   20.4716   21.1271   21.3019
32    19.5622   20.5294   19.8768   19.7309
33    21.0354   20.056    20.4352   20.4688
34    18.6981   19.4947   19.3538   18.6983
35    21.1593   20.4503   21.3019   20.423
36    19.4532   18.745    19.5707   19.6144
37    19.5026   18.8085   18.6981   18.6981
38    20.3942   20.4131   19.7666   20.8387
39    20.8534   21.3019   20.2369   20.6348
40    20.3116   20.3971   19.5929   20.4749
41    20.0053   20.7508   20.9588   20.3263
42    19.4659   18.9141   19.9854   19.5376
43    19.9631   19.8532   19.1085   19.0808
44    18.6981   19.5983   19.0998   18.6982
45    19.4591   20.3197   20.1401   20.3791
46    21.3019   20.4231   21.3019   21.1594
47    20.102    19.448    19.35     20.2529
48    19.8222   20.4428   19.8557   20.4702
49    21.2876   20.4009   20.5135   21.0452
50    19.6595   20.3415   19.8317   20.5393
51    20.4715   21.2727   21.3019   21.3019
52    18.8164   18.6981   18.6981   19.5431
53    19.1681   19.5422   18.6981   18.6981
54    21.3019   20.7574   21.2195   20.3219
55    20.7616   21.2471   20.4158   20.4787
56    20.3083   20.396    21.1985   20.475
57    21.3019   21.3019   20.6218   20.7235
58    19.8599   19.2702   20.3415   19.6595
59    19.0802   20.113    19.5763   19.4099
60    20.4774   20.0559   20.6066   21.1248
61    19.6125   20.3802   19.4921   19.6894
62    20.8386   20.1805   20.3938   19.7664
63    19.455    18.6981   19.4984   18.7553
64    18.6981   18.9815   18.6981   19.5001
65    19.8895   19.7037   20.5704   20.2991
66    20.3178   19.4776   19.7076   20.2369
67    18.7947   19.0897   19.7444   19.6215
68    19.6306   18.8901   18.7826   19.5763
69    20.4773   19.8369   20.4156   20.7616
70    19.5409   19.4865   19.977    20.2732
71    19.6384   19.4566   19.3849   18.6981
72    21.3019   21.1933   20.5012   21.3019
73    19.6575   19.7112   18.8502   19.4643
74    19.4727   18.6981   19.5065   18.9938
75    21.3019   20.4559   21.2176   20.5254
76    19.977    19.7009   20.3898   20.5014
77    19.6235   18.7528   19.5858   19.4846
78    19.6143   19.5141   18.8263   19.7193
79    18.6981   18.6981   19.5173   18.7668
80    20.2582   19.5209   20.3863   19.497
81    18.8533   19.4465   19.6992   19.6671
82    20.337    21.198    20.7713   20.2581
83    19.6062   20.2747   19.9899   20.6298
84    21.3019   21.2562   21.3019   20.4724
85    20.0682   20.9899   20.2782   20.3565
86    19.6262   19.5443   20.381    19.5757
87    19.6893   20.4265   20.3867   19.6474
88    18.6981   18.6981   18.7312   19.5011
89    19.4444   19.6576   19.6987   20.3983
90    19.8355   20.3688   20.351    19.4762
91    19.5276   19.4968   19.455    20.258
92    20.5269   21.3019   21.1792   20.4555
93    18.9127   18.6981   19.4532   19.5636
94    20.5825   20.105    21.1774   20.75
95    18.7206   19.5342   18.7594   19.4985
96    18.6981   18.8901   19.5206   18.6981
97    21.1248   21.3019   20.6064   20.4779
98    20.2369   19.7076   20.7748   20.2995
99    21.3019   20.7906   20.519    21.3019
100   18.7644   19.2807   19.3869   19.8368

 [*,*,3]
:        1         2         3         4       :=
1     20.6149   21.3019   20.4835   21.258
2     20.3315   19.5011   19.5672   20.2763
3     21.0164   20.5324   21.3019   20.4152
4     21.1474   20.3981   20.8614   20.2826
5     20.5775   20.227    20.5574   19.642
6     21.3019   20.4793   21.2892   21.3019
7     21.3019   21.3019   20.515    21.3019
8     19.2015   19.5113   18.6981   18.7285
9     20.0228   19.2449   20.1493   19.6604
10    21.3019   21.056    20.4765   21.3019
11    20.3479   20.4193   21.159    20.2227
12    21.3019   20.2686   21.0009   20.8916
13    19.6211   18.6981   18.9774   18.6981
14    19.5071   19.7817   20.4538   19.5677
15    20.0623   20.1268   20.6007   19.6918
16    19.6224   20.5207   20.274    20.4386
17    19.7357   20.3413   20.1367   20.7298
18    19.6183   18.7325   19.0636   18.6981
19    18.6981   18.6981   18.6981   19.4902
20    21.096    20.4351   21.1983   21.3019
21    18.6981   19.4902   18.6981   18.6981
22    18.6981   19.3328   19.0671   19.6231
23    19.8598   20.1845   20.8841   20.3498
24    19.1863   18.6981   19.5994   19.4714
25    20.527    20.5793   21.3019   20.5415
26    20.9138   20.5893   20.2941   21.3012
27    20.3672   20.2734   19.3981   19.9293
28    18.7087   19.2112   19.7669   19.3269
29    21.3019   20.6258   20.9008   20.2295
30    20.0482   20.4038   19.496    20.3186
31    19.7176   19.3323   19.5798   18.7419
32    19.9899   20.3318   20.9819   20.3817
33    21.2956   21.3019   20.4148   21.0324
34    20.2294   19.9837   20.8184   20.4709
35    18.7415   18.9921   19.6212   19.4967
36    19.8549   20.3963   20.8955   20.2583
37    19.089    19.7953   18.7367   19.5131
38    19.4909   18.9578   18.6981   18.6981
39    19.5756   18.6981   18.6981   19.0433
40    19.5044   19.3794   19.7975   20.3535
41    19.5884   19.9691   19.3129   19.0618
42    18.8039   19.5813   19.6273   19.6875
43    21.3019   20.6189   20.6593   21.3019
44    18.7298   18.6981   19.4428   18.6981
45    19.8563   20.3409   19.2843   19.7923
46    19.429    19.4966   19.6213   18.7415
47    20.829    20.1845   20.9282   20.3498
48    20.3113   20.2359   20.9459   21.0764
49    20.1422   20.5217   19.6641   19.9763
50    19.7679   19.6427   20.4139   20.1768
51    20.4715   19.9875   20.1456   20.8708
52    19.5637   20.2225   20.4192   20.3038
53    18.6981   19.0679   18.6981   19.5171
54    20.1267   19.3827   19.7421   20.1015
55    20.0625   20.5693   20.2295   21.0097
56    19.5455   19.3789   19.6374   20.3111
57    20.586    21.2936   20.5729   21.3019
58    20.4288   19.5966   19.6426   19.7679
59    21.3019   21.3019   20.431    21.0479
60    20.4996   21.3019   21.3019   21.3019
61    21.2645   20.754    20.1989   20.6048
62    18.6981   18.6981   19.4906   18.6981
63    18.6981   19.2239   19.4534   18.6982
64    21.0193   20.8923   20.069    20.3639
65    18.7046   19.7397   19.2971   19.5124
66    19.1744   18.6981   19.453    18.6981
67    19.2875   19.627    19.7349   18.9165
68    19.5408   19.6387   20.0587   20.3376
69    20.9919   20.4139   20.2296   20.0624
70    19.7294   18.858    19.6099   19.0056
71    19.5366   18.6981   19.5415   19.2235
72    20.5793   19.722    20.5379   20.527
73    21.3019   20.3536   20.9604   21.3019
74    20.1694   20.0504   20.3736   20.9076
75    20.5269   19.9317   19.6935   20.5096
76    21.0813   20.4668   21.2881   20.3249
77    20.3003   19.6945   19.3045   19.6563
78    18.8976   18.741    19.238    19.7579
79    19.1484   20.2002   19.5528   19.4201
80    19.1085   19.7577   19.7926   19.2119
81    20.9616   20.3821   20.3377   21.2854
82    18.8873   19.2979   19.5282   19.7915
83    19.7898   19.0026   19.5835   19.8999
84    21.1992   20.5871   20.1269   20.5232
85    20.3456   20.4788   21.2603   20.619
86    20.3704   19.7564   19.7494   19.3018
87    20.6065   21.3019   20.7493   21.3019
88    20.2294   19.4065   20.2436   19.9754
89    21.3019   21.3019   20.4958   21.3019
90    20.4657   19.7462   20.3341   19.853
91    19.7563   19.2119   18.6981   19.1085
92    19.2564   18.6981   19.4894   18.6981
93    19.4477   20.4092   19.8549   20.2772
94    20.5322   21.3019   21.3019   21.3019
95    20.2157   19.5239   19.4364   19.9841
96    19.0832   19.6387   19.6533   20.1178
97    21.3019   20.5791   21.3018   20.4999
98    18.6981   19.453    19.5587   19.1891
99    20.3593   21.3019   20.446    21.1283
100   18.6981   19.4627   18.8342   18.6981
;

side = 2.60385
softness = 0.15

---------------------------- Solution coords data ----------------------------
distances [*,1,*]
:     1   2   3   4    :=
1     0   1   0   1
2     0   1   0   1
3     0   1   0   1
4     0   1   0   1
5     0   1   0   1
6     0   1   0   1
7     0   1   0   1
8     0   1   0   1
9     0   1   0   1
10    0   1   0   1
11    0   1   0   1
12    0   1   0   1
13    0   1   0   1
14    0   1   0   1
15    0   1   0   1
16    0   1   0   1
17    0   1   0   1
18    0   1   0   1
19    0   1   0   1
20    0   1   0   1
21    0   1   0   1
22    0   1   0   1
23    0   1   0   1
24    0   1   0   1
25    0   1   0   1
26    0   1   0   1
27    0   1   0   1
28    0   1   0   1
29    0   1   0   1
30    0   1   0   1
31    0   1   0   1
32    0   1   0   1
33    0   1   0   1
34    0   1   0   1
35    0   1   0   1
36    0   1   0   1
37    0   1   0   1
38    0   1   0   1
39    0   1   0   1
40    0   1   0   1
41    0   1   0   1
42    0   1   0   1
43    0   1   0   1
44    0   1   0   1
45    0   1   0   1
46    0   1   0   1
47    0   1   0   1
48    0   1   0   1
49    0   1   0   1
50    0   1   0   1
51    0   1   0   1
52    0   1   0   1
53    0   1   0   1
54    0   1   0   1
55    0   1   0   1
56    0   1   0   1
57    0   1   0   1
58    0   1   0   1
59    0   1   0   1
60    0   1   0   1
61    0   1   0   1
62    0   1   0   1
63    0   1   0   1
64    0   1   0   1
65    0   1   0   1
66    0   1   0   1
67    0   1   0   1
68    0   1   0   1
69    0   1   0   1
70    0   1   0   1
71    0   1   0   1
72    0   1   0   1
73    0   1   0   1
74    0   1   0   1
75    0   1   0   1
76    0   1   0   1
77    0   1   0   1
78    0   1   0   1
79    0   1   0   1
80    0   1   0   1
81    0   1   0   1
82    0   1   0   1
83    0   1   0   1
84    0   1   0   1
85    0   1   0   1
86    0   1   0   1
87    0   1   0   1
88    0   1   0   1
89    0   1   0   1
90    0   1   0   1
91    0   1   0   1
92    0   1   0   1
93    0   1   0   1
94    0   1   0   1
95    0   1   0   1
96    0   1   0   1
97    0   1   0   1
98    0   1   0   1
99    0   1   0   1
100   0   1   0   1

 [*,2,*]
:     1   2   3   4    :=
1     0   0   1   1
2     0   0   1   1
3     0   0   1   1
4     0   0   1   1
5     0   0   1   1
6     0   0   1   1
7     0   0   1   1
8     0   0   1   1
9     0   0   1   1
10    0   0   1   1
11    0   0   1   1
12    0   0   1   1
13    0   0   1   1
14    0   0   1   1
15    0   0   1   1
16    0   0   1   1
17    0   0   1   1
18    0   0   1   1
19    0   0   1   1
20    0   0   1   1
21    0   0   1   1
22    0   0   1   1
23    0   0   1   1
24    0   0   1   1
25    0   0   1   1
26    0   0   1   1
27    0   0   1   1
28    0   0   1   1
29    0   0   1   1
30    0   0   1   1
31    0   0   1   1
32    0   0   1   1
33    0   0   1   1
34    0   0   1   1
35    0   0   1   1
36    0   0   1   1
37    0   0   1   1
38    0   0   1   1
39    0   0   1   1
40    0   0   1   1
41    0   0   1   1
42    0   0   1   1
43    0   0   1   1
44    0   0   1   1
45    0   0   1   1
46    0   0   1   1
47    0   0   1   1
48    0   0   1   1
49    0   0   1   1
50    0   0   1   1
51    0   0   1   1
52    0   0   1   1
53    0   0   1   1
54    0   0   1   1
55    0   0   1   1
56    0   0   1   1
57    0   0   1   1
58    0   0   1   1
59    0   0   1   1
60    0   0   1   1
61    0   0   1   1
62    0   0   1   1
63    0   0   1   1
64    0   0   1   1
65    0   0   1   1
66    0   0   1   1
67    0   0   1   1
68    0   0   1   1
69    0   0   1   1
70    0   0   1   1
71    0   0   1   1
72    0   0   1   1
73    0   0   1   1
74    0   0   1   1
75    0   0   1   1
76    0   0   1   1
77    0   0   1   1
78    0   0   1   1
79    0   0   1   1
80    0   0   1   1
81    0   0   1   1
82    0   0   1   1
83    0   0   1   1
84    0   0   1   1
85    0   0   1   1
86    0   0   1   1
87    0   0   1   1
88    0   0   1   1
89    0   0   1   1
90    0   0   1   1
91    0   0   1   1
92    0   0   1   1
93    0   0   1   1
94    0   0   1   1
95    0   0   1   1
96    0   0   1   1
97    0   0   1   1
98    0   0   1   1
99    0   0   1   1
100   0   0   1   1

 [*,3,*]
:     1   2   3   4    :=
1     1   0   0   1
2     1   0   0   1
3     1   0   0   1
4     1   0   0   1
5     1   0   0   1
6     1   0   0   1
7     1   0   0   1
8     1   0   0   1
9     1   0   0   1
10    1   0   0   1
11    1   0   0   1
12    1   0   0   1
13    1   0   0   1
14    1   0   0   1
15    1   0   0   1
16    1   0   0   1
17    1   0   0   1
18    1   0   0   1
19    1   0   0   1
20    1   0   0   1
21    1   0   0   1
22    1   0   0   1
23    1   0   0   1
24    1   0   0   1
25    1   0   0   1
26    1   0   0   1
27    1   0   0   1
28    1   0   0   1
29    1   0   0   1
30    1   0   0   1
31    1   0   0   1
32    1   0   0   1
33    1   0   0   1
34    1   0   0   1
35    1   0   0   1
36    1   0   0   1
37    1   0   0   1
38    1   0   0   1
39    1   0   0   1
40    1   0   0   1
41    1   0   0   1
42    1   0   0   1
43    1   0   0   1
44    1   0   0   1
45    1   0   0   1
46    1   0   0   1
47    1   0   0   1
48    1   0   0   1
49    1   0   0   1
50    1   0   0   1
51    1   0   0   1
52    1   0   0   1
53    1   0   0   1
54    1   0   0   1
55    1   0   0   1
56    1   0   0   1
57    1   0   0   1
58    1   0   0   1
59    1   0   0   1
60    1   0   0   1
61    1   0   0   1
62    1   0   0   1
63    1   0   0   1
64    1   0   0   1
65    1   0   0   1
66    1   0   0   1
67    1   0   0   1
68    1   0   0   1
69    1   0   0   1
70    1   0   0   1
71    1   0   0   1
72    1   0   0   1
73    1   0   0   1
74    1   0   0   1
75    1   0   0   1
76    1   0   0   1
77    1   0   0   1
78    1   0   0   1
79    1   0   0   1
80    1   0   0   1
81    1   0   0   1
82    1   0   0   1
83    1   0   0   1
84    1   0   0   1
85    1   0   0   1
86    1   0   0   1
87    1   0   0   1
88    1   0   0   1
89    1   0   0   1
90    1   0   0   1
91    1   0   0   1
92    1   0   0   1
93    1   0   0   1
94    1   0   0   1
95    1   0   0   1
96    1   0   0   1
97    1   0   0   1
98    1   0   0   1
99    1   0   0   1
100   1   0   0   1

 [*,4,*]
:     1   2   3   4    :=
1     1   1   1   0
2     1   1   1   0
3     1   1   1   0
4     1   1   1   0
5     1   1   1   0
6     1   1   1   0
7     1   1   1   0
8     1   1   1   0
9     1   1   1   0
10    1   1   1   0
11    1   1   1   0
12    1   1   1   0
13    1   1   1   0
14    1   1   1   0
15    1   1   1   0
16    1   1   1   0
17    1   1   1   0
18    1   1   1   0
19    1   1   1   0
20    1   1   1   0
21    1   1   1   0
22    1   1   1   0
23    1   1   1   0
24    1   1   1   0
25    1   1   1   0
26    1   1   1   0
27    1   1   1   0
28    1   1   1   0
29    1   1   1   0
30    1   1   1   0
31    1   1   1   0
32    1   1   1   0
33    1   1   1   0
34    1   1   1   0
35    1   1   1   0
36    1   1   1   0
37    1   1   1   0
38    1   1   1   0
39    1   1   1   0
40    1   1   1   0
41    1   1   1   0
42    1   1   1   0
43    1   1   1   0
44    1   1   1   0
45    1   1   1   0
46    1   1   1   0
47    1   1   1   0
48    1   1   1   0
49    1   1   1   0
50    1   1   1   0
51    1   1   1   0
52    1   1   1   0
53    1   1   1   0
54    1   1   1   0
55    1   1   1   0
56    1   1   1   0
57    1   1   1   0
58    1   1   1   0
59    1   1   1   0
60    1   1   1   0
61    1   1   1   0
62    1   1   1   0
63    1   1   1   0
64    1   1   1   0
65    1   1   1   0
66    1   1   1   0
67    1   1   1   0
68    1   1   1   0
69    1   1   1   0
70    1   1   1   0
71    1   1   1   0
72    1   1   1   0
73    1   1   1   0
74    1   1   1   0
75    1   1   1   0
76    1   1   1   0
77    1   1   1   0
78    1   1   1   0
79    1   1   1   0
80    1   1   1   0
81    1   1   1   0
82    1   1   1   0
83    1   1   1   0
84    1   1   1   0
85    1   1   1   0
86    1   1   1   0
87    1   1   1   0
88    1   1   1   0
89    1   1   1   0
90    1   1   1   0
91    1   1   1   0
92    1   1   1   0
93    1   1   1   0
94    1   1   1   0
95    1   1   1   0
96    1   1   1   0
97    1   1   1   0
98    1   1   1   0
99    1   1   1   0
100   1   1   1   0
;

---------------------------- Solution stats data ----------------------------
_ampl_time = 0.218007
_total_solve_time = 90538.3
_ampl_elapsed_time = 0.213579
_ampl_user_time = 0.179223

Total time elapsed: $90538.30.
_total_solve_time = 90538.3

---------------------------- Solution miscs data ----------------------------
tetrahedron_volume [*] :=
  1 0.117851    21 0.117851    41 0.117851    61 0.117851    81 0.117851
  2 0.117851    22 0.117851    42 0.117851    62 0.117851    82 0.117851
  3 0.117851    23 0.117851    43 0.117851    63 0.117851    83 0.117851
  4 0.117851    24 0.117851    44 0.117851    64 0.117851    84 0.117851
  5 0.117851    25 0.117851    45 0.117851    65 0.117851    85 0.117851
  6 0.117851    26 0.117851    46 0.117851    66 0.117851    86 0.117851
  7 0.117851    27 0.117851    47 0.117851    67 0.117851    87 0.117851
  8 0.117851    28 0.117851    48 0.117851    68 0.117851    88 0.117851
  9 0.117851    29 0.117851    49 0.117851    69 0.117851    89 0.117851
 10 0.117851    30 0.117851    50 0.117851    70 0.117851    90 0.117851
 11 0.117851    31 0.117851    51 0.117851    71 0.117851    91 0.117851
 12 0.117851    32 0.117851    52 0.117851    72 0.117851    92 0.117851
 13 0.117851    33 0.117851    53 0.117851    73 0.117851    93 0.117851
 14 0.117851    34 0.117851    54 0.117851    74 0.117851    94 0.117851
 15 0.117851    35 0.117851    55 0.117851    75 0.117851    95 0.117851
 16 0.117851    36 0.117851    56 0.117851    76 0.117851    96 0.117851
 17 0.117851    37 0.117851    57 0.117851    77 0.117851    97 0.117851
 18 0.117851    38 0.117851    58 0.117851    78 0.117851    98 0.117851
 19 0.117851    39 0.117851    59 0.117851    79 0.117851    99 0.117851
 20 0.117851    40 0.117851    60 0.117851    80 0.117851   100 0.117851
;

---------------------------- Solution miscs data ----------------------------
tetrahedron_surface_area [*] :=
  1 0    11 0    21 0    31 0    41 0    51 0    61 0    71 0    81 0    91 0
  2 0    12 0    22 0    32 0    42 0    52 0    62 0    72 0    82 0    92 0
  3 0    13 0    23 0    33 0    43 0    53 0    63 0    73 0    83 0    93 0
  4 0    14 0    24 0    34 0    44 0    54 0    64 0    74 0    84 0    94 0
  5 0    15 0    25 0    35 0    45 0    55 0    65 0    75 0    85 0    95 0
  6 0    16 0    26 0    36 0    46 0    56 0    66 0    76 0    86 0    96 0
  7 0    17 0    27 0    37 0    47 0    57 0    67 0    77 0    87 0    97 0
  8 0    18 0    28 0    38 0    48 0    58 0    68 0    78 0    88 0    98 0
  9 0    19 0    29 0    39 0    49 0    59 0    69 0    79 0    89 0    99 0
 10 0    20 0    30 0    40 0    50 0    60 0    70 0    80 0    90 0   100 0
;

