Error at _cmdno 5 executing "solve" command
(file amplin, line 2001, offset 39164):
error processing param distances:
	4000 invalid subscripts discarded:
	distances[51,1,1]
	distances[51,1,2]
	distances[51,1,3]
	and 3997 more.
##### This license is only intended for use by NEOS. #####
##### License is valid until Jan 16, 2026 #####
ariables.
Substitution eliminates 1 variable.
Adjusted problem:
6728 variables:
	4278 nonlinear variables
	2450 linear variables
13553 constraints; 80931 nonzeros
	11925 nonlinear constraints
	1628 linear constraints
	1326 equality constraints
	12227 inequality constraints
1 nonlinear objective; 3 nonzeros.

Artelys Knitro 14.2.0: threads=4
algorithm=1
ms_enable=1
ms_maxsolves=10
feastol=1e-5
opttol=1e-5
honorbnds=1
bar_initpt=3
bar_murule=4
scale=1
outlev=2
maxtime_real=3600
WARNING:  Option 'threads' is deprecated, please use 'numthreads'.
WARNING: 1 constraint is constant or undefined and will be ignored.

=======================================
           Academic License
       (NOT FOR COMMERCIAL USE)
         Artelys Knitro 14.2.0
=======================================

No start point provided -- Knitro computing one.

Knitro presolve eliminated 0 variables and 1 constraint.

algorithm                1
bar_initpt               3
bar_murule               4
concurrent_evals         0
datacheck                0
feastol                  1e-05
findiff_numthreads       1
hessian_no_f             1
hessopt                  1
honorbnds                1
maxtime_real             3600
ms_enable                1
ms_maxsolves             10
numthreads               4
opttol                   1e-05

Problem Characteristics                                 (   Presolved)
-----------------------
Objective goal:  Minimize
Objective type:  general
Number of variables:                               6728 (        6728)
    bounded below only:                               1 (           1)
    bounded above only:                               0 (           0)
    bounded below and above:                          0 (           0)
    fixed:                                            0 (           0)
    free:                                          6727 (        6727)
Number of constraints:                            13553 (       13552)
    linear equalities:                                1 (           0)
    quadratic equalities:                          1225 (        1225)
    gen. nonlinear equalities:                      100 (         100)
    linear one-sided inequalities:                 1627 (        1627)
    quadratic one-sided inequalities:             10600 (       10600)
    gen. nonlinear one-sided inequalities:            0 (           0)
    linear two-sided inequalities:                    0 (           0)
    quadratic two-sided inequalities:                 0 (           0)
    gen. nonlinear two-sided inequalities:            0 (           0)
Number of nonzeros in Jacobian:                   80931 (       80931)
Number of nonzeros in Hessian:                    36978 (       36978)

Knitro parallel multistart will run with 4 threads.

Return codes description
------------------------
  0:  The final solution satisfies the termination conditions for verifying optimality.
  -100 to -199:  A feasible approximate solution was found.
  -200 to -299:  Knitro terminated at an infeasible point.
  -300 to -301:  The problem was determined to be unbounded.
  -400 to -499:  Knitro terminated because it reached a pre-defined limit.
    -400 to -409:  A feasible point was found.
    -410 to -419:  No feasible point was found.
  -500 to -599:  Knitro terminated with an input error or some non-standard error.
A more detailed description of individual return codes and their corresponding
termination messages is provided at
https://www.artelys.com/app/docs/knitro/3_referenceManual/returnCodes.html

 Solve #  ThreadID  Status     Objective      FeasError    OptError    Real Time 
--------  --------  ------  --------------   ----------   ----------  ----------
      0          0       0         3.98499  2.48779e-07  3.56071e-05      733.791
      6          3    -202     4.75412e+13      7611.29      720687.      1934.77
      7          1    -410     7.15904e+09  1.59975e+06      17796.9      2977.58
      1          3    -410     3.54202e+13      600388.  1.43235e+06      3016.52
      2          1    -410     1.19575e+13      474006.      832455.      3280.86
      9          3    -410     2.62707e+13      52298.7  1.56716e+06      2909.95
      4          0    -410     7.67317e+10      4.30183      24932.1      3453.83
      5          2    -410     7.18337e+12      88.6921      722373.      3104.07
      8          0    -410     3.71011e+09      16318.7      5251.69      3285.78
      3          2    -410     5.41537e+10     0.143324      1334.47      2661.32

MULTISTART: Best locally optimal solution is returned.
EXIT: Locally optimal solution found.

Final Statistics
----------------
Final objective value               =   3.98498939182634e+00
Final feasibility error (abs / rel) =   2.49e-07 / 5.62e-08
Final optimality error  (abs / rel) =   3.56e-05 / 5.22e-06
# of iterations                     =      90037 
# of CG iterations                  =          0 
# of function evaluations           =      92332
# of gradient evaluations           =      90299
# of Hessian evaluations            =      90078
Total program time (secs)           =    7861.59473 ( 27081.533 CPU time)

===============================================================================

Knitro 14.2.0: Locally optimal or satisfactory solution.
objective 3.984989392; feasibility error 2.49e-07
90037 iterations; 92332 function evaluations

suffix feaserror OUT;
suffix opterror OUT;
suffix numfcevals OUT;
suffix numiters OUT;
---------------------------- Container and geometric considerations  ----------------------------
Container type: cylinder
Structural conservation type: volume & surface
---------------------------- Solution execution data ----------------------------
solve_result_num = 0
solve_result = solved

---------------------------- Solution data ----------------------------
card(figures) = 50

coords [*,*,1]
:         1             2             3            4         :=
1    -0.0797907     0.319774     -0.561555      0.276535
2    -0.903219     -0.327192      0.00922092   -0.0922105
3    -1.15523      -1.16375      -0.303945     -0.749383
4    -0.088165     -0.466086     -0.838294     -1.00432
5    -0.605134     -0.910609     -0.167127     -0.018491
6    -0.383323      0.580578     -0.0608025    -0.111067
7    -0.833479     -0.256835     -1.161        -1.07877
8     0.151478      0.590023     -0.116485     -0.363909
9    -0.802371     -0.305199     -0.0633514     0.146248
10   -1.01747      -0.389749     -0.150424     -0.155762
11   -0.156723      0.302284      0.428565      0.834403
12    0.149045      0.277216      1.05345       0.66039
13   -0.165322     -0.882751     -0.376743     -1.02638
14   -0.189177     -0.209859     -0.734292     -1.0197
15   -0.923219     -0.266317     -1.08653      -1.16371
16   -1.01687      -1.10888      -0.458529     -0.281447
17    0.27935       1.05417       1.16002       1.0558
18    0.289695      1.05542       0.118548      0.540039
19   -0.475423     -1.02343      -0.240055     -0.0945012
20    0.247517      1.03752       0.740939      1.16741
21   -0.291849      0.520739      0.326355     -0.246653
22   -1.08058      -0.215468     -0.361973     -0.860453
23   -0.314707     -0.207392      0.594803     -0.0639108
24    0.990269      0.471323      0.10627       0.148123
25   -0.324134      0.00284325   -0.917954     -0.120582
26   -1.02977      -0.271658     -1.13155      -1.09012
27   -0.742122      0.196542      0.00648302   -0.0788671
28    0.938189      0.731159      1.06252       0.141334
29    0.194018      0.440376      0.977378      0.0483042
30    1.00998       0.863915      0.229231      1.15628
31   -0.340532      0.0656126     0.618291     -0.106878
32    0.273074     -0.472869     -0.304352      0.340372
33    0.182546     -0.490637      0.241217      0.452773
34    0.0440996     0.820999      0.667507      0.974855
35    0.00811089   -0.613656     -0.0827189    -0.834301
36    0.578549     -0.0967636    -0.380956      0.171526
37   -0.981826     -0.958613     -0.237748     -1.16143
38   -0.642526     -1.16162      -0.98162      -0.23482
39   -0.174928     -0.322268     -0.12937       0.590874
40    0.11254       0.453876      0.271263     -0.488468
41    0.706384      0.794603      0.167763      1.15607
42    0.586351      0.333088      0.196585      1.12166
43    0.461247      0.0488189     0.695445     -0.215331
44   -0.117624     -0.109956     -0.979409     -0.393155
45    1.11874       0.593865      1.16392       0.327624
46    1.06442       0.783225      0.304221      0.195034
47    1.1574        0.282899      1.12829       0.947637
48    1.16597       0.282993      1.07093       1.04032
49    0.0487685    -0.221084      0.691151     -0.11279
50    1.1539        0.450824      0.286901      0.948131

 [*,*,2]
:         1            2             3            4         :=
1    -1.16356      -0.31896     -0.640653     -1.13457
2    -0.302968     -0.244385    -0.712445      0.282648
3    -0.171891     -0.0980617   -0.00218337   -0.895341
4     0.344385     -0.0365757    0.812031     -0.0568549
5    -0.998959     -0.730652    -0.23204      -1.16631
6     0.0712502     0.0857536   -0.51368       0.476935
7     0.817725      0.12228     -0.123635      0.447436
8    -0.643045      0.11833     -0.419873      0.193153
9     0.848395      1.12641      0.275902      1.15683
10   -0.56866      -0.015894    -0.260146     -0.961494
11   -0.922609     -0.156169    -1.08634      -0.816966
12   -0.183222     -1.13421     -0.503996     -0.81359
13   -0.966786     -0.76469     -0.0181087    -0.556618
14    0.211912      1.14873      0.907789      0.567933
15   -0.537317      0.154853     0.428012      0.094583
16    0.574236      0.362343     1.0601        0.0950133
17   -0.00144636   -0.502254    -0.0029948     0.497629
18   -1.13128      -0.500091    -0.151708     -0.498721
19    1.06454       0.562481     0.120471      0.850917
20   -0.121027     -0.497893    -0.902579      0.0016337
21    0.133004     -0.449463     0.104734     -0.686364
22   -0.44302      -0.918126    -0.00462704   -0.787276
23   -1.12377      -1.06273     -1.00479      -0.253042
24    0.619135      0.737104     0.165419      1.15827
25   -1.1218       -0.38413     -0.343361     -0.223231
26   -0.549766     -0.110079    -0.288127      0.416196
27   -0.900797     -1.15126     -0.687366     -0.190154
28   -0.0700793     0.907888     0.484443      0.282272
29   -1.15142      -1.08168     -0.59513      -0.293721
30   -0.422979     -0.785906    -0.112156      0.162338
31    0.22395       0.413839     0.500487      1.1626
32    0.516124      0.0499874   -0.134865     -0.461702
33    0.13697       0.212934     0.890006     -0.0433325
34   -0.416837      0.0274546   -0.952979     -0.602314
35    0.600096     -0.134109     0.354387      0.815847
36   -0.357905      0.33221     -0.475076      0.232012
37    0.619376     -0.380446     0.136817      0.115646
38    0.971808      0.118017     0.629082      0.155388
39    0.275906      1.12254      1.15763       0.895448
40    0.276966      1.07595      1.13601       1.06029
41   -0.199271     -0.769452     0.0100573     0.162955
42    0.83788      -0.102324     0.629198      0.325118
43   -0.0953269     0.173412     0.784446      0.640466
44    0.129875      1.13008      0.636286      0.632561
45    0.335094      0.861079     0.0963165    -0.0778781
46    0.478074      0.866228     1.12687       0.205217
47    0.155676      0.0251176   -0.300776      0.680603
48    0.0631425     0.0362457    0.464296     -0.528629
49    0.17577       0.639077     0.788025      1.16246
50    0.177696      0.888786     0.0238679     0.678337

 [*,*,3]
:        1            2            3            4         :=
1    -0.315802    -0.672635    -1.01925     -1.24953
2    -1.24877     -0.433452    -1.25005     -1.24988
3    -0.0638246   -1.0613      -0.559941    -0.622342
4    -1.25        -0.406569    -0.78258     -1.24921
5    -1.025       -0.111282    -0.556873    -0.232511
6    -0.353871    -0.618979    -1.09803     -1.22628
7    -0.778267    -0.349354    -0.698804     0.11792
8    -0.036212    -0.514213    -0.973383    -0.223157
9    -1.18025     -0.358131    -0.825418    -1.24977
10   -0.156185     0.39196     -0.547416     0.165433
11   -0.157134    -0.606886    -0.951188    -0.0776572
12   -0.96848     -1.25007     -1.24981     -0.383987
13    0.1632       0.82995      0.398836    -0.137708
14   -0.573985    -0.225081    -1.04164     -0.145286
15    0.340869     0.0413427    0.543756    -0.395901
16   -0.130892     0.841948     0.541571     0.34792
17   -0.864649    -1.2499      -0.390205    -1.2497
18    0.417749     0.541806     0.522803    -0.315224
19    0.526391    -0.142679     0.294209    -0.373215
20   -0.749265    -1.23336     -0.368249    -0.376672
21   -0.219192    -0.243138     0.566289     0.352446
22    0.702114     0.861574     1.24156      1.61473
23    0.171283     1.16369      0.569485     0.594399
24   -1.24948     -0.4028      -1.13802     -1.25003
25    0.619577     1.21049      0.822543     0.231153
26    0.290759     0.772551     1.25066      0.541961
27    1.43332      1.67005      0.80524      1.66892
28   -0.398388    -0.378049    -1.2213      -0.888949
29    1.64038      0.673572     1.36283      1.14749
30    0.524849    -0.395415    -0.0175465   -0.27296
31   -0.207085    -1.10091     -0.272014    -0.460958
32    0.592765     1.06861      0.100408     0.7915
33    0.549131    -0.186387    -0.106329    -0.396439
34    1.03777      0.591955     0.46852      1.35321
35    0.240789     0.513565     1.2059       0.734703
36    1.40959      1.66985      1.15341      0.711779
37    1.66956      1.66896      1.20741      0.824802
38    0.787343     0.823126     1.66355      1.19655
39    0.0666146    0.577386    -0.403399     0.23872
40    0.767575     1.26272      0.281584     0.927372
41    0.853267     1.66983      1.66937      1.6695
42   -0.242348    -0.012823     0.654752     0.429211
43    0.798969     1.66954      1.21326      0.825971
44    1.66962      1.66996      1.66013      0.850007
45    0.420492    -0.249115    -0.549533    -0.0302493
46    0.397307     1.27496      0.437031     0.80983
47    1.64775      1.18116      0.758261     0.822621
48   -0.150751     0.317629     0.76033      0.645512
49    1.66992      0.825525     1.20864      1.6701
50    1.66924      1.66987      1.19539      0.828367
;

radius = 1.16811
softness = 0.4

---------------------------- Solution coords data ----------------------------
distances [*,1,*]
:    1   2   3   4    :=
1    0   1   0   1
2    0   1   0   1
3    0   1   0   1
4    0   1   0   1
5    0   1   0   1
6    0   1   0   1
7    0   1   0   1
8    0   1   0   1
9    0   1   0   1
10   0   1   0   1
11   0   1   0   1
12   0   1   0   1
13   0   1   0   1
14   0   1   0   1
15   0   1   0   1
16   0   1   0   1
17   0   1   0   1
18   0   1   0   1
19   0   1   0   1
20   0   1   0   1
21   0   1   0   1
22   0   1   0   1
23   0   1   0   1
24   0   1   0   1
25   0   1   0   1
26   0   1   0   1
27   0   1   0   1
28   0   1   0   1
29   0   1   0   1
30   0   1   0   1
31   0   1   0   1
32   0   1   0   1
33   0   1   0   1
34   0   1   0   1
35   0   1   0   1
36   0   1   0   1
37   0   1   0   1
38   0   1   0   1
39   0   1   0   1
40   0   1   0   1
41   0   1   0   1
42   0   1   0   1
43   0   1   0   1
44   0   1   0   1
45   0   1   0   1
46   0   1   0   1
47   0   1   0   1
48   0   1   0   1
49   0   1   0   1
50   0   1   0   1

 [*,2,*]
:    1   2   3   4    :=
1    0   0   1   1
2    0   0   1   1
3    0   0   1   1
4    0   0   1   1
5    0   0   1   1
6    0   0   1   1
7    0   0   1   1
8    0   0   1   1
9    0   0   1   1
10   0   0   1   1
11   0   0   1   1
12   0   0   1   1
13   0   0   1   1
14   0   0   1   1
15   0   0   1   1
16   0   0   1   1
17   0   0   1   1
18   0   0   1   1
19   0   0   1   1
20   0   0   1   1
21   0   0   1   1
22   0   0   1   1
23   0   0   1   1
24   0   0   1   1
25   0   0   1   1
26   0   0   1   1
27   0   0   1   1
28   0   0   1   1
29   0   0   1   1
30   0   0   1   1
31   0   0   1   1
32   0   0   1   1
33   0   0   1   1
34   0   0   1   1
35   0   0   1   1
36   0   0   1   1
37   0   0   1   1
38   0   0   1   1
39   0   0   1   1
40   0   0   1   1
41   0   0   1   1
42   0   0   1   1
43   0   0   1   1
44   0   0   1   1
45   0   0   1   1
46   0   0   1   1
47   0   0   1   1
48   0   0   1   1
49   0   0   1   1
50   0   0   1   1

 [*,3,*]
:    1   2   3   4    :=
1    1   0   0   1
2    1   0   0   1
3    1   0   0   1
4    1   0   0   1
5    1   0   0   1
6    1   0   0   1
7    1   0   0   1
8    1   0   0   1
9    1   0   0   1
10   1   0   0   1
11   1   0   0   1
12   1   0   0   1
13   1   0   0   1
14   1   0   0   1
15   1   0   0   1
16   1   0   0   1
17   1   0   0   1
18   1   0   0   1
19   1   0   0   1
20   1   0   0   1
21   1   0   0   1
22   1   0   0   1
23   1   0   0   1
24   1   0   0   1
25   1   0   0   1
26   1   0   0   1
27   1   0   0   1
28   1   0   0   1
29   1   0   0   1
30   1   0   0   1
31   1   0   0   1
32   1   0   0   1
33   1   0   0   1
34   1   0   0   1
35   1   0   0   1
36   1   0   0   1
37   1   0   0   1
38   1   0   0   1
39   1   0   0   1
40   1   0   0   1
41   1   0   0   1
42   1   0   0   1
43   1   0   0   1
44   1   0   0   1
45   1   0   0   1
46   1   0   0   1
47   1   0   0   1
48   1   0   0   1
49   1   0   0   1
50   1   0   0   1

 [*,4,*]
:    1   2   3   4    :=
1    1   1   1   0
2    1   1   1   0
3    1   1   1   0
4    1   1   1   0
5    1   1   1   0
6    1   1   1   0
7    1   1   1   0
8    1   1   1   0
9    1   1   1   0
10   1   1   1   0
11   1   1   1   0
12   1   1   1   0
13   1   1   1   0
14   1   1   1   0
15   1   1   1   0
16   1   1   1   0
17   1   1   1   0
18   1   1   1   0
19   1   1   1   0
20   1   1   1   0
21   1   1   1   0
22   1   1   1   0
23   1   1   1   0
24   1   1   1   0
25   1   1   1   0
26   1   1   1   0
27   1   1   1   0
28   1   1   1   0
29   1   1   1   0
30   1   1   1   0
31   1   1   1   0
32   1   1   1   0
33   1   1   1   0
34   1   1   1   0
35   1   1   1   0
36   1   1   1   0
37   1   1   1   0
38   1   1   1   0
39   1   1   1   0
40   1   1   1   0
41   1   1   1   0
42   1   1   1   0
43   1   1   1   0
44   1   1   1   0
45   1   1   1   0
46   1   1   1   0
47   1   1   1   0
48   1   1   1   0
49   1   1   1   0
50   1   1   1   0
;

---------------------------- Solution stats data ----------------------------
_ampl_time = 0.090086
_total_solve_time = 27081.8
_ampl_elapsed_time = 0.085583
_ampl_user_time = 0.072275

Total time elapsed: $27081.77.
_total_solve_time = 27081.8

---------------------------- Solution miscs data ----------------------------
tetrahedron_volume [*] :=
 1 0.117851   11 0.117851   21 0.117851   31 0.117851   41 0.117851
 2 0.117851   12 0.117851   22 0.117851   32 0.117851   42 0.117851
 3 0.117851   13 0.117851   23 0.117851   33 0.117851   43 0.117851
 4 0.117851   14 0.117851   24 0.117851   34 0.117851   44 0.117851
 5 0.117851   15 0.117851   25 0.117851   35 0.117851   45 0.117851
 6 0.117851   16 0.117851   26 0.117851   36 0.117851   46 0.117851
 7 0.117851   17 0.117851   27 0.117851   37 0.117851   47 0.117851
 8 0.117851   18 0.117851   28 0.117851   38 0.117851   48 0.117851
 9 0.117851   19 0.117851   29 0.117851   39 0.117851   49 0.117851
10 0.117851   20 0.117851   30 0.117851   40 0.117851   50 0.117851
;

---------------------------- Solution miscs data ----------------------------
tetrahedron_surface_area [*] :=
 1 1.73205   10 1.73205   19 1.73205   28 1.73205   37 1.73205   46 1.73205
 2 1.73205   11 1.73205   20 1.73205   29 1.73205   38 1.73205   47 1.73205
 3 1.73205   12 1.73205   21 1.73205   30 1.73205   39 1.73205   48 1.73205
 4 1.73205   13 1.73205   22 1.73205   31 1.73205   40 1.73205   49 1.73205
 5 1.73205   14 1.73205   23 1.73205   32 1.73205   41 1.73205   50 1.73205
 6 1.73205   15 1.73205   24 1.73205   33 1.73205   42 1.73205
 7 1.73205   16 1.73205   25 1.73205   34 1.73205   43 1.73205
 8 1.73205   17 1.73205   26 1.73205   35 1.73205   44 1.73205
 9 1.73205   18 1.73205   27 1.73205   36 1.73205   45 1.73205
;

