Error at _cmdno 5 executing "solve" command
(file amplin, line 1961, offset 37058):
error processing param distances:
	3680 invalid subscripts discarded:
	distances[71,1,1]
	distances[71,1,2]
	distances[71,1,3]
	and 3677 more.
##### This license is only intended for use by NEOS. #####
##### License is valid until Jan 16, 2026 #####
ariables.
Substitution eliminates 1 variable.
Adjusted problem:
12918 variables:
	8088 nonlinear variables
	4830 linear variables
25903 constraints; 155161 nonzeros
	22925 nonlinear constraints
	2978 linear constraints
	2486 equality constraints
	23417 inequality constraints
1 nonlinear objective; 3 nonzeros.

Artelys Knitro 14.2.0: threads=4
algorithm=1
ms_enable=1
ms_maxsolves=10
feastol=1e-5
opttol=1e-5
honorbnds=1
bar_initpt=3
bar_murule=4
scale=1
outlev=2
maxtime_real=1200
WARNING:  Option 'threads' is deprecated, please use 'numthreads'.
WARNING: 1 constraint is constant or undefined and will be ignored.

=======================================
           Academic License
       (NOT FOR COMMERCIAL USE)
         Artelys Knitro 14.2.0
=======================================

No start point provided -- Knitro computing one.

Knitro presolve eliminated 0 variables and 1 constraint.

algorithm                1
bar_initpt               3
bar_murule               4
concurrent_evals         0
datacheck                0
feastol                  1e-05
findiff_numthreads       1
hessian_no_f             1
hessopt                  1
honorbnds                1
maxtime_real             1200
ms_enable                1
ms_maxsolves             10
numthreads               4
opttol                   1e-05

Problem Characteristics                                 (   Presolved)
-----------------------
Objective goal:  Minimize
Objective type:  general
Number of variables:                              12918 (       12918)
    bounded below only:                               1 (           1)
    bounded above only:                               0 (           0)
    bounded below and above:                          0 (           0)
    fixed:                                            0 (           0)
    free:                                         12917 (       12917)
Number of constraints:                            25903 (       25902)
    linear equalities:                                1 (           0)
    quadratic equalities:                          2415 (        2415)
    gen. nonlinear equalities:                       70 (          70)
    linear one-sided inequalities:                 2977 (        2977)
    quadratic one-sided inequalities:             20440 (       20440)
    gen. nonlinear one-sided inequalities:            0 (           0)
    linear two-sided inequalities:                    0 (           0)
    quadratic two-sided inequalities:                 0 (           0)
    gen. nonlinear two-sided inequalities:            0 (           0)
Number of nonzeros in Jacobian:                  155161 (      155161)
Number of nonzeros in Hessian:                    70668 (       70668)

Knitro parallel multistart will run with 4 threads.

Return codes description
------------------------
  0:  The final solution satisfies the termination conditions for verifying optimality.
  -100 to -199:  A feasible approximate solution was found.
  -200 to -299:  Knitro terminated at an infeasible point.
  -300 to -301:  The problem was determined to be unbounded.
  -400 to -499:  Knitro terminated because it reached a pre-defined limit.
    -400 to -409:  A feasible point was found.
    -410 to -419:  No feasible point was found.
  -500 to -599:  Knitro terminated with an input error or some non-standard error.
A more detailed description of individual return codes and their corresponding
termination messages is provided at
https://www.artelys.com/app/docs/knitro/3_referenceManual/returnCodes.html

 Solve #  ThreadID  Status     Objective      FeasError    OptError    Real Time 
--------  --------  ------  --------------   ----------   ----------  ----------
      0          0       0         3.68757  3.16841e-05  2.32401e-05      292.928
      1          2    -410     9.13287e+09  8.45878e+06      3531.35      2716.66
      6          1    -410     3.29794e+09  5.46306e+06      2741.78      2873.60
      3          3    -410     4.15890e+11      572433.      93524.0      2568.07
      2          1    -410     8.63862e+11      162574.      66831.2      2578.06
      4          0    -410     5.56934e+13      504772.  3.20063e+06      2577.14
      5          3    -410     1.18222e+12  2.73586e+06      96607.2      2747.33
      7          2    -410     5.04890e+12      819288.      209221.      2754.80
      8          0    -410     1.46664e+13      195.323  1.58109e+06      2768.49
      9          3    -410     5.74525e+09  9.14881e-02      63578.1      2295.89

MULTISTART: Best locally optimal solution is returned.
EXIT: Locally optimal solution found.

Final Statistics
----------------
Final objective value               =   3.68756983403655e+00
Final feasibility error (abs / rel) =   3.17e-05 / 5.74e-06
Final optimality error  (abs / rel) =   2.32e-05 / 3.59e-06
# of iterations                     =      91349 
# of CG iterations                  =          0 
# of function evaluations           =      92411
# of gradient evaluations           =      91443
# of Hessian evaluations            =      91383
Total program time (secs)           =    7611.58252 ( 24095.367 CPU time)

===============================================================================

Knitro 14.2.0: Locally optimal or satisfactory solution.
objective 3.687569834; feasibility error 3.17e-05
91349 iterations; 92411 function evaluations

suffix feaserror OUT;
suffix opterror OUT;
suffix numfcevals OUT;
suffix numiters OUT;
---------------------------- Solver Status Report ----------------------------
solve_result_num = 0
solve_result = solved
solve_message = 'Knitro 14.2.0: Locally optimal or satisfactory solution.\
objective 3.687569834; feasibility error 3.17e-05\
91349 iterations; 92411 function evaluations'


---------------------------- Problem Dimensions ----------------------------
Variables: 25414
Constraints: 25974
---------------------------- Container and geometric considerations  ----------------------------
Container type: cylinder
Structural conservation type: volume & surface
---------------------------- Solution execution data ----------------------------
solve_result_num = 0
solve_result = solved

---------------------------- Solution data ----------------------------
card(figures) = 70

coords [*,*,1]
:         1             2             3             4         :=
1    -0.493406     -0.621636     -1.10933      -0.335582
2     0.0867831     0.933257      1.11693       0.987695
3     0.865212      1.11441       0.152287      1.01584
4     0.0241707     1.11552       1.03166       1.11008
5     0.784812      0.105615     -0.100834      0.713028
6     0.316259      0.514753      0.0298997     1.10459
7    -0.957442     -0.00807589   -0.199432     -0.792615
8    -0.840526     -0.478138      0.0456398    -1.01822
9     1.02462       0.901824      0.296882      0.443989
10    0.0340138    -0.0525076     0.87673       0.21463
11   -0.562448     -0.315313     -1.02799      -0.936069
12   -0.0809107    -0.028056      0.221188      0.82267
13   -1.10897      -0.938355     -0.424987     -1.02799
14   -0.840526     -0.00267768    0.0493085     0.0457934
15   -0.957442     -0.624533     -0.0568462    -0.136892
16    0.353172      1.0516        1.02355       1.06889
17   -0.495924      0.184769     -0.338618     -1.0022
18   -0.0539234    -1.13311      -0.951464     -1.12067
19    0.296882      0.938289      0.323805      0.295265
20    0.184769     -0.356811     -0.495924     -0.621548
21   -0.105764      0.565327     -0.0888377     0.200314
22    0.802831      1.0066        0.40813       0.18596
23    0.107593      0.11835      -0.927167     -0.138545
24   -0.028056     -0.739568     -0.668816     -0.118425
25    0.332305      0.861976      1.10869       1.11178
26   -0.465287      0.403091     -0.649881     -0.028056
27    0.0475337     0.21463      -0.720505      0.0209031
28   -1.1249       -0.671922     -0.235125     -1.05016
29   -0.139949      0.195389     -0.195653     -0.854136
30   -0.403666     -0.639405     -0.0118876     0.332239
31    1.13788      -0.0661002     0.777757      0.870183
32   -0.683365     -0.687649     -0.0834595    -1.04883
33   -0.0119899    -0.189838     -0.639405      0.333572
34    0.432986     -0.028056      0.82267       0.221188
35   -0.690584     -0.23235       0.0900557    -0.0381698
36   -0.22555      -1.02799      -1.0022       -1.08026
37   -1.05221      -1.02627      -0.201048     -1.13118
38   -0.188212      0.176577     -0.684918     -0.16035
39    1.11008       0.728677      1.11554       0.0241707
40   -0.0711848     1.11178       0.609409      0.501475
41   -1.13282      -0.093744     -0.883438     -0.951464
42    0.512961      0.107176     -0.221247      0.0370593
43   -0.154806      0.0456394    -1.01822      -0.478138
44    0.044993     -0.207892     -0.480707     -0.840526
45   -0.0192147     1.00656       0.171687     -0.0372518
46    0.319373      1.02462       0.296882      0.443989
47   -0.0979569    -0.49165      -0.028056      0.256702
48    1.10459       0.0298997     0.514753      0.82267
49   -0.220622     -0.739568     -0.841056     -1.12868
50    0.295282      0.285683     -0.39669       0.297022
51   -0.338618      0.627826      0.318323      0.0243693
52   -0.00697624   -0.699816     -1.13305      -1.12072
53    0.0438511    -0.568914     -0.337364     -1.02799
54    0.778049      0.87673       1.13788      -0.0660132
55    0.0567709    -0.00267768    0.0832724     0.682837
56    0.12449      -0.0520585     0.634079     -0.0537683
57    1.10459       0.316259      0.0653141     0.0298997
58    0.487486      0.860601     -0.0815771     0.0571084
59    0.0451367     0.839372      0.933293      0.236859
60    0.429787      0.085607      0.0432041     0.825307
61    0.0486354     0.781497      1.10987       0.709358
62   -0.559459     -1.02799      -0.568914      0.00744643
63   -0.568912     -0.559459      0.00744642   -0.0950704
64   -0.378314      0.317625     -0.32134       0.296339
65   -0.0192138     0.622739     -0.037251      1.00676
66    0.119906      0.0589015     1.07326       0.728823
67    0.87673       0.859073      0.0187304     0.498517
68   -0.0475036    -0.62582      -0.0592809     0.0879256
69    0.0490448    -0.782777     -1.12868      -0.925079
70   -0.135462     -0.682303     -0.0330163     0.0799899

 [*,*,2]
:         1             2             3            4         :=
1     1.02583       0.480651      0.255273      0.0666994
2    -0.107057      0.651781     -0.219689      0.478644
3    -0.739726      0.232136     -0.140516     -0.513667
4    -0.0402484    -0.226698      0.481098     -0.252005
5     0.824534      1.13342       0.351847      0.887343
6     0.253713     -0.445166     -0.297407      0.245762
7    -0.615704      0.0200472    -1.12072      -0.458481
8     0.767661      0.680005     -0.0413991     0.159307
9     0.495916      0.694622      1.09893       0.116352
10   -0.909798      0.0292691    -0.726039     -1.11791
11   -0.0431403    -1.09378      -0.48891      -0.647735
12   -0.229006     -1.13798      -0.369562     -0.786765
13    0.256847     -0.64442       0.263313     -0.48891
14    0.767661      1.13832       0.00219224    1.11053
15   -0.615704     -0.951706      0.00381692   -1.13007
16    0.11293       0.435803      0.498131     -0.391476
17    1.02462       0.44193       1.0868        0.539796
18    0.0153986     0.108822     -0.624902      0.199691
19    1.09893       0.644516      0.0953357     1.09937
20    0.44193       0.0974206     1.02462       0.480523
21    0.594943      0.059858     -0.150053     -0.387401
22   -0.807        -0.53154      -1.06265      -0.247654
23    0.00746675   -0.519636     -0.442375      0.0628955
24   -1.13798      -0.865347     -0.596501      0.0627333
25    0.197217     -0.743494      0.258077      0.244395
26   -0.350427     -1.06457      -0.934581     -1.13798
27   -1.03252      -1.11791      -0.881283     -0.242173
28    0.174321      0.918862      0.0490962     0.439268
29    0.0660783    -0.69433      -1.12139      -0.390923
30    1.06435       0.844045      0.0222714     0.967193
31   -0.0319196    -0.0110625    -0.185866      0.671553
32    0.910384      0.907152      0.054052      0.442437
33   -0.0459633     0.22322       0.844045      0.967362
34   -1.05276      -1.13798      -0.786765     -0.369562
35    0.0451508     0.44217       0.0326594    -0.461483
36    0.407904     -0.48891       0.539796      0.257118
37    0.434335     -0.492505     -0.0296509     0.127366
38    1.12266       1.12455       0.909216      0.182499
39   -0.252005     -0.874538     -0.226618     -0.0402484
40    0.46932       0.244395      0.961461      0.21125
41    0.111815     -0.0130092    -0.516372     -0.624902
42    0.321864     -0.547818      0.243954      0.286787
43    0.0377924    -0.041399      0.159307      0.680005
44    0.0267084     1.11918       0.749286      0.767661
45   -1.13812      -0.531525     -0.242717     -0.0679576
46    0.111656      0.495916      1.09893       0.116352
47    0.0641484    -0.34281      -1.13798      -0.559025
48    0.245762     -0.297407     -0.445166     -0.786765
49   -0.0458379    -0.865347     -0.725664     -0.147859
50    1.09936       0.251756      1.06697       1.09889
51    1.0868        0.949538      0.269209      0.672694
52    0.0210492     0.8978        0.109434      0.199405
53   -0.239211     -0.0493321     0.420379     -0.48891
54   -0.186503     -0.726039     -0.0319196    -0.011064
55    0.216578      1.13832       1.13528       0.91078
56   -1.1315       -1.13714      -0.945373     -0.144696
57    0.245762      0.253713      0.443367     -0.297407
58   -1.02866      -0.209022     -0.753646      0.0101601
59   -0.112543      0.33285       0.651729      0.751299
60    0.12923       0.2684       -0.681516     -0.229424
61    0.426701      0.827677      0.252949      0.890279
62   -0.991359     -0.48891      -0.0493321    -0.247692
63   -0.0493328    -0.991359     -0.247692     -1.09653
64    0.240741      0.316983      1.09203       0.298618
65   -1.13816      -0.952881     -0.0680061    -0.531245
66   -1.10936      -0.0928318    -0.379336     -0.874417
67   -0.726039     -0.203348     -0.028635     -1.02336
68   -1.13733      -0.950861     -0.0465042    -1.13493
69    0.103056     -0.355935     -0.147859      0.663337
70   -1.03081       0.00910163   -0.465248      0.0681535

 [*,*,3]
:         1              2             3            4         :=
1    -0.343373      -1.32762       -0.439286    -0.233625
2     0.127065      -0.269983       0.389783     0.670491
3     1.14643        0.596148       0.38309      0.224166
4    -0.0486302      0.394264      -0.122857    -0.52398
5     0.200613       0.390792       0.707545     1.40099
6     0.600236       0.771186       1.51044      1.51044
7     0.0393392     -0.0301752      0.304538     0.747969
8     1.51044        0.600311       1.40978      1.00294
9    -0.154093      -1.33538       -0.757829    -1.07531
10   -0.495104      -1.24388       -1.33538     -1.33538
11   -0.357115      -0.792069      -1.33538     -0.145284
12    1.51044        1.51044        0.617458     1.51044
13   -0.444104      -0.172314      -0.774372    -1.33538
14    1.51044        1.51044        1.24164      0.770924
15    0.0393392     -0.531865      -0.0685007    0.316182
16   -0.3681        -1.29436       -0.11141     -0.581324
17   -0.356283      -1.16073       -1.33538     -1.33538
18    0.0901672      0.410095      -0.182505    -0.437165
19   -0.757829      -0.276178      -0.0929432    0.361187
20   -1.16073       -0.314815      -0.356283    -1.32728
21    1.0162         0.349615       0.070319     1.2149
22    1.44743        0.293045       0.33889      0.661365
23    1.28948        0.614038       0.868873     0.112053
24    1.51044        1.51044        0.655396     1.49948
25    0.614055       1.14745        0.575406     1.51044
26    0.917473       0.486287       0.499515     1.51044
27   -0.42037       -1.33538       -1.33538     -1.32847
28    1.09906        0.804665       0.297422     0.0872855
29    0.10931        0.764577       0.30121      0.794118
30   -0.574751       0.093001      -0.115859     0.345069
31   -1.33538       -1.33538       -0.494969    -1.33538
32   -0.411276       0.7837         0.186059     0.0914048
33    0.000175778    0.78053        0.093001     0.345415
34    0.402565       1.51044        1.51044      0.617458
35   -0.207304      -1.19589       -0.110367    -1.08348
36   -1.29267       -1.33538       -1.33538     -0.457967
37    0.107035       0.875342       0.520262     1.26873
38    0.980364       0.155533       0.021443     0.825626
39   -0.52398       -0.071428       0.397152    -0.0486302
40    1.51044        1.51044        1.48947      0.55377
41    0.412274       0.0780698      0.835043    -0.182505
42   -1.24044       -0.513121      -1.31022     -0.134868
43    0.22506        1.40978        1.00294      0.600311
44    1.16861        0.943462       0.36144      1.51044
45    0.4633         0.293064       0.667772    -0.0884577
46   -0.104902      -0.154093      -0.757829    -1.07531
47    1.51044        0.931145       1.51044      0.543032
48    1.51044        1.51044        0.771186     1.51044
49    1.27033        1.51044        0.493867     1.51044
50    0.349328       0.000875727   -0.564628    -0.85483
51   -1.33538       -1.32958       -1.33538     -0.324994
52   -0.0128807     -0.396073       0.404417    -0.434489
53   -1.33538       -0.370703      -1.14824     -1.33538
54   -0.494677      -1.33538       -1.33538     -1.33538
55    1.02415        1.51044        0.35912      1.34223
56   -0.700404       0.490729      -0.194761    -0.033737
57    1.51044        0.600236       1.51044      1.51044
58   -0.781941      -0.41245       -0.393954    -1.21278
59    0.00797571     0.795895      -0.269633     0.250541
60   -1.10003        0.045473      -0.396404    -0.411757
61    0.565586       0.258831       0.925633     1.4592
62   -1.05604       -1.33538       -0.370703    -1.33538
63   -0.370707      -1.05604       -1.33538     -0.487465
64   -0.321225      -0.0765705     -0.617852    -1.2804
65    0.463325      -0.181131      -0.0884327    0.292948
66   -0.685859      -0.0432504     -0.595451    -0.0715999
67   -1.33538       -0.413984      -1.2509      -0.770973
68    0.460184      -0.534271      -0.0496689   -0.452493
69    1.51044        0.770572       1.51044      1.39574
70   -0.459505      -0.195767      -1.09058     -0.0169344
;

radius = 1.13833
height = 2.84582
softness = 0.45

---------------------------- Solution coords data ----------------------------
distances [*,1,*]
:    1   2   3   4    :=
1    0   1   0   1
2    0   1   0   1
3    0   1   0   1
4    0   1   0   1
5    0   1   0   1
6    0   1   0   1
7    0   1   0   1
8    0   1   0   1
9    0   1   0   1
10   0   1   0   1
11   0   1   0   1
12   0   1   0   1
13   0   1   0   1
14   0   1   0   1
15   0   1   0   1
16   0   1   0   1
17   0   1   0   1
18   0   1   0   1
19   0   1   0   1
20   0   1   0   1
21   0   1   0   1
22   0   1   0   1
23   0   1   0   1
24   0   1   0   1
25   0   1   0   1
26   0   1   0   1
27   0   1   0   1
28   0   1   0   1
29   0   1   0   1
30   0   1   0   1
31   0   1   0   1
32   0   1   0   1
33   0   1   0   1
34   0   1   0   1
35   0   1   0   1
36   0   1   0   1
37   0   1   0   1
38   0   1   0   1
39   0   1   0   1
40   0   1   0   1
41   0   1   0   1
42   0   1   0   1
43   0   1   0   1
44   0   1   0   1
45   0   1   0   1
46   0   1   0   1
47   0   1   0   1
48   0   1   0   1
49   0   1   0   1
50   0   1   0   1
51   0   1   0   1
52   0   1   0   1
53   0   1   0   1
54   0   1   0   1
55   0   1   0   1
56   0   1   0   1
57   0   1   0   1
58   0   1   0   1
59   0   1   0   1
60   0   1   0   1
61   0   1   0   1
62   0   1   0   1
63   0   1   0   1
64   0   1   0   1
65   0   1   0   1
66   0   1   0   1
67   0   1   0   1
68   0   1   0   1
69   0   1   0   1
70   0   1   0   1

 [*,2,*]
:    1   2   3   4    :=
1    0   0   1   1
2    0   0   1   1
3    0   0   1   1
4    0   0   1   1
5    0   0   1   1
6    0   0   1   1
7    0   0   1   1
8    0   0   1   1
9    0   0   1   1
10   0   0   1   1
11   0   0   1   1
12   0   0   1   1
13   0   0   1   1
14   0   0   1   1
15   0   0   1   1
16   0   0   1   1
17   0   0   1   1
18   0   0   1   1
19   0   0   1   1
20   0   0   1   1
21   0   0   1   1
22   0   0   1   1
23   0   0   1   1
24   0   0   1   1
25   0   0   1   1
26   0   0   1   1
27   0   0   1   1
28   0   0   1   1
29   0   0   1   1
30   0   0   1   1
31   0   0   1   1
32   0   0   1   1
33   0   0   1   1
34   0   0   1   1
35   0   0   1   1
36   0   0   1   1
37   0   0   1   1
38   0   0   1   1
39   0   0   1   1
40   0   0   1   1
41   0   0   1   1
42   0   0   1   1
43   0   0   1   1
44   0   0   1   1
45   0   0   1   1
46   0   0   1   1
47   0   0   1   1
48   0   0   1   1
49   0   0   1   1
50   0   0   1   1
51   0   0   1   1
52   0   0   1   1
53   0   0   1   1
54   0   0   1   1
55   0   0   1   1
56   0   0   1   1
57   0   0   1   1
58   0   0   1   1
59   0   0   1   1
60   0   0   1   1
61   0   0   1   1
62   0   0   1   1
63   0   0   1   1
64   0   0   1   1
65   0   0   1   1
66   0   0   1   1
67   0   0   1   1
68   0   0   1   1
69   0   0   1   1
70   0   0   1   1

 [*,3,*]
:    1   2   3   4    :=
1    1   0   0   1
2    1   0   0   1
3    1   0   0   1
4    1   0   0   1
5    1   0   0   1
6    1   0   0   1
7    1   0   0   1
8    1   0   0   1
9    1   0   0   1
10   1   0   0   1
11   1   0   0   1
12   1   0   0   1
13   1   0   0   1
14   1   0   0   1
15   1   0   0   1
16   1   0   0   1
17   1   0   0   1
18   1   0   0   1
19   1   0   0   1
20   1   0   0   1
21   1   0   0   1
22   1   0   0   1
23   1   0   0   1
24   1   0   0   1
25   1   0   0   1
26   1   0   0   1
27   1   0   0   1
28   1   0   0   1
29   1   0   0   1
30   1   0   0   1
31   1   0   0   1
32   1   0   0   1
33   1   0   0   1
34   1   0   0   1
35   1   0   0   1
36   1   0   0   1
37   1   0   0   1
38   1   0   0   1
39   1   0   0   1
40   1   0   0   1
41   1   0   0   1
42   1   0   0   1
43   1   0   0   1
44   1   0   0   1
45   1   0   0   1
46   1   0   0   1
47   1   0   0   1
48   1   0   0   1
49   1   0   0   1
50   1   0   0   1
51   1   0   0   1
52   1   0   0   1
53   1   0   0   1
54   1   0   0   1
55   1   0   0   1
56   1   0   0   1
57   1   0   0   1
58   1   0   0   1
59   1   0   0   1
60   1   0   0   1
61   1   0   0   1
62   1   0   0   1
63   1   0   0   1
64   1   0   0   1
65   1   0   0   1
66   1   0   0   1
67   1   0   0   1
68   1   0   0   1
69   1   0   0   1
70   1   0   0   1

 [*,4,*]
:    1   2   3   4    :=
1    1   1   1   0
2    1   1   1   0
3    1   1   1   0
4    1   1   1   0
5    1   1   1   0
6    1   1   1   0
7    1   1   1   0
8    1   1   1   0
9    1   1   1   0
10   1   1   1   0
11   1   1   1   0
12   1   1   1   0
13   1   1   1   0
14   1   1   1   0
15   1   1   1   0
16   1   1   1   0
17   1   1   1   0
18   1   1   1   0
19   1   1   1   0
20   1   1   1   0
21   1   1   1   0
22   1   1   1   0
23   1   1   1   0
24   1   1   1   0
25   1   1   1   0
26   1   1   1   0
27   1   1   1   0
28   1   1   1   0
29   1   1   1   0
30   1   1   1   0
31   1   1   1   0
32   1   1   1   0
33   1   1   1   0
34   1   1   1   0
35   1   1   1   0
36   1   1   1   0
37   1   1   1   0
38   1   1   1   0
39   1   1   1   0
40   1   1   1   0
41   1   1   1   0
42   1   1   1   0
43   1   1   1   0
44   1   1   1   0
45   1   1   1   0
46   1   1   1   0
47   1   1   1   0
48   1   1   1   0
49   1   1   1   0
50   1   1   1   0
51   1   1   1   0
52   1   1   1   0
53   1   1   1   0
54   1   1   1   0
55   1   1   1   0
56   1   1   1   0
57   1   1   1   0
58   1   1   1   0
59   1   1   1   0
60   1   1   1   0
61   1   1   1   0
62   1   1   1   0
63   1   1   1   0
64   1   1   1   0
65   1   1   1   0
66   1   1   1   0
67   1   1   1   0
68   1   1   1   0
69   1   1   1   0
70   1   1   1   0
;

---------------------------- Solution stats data ----------------------------
_ampl_time = 0.124715
_total_solve_time = 24095.7
_ampl_elapsed_time = 0.121125
_ampl_user_time = 0.099817

Total time elapsed: $24095.66.
_total_solve_time = 24095.7

---------------------------- Solution miscs data ----------------------------
tetrahedron_volume [*] :=
 1 0.117851   15 0.117851   29 0.117851   43 0.117851   57 0.117851
 2 0.117851   16 0.117851   30 0.117851   44 0.117851   58 0.117851
 3 0.117851   17 0.117851   31 0.117851   45 0.117851   59 0.117851
 4 0.117851   18 0.117851   32 0.117851   46 0.117851   60 0.117851
 5 0.117851   19 0.117851   33 0.117851   47 0.117851   61 0.117851
 6 0.117851   20 0.117851   34 0.117851   48 0.117851   62 0.117851
 7 0.117851   21 0.117851   35 0.117851   49 0.117851   63 0.117851
 8 0.117851   22 0.117851   36 0.117851   50 0.117851   64 0.117851
 9 0.117851   23 0.117851   37 0.117851   51 0.117851   65 0.117851
10 0.117851   24 0.117851   38 0.117851   52 0.117851   66 0.117851
11 0.117851   25 0.117851   39 0.117851   53 0.117851   67 0.117851
12 0.117851   26 0.117851   40 0.117851   54 0.117851   68 0.117851
13 0.117851   27 0.117851   41 0.117851   55 0.117851   69 0.117851
14 0.117851   28 0.117851   42 0.117851   56 0.117851   70 0.117851
;

---------------------------- Solution miscs data ----------------------------
tetrahedron_surface_area [*] :=
 1 0    8 0   15 0   22 0   29 0   36 0   43 0   50 0   57 0   64 0
 2 0    9 0   16 0   23 0   30 0   37 0   44 0   51 0   58 0   65 0
 3 0   10 0   17 0   24 0   31 0   38 0   45 0   52 0   59 0   66 0
 4 0   11 0   18 0   25 0   32 0   39 0   46 0   53 0   60 0   67 0
 5 0   12 0   19 0   26 0   33 0   40 0   47 0   54 0   61 0   68 0
 6 0   13 0   20 0   27 0   34 0   41 0   48 0   55 0   62 0   69 0
 7 0   14 0   21 0   28 0   35 0   42 0   49 0   56 0   63 0   70 0
;

