Error at _cmdno 5 executing "solve" command
(file amplin, line 1961, offset 37059):
error processing param distances:
	3200 invalid subscripts discarded:
	distances[101,1,1]
	distances[101,1,2]
	distances[101,1,3]
	and 3197 more.
##### This license is only intended for use by NEOS. #####
##### License is valid until Jan 16, 2026 #####
iables.
Substitution eliminates 1 variable.
Adjusted problem:
25953 variables:
	16053 nonlinear variables
	9900 linear variables
52003 constraints; 313156 nonzeros
	46250 nonlinear constraints
	5753 linear constraints
	5051 equality constraints
	46952 inequality constraints
1 nonlinear objective; 3 nonzeros.

Artelys Knitro 14.2.0: threads=4
algorithm=1
ms_enable=1
ms_maxsolves=10
feastol=1e-5
opttol=1e-5
honorbnds=1
bar_initpt=3
bar_murule=4
scale=1
outlev=2
maxtime_real=1200
WARNING:  Option 'threads' is deprecated, please use 'numthreads'.
WARNING: 1 constraint is constant or undefined and will be ignored.

=======================================
           Academic License
       (NOT FOR COMMERCIAL USE)
         Artelys Knitro 14.2.0
=======================================

No start point provided -- Knitro computing one.

Knitro presolve eliminated 0 variables and 1 constraint.

algorithm                1
bar_initpt               3
bar_murule               4
concurrent_evals         0
datacheck                0
feastol                  1e-05
findiff_numthreads       1
hessian_no_f             1
hessopt                  1
honorbnds                1
maxtime_real             1200
ms_enable                1
ms_maxsolves             10
numthreads               4
opttol                   1e-05

Problem Characteristics                                 (   Presolved)
-----------------------
Objective goal:  Minimize
Objective type:  general
Number of variables:                              25953 (       25953)
    bounded below only:                               1 (           1)
    bounded above only:                               0 (           0)
    bounded below and above:                          0 (           0)
    fixed:                                            0 (           0)
    free:                                         25952 (       25952)
Number of constraints:                            52003 (       52002)
    linear equalities:                                1 (           0)
    quadratic equalities:                          4950 (        4950)
    gen. nonlinear equalities:                      100 (         100)
    linear one-sided inequalities:                 5752 (        5752)
    quadratic one-sided inequalities:             41200 (       41200)
    gen. nonlinear one-sided inequalities:            0 (           0)
    linear two-sided inequalities:                    0 (           0)
    quadratic two-sided inequalities:                 0 (           0)
    gen. nonlinear two-sided inequalities:            0 (           0)
Number of nonzeros in Jacobian:                  313156 (      313156)
Number of nonzeros in Hessian:                   141453 (      141453)

Knitro parallel multistart will run with 4 threads.

Return codes description
------------------------
  0:  The final solution satisfies the termination conditions for verifying optimality.
  -100 to -199:  A feasible approximate solution was found.
  -200 to -299:  Knitro terminated at an infeasible point.
  -300 to -301:  The problem was determined to be unbounded.
  -400 to -499:  Knitro terminated because it reached a pre-defined limit.
    -400 to -409:  A feasible point was found.
    -410 to -419:  No feasible point was found.
  -500 to -599:  Knitro terminated with an input error or some non-standard error.
A more detailed description of individual return codes and their corresponding
termination messages is provided at
https://www.artelys.com/app/docs/knitro/3_referenceManual/returnCodes.html

 Solve #  ThreadID  Status     Objective      FeasError    OptError    Real Time 
--------  --------  ------  --------------   ----------   ----------  ----------
      0          0       0         4.84288  1.55522e-05  1.23082e-05      2151.33
      1          1    -410     1.19349e+11  1.76531e+06      13865.6      7382.70
      4          0    -410     8.29966e+10  4.46267e+06      20096.8      7173.20
      3          2    -410     6.11921e+08      15095.7      530.131      7388.00
      2          3    -410     4.12719e+12  2.98173e+06      520062.      7501.06
      7          3    -410     6.34108e+10  3.64667e+06      34041.1      5933.65
      5          1    -410     4.35656e+12      141.135      172280.      5725.25
      8          0    -410     4.27674e+12      214599.  1.10176e+06      5475.16
      6          2    -410     4.75697e+12      191.888      598881.      5795.72
      9          1    -410     3.41779e+09      34.3049      6089.44      4907.08

MULTISTART: Best locally optimal solution is returned.
EXIT: Locally optimal solution found.

Final Statistics
----------------
Final objective value               =   4.84288471982970e+00
Final feasibility error (abs / rel) =   1.56e-05 / 2.67e-06
Final optimality error  (abs / rel) =   1.23e-05 / 1.50e-06
# of iterations                     =      92590 
# of CG iterations                  =          0 
# of function evaluations           =      93540
# of gradient evaluations           =      92740
# of Hessian evaluations            =      92625
Total program time (secs)           =   18015.92383 ( 59113.133 CPU time)

===============================================================================

Knitro 14.2.0: Locally optimal or satisfactory solution.
objective 4.84288472; feasibility error 1.56e-05
92590 iterations; 93540 function evaluations

suffix feaserror OUT;
suffix opterror OUT;
suffix numfcevals OUT;
suffix numiters OUT;
---------------------------- Solver Status Report ----------------------------
solve_result_num = 0
solve_result = solved
solve_message = 'Knitro 14.2.0: Locally optimal or satisfactory solution.\
objective 4.84288472; feasibility error 1.56e-05\
92590 iterations; 93540 function evaluations'


---------------------------- Problem Dimensions ----------------------------
Variables: 51304
Constraints: 52104
---------------------------- Container and geometric considerations  ----------------------------
Container type: cylinder
Structural conservation type: volume & surface
---------------------------- Solution execution data ----------------------------
solve_result_num = 0
solve_result = solved

---------------------------- Solution data ----------------------------
card(figures) = 100

coords [*,*,1]
:          1             2             3             4         :=
1      0.599325      0.0578246     0.164447      0.655108
2      1.15957       0.0355987     1.08482       0.855712
3     -0.388725      0.394538      0.0870353    -0.608975
4     -0.763275     -0.159378     -1.11196      -0.0936958
5      0.10996       0.757847      0.548388      1.01119
6     -1.16301      -0.406349     -1.17464      -1.01202
7     -0.804688      0.119695     -1.04316      -0.292918
8     -0.926224     -0.335017      0.0147422    -0.337278
9      0.66258       0.0114247     0.0229748    -0.0597714
10    -1.15088      -0.66634      -0.00113766   -0.655236
11    -0.311063      0.599325     -0.106383      0.300229
12     0.154023     -0.387528      0.282563     -0.121277
13     1.14002       0.355427      0.913076      1.16705
14     0.594392      0.780034      0.11327       0.218851
15     0.62225       0.978566      0.286053      1.04944
16    -0.142473     -0.854321     -0.92909      -1.17129
17     1.03893       0.485218      1.16624       0.649348
18    -0.00217439   -0.352702      0.714019      0.0472551
19    -0.72677      -0.267401      0.147179     -0.379791
20    -1.09371      -0.949292     -0.428825     -1.11602
21     0.504478     -0.0430191     0.239664     -0.0803965
22    -0.374362     -1.15314      -0.235585     -1.01202
23    -0.931968     -0.674669     -0.129583      0.0424358
24     1.14002       1.16699       0.443943      1.03893
25    -0.647603     -1.10759      -0.967422     -0.183116
26    -0.0634732    -0.775515     -0.632576      0.0163837
27    -0.436168      0.533007     -0.0440859    -0.384363
28    -0.121277      0.144781     -0.397209     -0.804688
29     0.334856     -0.0854819     0.586729     -0.536628
30    -0.101739     -0.476779     -0.894641      0.125421
31     1.08482       0.855147      0.473969      0.0785212
32    -1.1071       -1.16832      -1.02915      -0.14266
33     0.751596      1.17844      -0.0134398     0.220003
34     0.464005      0.296807      0.749828      0.0386609
35    -0.713589     -0.0127226    -0.0795673     0.255574
36     0.0466974    -1.06382      -0.595322     -1.17576
37    -0.283302     -0.908714     -0.9258       -0.196866
38     0.0389099     0.34607      -0.0405225     0.544282
39    -0.0539651     0.442857     -0.00385039   -0.572354
40     0.544703      0.649918      0.346492      0.00119414
41     0.325705      0.922117      0.0234761     1.14002
42    -0.156461     -0.0465887    -0.617918     -0.810593
43     1.15259       1.056         1.14239       0.0247243
44    -0.119015     -0.744111     -0.0640939    -0.66634
45    -0.433758     -0.595836      0.0719201    -0.263602
46    -0.0927943     0.536614      0.758682      0.273093
47     0.0287347    -1.03581      -0.939662     -1.17341
48    -1.06392      -0.00874328   -0.382569     -0.662841
49     0.0428812    -0.541122      0.62759       0.173962
50     1.09112       0.601636      0.10745       0.780388
51    -0.36407      -0.967422     -0.647603     -0.183116
52     0.751508     -0.0455871    -0.0853146     0.268883
53    -0.804687     -1.00286      -0.40105      -0.305822
54     0.0112764     1.14232       1.08266       1.1526
55     0.78816      -0.112237     -0.0356748     0.0608132
56    -1.11517      -0.118162     -0.618935     -0.8122
57    -0.283916     -1.16506      -1.11602      -0.734895
58     0.0260964     0.210667     -0.36407      -0.345871
59    -0.049552     -0.399311      0.586605     -0.354305
60     1.17924       1.12526       0.0180439     1.05246
61     0.118893      0.757847      1.01119       1.11941
62    -0.433758      0.599325      0.0586464    -0.128946
63     0.753169      1.09687       1.13318      -0.027751
64     0.538056      0.92211       0.00686718    1.14002
65     0.0385656     0.549066     -0.0408668    -0.364069
66    -0.1149       -0.812052     -0.0399951     0.224964
67    -0.997802     -0.299789     -1.16303      -1.17464
68     0.14478      -0.804688     -0.326992     -0.397209
69    -0.208614     -0.433758     -0.628498     -1.11367
70    -0.36407      -0.154998      0.0421727    -0.932232
71     0.749825      0.468187      0.292693      1.06241
72    -1.17576      -0.674669     -0.931968      0.0424358
73     0.0643878     1.14002       0.901877      0.544601
74     0.599325     -0.109561     -0.215716     -0.433758
75     1.11941       1.00982       1.17844       0.118904
76     0.674816      1.02989       0.300848     -0.0816229
77     1.17844       0.990684      1.11994       0.142368
78     1.17844       0.784152     -0.0070073     0.127039
79    -0.119015     -0.0640921    -0.66634       0.0608131
80    -0.0134377     1.17844       0.549066      0.751596
81    -0.384375     -0.582539     -0.235585     -1.01202
82     0.60705       1.14239       0.0614753     1.07556
83     0.328326      0.0947416     0.731388     -0.322663
84     0.579501     -0.0340836    -0.38669      -0.124251
85    -0.387432     -0.0314702     0.576423      0.663028
86    -0.420728      0.127298     -1.03556      -0.35709
87    -0.121277      0.296481      0.538056      0.152712
88    -1.10578      -0.963996     -0.172606     -0.706631
89    -1.16506      -0.283916     -1.11602      -1.10777
90    -0.804688     -0.299791     -0.997802     -1.13832
91     0.649393      0.474566      1.06518       0.145252
92    -1.17923      -0.903852     -0.36929      -1.01202
93     0.649394      0.14157       1.06518       0.599325
94     0.0114246     0.0229748    -0.0597717    -0.621608
95    -0.359126      0.108641      0.586469      0.218851
96     0.545122      0.046081     -0.350552     -0.420728
97     0.0720766    -0.382407      0.142757      0.725724
98     0.153405      0.538056      0.922558      0.293716
99     1.17958       0.278875      1.04972       0.97945
100   -0.422165     -0.886346     -1.01202      -0.452773

 [*,*,2]
:          1             2             3             4         :=
1      1.01599       1.17817       0.143068      0.980946
2     -0.216355     -0.0259549    -0.463247     -0.811899
3      0.0808369    -0.0951137     0.79826       0.641314
4      0.744961      0.00492298   -0.393662     -0.292164
5      0.037932      0.903931      1.04436       0.607386
6     -0.197064     -0.155122      0.107909      0.605999
7     -0.862496     -0.558173     -0.113463     -0.203978
8      0.730433      0.93093      -0.042808      1.13034
9     -0.975915     -0.0306858    -1.17936      -1.17807
10     0.258626      0.973352      0.0721852     0.794084
11     0.166757      1.01599       0.421219     -0.19254
12    -0.20513      -1.11411      -1.14524      -1.17333
13    -0.302943     -0.115502     -0.746803      0.171494
14     1.01888       0.883609      0.0306686     1.15911
15    -1.00211      -0.658659      0.192876     -0.538597
16     0.0169062     0.699889      0.726783      0.139647
17     0.558611     -0.0434976     0.176948      0.984769
18     0.115262      1.12125       0.799163     -0.053777
19    -0.929101     -1.10557      -1.17037      -0.296773
20    -0.44184      -0.675678     -0.298117      0.381996
21     0.940723      0.0336821     0.0415078     1.06966
22    -0.137815     -0.196517      0.298907      0.605999
23    -0.719884      0.0403833    -0.350517      0.0550593
24    -0.302944      0.171907     -0.0883794     0.558611
25    -0.985917     -0.405789     -0.674921     -0.285041
26     0.125868     -0.888819     -0.146511     -1.09163
27     0.565842     -0.194699      0.0345357    -0.226495
28    -1.17333      -0.405016     -1.1107       -0.862496
29     0.561505      0.0948533     1.02331       1.03099
30     1.16151      -0.00747525    0.768791      0.0700929
31    -0.463248     -0.812494     -1.08017      -0.0247783
32    -0.407135      0.162621     -0.38801       0.151828
33    -0.871445     -0.0518701    -0.106255      0.0451727
34    -1.08449       0.0513694    -0.910594     -1.16613
35     0.79716       0.0418083     1.11795       0.0412551
36     0.0555844     0.509618      0.0618588    -0.0949307
37     1.14506       0.752077      0.730971      0.0690937
38    -1.06868      -0.0653734    -0.311703     -1.04421
39     0.140158     -0.232176     -1.07283      -0.109108
40    -1.04629      -0.984393     -0.0674552    -1.17959
41    -0.0491113    -0.735611     -0.414061     -0.302944
42    -0.19247      -1.17867      -1.00479      -0.856949
43    -0.250904      0.46635       0.293896     -0.0191139
44     1.17357       0.867758      0.0948317     0.973352
45     1.09694       1.01804       1.17739       0.0344337
46     1.17593       1.05046       0.90323       0.150168
47     0.00461998   -0.389279      0.713063      0.120595
48     0.509402      0.080579     -0.0927621     0.802477
49    -0.845996     -0.217417     -0.249943     -0.0376634
50     0.448206      1.01462       0.00188513    0.884543
51    -1.122        -0.674921     -0.985917     -0.285043
52     0.909207      1.1787        1.06456       0.00596868
53    -0.862495     -0.621039     -1.10932      -0.195575
54    -0.0359233     0.294143     -0.468265     -0.25085
55     0.877626      1.05177       0.0324302     1.17802
56    -0.384481     -0.15597      -1.00416      -0.855426
57     0.0500644     0.18458       0.381995      0.922687
58    -1.1793       -0.114415     -1.122        -0.491649
59     0.136189      1.10993       1.02339       1.12512
60    -0.0286768     0.353846      0.0595254    -0.53269
61     0.0435769     0.903931      0.607386      0.37195
62     1.09694       1.01599       1.17813       0.458474
63     0.881219      0.433928     -0.0251781     0.0634074
64    -1.04972      -0.735619     -0.417792     -0.302944
65    -1.0654       -1.04401      -0.308423     -1.122
66     1.17398       0.747341      1.13797       0.0813249
67    -0.629137     -0.192886     -0.196936      0.107933
68    -0.405017     -0.862496     -0.233078     -1.1107
69     0.266548      1.09694       0.998205      0.388786
70    -1.122        -0.362345      0.0548498    -0.720093
71    -0.910597     -1.08269       0.0606606    -0.512551
72    -0.0949308     0.0403832    -0.719883      0.0550595
73    -0.451955     -0.302944      0.469246     -0.055354
74     1.01599       0.417868      0.255699      1.09694
75     0.37195       0.609658     -0.0518696     0.0435807
76     0.967494     -0.225686      0.523753      0.0990879
77    -0.0518696    -0.640287      0.370342      0.0624298
78    -0.0518695     0.87366      -0.0876237     0.0771377
79     1.17357       0.0948291     0.973352      1.17802
80    -0.106255     -0.0518708    -1.04401      -0.871447
81    -0.169348      0.982655      0.298907      0.605999
82     1.01139       0.293896     -0.00253951    0.484337
83     0.177085     -1.04453      -0.841461     -0.53602
84    -0.483646      0.0203599    -1.08094      -0.28685
85    -1.11412      -0.0164843    -0.468768     -0.975611
86     0.231216     -0.56108      -0.11637      -0.143486
87    -1.17334      -1.14172      -1.04972      -0.206743
88    -0.410696     -0.382037      0.137366     -0.944508
89     0.18458       0.0500644     0.381995     -0.405312
90    -0.862496     -0.192887     -0.629137     -0.174779
91     0.984738     -0.11005       0.506765      0.108148
92     0.0288516     0.757942     -0.210352      0.605999
93     0.984739      0.107752      0.506765      1.01599
94    -0.0306861    -1.17936      -1.17807      -1.00251
95     1.12359      -0.018807      1.02346       1.15911
96    -0.0324453    -0.443663     -0.181983      0.231215
97     0.776245     -0.141712      0.0963295    -0.106218
98    -0.207286     -1.04972      -0.735058     -1.14243
99    -0.00412739    0.205308     -0.538053     -0.657343
100    1.10145       0.778341      0.605999     -0.084854

 [*,*,3]
:         1            2            3             4         :=
1      1.62309      0.660234     1.20633      0.42709
2      0.599291     0.193485    -0.314373     0.703098
3      0.7339       0.157069     0.917377     0.131847
4      0.142305     0.601482     0.435812    -0.0190528
5     -1.20433     -0.665054    -1.63556     -1.84737
6      1.6006       0.660824     0.393602     1.29474
7      1.62309      1.62309      1.62309      0.698729
8      0.0411175    0.542017    -0.150445    -0.37362
9      0.438234     0.0586266    0.538607    -0.419327
10    -1.85743     -1.85743     -1.85743     -1.08218
11     1.62309      1.62309      0.787493     1.62309
12     1.04702      0.521154     0.518127     1.62309
13     1.62309      0.674785     0.699121     0.473583
14     0.461843    -0.674024    -0.0592732   -0.430765
15    -1.07006     -1.52292     -0.975327    -0.317922
16    -0.128572    -0.888049     0.234078    -0.210833
17     1.54481      0.724274     0.485478     0.551228
18    -0.645698    -0.0951291   -0.613159     0.00159125
19    -0.510794    -1.534       -0.361856    -0.594207
20    -0.788455    -1.85737     -0.791273    -1.46084
21    -1.58692     -1.71937     -0.767595    -1.02991
22     0.618782     1.58835      1.52913      1.29474
23    -1.85743     -0.971203    -0.980082    -1.85743
24     1.62309      0.472532     0.663111     1.54481
25    -0.710909    -0.630999    -1.83844     -0.953683
26    -0.640136    -0.524352     0.0929021   -0.392492
27    -0.916416    -0.736758    -1.7195      -0.58799
28     1.62309      1.34977      0.478984     1.62309
29     0.86079     -0.0437446    0.44215      0.641899
30    -0.234697    -0.441631    -0.934886    -0.788963
31    -0.314371     0.705067     0.196356     0.133791
32    -0.829461    -0.276364     0.400473    -0.28706
33    -1.24164     -1.85743     -1.85743     -1.22429
34     0.215174    -0.266348    -0.891351    -0.298735
35    -0.912897    -1.61163     -0.989175    -0.714574
36    -1.85743     -1.52486     -0.830282    -1.85743
37    -0.404315    -0.946081     0.0407351   -0.186604
38    -0.86792     -1.10483     -1.85315     -1.8482
39    -0.650309    -0.0153213   -0.374379     0.0129371
40    -1.84978     -0.786955    -1.10641     -0.737652
41     0.716197     0.727464     1.51534      1.62309
42     0.215277    -0.43834      0.460334    -0.490605
43     0.475302     0.502606    -0.375145     0.00181994
44    -0.942595    -0.861597    -1.56171     -1.85743
45     1.62309      0.642151     0.634851     0.996891
46    -1.07942     -1.68671     -0.660918    -0.868149
47    -0.109255     0.402197     0.222884    -0.224337
48    -1.52398     -1.84842     -0.6736      -1.07316
49    -0.948404    -0.625236    -0.499371    -1.41043
50    -0.235127     0.420156    -0.109131    -0.673107
51    -1.85743     -1.83844     -0.710909    -0.953684
52    -0.664859    -1.05824     -0.231614    -0.78292
53     1.62309      0.436283     0.489299     0.697696
54     0.0266918   -0.375536    -0.333598     0.475219
55    -1.85743     -1.01544     -1.72613     -1.85743
56     0.455742     0.261807     0.455649    -0.499162
57    -0.596301    -0.255049    -1.46084     -1.16068
58    -0.787235    -1.40526     -1.85743     -0.799608
59    -0.023153     0.669308     0.442217    -0.0891681
60    -1.06488     -0.371268    -0.624595    -0.321311
61    -1.2107      -0.665053    -1.84737     -0.855501
62     1.62309      1.62309      0.661559     0.842251
63    -0.67709     -0.221887    -1.04741     -0.606513
64     1.62309      0.727448     1.50932      1.62309
65    -0.87219     -1.85743     -1.85742     -1.85743
66    -0.234414    -0.901051    -0.993936    -0.72493
67     0.47252      0.703011     1.60012      0.393503
68     1.34977      1.62309      0.73246      0.478984
69     1.56753      1.62309      0.6519       1.62309
70    -1.85743     -1.00745     -1.85743     -1.85743
71    -0.891337     0.199664    -0.26071     -0.283375
72    -1.85743     -0.971203    -1.85743     -1.85743
73     1.62309      1.62309      1.62309      0.806646
74     1.62309      0.79259      1.62309      1.62309
75    -0.855501    -1.85743     -1.85743     -1.2107
76     0.439487     0.42379      0.787481    -0.0334509
77    -1.85743     -1.49838     -0.859427    -1.17664
78    -1.85743     -1.85743     -1.85743     -1.22113
79    -0.942596    -1.56172     -1.85743     -1.85743
80    -1.85743     -1.85743     -1.85743     -1.24164
81     0.553042     0.662111     1.52913      1.29474
82     0.415189    -0.375146     0.0165335    0.549989
83    -0.267617    -0.323144    -0.859314    -0.79875
84     0.881778     0.037437     0.498759     1.00134
85     0.521154     0.0537161    0.868921     0.438096
86     1.62309      1.62309      1.62309      0.579566
87     1.62309      0.480523     1.62309      1.05033
88    -0.631858     0.372942    -0.435713    -0.707516
89    -0.255049    -0.596301    -1.46084     -0.827691
90     1.62309      0.70301      0.47252      1.62309
91     0.551336     0.735417     1.62309      1.27758
92     0.269031     0.227136     0.60883      1.29474
93     0.551336     1.27453      1.62309      1.62309
94     0.058626     0.538608    -0.419327     0.466722
95    -0.0921185   -0.042985     0.442147    -0.430765
96     0.945197     1.62309      0.47235      1.62309
97     0.923032     0.58297      1.28053      0.336514
98     1.05259      1.62309      0.726156     0.46787
99    -1.09828     -0.947716    -0.312732    -1.50899
100    0.428893     0.0681528    1.29473      0.633869
;

radius = 1.17959
height = 3.48053
softness = 0.55

---------------------------- Solution coords data ----------------------------
distances [*,1,*]
:     1   2   3   4    :=
1     0   1   0   1
2     0   1   0   1
3     0   1   0   1
4     0   1   0   1
5     0   1   0   1
6     0   1   0   1
7     0   1   0   1
8     0   1   0   1
9     0   1   0   1
10    0   1   0   1
11    0   1   0   1
12    0   1   0   1
13    0   1   0   1
14    0   1   0   1
15    0   1   0   1
16    0   1   0   1
17    0   1   0   1
18    0   1   0   1
19    0   1   0   1
20    0   1   0   1
21    0   1   0   1
22    0   1   0   1
23    0   1   0   1
24    0   1   0   1
25    0   1   0   1
26    0   1   0   1
27    0   1   0   1
28    0   1   0   1
29    0   1   0   1
30    0   1   0   1
31    0   1   0   1
32    0   1   0   1
33    0   1   0   1
34    0   1   0   1
35    0   1   0   1
36    0   1   0   1
37    0   1   0   1
38    0   1   0   1
39    0   1   0   1
40    0   1   0   1
41    0   1   0   1
42    0   1   0   1
43    0   1   0   1
44    0   1   0   1
45    0   1   0   1
46    0   1   0   1
47    0   1   0   1
48    0   1   0   1
49    0   1   0   1
50    0   1   0   1
51    0   1   0   1
52    0   1   0   1
53    0   1   0   1
54    0   1   0   1
55    0   1   0   1
56    0   1   0   1
57    0   1   0   1
58    0   1   0   1
59    0   1   0   1
60    0   1   0   1
61    0   1   0   1
62    0   1   0   1
63    0   1   0   1
64    0   1   0   1
65    0   1   0   1
66    0   1   0   1
67    0   1   0   1
68    0   1   0   1
69    0   1   0   1
70    0   1   0   1
71    0   1   0   1
72    0   1   0   1
73    0   1   0   1
74    0   1   0   1
75    0   1   0   1
76    0   1   0   1
77    0   1   0   1
78    0   1   0   1
79    0   1   0   1
80    0   1   0   1
81    0   1   0   1
82    0   1   0   1
83    0   1   0   1
84    0   1   0   1
85    0   1   0   1
86    0   1   0   1
87    0   1   0   1
88    0   1   0   1
89    0   1   0   1
90    0   1   0   1
91    0   1   0   1
92    0   1   0   1
93    0   1   0   1
94    0   1   0   1
95    0   1   0   1
96    0   1   0   1
97    0   1   0   1
98    0   1   0   1
99    0   1   0   1
100   0   1   0   1

 [*,2,*]
:     1   2   3   4    :=
1     0   0   1   1
2     0   0   1   1
3     0   0   1   1
4     0   0   1   1
5     0   0   1   1
6     0   0   1   1
7     0   0   1   1
8     0   0   1   1
9     0   0   1   1
10    0   0   1   1
11    0   0   1   1
12    0   0   1   1
13    0   0   1   1
14    0   0   1   1
15    0   0   1   1
16    0   0   1   1
17    0   0   1   1
18    0   0   1   1
19    0   0   1   1
20    0   0   1   1
21    0   0   1   1
22    0   0   1   1
23    0   0   1   1
24    0   0   1   1
25    0   0   1   1
26    0   0   1   1
27    0   0   1   1
28    0   0   1   1
29    0   0   1   1
30    0   0   1   1
31    0   0   1   1
32    0   0   1   1
33    0   0   1   1
34    0   0   1   1
35    0   0   1   1
36    0   0   1   1
37    0   0   1   1
38    0   0   1   1
39    0   0   1   1
40    0   0   1   1
41    0   0   1   1
42    0   0   1   1
43    0   0   1   1
44    0   0   1   1
45    0   0   1   1
46    0   0   1   1
47    0   0   1   1
48    0   0   1   1
49    0   0   1   1
50    0   0   1   1
51    0   0   1   1
52    0   0   1   1
53    0   0   1   1
54    0   0   1   1
55    0   0   1   1
56    0   0   1   1
57    0   0   1   1
58    0   0   1   1
59    0   0   1   1
60    0   0   1   1
61    0   0   1   1
62    0   0   1   1
63    0   0   1   1
64    0   0   1   1
65    0   0   1   1
66    0   0   1   1
67    0   0   1   1
68    0   0   1   1
69    0   0   1   1
70    0   0   1   1
71    0   0   1   1
72    0   0   1   1
73    0   0   1   1
74    0   0   1   1
75    0   0   1   1
76    0   0   1   1
77    0   0   1   1
78    0   0   1   1
79    0   0   1   1
80    0   0   1   1
81    0   0   1   1
82    0   0   1   1
83    0   0   1   1
84    0   0   1   1
85    0   0   1   1
86    0   0   1   1
87    0   0   1   1
88    0   0   1   1
89    0   0   1   1
90    0   0   1   1
91    0   0   1   1
92    0   0   1   1
93    0   0   1   1
94    0   0   1   1
95    0   0   1   1
96    0   0   1   1
97    0   0   1   1
98    0   0   1   1
99    0   0   1   1
100   0   0   1   1

 [*,3,*]
:     1   2   3   4    :=
1     1   0   0   1
2     1   0   0   1
3     1   0   0   1
4     1   0   0   1
5     1   0   0   1
6     1   0   0   1
7     1   0   0   1
8     1   0   0   1
9     1   0   0   1
10    1   0   0   1
11    1   0   0   1
12    1   0   0   1
13    1   0   0   1
14    1   0   0   1
15    1   0   0   1
16    1   0   0   1
17    1   0   0   1
18    1   0   0   1
19    1   0   0   1
20    1   0   0   1
21    1   0   0   1
22    1   0   0   1
23    1   0   0   1
24    1   0   0   1
25    1   0   0   1
26    1   0   0   1
27    1   0   0   1
28    1   0   0   1
29    1   0   0   1
30    1   0   0   1
31    1   0   0   1
32    1   0   0   1
33    1   0   0   1
34    1   0   0   1
35    1   0   0   1
36    1   0   0   1
37    1   0   0   1
38    1   0   0   1
39    1   0   0   1
40    1   0   0   1
41    1   0   0   1
42    1   0   0   1
43    1   0   0   1
44    1   0   0   1
45    1   0   0   1
46    1   0   0   1
47    1   0   0   1
48    1   0   0   1
49    1   0   0   1
50    1   0   0   1
51    1   0   0   1
52    1   0   0   1
53    1   0   0   1
54    1   0   0   1
55    1   0   0   1
56    1   0   0   1
57    1   0   0   1
58    1   0   0   1
59    1   0   0   1
60    1   0   0   1
61    1   0   0   1
62    1   0   0   1
63    1   0   0   1
64    1   0   0   1
65    1   0   0   1
66    1   0   0   1
67    1   0   0   1
68    1   0   0   1
69    1   0   0   1
70    1   0   0   1
71    1   0   0   1
72    1   0   0   1
73    1   0   0   1
74    1   0   0   1
75    1   0   0   1
76    1   0   0   1
77    1   0   0   1
78    1   0   0   1
79    1   0   0   1
80    1   0   0   1
81    1   0   0   1
82    1   0   0   1
83    1   0   0   1
84    1   0   0   1
85    1   0   0   1
86    1   0   0   1
87    1   0   0   1
88    1   0   0   1
89    1   0   0   1
90    1   0   0   1
91    1   0   0   1
92    1   0   0   1
93    1   0   0   1
94    1   0   0   1
95    1   0   0   1
96    1   0   0   1
97    1   0   0   1
98    1   0   0   1
99    1   0   0   1
100   1   0   0   1

 [*,4,*]
:     1   2   3   4    :=
1     1   1   1   0
2     1   1   1   0
3     1   1   1   0
4     1   1   1   0
5     1   1   1   0
6     1   1   1   0
7     1   1   1   0
8     1   1   1   0
9     1   1   1   0
10    1   1   1   0
11    1   1   1   0
12    1   1   1   0
13    1   1   1   0
14    1   1   1   0
15    1   1   1   0
16    1   1   1   0
17    1   1   1   0
18    1   1   1   0
19    1   1   1   0
20    1   1   1   0
21    1   1   1   0
22    1   1   1   0
23    1   1   1   0
24    1   1   1   0
25    1   1   1   0
26    1   1   1   0
27    1   1   1   0
28    1   1   1   0
29    1   1   1   0
30    1   1   1   0
31    1   1   1   0
32    1   1   1   0
33    1   1   1   0
34    1   1   1   0
35    1   1   1   0
36    1   1   1   0
37    1   1   1   0
38    1   1   1   0
39    1   1   1   0
40    1   1   1   0
41    1   1   1   0
42    1   1   1   0
43    1   1   1   0
44    1   1   1   0
45    1   1   1   0
46    1   1   1   0
47    1   1   1   0
48    1   1   1   0
49    1   1   1   0
50    1   1   1   0
51    1   1   1   0
52    1   1   1   0
53    1   1   1   0
54    1   1   1   0
55    1   1   1   0
56    1   1   1   0
57    1   1   1   0
58    1   1   1   0
59    1   1   1   0
60    1   1   1   0
61    1   1   1   0
62    1   1   1   0
63    1   1   1   0
64    1   1   1   0
65    1   1   1   0
66    1   1   1   0
67    1   1   1   0
68    1   1   1   0
69    1   1   1   0
70    1   1   1   0
71    1   1   1   0
72    1   1   1   0
73    1   1   1   0
74    1   1   1   0
75    1   1   1   0
76    1   1   1   0
77    1   1   1   0
78    1   1   1   0
79    1   1   1   0
80    1   1   1   0
81    1   1   1   0
82    1   1   1   0
83    1   1   1   0
84    1   1   1   0
85    1   1   1   0
86    1   1   1   0
87    1   1   1   0
88    1   1   1   0
89    1   1   1   0
90    1   1   1   0
91    1   1   1   0
92    1   1   1   0
93    1   1   1   0
94    1   1   1   0
95    1   1   1   0
96    1   1   1   0
97    1   1   1   0
98    1   1   1   0
99    1   1   1   0
100   1   1   1   0
;

---------------------------- Solution stats data ----------------------------
_ampl_time = 0.490657
_total_solve_time = 59114.2
_ampl_elapsed_time = 0.488158
_ampl_user_time = 0.435124

Total time elapsed: $59114.18.
_total_solve_time = 59114.2

---------------------------- Solution miscs data ----------------------------
tetrahedron_volume [*] :=
  1 0.117851    21 0.117851    41 0.117851    61 0.117851    81 0.117851
  2 0.117851    22 0.117851    42 0.117851    62 0.117851    82 0.117851
  3 0.117851    23 0.117851    43 0.117851    63 0.117851    83 0.117851
  4 0.117851    24 0.117851    44 0.117851    64 0.117851    84 0.117851
  5 0.117851    25 0.117851    45 0.117851    65 0.117851    85 0.117851
  6 0.117851    26 0.117851    46 0.117851    66 0.117851    86 0.117851
  7 0.117851    27 0.117851    47 0.117851    67 0.117851    87 0.117851
  8 0.117851    28 0.117851    48 0.117851    68 0.117851    88 0.117851
  9 0.117851    29 0.117851    49 0.117851    69 0.117851    89 0.117851
 10 0.117851    30 0.117851    50 0.117851    70 0.117851    90 0.117851
 11 0.117851    31 0.117851    51 0.117851    71 0.117851    91 0.117851
 12 0.117851    32 0.117851    52 0.117851    72 0.117851    92 0.117851
 13 0.117851    33 0.117851    53 0.117851    73 0.117851    93 0.117851
 14 0.117851    34 0.117851    54 0.117851    74 0.117851    94 0.117851
 15 0.117851    35 0.117851    55 0.117851    75 0.117851    95 0.117851
 16 0.117851    36 0.117851    56 0.117851    76 0.117851    96 0.117851
 17 0.117851    37 0.117851    57 0.117851    77 0.117851    97 0.117851
 18 0.117851    38 0.117851    58 0.117851    78 0.117851    98 0.117851
 19 0.117851    39 0.117851    59 0.117851    79 0.117851    99 0.117851
 20 0.117851    40 0.117851    60 0.117851    80 0.117851   100 0.117851
;

---------------------------- Solution miscs data ----------------------------
tetrahedron_surface_area [*] :=
  1 0    11 0    21 0    31 0    41 0    51 0    61 0    71 0    81 0    91 0
  2 0    12 0    22 0    32 0    42 0    52 0    62 0    72 0    82 0    92 0
  3 0    13 0    23 0    33 0    43 0    53 0    63 0    73 0    83 0    93 0
  4 0    14 0    24 0    34 0    44 0    54 0    64 0    74 0    84 0    94 0
  5 0    15 0    25 0    35 0    45 0    55 0    65 0    75 0    85 0    95 0
  6 0    16 0    26 0    36 0    46 0    56 0    66 0    76 0    86 0    96 0
  7 0    17 0    27 0    37 0    47 0    57 0    67 0    77 0    87 0    97 0
  8 0    18 0    28 0    38 0    48 0    58 0    68 0    78 0    88 0    98 0
  9 0    19 0    29 0    39 0    49 0    59 0    69 0    79 0    89 0    99 0
 10 0    20 0    30 0    40 0    50 0    60 0    70 0    80 0    90 0   100 0
;

