Error at _cmdno 5 executing "solve" command
(file amplin, line 1961, offset 37059):
error processing param distances:
	3200 invalid subscripts discarded:
	distances[101,1,1]
	distances[101,1,2]
	distances[101,1,3]
	and 3197 more.
##### This license is only intended for use by NEOS. #####
##### License is valid until Jan 16, 2026 #####
iables.
Substitution eliminates 1 variable.
Adjusted problem:
25953 variables:
	16053 nonlinear variables
	9900 linear variables
52003 constraints; 313156 nonzeros
	46250 nonlinear constraints
	5753 linear constraints
	5051 equality constraints
	46952 inequality constraints
1 nonlinear objective; 3 nonzeros.

Artelys Knitro 14.2.0: threads=4
algorithm=1
ms_enable=1
ms_maxsolves=10
feastol=1e-5
opttol=1e-5
honorbnds=1
bar_initpt=3
bar_murule=4
scale=1
outlev=2
maxtime_real=1200
WARNING:  Option 'threads' is deprecated, please use 'numthreads'.
WARNING: 1 constraint is constant or undefined and will be ignored.

=======================================
           Academic License
       (NOT FOR COMMERCIAL USE)
         Artelys Knitro 14.2.0
=======================================

No start point provided -- Knitro computing one.

Knitro presolve eliminated 0 variables and 1 constraint.

algorithm                1
bar_initpt               3
bar_murule               4
concurrent_evals         0
datacheck                0
feastol                  1e-05
findiff_numthreads       1
hessian_no_f             1
hessopt                  1
honorbnds                1
maxtime_real             1200
ms_enable                1
ms_maxsolves             10
numthreads               4
opttol                   1e-05

Problem Characteristics                                 (   Presolved)
-----------------------
Objective goal:  Minimize
Objective type:  general
Number of variables:                              25953 (       25953)
    bounded below only:                               1 (           1)
    bounded above only:                               0 (           0)
    bounded below and above:                          0 (           0)
    fixed:                                            0 (           0)
    free:                                         25952 (       25952)
Number of constraints:                            52003 (       52002)
    linear equalities:                                1 (           0)
    quadratic equalities:                          4950 (        4950)
    gen. nonlinear equalities:                      100 (         100)
    linear one-sided inequalities:                 5752 (        5752)
    quadratic one-sided inequalities:             41200 (       41200)
    gen. nonlinear one-sided inequalities:            0 (           0)
    linear two-sided inequalities:                    0 (           0)
    quadratic two-sided inequalities:                 0 (           0)
    gen. nonlinear two-sided inequalities:            0 (           0)
Number of nonzeros in Jacobian:                  313156 (      313156)
Number of nonzeros in Hessian:                   141453 (      141453)

Knitro parallel multistart will run with 4 threads.

Return codes description
------------------------
  0:  The final solution satisfies the termination conditions for verifying optimality.
  -100 to -199:  A feasible approximate solution was found.
  -200 to -299:  Knitro terminated at an infeasible point.
  -300 to -301:  The problem was determined to be unbounded.
  -400 to -499:  Knitro terminated because it reached a pre-defined limit.
    -400 to -409:  A feasible point was found.
    -410 to -419:  No feasible point was found.
  -500 to -599:  Knitro terminated with an input error or some non-standard error.
A more detailed description of individual return codes and their corresponding
termination messages is provided at
https://www.artelys.com/app/docs/knitro/3_referenceManual/returnCodes.html

 Solve #  ThreadID  Status     Objective      FeasError    OptError    Real Time 
--------  --------  ------  --------------   ----------   ----------  ----------
      0          0       0         4.79488  2.12177e-05  2.10134e-05      1189.69
      3          3    -410     1.71318e+11  2.39037e+06      24160.2      5866.98
      4          0    -410     2.20561e+11  4.82602e+06      40381.1      6341.45
      1          2    -410     5.58216e+11  4.87330e+06      34869.8      6054.81
      2          1    -410     2.09177e+08      12658.8      788.007      6075.33
      5          3    -410     1.25038e+09      424383.      670.719      6510.82
      7          1    -410     1.93435e+11  3.57124e+06      70821.6      6308.31
      8          0    -410     1.22092e+09      484725.      4581.44      6698.91
      9          2    -410     4.64260e+10      441992.      34668.0      5457.20
      6          2    -410     8.48358e+09     0.445124      1548.30      5619.39

MULTISTART: Best locally optimal solution is returned.
EXIT: Locally optimal solution found.

Final Statistics
----------------
Final objective value               =   4.79488256446734e+00
Final feasibility error (abs / rel) =   2.12e-05 / 3.65e-06
Final optimality error  (abs / rel) =   2.10e-05 / 2.72e-06
# of iterations                     =      92989 
# of CG iterations                  =          0 
# of function evaluations           =      94072
# of gradient evaluations           =      93055
# of Hessian evaluations            =      93024
Total program time (secs)           =   17131.81055 ( 55816.793 CPU time)

===============================================================================

Knitro 14.2.0: Locally optimal or satisfactory solution.
objective 4.794882564; feasibility error 2.12e-05
92989 iterations; 94072 function evaluations

suffix feaserror OUT;
suffix opterror OUT;
suffix numfcevals OUT;
suffix numiters OUT;
---------------------------- Solver Status Report ----------------------------
solve_result_num = 0
solve_result = solved
solve_message = 'Knitro 14.2.0: Locally optimal or satisfactory solution.\
objective 4.794882564; feasibility error 2.12e-05\
92989 iterations; 94072 function evaluations'


---------------------------- Problem Dimensions ----------------------------
Variables: 51304
Constraints: 52104
---------------------------- Container and geometric considerations  ----------------------------
Container type: cylinder
Structural conservation type: volume & surface
---------------------------- Solution execution data ----------------------------
solve_result_num = 0
solve_result = solved

---------------------------- Solution data ----------------------------
card(figures) = 100

coords [*,*,1]
:          1            2             3              4         :=
1      0.029098      1.02999      0.301455       1.24109
2      1.21296       0.607808     0.0203537      0.73535
3      0.827919     -0.382174    -0.0746079     -0.0786884
4     -0.291967     -0.617298    -1.15504       -0.854288
5      0.958491      0.395166     1.2424         1.21296
6     -0.276282     -0.268982    -1.15501       -1.23035
7     -0.0334551     0.0282393   -0.376211      -0.568119
8     -0.750251     -0.0493114   -0.0845612     -0.437692
9      0.532764      0.213832    -0.0998751      0.908786
10     0.4285        0.0866092   -0.386358       0.738844
11    -1.0241       -0.372413    -0.497925      -0.115264
12    -0.00869535   -0.0334516    0.835754       0.460905
13     1.02557       0.148535     1.23627        0.716351
14     0.617947      0.427433     0.290357      -0.0990658
15    -0.0998756     0.908786     0.214407       0.16452
16    -0.41706      -1.23035     -0.750252      -0.359357
17     1.17659       0.247741     1.24244        1.02999
18    -0.0845607     0.224721    -0.365483       0.772048
19    -0.646738     -0.877941    -0.0723403     -0.0687363
20    -1.22695      -1.24031     -0.258505      -1.16067
21     0.953729      0.486413     1.2347         0.895041
22    -0.272065     -0.92312      0.103717      -1.23035
23    -1.23967      -0.734196    -0.697021      -0.652505
24     1.17659       1.23627      1.02558        0.491412
25    -0.597924     -0.123213    -1.13207       -0.294036
26    -0.523263      0.0282275   -0.00750555    -0.0334547
27    -0.0901718     0.0177302    0.619369       0.933076
28     0.0972667    -0.452491     0.708895      -0.204805
29    -0.723531     -0.0712447   -0.0146219     -0.123138
30     0.358391     -0.344495    -0.74847        0.296703
31     1.18908       0.370153     1.03933        0.845507
32    -0.41866      -1.23035     -0.162857      -0.359358
33     0.041234      0.644417     0.441307       1.14582
34     0.514247     -0.341703     0.913429      -0.103249
35    -0.229922     -0.506131    -0.188937       0.313941
36    -0.461953     -0.0880415   -0.750246      -0.69233
37    -0.636537     -0.533226    -1.18358       -0.0772172
38    -0.00750503    0.0282279    0.529815      -0.033452
39    -0.497929     -0.116789    -1.21805       -0.115264
40     0.291729     -0.344863    -0.476005       0.621428
41     0.319927      1.11886      0.355729       1.24112
42    -1.21724      -0.537395    -0.302543      -0.099468
43    -0.0786854     0.218416     0.82792       -0.382177
44     0.617947     -0.0990653    0.00586296     0.290356
45     0.307442     -0.75025     -0.170698      -0.0845603
46    -0.270935      0.958485     0.765267      -0.360635
47    -0.175491     -0.631709    -0.524632      -1.19705
48    -1.0241       -0.497929    -1.21805       -0.115266
49    -0.921842     -0.165668    -0.163761       0.0791426
50     1.23296       1.08862      0.334142       1.2193
51    -0.909411     -1.2123      -1.19457       -0.648919
52     0.933072     -0.100346     0.000118341   -0.073123
53     0.0827777    -0.452489     0.708892       0.0972675
54     0.333771      1.21685      1.12906        1.23458
55     0.958487      0.648707     0.738848       0.0866095
56     0.103716     -0.92312      0.0827752     -0.295337
57    -1.21219      -0.731841    -0.563139      -0.105829
58    -0.0334587    -0.568598    -1.12601       -0.263798
59    -0.116421     -1.19623     -0.305214      -0.524633
60     0.958487      0.765267    -0.360633       0.239899
61     0.239894      0.958489     1.21296        0.395169
62     0.0134868     0.712574     0.562497      -0.150173
63     1.2424        0.958492     1.08232        0.39517
64     0.370149      0.757641     0.0998622      1.02558
65    -0.690173     -1.12601     -0.0334606     -0.398436
66    -0.0697797     0.0177157   -0.790456      -0.036413
67    -0.827393     -0.276275    -1.23035       -1.15501
68    -0.20602      -0.452491    -0.0915896      0.737057
69    -0.456628     -0.750253    -1.14649       -1.23035
70    -0.734795     -0.553639    -1.19892       -1.12601
71     0.166589      0.291478    -0.268752       0.76745
72    -0.662614     -0.726634    -1.16295       -1.24082
73     0.216595      1.02558      1.17659        0.491413
74     0.085099      0.0133512   -0.331273      -0.790455
75     0.586483      1.21296      1.15629        0.773427
76     0.617943     -0.0990593    0.972842       0.32612
77     1.14199       0.910669     0.529499       0.289907
78     0.0996177    -0.243421    -0.506128       0.314803
79     0.927449      0.712547     0.0134875      0.567977
80     0.446003      0.835754    -0.0334522      0.532791
81    -0.144526     -0.54253     -1.21202        0.103756
82     0.0840017     0.761568    -0.229021      -0.185329
83     0.439099     -0.033453    -0.476005       0.53279
84     0.407832     -0.0116356   -0.472889       0.00471804
85     0.711521      0.331536     0.423583       1.10655
86    -0.568599     -0.2638      -0.725344      -1.12601
87    -0.151855      0.0972669    0.741527       0.408011
88    -0.656755     -0.675093    -1.20978       -1.23967
89    -0.750247     -0.456633    -0.69233       -1.15208
90     0.082775     -0.218745    -0.466365      -0.854287
91     0.580385      1.23374      0.32037       -0.0844542
92    -1.14635      -1.24031     -0.255329      -1.22695
93     0.976419      0.633872     1.17659        0.323026
94    -0.344865      0.621427    -0.476007      -0.103251
95    -0.313571      0.772121     0.133766       0.0317042
96    -0.149841     -0.165673     0.318149      -0.921844
97     0.429441      0.616535     1.01867        0.290264
98    -0.150885      0.71152      0.424987       0.331535
99     1.21296       0.0203518    0.73535        0.835755
100   -0.237271     -0.694599    -0.0960436     -0.729657

 [*,*,2]
:          1             2             3             4         :=
1     -0.161771      0.694838      0.422219      0.0581032
2     -0.269093     -0.0847155     0.0219525    -0.768281
3      0.0491929     0.154661      0.139639     -0.456436
4     -0.420477     -1.07825      -0.457781     -0.902151
5      0.790556     -0.0403102    -0.0108334    -0.269091
6     -0.679452     -0.133062     -0.457858     -0.172982
7     -1.242        -0.420611     -0.658654      0.00266799
8      0.990357      0.958833      0.128725      0.19898
9     -1.11766       0.0441501    -0.784875     -0.847225
10     1.16622       1.23943       1.08433       0.332699
11     0.703491      1.18532      -0.0159351     0.847412
12     0.0554841    -1.242        -0.919346     -0.458827
13    -0.70134       0.043104      0.123826     -0.279345
14     0.0841942     1.16661       0.406981      1.19109
15    -0.784876     -0.847226      0.045814     -0.508119
16     0.146741     -0.172977      0.990356      0.484403
17     0.399152      0.0253526     0.00525196    0.694838
18     0.128723      1.22196       0.162064      0.0540638
19    -1.06086      -0.879149     -1.24034      -0.380396
20    -0.195668      0.0729791    -0.127004      0.443305
21     0.796294      0.217651      0.13853       0.861734
22    -0.363484     -0.831585     -0.425631     -0.172984
23    -0.0830612     0.172589     -0.302079      1.05732
24     0.399151      0.123826     -0.701336      0.0685494
25    -1.08911      -0.29076      -0.48825      -0.483759
26    -0.101752     -0.420602      0.117906     -1.24199
27     0.872022      0.111731      0.411179      0.820398
28    -0.676394     -1.15712      -1.00393      -0.389917
29     1.01004       0.443472      1.24236       1.23633
30     1.18964       1.07014       0.991704      0.409377
31    -0.360238     -1.18603      -0.680793     -0.142874
32     0.137372     -0.172979     -0.383485      0.484402
33     0.0480411    -0.926133      0.161923     -0.480385
34    -1.13103      -0.514625     -0.842218     -1.23815
35     1.15787      -0.0944463    -0.0449644     0.047677
36     0.151516      0.883061      0.990361      1.03168
37     1.06701       0.381912      0.289334      0.938762
38     0.117908     -0.420601     -0.232374     -1.24198
39    -0.0159299     0.242102      0.245021      0.847417
40    -0.508897     -0.505034     -1.14765      -1.07588
41     0.163828     -0.540215     -0.0629199     0.0574725
42     0.244724     -0.00163068   -0.498497      0.242096
43    -0.456437     -0.562564      0.049193      0.154661
44     0.0841929     1.19109       0.0401869     0.406981
45     1.20381       0.990358      1.23067       0.128725
46     1.21255       0.790564      0.387764      0.66642
47    -0.453662     -0.501796      0.399141      0.213724
48     0.703491     -0.0159299     0.245021      0.847411
49    -0.469584      0.546501     -0.493832     -0.347799
50     0.153283      0.59882       0.187786     -0.238735
51    -0.846556      0.272059     -0.341593     -0.376493
52     0.820399      1.23839       0.100973      0.871161
53    -1.23969      -1.15712      -1.00393      -0.676395
54     0.19109      -0.250906     -0.518558      0.139667
55     0.790561      1.05965       0.332694      1.23943
56    -0.425632     -0.831585     -1.23969      -0.37941
57     0.272538      1.00404       1.1075        0.921967
58    -1.242         0.00378119   -0.525147     -0.841404
59     0.887194      0.271572     -0.136807      0.399141
60     0.79056       0.387763      0.666419     -0.0316164
61    -0.0316235     0.790558     -0.269092     -0.0403129
62     1.24238       0.26291       1.10783       0.630738
63    -0.0108369     0.790556      0.610134     -0.0402997
64    -1.18603      -0.335693     -0.575552     -0.701342
65    -1.03312      -0.525148     -1.242        -0.60725
66     0.872107     -0.0900465     0.958574      0.483174
67    -0.926879     -0.679454     -0.172982     -0.45786
68    -0.393687     -1.15712      -0.381284     -1.00022
69     0.131187      0.990356      0.478796     -0.172976
70    -0.37133       0.0179792     0.326016     -0.525146
71    -0.0137299     0.0948422     1.21081       0.386025
72     1.05101       0.174504      0.437305      0.0635988
73    -0.564395     -0.701338      0.399147      0.0685488
74     0.884189     -0.0843841     0.035178      0.958573
75     0.0295697    -0.269089     -0.454627     -0.972366
76     0.0842018     1.19111       0.772827      1.19889
77    -0.48943      -0.845202     -1.12397      -0.0362882
78     0.154768      1.16598      -0.0944541     0.0478273
79     0.826755      0.262947      1.24238       1.10503
80    -0.440521     -0.919347     -1.242        -1.12242
81    -0.387099      0.346152     -0.176598     -0.425638
82     0.250521      0.377955      1.07322      -0.0604986
83    -0.386289     -1.242        -1.14765      -1.12242
84     0.0694331    -0.0161765    -0.128795     -0.665744
85    -1.01854       0.0903287    -0.188073     -0.511823
86     0.00378326   -0.841402     -0.356003     -0.525146
87    -0.364966     -0.676391     -0.996906     -0.17142
88     1.04906      -0.310931      0.283034     -0.0830651
89     0.990361      0.131194      1.03168       0.465177
90    -1.23969      -0.553672     -1.1516       -0.902152
91     0.536548      0.0565815     0.163879     -0.105408
92    -0.479123      0.0729869    -0.12768      -0.195662
93     0.768303      0.0258637     0.399156      1.19972
94    -0.505033     -1.07588      -1.14765      -1.23815
95     0.157135      0.0540571     1.15431       0.131856
96    -0.291766      0.546496     -0.337733     -0.469588
97     1.16588       0.040839      0.711337      0.407463
98    -0.140453     -1.01854      -0.192321      0.09033
99    -0.269094      0.0219531    -0.768282     -0.919346
100    0.595283      0.686532     -0.204372     -0.425318

 [*,*,3]
:         1            2             3            4         :=
1      0.725118     0.713791     0.0308454     0.308165
2     -1.56442     -0.649108    -1.56442      -0.765687
3      1.5417       1.5417       0.559941      0.66284
4     -0.506936     0.638267     0.213816     -0.689446
5     -1.56442     -0.835955    -0.777015     -1.56442
6      0.766632     0.580361     0.213858      1.5417
7     -1.56442     -0.547975    -0.419952     -1.56442
8      1.5417       0.948213     1.5417        0.590907
9      0.553826    -0.0774327    0.274642     -0.635693
10    -0.325021    -1.48683     -0.894608     -0.756879
11    -1.56442     -1.56442     -1.56442      -0.585554
12    -1.56442     -1.56442     -1.56442      -0.932961
13     1.5417       0.81602      0.655673      0.31434
14     1.32152      0.70325      0.0414857     0.988858
15     0.274642    -0.635694    -0.078148     -0.812452
16     0.528148     1.5417       1.5417        1.5417
17     1.5417       0.722644     0.281509      0.713791
18     1.5417       1.4188       0.803847      1.54165
19     0.488112    -0.839865     0.194806      0.064123
20     1.43904      0.10575      0.585955      0.924478
21    -0.758432    -0.527267     0.386469      0.598866
22     0.65892      1.5417       1.5417        1.5417
23    -0.208459     0.762192    -0.178362     -0.186205
24     1.5417       0.655675     1.5417        0.765476
25     0.735156     0.71416      0.236856     -0.304695
26    -1.56442     -0.547995    -1.56442      -1.56442
27    -0.869198     0.253438    -0.772497     -0.269823
28     1.5417       0.394249     0.529725      0.880977
29    -0.0393737   -0.448314     0.583625     -0.752811
30     0.691212     1.04062     -0.0740849     0.0394971
31     1.31732      1.07494      0.00399333    0.342917
32     0.500026     1.5417       0.725525      1.5417
33    -0.215337    -0.948245    -0.762814     -0.116412
34     0.612553    -0.246161    -0.655215      0.156939
35    -1.11122     -1.56442     -0.477578     -0.603825
36     0.568588     0.912582     1.54169       0.183407
37    -0.156945     0.0614412   -1.12955      -0.677667
38    -1.56442     -0.547995    -0.847886     -1.56442
39    -1.56442     -0.343766    -1.10608      -0.585548
40    -0.952519    -0.251505    -0.956129     -0.334749
41    -0.666322     0.0201347    0.568263      0.308867
42    -1.1066      -1.53931     -0.625078     -0.331628
43     0.662839     1.5417       1.5417        1.5417
44     1.32152      0.988859     0.330381      0.041486
45     1.5417       1.5417       0.870467      1.5417
46    -1.16386     -1.56442     -0.854008     -1.56442
47    -0.527692    -0.0898207    0.0259589    -1.09898
48    -1.56442     -1.56442     -1.10608      -0.585556
49     0.204082    -0.291672    -0.549121      0.143971
50     0.365737    -0.359822    -0.654524     -0.936618
51    -1.11319     -1.09659      0.117132     -0.0420798
52    -0.269826    -0.471798     0.259468     -0.859211
53     1.5417       0.39425      0.529726      1.5417
54    -0.644154    -0.979599     0.0368781     0.323143
55    -1.56442     -0.267646    -0.756878     -1.48683
56     1.5417       1.5417       1.5417        0.687095
57    -1.14124     -0.218609    -1.56428      -0.689353
58    -1.56442     -1.56442     -1.56442      -0.841015
59    -0.602304    -1.10165     -0.321988      0.025958
60    -1.56442     -0.854008    -1.56442      -1.56442
61    -1.56442     -1.56442     -1.56442      -0.835958
62     0.543333     0.152179    -0.431491     -0.0741917
63    -0.777012    -1.56442     -0.352237     -0.835964
64     1.07494      0.478226     1.5417        1.5417
65    -0.570879    -1.56442     -1.56442      -0.418175
66     0.91181      0.245359     0.0776168    -0.391116
67     1.44783      0.766637     1.5417        0.21386
68     0.878584     0.394247     0.0769949     0.533009
69     0.577458     1.5417       0.879363      1.5417
70    -0.273834    -1.56442     -1.34542      -1.56442
71    -1.56442     -0.624001    -1.16321      -0.853355
72    -0.204054     0.779215     0.901852     -0.403626
73     1.5417       1.5417       1.5417        0.765478
74     1.11582      0.244453     0.737244      0.0776178
75    -0.629613    -1.56441     -0.218172     -0.800487
76     1.32152      0.988849     0.65503       1.53725
77    -0.128263    -0.642438     0.568828     -0.156424
78    -1.54833     -1.12591     -1.56442      -0.602816
79     0.703745     0.152195     0.543333     -0.439688
80    -0.907859    -1.56442     -1.56442      -0.355097
81     0.711511     1.5417       1.52769       1.5417
82    -0.0294111   -0.848039    -1.06632      -0.469866
83    -0.951824    -1.56442     -0.956129     -0.355095
84    -1.20833     -0.017575    -1.29216      -0.137351
85     0.423774    -0.266169     1.02964      -0.0986251
86    -1.56442     -0.841017    -0.31159      -1.56442
87     0.297319     1.5417       0.476757      1.05575
88    -0.186367    -0.177147    -1.12557      -0.20846
89     1.54169      0.577465     0.183408      0.862494
90     1.5417       0.860207     0.364326      1.5417
91    -0.112454     0.310427    -0.666401      0.603873
92     0.111155     0.105709     0.587649      1.43899
93     0.65058      1.30926      1.5417        1.5417
94    -0.251505    -0.334748    -0.956128      0.156939
95     0.837517     1.5417       1.32761       0.436449
96     0.726291    -0.291668     0.138884      0.204085
97     0.711273     1.30969      0.662328      0.0411761
98     0.544258     0.423772     1.04941      -0.26617
99    -1.56442     -1.56442     -0.765686     -1.56442
100   -0.418198     0.351882     0.672951      0.334084
;

radius = 1.24245
height = 3.10613
softness = 0.85

---------------------------- Solution coords data ----------------------------
distances [*,1,*]
:     1   2   3   4    :=
1     0   1   0   1
2     0   1   0   1
3     0   1   0   1
4     0   1   0   1
5     0   1   0   1
6     0   1   0   1
7     0   1   0   1
8     0   1   0   1
9     0   1   0   1
10    0   1   0   1
11    0   1   0   1
12    0   1   0   1
13    0   1   0   1
14    0   1   0   1
15    0   1   0   1
16    0   1   0   1
17    0   1   0   1
18    0   1   0   1
19    0   1   0   1
20    0   1   0   1
21    0   1   0   1
22    0   1   0   1
23    0   1   0   1
24    0   1   0   1
25    0   1   0   1
26    0   1   0   1
27    0   1   0   1
28    0   1   0   1
29    0   1   0   1
30    0   1   0   1
31    0   1   0   1
32    0   1   0   1
33    0   1   0   1
34    0   1   0   1
35    0   1   0   1
36    0   1   0   1
37    0   1   0   1
38    0   1   0   1
39    0   1   0   1
40    0   1   0   1
41    0   1   0   1
42    0   1   0   1
43    0   1   0   1
44    0   1   0   1
45    0   1   0   1
46    0   1   0   1
47    0   1   0   1
48    0   1   0   1
49    0   1   0   1
50    0   1   0   1
51    0   1   0   1
52    0   1   0   1
53    0   1   0   1
54    0   1   0   1
55    0   1   0   1
56    0   1   0   1
57    0   1   0   1
58    0   1   0   1
59    0   1   0   1
60    0   1   0   1
61    0   1   0   1
62    0   1   0   1
63    0   1   0   1
64    0   1   0   1
65    0   1   0   1
66    0   1   0   1
67    0   1   0   1
68    0   1   0   1
69    0   1   0   1
70    0   1   0   1
71    0   1   0   1
72    0   1   0   1
73    0   1   0   1
74    0   1   0   1
75    0   1   0   1
76    0   1   0   1
77    0   1   0   1
78    0   1   0   1
79    0   1   0   1
80    0   1   0   1
81    0   1   0   1
82    0   1   0   1
83    0   1   0   1
84    0   1   0   1
85    0   1   0   1
86    0   1   0   1
87    0   1   0   1
88    0   1   0   1
89    0   1   0   1
90    0   1   0   1
91    0   1   0   1
92    0   1   0   1
93    0   1   0   1
94    0   1   0   1
95    0   1   0   1
96    0   1   0   1
97    0   1   0   1
98    0   1   0   1
99    0   1   0   1
100   0   1   0   1

 [*,2,*]
:     1   2   3   4    :=
1     0   0   1   1
2     0   0   1   1
3     0   0   1   1
4     0   0   1   1
5     0   0   1   1
6     0   0   1   1
7     0   0   1   1
8     0   0   1   1
9     0   0   1   1
10    0   0   1   1
11    0   0   1   1
12    0   0   1   1
13    0   0   1   1
14    0   0   1   1
15    0   0   1   1
16    0   0   1   1
17    0   0   1   1
18    0   0   1   1
19    0   0   1   1
20    0   0   1   1
21    0   0   1   1
22    0   0   1   1
23    0   0   1   1
24    0   0   1   1
25    0   0   1   1
26    0   0   1   1
27    0   0   1   1
28    0   0   1   1
29    0   0   1   1
30    0   0   1   1
31    0   0   1   1
32    0   0   1   1
33    0   0   1   1
34    0   0   1   1
35    0   0   1   1
36    0   0   1   1
37    0   0   1   1
38    0   0   1   1
39    0   0   1   1
40    0   0   1   1
41    0   0   1   1
42    0   0   1   1
43    0   0   1   1
44    0   0   1   1
45    0   0   1   1
46    0   0   1   1
47    0   0   1   1
48    0   0   1   1
49    0   0   1   1
50    0   0   1   1
51    0   0   1   1
52    0   0   1   1
53    0   0   1   1
54    0   0   1   1
55    0   0   1   1
56    0   0   1   1
57    0   0   1   1
58    0   0   1   1
59    0   0   1   1
60    0   0   1   1
61    0   0   1   1
62    0   0   1   1
63    0   0   1   1
64    0   0   1   1
65    0   0   1   1
66    0   0   1   1
67    0   0   1   1
68    0   0   1   1
69    0   0   1   1
70    0   0   1   1
71    0   0   1   1
72    0   0   1   1
73    0   0   1   1
74    0   0   1   1
75    0   0   1   1
76    0   0   1   1
77    0   0   1   1
78    0   0   1   1
79    0   0   1   1
80    0   0   1   1
81    0   0   1   1
82    0   0   1   1
83    0   0   1   1
84    0   0   1   1
85    0   0   1   1
86    0   0   1   1
87    0   0   1   1
88    0   0   1   1
89    0   0   1   1
90    0   0   1   1
91    0   0   1   1
92    0   0   1   1
93    0   0   1   1
94    0   0   1   1
95    0   0   1   1
96    0   0   1   1
97    0   0   1   1
98    0   0   1   1
99    0   0   1   1
100   0   0   1   1

 [*,3,*]
:     1   2   3   4    :=
1     1   0   0   1
2     1   0   0   1
3     1   0   0   1
4     1   0   0   1
5     1   0   0   1
6     1   0   0   1
7     1   0   0   1
8     1   0   0   1
9     1   0   0   1
10    1   0   0   1
11    1   0   0   1
12    1   0   0   1
13    1   0   0   1
14    1   0   0   1
15    1   0   0   1
16    1   0   0   1
17    1   0   0   1
18    1   0   0   1
19    1   0   0   1
20    1   0   0   1
21    1   0   0   1
22    1   0   0   1
23    1   0   0   1
24    1   0   0   1
25    1   0   0   1
26    1   0   0   1
27    1   0   0   1
28    1   0   0   1
29    1   0   0   1
30    1   0   0   1
31    1   0   0   1
32    1   0   0   1
33    1   0   0   1
34    1   0   0   1
35    1   0   0   1
36    1   0   0   1
37    1   0   0   1
38    1   0   0   1
39    1   0   0   1
40    1   0   0   1
41    1   0   0   1
42    1   0   0   1
43    1   0   0   1
44    1   0   0   1
45    1   0   0   1
46    1   0   0   1
47    1   0   0   1
48    1   0   0   1
49    1   0   0   1
50    1   0   0   1
51    1   0   0   1
52    1   0   0   1
53    1   0   0   1
54    1   0   0   1
55    1   0   0   1
56    1   0   0   1
57    1   0   0   1
58    1   0   0   1
59    1   0   0   1
60    1   0   0   1
61    1   0   0   1
62    1   0   0   1
63    1   0   0   1
64    1   0   0   1
65    1   0   0   1
66    1   0   0   1
67    1   0   0   1
68    1   0   0   1
69    1   0   0   1
70    1   0   0   1
71    1   0   0   1
72    1   0   0   1
73    1   0   0   1
74    1   0   0   1
75    1   0   0   1
76    1   0   0   1
77    1   0   0   1
78    1   0   0   1
79    1   0   0   1
80    1   0   0   1
81    1   0   0   1
82    1   0   0   1
83    1   0   0   1
84    1   0   0   1
85    1   0   0   1
86    1   0   0   1
87    1   0   0   1
88    1   0   0   1
89    1   0   0   1
90    1   0   0   1
91    1   0   0   1
92    1   0   0   1
93    1   0   0   1
94    1   0   0   1
95    1   0   0   1
96    1   0   0   1
97    1   0   0   1
98    1   0   0   1
99    1   0   0   1
100   1   0   0   1

 [*,4,*]
:     1   2   3   4    :=
1     1   1   1   0
2     1   1   1   0
3     1   1   1   0
4     1   1   1   0
5     1   1   1   0
6     1   1   1   0
7     1   1   1   0
8     1   1   1   0
9     1   1   1   0
10    1   1   1   0
11    1   1   1   0
12    1   1   1   0
13    1   1   1   0
14    1   1   1   0
15    1   1   1   0
16    1   1   1   0
17    1   1   1   0
18    1   1   1   0
19    1   1   1   0
20    1   1   1   0
21    1   1   1   0
22    1   1   1   0
23    1   1   1   0
24    1   1   1   0
25    1   1   1   0
26    1   1   1   0
27    1   1   1   0
28    1   1   1   0
29    1   1   1   0
30    1   1   1   0
31    1   1   1   0
32    1   1   1   0
33    1   1   1   0
34    1   1   1   0
35    1   1   1   0
36    1   1   1   0
37    1   1   1   0
38    1   1   1   0
39    1   1   1   0
40    1   1   1   0
41    1   1   1   0
42    1   1   1   0
43    1   1   1   0
44    1   1   1   0
45    1   1   1   0
46    1   1   1   0
47    1   1   1   0
48    1   1   1   0
49    1   1   1   0
50    1   1   1   0
51    1   1   1   0
52    1   1   1   0
53    1   1   1   0
54    1   1   1   0
55    1   1   1   0
56    1   1   1   0
57    1   1   1   0
58    1   1   1   0
59    1   1   1   0
60    1   1   1   0
61    1   1   1   0
62    1   1   1   0
63    1   1   1   0
64    1   1   1   0
65    1   1   1   0
66    1   1   1   0
67    1   1   1   0
68    1   1   1   0
69    1   1   1   0
70    1   1   1   0
71    1   1   1   0
72    1   1   1   0
73    1   1   1   0
74    1   1   1   0
75    1   1   1   0
76    1   1   1   0
77    1   1   1   0
78    1   1   1   0
79    1   1   1   0
80    1   1   1   0
81    1   1   1   0
82    1   1   1   0
83    1   1   1   0
84    1   1   1   0
85    1   1   1   0
86    1   1   1   0
87    1   1   1   0
88    1   1   1   0
89    1   1   1   0
90    1   1   1   0
91    1   1   1   0
92    1   1   1   0
93    1   1   1   0
94    1   1   1   0
95    1   1   1   0
96    1   1   1   0
97    1   1   1   0
98    1   1   1   0
99    1   1   1   0
100   1   1   1   0
;

---------------------------- Solution stats data ----------------------------
_ampl_time = 0.235443
_total_solve_time = 55817.4
_ampl_elapsed_time = 0.231701
_ampl_user_time = 0.18585

Total time elapsed: $55817.39.
_total_solve_time = 55817.4

---------------------------- Solution miscs data ----------------------------
tetrahedron_volume [*] :=
  1 0.117851    21 0.117851    41 0.117851    61 0.117851    81 0.117851
  2 0.117851    22 0.117851    42 0.117851    62 0.117851    82 0.117851
  3 0.117851    23 0.117851    43 0.117851    63 0.117851    83 0.117851
  4 0.117851    24 0.117851    44 0.117851    64 0.117851    84 0.117851
  5 0.117851    25 0.117851    45 0.117851    65 0.117851    85 0.117851
  6 0.117851    26 0.117851    46 0.117851    66 0.117851    86 0.117851
  7 0.117851    27 0.117851    47 0.117851    67 0.117851    87 0.117851
  8 0.117851    28 0.117851    48 0.117851    68 0.117851    88 0.117851
  9 0.117851    29 0.117851    49 0.117851    69 0.117851    89 0.117851
 10 0.117851    30 0.117851    50 0.117851    70 0.117851    90 0.117851
 11 0.117851    31 0.117851    51 0.117851    71 0.117851    91 0.117851
 12 0.117851    32 0.117851    52 0.117851    72 0.117851    92 0.117851
 13 0.117851    33 0.117851    53 0.117851    73 0.117851    93 0.117851
 14 0.117851    34 0.117851    54 0.117851    74 0.117851    94 0.117851
 15 0.117851    35 0.117851    55 0.117851    75 0.117851    95 0.117851
 16 0.117851    36 0.117851    56 0.117851    76 0.117851    96 0.117851
 17 0.117851    37 0.117851    57 0.117851    77 0.117851    97 0.117851
 18 0.117851    38 0.117851    58 0.117851    78 0.117851    98 0.117851
 19 0.117851    39 0.117851    59 0.117851    79 0.117851    99 0.117851
 20 0.117851    40 0.117851    60 0.117851    80 0.117851   100 0.117851
;

---------------------------- Solution miscs data ----------------------------
tetrahedron_surface_area [*] :=
  1 0    11 0    21 0    31 0    41 0    51 0    61 0    71 0    81 0    91 0
  2 0    12 0    22 0    32 0    42 0    52 0    62 0    72 0    82 0    92 0
  3 0    13 0    23 0    33 0    43 0    53 0    63 0    73 0    83 0    93 0
  4 0    14 0    24 0    34 0    44 0    54 0    64 0    74 0    84 0    94 0
  5 0    15 0    25 0    35 0    45 0    55 0    65 0    75 0    85 0    95 0
  6 0    16 0    26 0    36 0    46 0    56 0    66 0    76 0    86 0    96 0
  7 0    17 0    27 0    37 0    47 0    57 0    67 0    77 0    87 0    97 0
  8 0    18 0    28 0    38 0    48 0    58 0    68 0    78 0    88 0    98 0
  9 0    19 0    29 0    39 0    49 0    59 0    69 0    79 0    89 0    99 0
 10 0    20 0    30 0    40 0    50 0    60 0    70 0    80 0    90 0   100 0
;

