Error at _cmdno 5 executing "solve" command
(file amplin, line 1977, offset 37900):
error processing param distances:
	3600 invalid subscripts discarded:
	distances[76,1,1]
	distances[76,1,2]
	distances[76,1,3]
	and 3597 more.
##### This license is only intended for use by NEOS. #####
##### License is valid until Jan 16, 2026 #####
ariables.
Adjusted problem:
14776 variables:
	9225 nonlinear variables
	5551 linear variables
30525 constraints; 179175 nonzeros
	25950 nonlinear constraints
	4575 linear constraints
	2850 equality constraints
	27675 inequality constraints
1 linear objective; 1 nonzero.

Artelys Knitro 14.2.0: threads=4
algorithm=1
ms_enable=1
ms_maxsolves=10
feastol=1e-5
opttol=1e-5
honorbnds=1
bar_initpt=3
bar_murule=4
scale=1
outlev=2
maxtime_real=1200
WARNING:  Option 'threads' is deprecated, please use 'numthreads'.

=======================================
           Academic License
       (NOT FOR COMMERCIAL USE)
         Artelys Knitro 14.2.0
=======================================

No start point provided -- Knitro computing one.

Knitro presolve eliminated 0 variables and 0 constraints.

algorithm                1
bar_initpt               3
bar_murule               4
concurrent_evals         0
datacheck                0
feastol                  1e-05
findiff_numthreads       1
hessian_no_f             1
hessopt                  1
honorbnds                1
maxtime_real             1200
ms_enable                1
ms_maxsolves             10
numthreads               4
opttol                   1e-05

Problem Characteristics                                 (   Presolved)
-----------------------
Objective goal:  Minimize
Objective type:  linear
Number of variables:                              14776 (       14776)
    bounded below only:                             901 (         901)
    bounded above only:                               0 (           0)
    bounded below and above:                          0 (           0)
    fixed:                                            0 (           0)
    free:                                         13875 (       13875)
Number of constraints:                            30525 (       30525)
    linear equalities:                                0 (           0)
    quadratic equalities:                          2775 (        2775)
    gen. nonlinear equalities:                       75 (          75)
    linear one-sided inequalities:                 4575 (        4575)
    quadratic one-sided inequalities:             23100 (       23100)
    gen. nonlinear one-sided inequalities:            0 (           0)
    linear two-sided inequalities:                    0 (           0)
    quadratic two-sided inequalities:                 0 (           0)
    gen. nonlinear two-sided inequalities:            0 (           0)
Number of nonzeros in Jacobian:                  179175 (      179175)
Number of nonzeros in Hessian:                    80775 (       80775)

Knitro parallel multistart will run with 4 threads.

Return codes description
------------------------
  0:  The final solution satisfies the termination conditions for verifying optimality.
  -100 to -199:  A feasible approximate solution was found.
  -200 to -299:  Knitro terminated at an infeasible point.
  -300 to -301:  The problem was determined to be unbounded.
  -400 to -499:  Knitro terminated because it reached a pre-defined limit.
    -400 to -409:  A feasible point was found.
    -410 to -419:  No feasible point was found.
  -500 to -599:  Knitro terminated with an input error or some non-standard error.
A more detailed description of individual return codes and their corresponding
termination messages is provided at
https://www.artelys.com/app/docs/knitro/3_referenceManual/returnCodes.html

 Solve #  ThreadID  Status     Objective      FeasError    OptError    Real Time 
--------  --------  ------  --------------   ----------   ----------  ----------
      0          0       0         1.20215  4.33859e-05  8.73129e-06      567.864
      9          3    -410         573.312     0.745058      13.5300      2316.03
      6          3    -410         2094.53  3.63258e-03  7.52097e-02      2550.09
      5          1    -410         862.180  5.85343e-02     0.587280      2635.55
      3          3    -410         9926.90  1.57596e-02     0.495726      2867.22
      8          0    -410         1054.87  8.31919e-03     0.293764      2788.14
      4          0    -410         1914.70  7.73227e-03     0.716670      2993.62
      2          1    -410         5133.89     0.245594     0.143988      2843.16
      7          2    -410         2402.24  9.06719e-02      1.64876      2888.31
      1          2    -410         3174.63     0.169747     0.739443      2884.20

MULTISTART: Best locally optimal solution is returned.
EXIT: Locally optimal solution found.

Final Statistics
----------------
Final objective value               =   1.20215124539656e+00
Final feasibility error (abs / rel) =   4.34e-05 / 2.40e-06
Final optimality error  (abs / rel) =   8.73e-06 / 8.73e-06
# of iterations                     =      92571 
# of CG iterations                  =          0 
# of function evaluations           =     123258
# of gradient evaluations           =      92829
# of Hessian evaluations            =      92652
Total program time (secs)           =    7735.39404 ( 25212.352 CPU time)

===============================================================================

Knitro 14.2.0: Locally optimal or satisfactory solution.
objective 1.202151245; feasibility error 4.34e-05
92571 iterations; 123258 function evaluations

suffix feaserror OUT;
suffix opterror OUT;
suffix numfcevals OUT;
suffix numiters OUT;
---------------------------- Container and geometric considerations  ----------------------------
Container type: cube
Structural conservation type: surface
---------------------------- Solution execution data ----------------------------
solve_result_num = 0
solve_result = solved

---------------------------- Solution data ----------------------------
card(figures) = 75

coords [*,*,1]
:       1         2         3         4       :=
1    19.4262   19.6663   20.1358   20.109
2    20.6004   19.907    20.6003   19.8039
3    19.7448   20.1198   19.4211   19.4487
4    19.9915   19.399    19.399    19.6783
5    20.6011   20.4281   20.6011   20.1889
6    19.399    19.399    19.6781   19.9915
7    19.9916   19.6783   19.3989   19.399
8    20.6003   19.8035   20.6004   19.9064
9    20.3109   20.5667   19.6198   19.399
10   19.9445   19.8736   19.399    19.3997
11   19.399    19.9915   19.6782   19.399
12   19.9915   19.399    19.399    19.6783
13   19.3996   19.3989   19.8711   19.9699
14   20.6011   19.7813   20.6011   20.6011
15   19.9608   19.534    19.4284   20.1363
16   19.4081   20.1212   19.5505   20.0095
17   20.5957   19.6029   19.589    20.0536
18   19.9915   19.399    19.399    19.678
19   20.1005   19.6762   20.5972   19.9153
20   19.3989   19.7432   19.9704   19.3989
21   19.9704   19.5975   19.3989   19.3989
22   19.6541   20.601    19.4667   19.3989
23   20.6003   20.6004   19.9061   19.8033
24   19.9239   19.6277   20.4359   20.5765
25   20.6011   20.0653   20.3836   20.3838
26   19.4282   20.0611   19.6342   20.1362
27   19.9915   19.399    19.399    19.6783
28   19.9209   19.6802   20.5965   20.0937
29   20.1029   19.4138   19.4028   19.4069
30   19.4641   20.5992   19.4002   19.6538
31   20.2667   19.3989   19.3989   20.1925
32   19.428    19.9866   20.1361   19.5596
33   19.464    20.6011   19.6583   20.6011
34   20.5747   19.9226   19.6259   20.4316
35   19.4666   20.601    19.6541   19.3989
36   20.6011   19.5958   20.3162   19.9704
37   19.3989   19.3989   19.3989   19.3989
38   20.5928   19.65     19.4143   19.4445
39   19.6199   20.5667   19.399    20.3109
40   19.4019   19.8998   19.4129   20.1165
41   19.399    19.9917   19.6783   19.3989
42   19.9603   19.6102   19.3989   19.3989
43   19.9697   20.3812   20.3161   20.6011
44   19.9356   19.399    19.3998   19.8737
45   19.6844   19.941    20.0991   20.5941
46   20.6003   20.6004   19.9065   19.8035
47   19.4643   20.5998   19.6538   19.4005
48   19.9146   20.5938   20.1478   19.675
49   20.6004   20.6003   19.8037   19.9067
50   19.4669   19.3989   19.6542   20.601
51   20.3848   20.4192   19.8842   19.3989
52   19.4276   19.6327   20.0597   20.1359
53   19.9142   20.2775   19.6234   19.3989
54   20.6011   20.6011   20.6011   19.8458
55   19.6062   20.5229   19.3992   19.3991
56   19.7452   19.4213   19.4495   20.12
57   20.5667   20.3108   19.6197   19.3989
58   20.1195   19.4206   19.7441   19.4474
59   19.399    19.9915   19.6783   19.399
60   20.1349   20.037    19.4212   19.5869
61   20.0851   20.1355   19.427    19.6563
62   19.3993   19.6317   19.3991   19.9611
63   19.399    19.399    19.399    19.399
64   19.3989   19.8332   20.6011   19.4662
65   20.6011   20.6011   19.7571   20.6011
66   19.919    19.6782   20.597    20.0944
67   19.9704   20.3167   19.399    19.3991
68   19.399    19.3989   19.399    19.3989
69   19.3989   19.6542   20.601    19.4669
70   20.3106   19.6196   19.3989   20.5666
71   19.6193   20.3103   20.5665   19.3991
72   20.3109   19.3991   20.5668   19.6199
73   19.614    19.7432   19.9705   20.6011
74   20.5847   19.3989   20.6011   19.8332
75   19.3989   19.3989   19.3989   19.3989

 [*,*,2]
:       1         2         3         4       :=
1    19.7424   19.9993   20.601    20.5868
2    20.0199   19.7269   20.5995   19.5273
3    20.0963   20.601    19.7371   19.7416
4    20.4138   19.6126   19.4008   20.0532
5    20.6011   19.7776   20.6011   20.143
6    19.6125   19.4004   20.0528   20.4134
7    20.4144   20.0534   19.6127   19.4011
8    20.5995   19.5268   20.0202   19.7262
9    20.4357   20.6011   20.601    20.075
10   20.3607   20.1486   19.3997   19.6135
11   19.4005   20.4135   20.0529   19.6125
12   20.414    19.4009   19.6126   20.0533
13   19.6138   19.4012   20.146    20.3903
14   20.3685   19.4838   20.0238   20.6011
15   20.403    19.8343   19.7445   20.601
16   19.7337   20.601    19.9233   20.4665
17   20.5957   19.6142   19.6959   20.3402
18   20.4133   19.6125   19.4002   20.0526
19   20.3395   19.585    20.594    20.178
20   19.3989   19.7529   20.3008   19.3989
21   20.3008   19.9257   19.399    19.5062
22   20.6011   20.6011   20.4441   20.0751
23   20.5994   20.0203   19.7258   19.5265
24   20.2144   19.5656   20.4202   20.589
25   20.6011   20.207    20.6011   19.5671
26   19.7444   20.5271   19.9584   20.601
27   20.4142   19.6127   19.401    20.0534
28   20.1842   19.5852   20.5909   20.3349
29   20.6008   20.5114   19.8658   19.829
30   20.4421   20.6002   20.0753   20.601
31   19.8066   19.3989   19.3989   19.9817
32   19.7443   20.435    20.601    19.8663
33   19.4295   19.9592   19.3989   19.8011
34   20.5883   20.2142   19.5653   20.4223
35   20.444    20.6011   20.6011   20.0751
36   20.6011   19.9223   20.6011   20.3008
37   19.6128   20.5866   19.4662   20.075
38   20.5984   20.601    20.081    20.4268
39   20.601    20.6011   20.0751   20.4357
40   19.7325   20.3704   19.852    20.601
41   19.4013   20.4151   20.0534   19.6128
42   20.2848   19.8619   19.399    19.399
43   20.1945   19.5548   20.6011   20.6011
44   20.3507   19.3999   19.6136   20.149
45   19.5873   20.2017   20.3425   20.5868
46   20.5994   20.0201   19.7263   19.5268
47   20.4421   20.6005   20.601    20.0755
48   20.1747   20.5915   20.3733   19.5852
49   20.02     20.5995   19.5271   19.7265
50   20.4442   20.0751   20.6011   20.6011
51   19.5895   19.9616   19.4743   19.3989
52   19.7439   19.957    20.5256   20.601
53   20.212    20.0441   19.5638   19.3989
54   19.3989   19.3989   20.0302   19.3989
55   20.601    20.601    20.6009   20.2773
56   20.0966   19.7369   19.7422   20.601
57   20.6011   20.4357   20.6011   20.0751
58   20.601    19.7374   20.0957   19.7409
59   19.4007   20.4137   20.0531   19.6126
60   20.601    20.4998   19.7464   19.9479
61   20.5577   20.601    19.7436   19.9867
62   19.4      19.9794   19.5913   20.2882
63   19.6128   19.4663   20.0748   20.587
64   19.3989   19.4262   19.6303   19.3989
65   19.8011   20.0462   19.4692   20.3685
66   20.1837   19.5852   20.5925   20.3349
67   20.3008   20.6011   19.8456   20.5124
68   20.075    19.4662   20.5866   19.6128
69   20.0751   20.6011   20.6011   20.4443
70   20.4357   20.6011   20.0751   20.6011
71   20.6007   20.4354   20.6011   20.0748
72   20.4357   20.075    20.6011   20.601
73   19.9353   19.7529   20.3009   20.6011
74   19.3989   19.3989   19.6303   19.4261
75   20.075    19.4662   20.5865   19.6128

 [*,*,3]
:       1         2         3         4       :=
1    20.601    19.414    20.0439   20.601
2    20.5702   19.3996   19.4003   19.5405
3    19.399    20.6007   20.601    19.7284
4    19.8446   20.6009   19.399    20.6009
5    20.6011   20.6011   19.4866   19.3989
6    20.6009   19.3991   20.6008   19.844
7    19.8455   20.601    20.601    19.399
8    19.4003   19.5405   20.5695   19.3996
9    19.3989   19.5747   20.6011   19.3989
10   19.9665   19.4011   19.3992   20.6006
11   19.3991   19.8442   20.6009   20.6009
12   19.8449   19.399    20.6009   20.6009
13   20.6009   19.3991   19.3991   19.9021
14   19.3989   19.5708   20.564    19.3989
15   20.6009   19.3991   20.601    20.0434
16   20.601    20.0629   19.3991   20.6009
17   20.6009   20.601    20.2459   19.5581
18   19.8438   20.6009   19.3991   20.6008
19   19.6207   20.6008   20.6008   19.4778
20   20.299    20.6011   19.3989   19.3989
21   19.399    20.6011   19.3989   20.395
22   20.5638   19.5375   20.3366   19.3989
23   19.4003   20.5692   19.3996   19.5405
24   19.3991   20.5996   20.601    20.5534
25   20.6011   19.4015   19.7734   20.6011
26   20.601    20.6009   19.3991   20.0435
27   19.8452   20.601    19.399    20.6009
28   19.4672   20.6009   20.6008   19.602
29   20.3402   20.6006   19.4342   20.6005
30   20.3346   19.5371   19.399    20.5644
31   20.1527   19.3989   20.6011   19.6108
32   20.601    20.6009   20.0438   19.3991
33   20.1193   20.1747   19.3989   19.3989
34   20.55     19.3992   20.5995   20.601
35   20.3365   19.5375   20.5638   19.3989
36   20.6011   20.6011   19.8466   19.3989
37   20.6011   20.601    19.7675   19.3989
38   19.5392   20.5683   19.3991   20.3139
39   20.601    19.5747   19.3989   19.3989
40   20.601    20.6009   19.3992   20.0696
41   19.399    19.8464   20.601    20.601
42   19.4327   20.6011   19.3989   20.3548
43   19.43     20.6011   19.8465   20.6011
44   19.9891   19.3991   20.6005   19.4011
45   20.6009   19.4454   19.591    20.6009
46   19.4004   20.5696   19.3996   19.5406
47   20.3344   19.5375   20.5644   19.399
48   19.4912   20.6005   19.6871   20.6006
49   20.5699   19.4003   19.5404   19.3996
50   20.3369   19.3989   20.5639   19.5375
51   20.6011   20.5932   19.3989   20.6011
52   20.601    19.3991   20.6009   20.0445
53   19.3989   19.7008   20.6011   19.3989
54   19.3989   20.6011   20.417    19.4265
55   20.5954   19.5422   19.3992   19.3992
56   19.399    20.601    19.7274   20.6008
57   19.5748   19.3989   20.6011   19.3989
58   20.6006   20.601    19.399    19.7298
59   19.3991   19.8444   20.6009   20.6009
60   20.047    20.6008   20.601    19.3996
61   20.6009   20.0448   20.601    19.4009
62   19.4007   20.6001   20.4815   19.4103
63   20.6011   19.7679   19.3989   20.601
64   20.6011   19.3989   20.5336   19.7536
65   19.3989   20.4881   19.5369   19.3989
66   19.4675   20.6008   20.6008   19.6083
67   19.3989   19.8639   19.3989   20.6011
68   19.3989   19.7675   20.601    20.6011
69   19.3989   20.5639   19.5375   20.3371
70   19.3989   20.6011   19.3989   19.5748
71   20.6011   19.3989   19.575    19.3989
72   19.3989   19.3989   19.5747   20.601
73   20.5946   20.6011   19.3989   20.6011
74   20.5756   20.6011   20.5336   19.3989
75   19.3989   19.7675   20.601    20.6011
;

side = 1.20215
softness = 0.95

---------------------------- Solution coords data ----------------------------
distances [*,1,*]
:    1   2   3   4    :=
1    0   1   0   1
2    0   1   0   1
3    0   1   0   1
4    0   1   0   1
5    0   1   0   1
6    0   1   0   1
7    0   1   0   1
8    0   1   0   1
9    0   1   0   1
10   0   1   0   1
11   0   1   0   1
12   0   1   0   1
13   0   1   0   1
14   0   1   0   1
15   0   1   0   1
16   0   1   0   1
17   0   1   0   1
18   0   1   0   1
19   0   1   0   1
20   0   1   0   1
21   0   1   0   1
22   0   1   0   1
23   0   1   0   1
24   0   1   0   1
25   0   1   0   1
26   0   1   0   1
27   0   1   0   1
28   0   1   0   1
29   0   1   0   1
30   0   1   0   1
31   0   1   0   1
32   0   1   0   1
33   0   1   0   1
34   0   1   0   1
35   0   1   0   1
36   0   1   0   1
37   0   1   0   1
38   0   1   0   1
39   0   1   0   1
40   0   1   0   1
41   0   1   0   1
42   0   1   0   1
43   0   1   0   1
44   0   1   0   1
45   0   1   0   1
46   0   1   0   1
47   0   1   0   1
48   0   1   0   1
49   0   1   0   1
50   0   1   0   1
51   0   1   0   1
52   0   1   0   1
53   0   1   0   1
54   0   1   0   1
55   0   1   0   1
56   0   1   0   1
57   0   1   0   1
58   0   1   0   1
59   0   1   0   1
60   0   1   0   1
61   0   1   0   1
62   0   1   0   1
63   0   1   0   1
64   0   1   0   1
65   0   1   0   1
66   0   1   0   1
67   0   1   0   1
68   0   1   0   1
69   0   1   0   1
70   0   1   0   1
71   0   1   0   1
72   0   1   0   1
73   0   1   0   1
74   0   1   0   1
75   0   1   0   1

 [*,2,*]
:    1   2   3   4    :=
1    0   0   1   1
2    0   0   1   1
3    0   0   1   1
4    0   0   1   1
5    0   0   1   1
6    0   0   1   1
7    0   0   1   1
8    0   0   1   1
9    0   0   1   1
10   0   0   1   1
11   0   0   1   1
12   0   0   1   1
13   0   0   1   1
14   0   0   1   1
15   0   0   1   1
16   0   0   1   1
17   0   0   1   1
18   0   0   1   1
19   0   0   1   1
20   0   0   1   1
21   0   0   1   1
22   0   0   1   1
23   0   0   1   1
24   0   0   1   1
25   0   0   1   1
26   0   0   1   1
27   0   0   1   1
28   0   0   1   1
29   0   0   1   1
30   0   0   1   1
31   0   0   1   1
32   0   0   1   1
33   0   0   1   1
34   0   0   1   1
35   0   0   1   1
36   0   0   1   1
37   0   0   1   1
38   0   0   1   1
39   0   0   1   1
40   0   0   1   1
41   0   0   1   1
42   0   0   1   1
43   0   0   1   1
44   0   0   1   1
45   0   0   1   1
46   0   0   1   1
47   0   0   1   1
48   0   0   1   1
49   0   0   1   1
50   0   0   1   1
51   0   0   1   1
52   0   0   1   1
53   0   0   1   1
54   0   0   1   1
55   0   0   1   1
56   0   0   1   1
57   0   0   1   1
58   0   0   1   1
59   0   0   1   1
60   0   0   1   1
61   0   0   1   1
62   0   0   1   1
63   0   0   1   1
64   0   0   1   1
65   0   0   1   1
66   0   0   1   1
67   0   0   1   1
68   0   0   1   1
69   0   0   1   1
70   0   0   1   1
71   0   0   1   1
72   0   0   1   1
73   0   0   1   1
74   0   0   1   1
75   0   0   1   1

 [*,3,*]
:    1   2   3   4    :=
1    1   0   0   1
2    1   0   0   1
3    1   0   0   1
4    1   0   0   1
5    1   0   0   1
6    1   0   0   1
7    1   0   0   1
8    1   0   0   1
9    1   0   0   1
10   1   0   0   1
11   1   0   0   1
12   1   0   0   1
13   1   0   0   1
14   1   0   0   1
15   1   0   0   1
16   1   0   0   1
17   1   0   0   1
18   1   0   0   1
19   1   0   0   1
20   1   0   0   1
21   1   0   0   1
22   1   0   0   1
23   1   0   0   1
24   1   0   0   1
25   1   0   0   1
26   1   0   0   1
27   1   0   0   1
28   1   0   0   1
29   1   0   0   1
30   1   0   0   1
31   1   0   0   1
32   1   0   0   1
33   1   0   0   1
34   1   0   0   1
35   1   0   0   1
36   1   0   0   1
37   1   0   0   1
38   1   0   0   1
39   1   0   0   1
40   1   0   0   1
41   1   0   0   1
42   1   0   0   1
43   1   0   0   1
44   1   0   0   1
45   1   0   0   1
46   1   0   0   1
47   1   0   0   1
48   1   0   0   1
49   1   0   0   1
50   1   0   0   1
51   1   0   0   1
52   1   0   0   1
53   1   0   0   1
54   1   0   0   1
55   1   0   0   1
56   1   0   0   1
57   1   0   0   1
58   1   0   0   1
59   1   0   0   1
60   1   0   0   1
61   1   0   0   1
62   1   0   0   1
63   1   0   0   1
64   1   0   0   1
65   1   0   0   1
66   1   0   0   1
67   1   0   0   1
68   1   0   0   1
69   1   0   0   1
70   1   0   0   1
71   1   0   0   1
72   1   0   0   1
73   1   0   0   1
74   1   0   0   1
75   1   0   0   1

 [*,4,*]
:    1   2   3   4    :=
1    1   1   1   0
2    1   1   1   0
3    1   1   1   0
4    1   1   1   0
5    1   1   1   0
6    1   1   1   0
7    1   1   1   0
8    1   1   1   0
9    1   1   1   0
10   1   1   1   0
11   1   1   1   0
12   1   1   1   0
13   1   1   1   0
14   1   1   1   0
15   1   1   1   0
16   1   1   1   0
17   1   1   1   0
18   1   1   1   0
19   1   1   1   0
20   1   1   1   0
21   1   1   1   0
22   1   1   1   0
23   1   1   1   0
24   1   1   1   0
25   1   1   1   0
26   1   1   1   0
27   1   1   1   0
28   1   1   1   0
29   1   1   1   0
30   1   1   1   0
31   1   1   1   0
32   1   1   1   0
33   1   1   1   0
34   1   1   1   0
35   1   1   1   0
36   1   1   1   0
37   1   1   1   0
38   1   1   1   0
39   1   1   1   0
40   1   1   1   0
41   1   1   1   0
42   1   1   1   0
43   1   1   1   0
44   1   1   1   0
45   1   1   1   0
46   1   1   1   0
47   1   1   1   0
48   1   1   1   0
49   1   1   1   0
50   1   1   1   0
51   1   1   1   0
52   1   1   1   0
53   1   1   1   0
54   1   1   1   0
55   1   1   1   0
56   1   1   1   0
57   1   1   1   0
58   1   1   1   0
59   1   1   1   0
60   1   1   1   0
61   1   1   1   0
62   1   1   1   0
63   1   1   1   0
64   1   1   1   0
65   1   1   1   0
66   1   1   1   0
67   1   1   1   0
68   1   1   1   0
69   1   1   1   0
70   1   1   1   0
71   1   1   1   0
72   1   1   1   0
73   1   1   1   0
74   1   1   1   0
75   1   1   1   0
;

---------------------------- Solution stats data ----------------------------
_ampl_time = 0.12352
_total_solve_time = 25212.8
_ampl_elapsed_time = 0.12028
_ampl_user_time = 0.099661

Total time elapsed: $25212.79.
_total_solve_time = 25212.8

---------------------------- Solution miscs data ----------------------------
tetrahedron_volume [*] :=
 1 0    8 0   15 0   22 0   29 0   36 0   43 0   50 0   57 0   64 0   71 0
 2 0    9 0   16 0   23 0   30 0   37 0   44 0   51 0   58 0   65 0   72 0
 3 0   10 0   17 0   24 0   31 0   38 0   45 0   52 0   59 0   66 0   73 0
 4 0   11 0   18 0   25 0   32 0   39 0   46 0   53 0   60 0   67 0   74 0
 5 0   12 0   19 0   26 0   33 0   40 0   47 0   54 0   61 0   68 0   75 0
 6 0   13 0   20 0   27 0   34 0   41 0   48 0   55 0   62 0   69 0
 7 0   14 0   21 0   28 0   35 0   42 0   49 0   56 0   63 0   70 0
;

---------------------------- Solution miscs data ----------------------------
tetrahedron_surface_area [*] :=
 1 1.73205   14 1.73205   27 1.73205   40 1.73205   53 1.73205   66 1.73205
 2 1.73205   15 1.73205   28 1.73205   41 1.73205   54 1.73205   67 1.73205
 3 1.73205   16 1.73205   29 1.73205   42 1.73205   55 1.73205   68 1.73205
 4 1.73205   17 1.73205   30 1.73205   43 1.73205   56 1.73205   69 1.73205
 5 1.73205   18 1.73205   31 1.73205   44 1.73205   57 1.73205   70 1.73205
 6 1.73205   19 1.73205   32 1.73205   45 1.73205   58 1.73205   71 1.73205
 7 1.73205   20 1.73205   33 1.73205   46 1.73205   59 1.73205   72 1.73205
 8 1.73205   21 1.73205   34 1.73205   47 1.73205   60 1.73205   73 1.73205
 9 1.73205   22 1.73205   35 1.73205   48 1.73205   61 1.73205   74 1.73205
10 1.73205   23 1.73205   36 1.73205   49 1.73205   62 1.73205   75 1.73205
11 1.73205   24 1.73205   37 1.73205   50 1.73205   63 1.73205
12 1.73205   25 1.73205   38 1.73205   51 1.73205   64 1.73205
13 1.73205   26 1.73205   39 1.73205   52 1.73205   65 1.73205
;

