Error at _cmdno 5 executing "solve" command
(file amplin, line 1945, offset 37257):
error processing param distances:
	4000 invalid subscripts discarded:
	distances[51,1,1]
	distances[51,1,2]
	distances[51,1,3]
	and 3997 more.
##### This license is only intended for use by NEOS. #####
##### License is valid until Jan 16, 2026 #####
riables.
Adjusted problem:
6726 variables:
	4276 nonlinear variables
	2450 linear variables
13100 constraints; 79725 nonzeros
	11875 nonlinear constraints
	1225 linear constraints
	1275 equality constraints
	11825 inequality constraints
1 linear objective; 1 nonzero.

Artelys Knitro 14.2.0: threads=4
algorithm=1
ms_enable=1
ms_maxsolves=10
feastol=1e-5
opttol=1e-5
honorbnds=1
bar_initpt=3
bar_murule=4
scale=1
outlev=2
maxtime_real=3600
WARNING:  Option 'threads' is deprecated, please use 'numthreads'.

=======================================
           Academic License
       (NOT FOR COMMERCIAL USE)
         Artelys Knitro 14.2.0
=======================================

No start point provided -- Knitro computing one.

Knitro presolve eliminated 0 variables and 0 constraints.

algorithm                1
bar_initpt               3
bar_murule               4
concurrent_evals         0
datacheck                0
feastol                  1e-05
findiff_numthreads       1
hessian_no_f             1
hessopt                  1
honorbnds                1
maxtime_real             3600
ms_enable                1
ms_maxsolves             10
numthreads               4
opttol                   1e-05

Problem Characteristics                                 (   Presolved)
-----------------------
Objective goal:  Minimize
Objective type:  linear
Number of variables:                               6726 (        6726)
    bounded below only:                             601 (         601)
    bounded above only:                               0 (           0)
    bounded below and above:                          0 (           0)
    fixed:                                            0 (           0)
    free:                                          6125 (        6125)
Number of constraints:                            13100 (       13100)
    linear equalities:                                0 (           0)
    quadratic equalities:                          1225 (        1225)
    gen. nonlinear equalities:                       50 (          50)
    linear one-sided inequalities:                 1225 (        1225)
    quadratic one-sided inequalities:             10600 (       10600)
    gen. nonlinear one-sided inequalities:            0 (           0)
    linear two-sided inequalities:                    0 (           0)
    quadratic two-sided inequalities:                 0 (           0)
    gen. nonlinear two-sided inequalities:            0 (           0)
Number of nonzeros in Jacobian:                   79725 (       79725)
Number of nonzeros in Hessian:                    36976 (       36976)

Knitro parallel multistart will run with 4 threads.

Return codes description
------------------------
  0:  The final solution satisfies the termination conditions for verifying optimality.
  -100 to -199:  A feasible approximate solution was found.
  -200 to -299:  Knitro terminated at an infeasible point.
  -300 to -301:  The problem was determined to be unbounded.
  -400 to -499:  Knitro terminated because it reached a pre-defined limit.
    -400 to -409:  A feasible point was found.
    -410 to -419:  No feasible point was found.
  -500 to -599:  Knitro terminated with an input error or some non-standard error.
A more detailed description of individual return codes and their corresponding
termination messages is provided at
https://www.artelys.com/app/docs/knitro/3_referenceManual/returnCodes.html

 Solve #  ThreadID  Status     Objective      FeasError    OptError    Real Time 
--------  --------  ------  --------------   ----------   ----------  ----------
      3          3    -202         1705.90      34688.6      14.7405      150.017
      5          1    -202         861.616      30833.2      115.426      253.006
      2          1    -202         1529.13      56734.2      5.79067      299.361
      4          3    -202         1373.33      54297.6      42.3650      447.015
      0          0       0        0.658047  9.93500e-04  7.53438e-06      320.672
      7          1    -202         3498.15      58859.4      8.82985      1575.07
      6          0       0        0.747401  1.53465e-04  8.78880e-06      3693.95
      1          2    -410         686.428      7.24100     0.149097      3859.65
      8          3    -410         16423.8      6.85556      33.7265      4015.93
      9          1    -410         24612.5  1.55357e-02     0.999974      3474.57

MULTISTART: Best locally optimal solution is returned.
EXIT: Locally optimal solution found.

Final Statistics
----------------
Final objective value               =   6.58047341673075e-01
Final feasibility error (abs / rel) =   9.94e-04 / 9.26e-07
Final optimality error  (abs / rel) =   7.53e-06 / 7.53e-06
# of iterations                     =      49409 
# of CG iterations                  =          0 
# of function evaluations           =      58959
# of gradient evaluations           =      49713
# of Hessian evaluations            =      49446
Total program time (secs)           =    5602.57861 ( 13507.006 CPU time)

===============================================================================

Knitro 14.2.0: Locally optimal or satisfactory solution.
objective 0.6580473417; feasibility error 0.000994
49409 iterations; 58959 function evaluations

suffix feaserror OUT;
suffix opterror OUT;
suffix numfcevals OUT;
suffix numiters OUT;
---------------------------- Container and geometric considerations  ----------------------------
Container type: sphere
Structural conservation type: surface
---------------------------- Solution execution data ----------------------------
solve_result_num = 0
solve_result = solved

---------------------------- Solution data ----------------------------
card(figures) = 50

coords [*,*,1]
:       1         2         3         4       :=
1    19.78     20.3168   20.2212   19.6846
2    20.1926   20.3292   19.8014   19.6648
3    19.7812   20.3173   20.2182   19.6822
4    19.6835   20.2208   19.7758   20.3131
5    19.6823   20.2181   19.7824   20.3183
6    19.7876   19.6775   20.3216   20.2114
7    20.227    20.3146   19.6891   19.7765
8    20.3131   20.2178   19.681    19.7763
9    19.6802   20.2136   20.3252   19.7918
10   20.314    19.69     19.7756   20.2282
11   20.219    19.7783   20.3149   19.6823
12   19.7882   20.3223   19.6787   20.2127
13   20.224    19.6855   19.7704   20.3089
14   20.2601   19.7157   19.7458   20.2902
15   20.3063   19.6904   19.7663   20.2299
16   20.3269   20.2108   19.7944   19.6783
17   19.6812   20.217    19.7817   20.3175
18   20.3271   19.7965   20.2009   19.6705
19   20.314    19.6809   20.2176   19.7774
20   19.6884   20.2261   19.7772   20.3151
21   19.7888   19.6777   20.3225   20.2113
22   20.2162   19.778    19.6799   20.3143
23   19.7909   20.3248   19.681    20.2149
24   20.3139   19.6921   20.2307   19.7753
25   19.6833   19.7828   20.3189   20.2191
26   19.7766   20.3138   19.6841   20.2213
27   19.784    19.6773   20.3187   20.2119
28   19.6787   19.7941   20.3268   20.2114
29   19.7811   20.3177   20.2212   19.6848
30   20.3132   19.6917   19.7745   20.2303
31   19.7937   19.6705   20.2016   20.3248
32   19.7884   20.3214   19.6737   20.2067
33   20.3137   20.2292   19.6908   19.7751
34   19.779    19.6891   20.2266   20.3166
35   19.7876   20.2121   19.6782   20.3217
36   20.202    19.6708   20.3248   19.7936
37   20.2276   19.6894   20.3137   19.7753
38   20.296    20.2412   19.7535   19.6987
39   20.3096   20.223    19.6847   19.7713
40   20.3173   20.2222   19.6855   19.7804
41   20.319    20.2143   19.784    19.6793
42   19.6882   20.2278   20.3058   19.7662
43   19.7755   20.314    19.6903   20.2285
44   20.2202   19.684    20.3178   19.7813
45   20.319    19.687    19.7824   20.2236
46   19.6605   20.3334   20.1852   19.8087
47   20.3069   20.2272   19.6878   19.7676
48   19.7743   20.2303   20.3131   19.6916
49   19.8006   19.675    20.3309   20.2054
50   19.7816   20.2153   20.3172   19.6797

 [*,*,2]
:       1         2         3         4       :=
1    20.034    20.5711   19.9651   19.4281
2    19.9233   20.5689   20.0804   19.4347
3    20.0384   20.5714   19.9618   19.4289
4    19.4294   19.9699   20.0322   20.5727
5    19.4287   19.9604   20.0392   20.571
6    20.0504   19.43     20.5706   19.9501
7    19.9728   20.5708   19.4269   20.0247
8    20.5733   19.9675   19.4303   20.0361
9    19.4282   19.9467   20.5686   20.05
10   20.5708   19.4268   20.0226   19.9746
11   19.9658   20.0358   20.5723   19.4294
12   20.0492   20.5701   19.4293   19.9502
13   19.9785   19.4297   20.025    20.5737
14   20.0329   19.4266   19.9635   20.5699
15   20.5734   19.4288   20.0151   19.987
16   20.5682   19.9419   20.0549   19.4287
17   19.4293   19.9605   20.0403   20.5715
18   20.5694   20.0679   19.9333   19.432
19   20.5729   19.4302   19.966    20.0371
20   19.4271   19.9714   20.0263   20.5708
21   20.0511   19.4297   20.5702   19.9486
22   19.9645   20.039    19.4305   20.573
23   20.0481   20.5686   19.4279   19.9484
24   20.5703   19.426    19.9768   20.0196
25   19.4282   20.0381   20.5706   19.9604
26   20.032    20.5723   19.429    19.9693
27   20.0478   19.4306   20.5718   19.9547
28   19.4285   20.054    20.5682   19.9426
29   20.0346   20.5707   19.9638   19.4278
30   20.5706   19.4263   20.0193   19.9773
31   20.0656   19.4325   19.9372   20.5703
32   20.0565   20.5713   19.4317   19.9464
33   20.5707   19.9758   19.4265   20.0211
34   20.0268   19.4264   19.9697   20.5701
35   20.0495   19.9505   19.4297   20.5704
36   19.9376   19.4324   20.5703   20.0651
37   19.9745   19.4271   20.5711   20.0234
38   20.574    20.0102   19.993    19.4292
39   20.5737   19.9766   19.4298   20.0269
40   20.5707   19.9651   19.4276   20.033
41   20.5713   19.9562   20.0448   19.4297
42   19.4296   19.9858   20.5741   20.0178
43   20.0222   20.5707   19.4267   19.9748
44   19.9629   19.4281   20.5708   20.0358
45   20.5697   19.4266   20.0325   19.9638
46   19.4366   20.5671   19.9109   20.0928
47   20.5739   19.984    19.4294   20.0197
48   20.0192   19.9775   20.5707   19.4264
49   20.0648   19.4295   20.5668   19.9316
50   20.0423   19.9596   20.5719   19.4299

 [*,*,3]
:       1         2         3         4       :=
1    19.3807   19.9192   20.6188   20.0806
2    20.6246   19.9684   19.3778   20.034
3    19.3806   19.9236   20.6196   20.0768
4    20.0851   20.6192   19.3822   19.9162
5    20.0754   20.6196   19.3802   19.9247
6    19.3792   20.064    19.9364   20.6212
7    20.617    19.9095   20.0893   19.3816
8    19.9201   20.6201   20.0822   19.3822
9    20.061    20.6201   19.9369   19.3778
10   19.9073   20.0913   19.3818   20.6167
11   20.6196   19.3815   19.9203   20.0808
12   19.3789   19.9354   20.0644   20.6207
13   20.6184   20.0941   19.3838   19.9081
14   20.6038   20.1537   19.3939   19.844
15   19.8981   20.1042   19.385    20.6164
16   19.9421   20.6207   19.3773   20.0558
17   20.0752   20.62     19.3805   19.9253
18   19.9552   19.3777   20.6233   20.0457
19   19.9213   20.0807   20.6201   19.3819
20   20.0877   20.6173   19.3814   19.9112
21   19.3789   20.0626   19.9375   20.6211
22   20.6205   19.3818   20.079    19.9233
23   19.3779   19.9348   20.0629   20.6198
24   19.9039   20.0937   20.6158   19.3818
25   20.0757   19.38     19.9239   20.6192
26   19.3819   19.9162   20.0846   20.6189
27   19.3802   20.0686   19.933    20.6214
28   20.0566   19.3773   19.9412   20.6205
29   19.3804   19.92     20.6187   20.0793
30   19.9036   20.0943   19.3821   20.616
31   19.3786   20.0494   20.6233   19.9524
32   19.3795   19.9425   20.0595   20.6224
33   19.9056   20.6164   20.0927   19.3819
34   19.3807   20.0861   20.617    19.9117
35   19.3791   20.621    20.0645   19.9356
36   20.6232   20.0499   19.9518   19.3785
37   20.6169   20.0911   19.9079   19.3819
38   19.8739   20.6122   19.3899   20.1282
39   19.9101   20.6187   20.0921   19.3835
40   19.9183   20.6184   20.0808   19.3805
41   19.9302   20.6206   19.38     20.0705
42   20.102    20.6172   19.9003   19.3851
43   19.3818   19.9069   20.0916   20.6166
44   20.619    20.0784   19.9214   19.3804
45   19.9179   20.0797   19.3798   20.6178
46   20.0203   19.9821   20.6252   19.3772
47   19.9024   20.6174   20.1001   19.3847
48   19.3822   20.616    19.9036   20.0945
49   19.3762   20.0446   19.9531   20.6214
50   19.3807   20.6205   19.9272   20.074
;

radius = 0.658047
softness = 0.8

---------------------------- Solution coords data ----------------------------
distances [*,1,*]
:    1   2   3   4    :=
1    0   1   0   1
2    0   1   0   1
3    0   1   0   1
4    0   1   0   1
5    0   1   0   1
6    0   1   0   1
7    0   1   0   1
8    0   1   0   1
9    0   1   0   1
10   0   1   0   1
11   0   1   0   1
12   0   1   0   1
13   0   1   0   1
14   0   1   0   1
15   0   1   0   1
16   0   1   0   1
17   0   1   0   1
18   0   1   0   1
19   0   1   0   1
20   0   1   0   1
21   0   1   0   1
22   0   1   0   1
23   0   1   0   1
24   0   1   0   1
25   0   1   0   1
26   0   1   0   1
27   0   1   0   1
28   0   1   0   1
29   0   1   0   1
30   0   1   0   1
31   0   1   0   1
32   0   1   0   1
33   0   1   0   1
34   0   1   0   1
35   0   1   0   1
36   0   1   0   1
37   0   1   0   1
38   0   1   0   1
39   0   1   0   1
40   0   1   0   1
41   0   1   0   1
42   0   1   0   1
43   0   1   0   1
44   0   1   0   1
45   0   1   0   1
46   0   1   0   1
47   0   1   0   1
48   0   1   0   1
49   0   1   0   1
50   0   1   0   1

 [*,2,*]
:    1   2   3   4    :=
1    0   0   1   1
2    0   0   1   1
3    0   0   1   1
4    0   0   1   1
5    0   0   1   1
6    0   0   1   1
7    0   0   1   1
8    0   0   1   1
9    0   0   1   1
10   0   0   1   1
11   0   0   1   1
12   0   0   1   1
13   0   0   1   1
14   0   0   1   1
15   0   0   1   1
16   0   0   1   1
17   0   0   1   1
18   0   0   1   1
19   0   0   1   1
20   0   0   1   1
21   0   0   1   1
22   0   0   1   1
23   0   0   1   1
24   0   0   1   1
25   0   0   1   1
26   0   0   1   1
27   0   0   1   1
28   0   0   1   1
29   0   0   1   1
30   0   0   1   1
31   0   0   1   1
32   0   0   1   1
33   0   0   1   1
34   0   0   1   1
35   0   0   1   1
36   0   0   1   1
37   0   0   1   1
38   0   0   1   1
39   0   0   1   1
40   0   0   1   1
41   0   0   1   1
42   0   0   1   1
43   0   0   1   1
44   0   0   1   1
45   0   0   1   1
46   0   0   1   1
47   0   0   1   1
48   0   0   1   1
49   0   0   1   1
50   0   0   1   1

 [*,3,*]
:    1   2   3   4    :=
1    1   0   0   1
2    1   0   0   1
3    1   0   0   1
4    1   0   0   1
5    1   0   0   1
6    1   0   0   1
7    1   0   0   1
8    1   0   0   1
9    1   0   0   1
10   1   0   0   1
11   1   0   0   1
12   1   0   0   1
13   1   0   0   1
14   1   0   0   1
15   1   0   0   1
16   1   0   0   1
17   1   0   0   1
18   1   0   0   1
19   1   0   0   1
20   1   0   0   1
21   1   0   0   1
22   1   0   0   1
23   1   0   0   1
24   1   0   0   1
25   1   0   0   1
26   1   0   0   1
27   1   0   0   1
28   1   0   0   1
29   1   0   0   1
30   1   0   0   1
31   1   0   0   1
32   1   0   0   1
33   1   0   0   1
34   1   0   0   1
35   1   0   0   1
36   1   0   0   1
37   1   0   0   1
38   1   0   0   1
39   1   0   0   1
40   1   0   0   1
41   1   0   0   1
42   1   0   0   1
43   1   0   0   1
44   1   0   0   1
45   1   0   0   1
46   1   0   0   1
47   1   0   0   1
48   1   0   0   1
49   1   0   0   1
50   1   0   0   1

 [*,4,*]
:    1   2   3   4    :=
1    1   1   1   0
2    1   1   1   0
3    1   1   1   0
4    1   1   1   0
5    1   1   1   0
6    1   1   1   0
7    1   1   1   0
8    1   1   1   0
9    1   1   1   0
10   1   1   1   0
11   1   1   1   0
12   1   1   1   0
13   1   1   1   0
14   1   1   1   0
15   1   1   1   0
16   1   1   1   0
17   1   1   1   0
18   1   1   1   0
19   1   1   1   0
20   1   1   1   0
21   1   1   1   0
22   1   1   1   0
23   1   1   1   0
24   1   1   1   0
25   1   1   1   0
26   1   1   1   0
27   1   1   1   0
28   1   1   1   0
29   1   1   1   0
30   1   1   1   0
31   1   1   1   0
32   1   1   1   0
33   1   1   1   0
34   1   1   1   0
35   1   1   1   0
36   1   1   1   0
37   1   1   1   0
38   1   1   1   0
39   1   1   1   0
40   1   1   1   0
41   1   1   1   0
42   1   1   1   0
43   1   1   1   0
44   1   1   1   0
45   1   1   1   0
46   1   1   1   0
47   1   1   1   0
48   1   1   1   0
49   1   1   1   0
50   1   1   1   0
;

---------------------------- Solution stats data ----------------------------
_ampl_time = 0.151425
_total_solve_time = 13507.4
_ampl_elapsed_time = 0.147042
_ampl_user_time = 0.132639

Total time elapsed: $13507.36.
_total_solve_time = 13507.4

---------------------------- Solution miscs data ----------------------------
tetrahedron_volume [*] :=
 1 0    6 0   11 0   16 0   21 0   26 0   31 0   36 0   41 0   46 0
 2 0    7 0   12 0   17 0   22 0   27 0   32 0   37 0   42 0   47 0
 3 0    8 0   13 0   18 0   23 0   28 0   33 0   38 0   43 0   48 0
 4 0    9 0   14 0   19 0   24 0   29 0   34 0   39 0   44 0   49 0
 5 0   10 0   15 0   20 0   25 0   30 0   35 0   40 0   45 0   50 0
;

---------------------------- Solution miscs data ----------------------------
tetrahedron_surface_area [*] :=
 1 1.73205   10 1.73205   19 1.73205   28 1.73205   37 1.73205   46 1.73205
 2 1.73205   11 1.73205   20 1.73205   29 1.73205   38 1.73205   47 1.73205
 3 1.73205   12 1.73205   21 1.73205   30 1.73205   39 1.73205   48 1.73205
 4 1.73205   13 1.73205   22 1.73205   31 1.73205   40 1.73205   49 1.73205
 5 1.73205   14 1.73205   23 1.73205   32 1.73205   41 1.73205   50 1.73205
 6 1.73205   15 1.73205   24 1.73205   33 1.73205   42 1.73205
 7 1.73205   16 1.73205   25 1.73205   34 1.73205   43 1.73205
 8 1.73205   17 1.73205   26 1.73205   35 1.73205   44 1.73205
 9 1.73205   18 1.73205   27 1.73205   36 1.73205   45 1.73205
;

