Error at _cmdno 5 executing "solve" command
(file amplin, line 1945, offset 37257):
error processing param distances:
	4000 invalid subscripts discarded:
	distances[51,1,1]
	distances[51,1,2]
	distances[51,1,3]
	and 3997 more.
##### This license is only intended for use by NEOS. #####
##### License is valid until Jan 16, 2026 #####
riables.
Adjusted problem:
6726 variables:
	4276 nonlinear variables
	2450 linear variables
13100 constraints; 79725 nonzeros
	11875 nonlinear constraints
	1225 linear constraints
	1275 equality constraints
	11825 inequality constraints
1 linear objective; 1 nonzero.

Artelys Knitro 14.2.0: threads=4
algorithm=1
ms_enable=1
ms_maxsolves=10
feastol=1e-5
opttol=1e-5
honorbnds=1
bar_initpt=3
bar_murule=4
scale=1
outlev=2
maxtime_real=3600
WARNING:  Option 'threads' is deprecated, please use 'numthreads'.

=======================================
           Academic License
       (NOT FOR COMMERCIAL USE)
         Artelys Knitro 14.2.0
=======================================

No start point provided -- Knitro computing one.

Knitro presolve eliminated 0 variables and 0 constraints.

algorithm                1
bar_initpt               3
bar_murule               4
concurrent_evals         0
datacheck                0
feastol                  1e-05
findiff_numthreads       1
hessian_no_f             1
hessopt                  1
honorbnds                1
maxtime_real             3600
ms_enable                1
ms_maxsolves             10
numthreads               4
opttol                   1e-05

Problem Characteristics                                 (   Presolved)
-----------------------
Objective goal:  Minimize
Objective type:  linear
Number of variables:                               6726 (        6726)
    bounded below only:                             601 (         601)
    bounded above only:                               0 (           0)
    bounded below and above:                          0 (           0)
    fixed:                                            0 (           0)
    free:                                          6125 (        6125)
Number of constraints:                            13100 (       13100)
    linear equalities:                                0 (           0)
    quadratic equalities:                          1225 (        1225)
    gen. nonlinear equalities:                       50 (          50)
    linear one-sided inequalities:                 1225 (        1225)
    quadratic one-sided inequalities:             10600 (       10600)
    gen. nonlinear one-sided inequalities:            0 (           0)
    linear two-sided inequalities:                    0 (           0)
    quadratic two-sided inequalities:                 0 (           0)
    gen. nonlinear two-sided inequalities:            0 (           0)
Number of nonzeros in Jacobian:                   79725 (       79725)
Number of nonzeros in Hessian:                    36976 (       36976)

Knitro parallel multistart will run with 4 threads.

Return codes description
------------------------
  0:  The final solution satisfies the termination conditions for verifying optimality.
  -100 to -199:  A feasible approximate solution was found.
  -200 to -299:  Knitro terminated at an infeasible point.
  -300 to -301:  The problem was determined to be unbounded.
  -400 to -499:  Knitro terminated because it reached a pre-defined limit.
    -400 to -409:  A feasible point was found.
    -410 to -419:  No feasible point was found.
  -500 to -599:  Knitro terminated with an input error or some non-standard error.
A more detailed description of individual return codes and their corresponding
termination messages is provided at
https://www.artelys.com/app/docs/knitro/3_referenceManual/returnCodes.html

 Solve #  ThreadID  Status     Objective      FeasError    OptError    Real Time 
--------  --------  ------  --------------   ----------   ----------  ----------
      4          3    -202         990.880      19073.0      9.61498      157.017
      2          3    -202         1695.15      60438.2      1.19129      198.146
      0          0       0        0.997772  1.71797e-04  3.27090e-06      251.284
      7          2    -202         1790.27      57709.7      132.385      388.343
      1          2    -410         4199.76      291306.      1.00000      2350.40
      5          0    -410         265.299     0.154924  8.54115e-02      2312.52
      9          3    -410         4256.83      1.84627      37.1479      2188.27
      6          3    -410         1.03703  3.16075e-03  5.40168e-05      2180.31
      8          1    -410         7215.22     0.887107      4.84909      2351.79
      3          1    -410         6944.79  7.28584e-02     0.726936      2443.19

MULTISTART: Best locally optimal solution is returned.
EXIT: Locally optimal solution found.

Final Statistics
----------------
Final objective value               =   9.97771621549371e-01
Final feasibility error (abs / rel) =   1.72e-04 / 1.60e-07
Final optimality error  (abs / rel) =   3.27e-06 / 3.27e-06
# of iterations                     =      64945 
# of CG iterations                  =          0 
# of function evaluations           =      75307
# of gradient evaluations           =      65256
# of Hessian evaluations            =      64992
Total program time (secs)           =    4795.81494 ( 13602.336 CPU time)

===============================================================================

Knitro 14.2.0: Locally optimal or satisfactory solution.
objective 0.9977716215; feasibility error 0.000172
64945 iterations; 75307 function evaluations

suffix feaserror OUT;
suffix opterror OUT;
suffix numfcevals OUT;
suffix numiters OUT;
---------------------------- Container and geometric considerations  ----------------------------
Container type: sphere
Structural conservation type: surface
---------------------------- Solution execution data ----------------------------
solve_result_num = 0
solve_result = solved

---------------------------- Solution data ----------------------------
card(figures) = 50

coords [*,*,1]
:       1         2         3         4       :=
1    20.0154   19.1816   19.4264   20.3058
2    20.804    20.7934   20.3015   19.76
3    20.3766   19.8338   20.3894   19.3079
4    20.0487   20.1348   19.2238   20.255
5    19.7939   20.791    19.6735   20.2049
6    20.3001   19.2013   20.0747   20.1503
7    20.533    20.6051   19.5006   20.2636
8    20.8126   19.7974   19.78     20.3239
9    20.6779   19.9371   19.8925   19.664
10   20.3087   19.3187   20.4882   20.1087
11   19.3441   19.0261   19.291    20.2666
12   19.1087   19.7738   19.5236   20.2304
13   19.7207   20.2625   19.4943   20.4924
14   20.8253   19.941    20.4204   20.8784
15   20.2479   19.5194   19.2242   20.0491
16   19.6579   20.7468   20.2698   20.1765
17   19.2308   19.2994   19.0179   20.261
18   19.4247   20.2621   20.2957   20.7064
19   20.726    19.6183   20.4336   20.6088
20   19.7425   19.7767   20.8464   20.25
21   19.286    20.2615   19.6722   19.0206
22   20.1217   19.1532   19.4376   20.272
23   19.437    20.1788   19.5427   20.2721
24   20.3041   20.7674   20.7042   19.9034
25   20.1927   19.2901   19.7578   20.4899
26   19.8875   20.5232   19.5866   20.7012
27   19.6026   20.1181   19.1069   19.1226
28   19.7427   19.7749   20.7282   20.2135
29   20.3608   20.8545   19.9359   19.8705
30   20.4398   20.006    20.0688   20.8784
31   20.3824   19.2926   19.8334   19.7372
32   19.1821   19.4263   20.3058   19.2189
33   19.8535   19.552    19.0196   20.0687
34   20.318    20.0126   19.6487   20.5998
35   20.1702   20.3149   19.8038   19.0802
36   19.756    19.2656   19.2093   20.2318
37   19.8757   20.8401   20.8022   20.3955
38   19.2097   20.3397   19.2949   19.6489
39   19.1354   20.0484   19.1631   20.0659
40   20.1427   20.5216   19.4355   20.5252
41   20.1184   20.5953   19.5573   19.6225
42   20.4457   20.0457   20.0631   19.1824
43   20.7696   20.777    20.1796   19.7063
44   19.2789   19.3844   19.1394   20.2912
45   20.9108   20.2491   19.9018   20.855
46   19.8672   20.2109   20.9749   20.5793
47   19.3904   20.4746   19.7089   19.4603
48   20.8576   20.9811   20.4845   20.1593
49   19.8467   20.7865   20.6823   20.1842
50   20.329    19.2327   19.6209   19.406

 [*,*,2]
:       1         2         3         4       :=
1    19.1458   20.1468   19.398    20.0179
2    19.7432   20.5697   20.9293   20.3017
3    19.0816   19.0163   20.0698   19.7826
4    20.4429   19.165    19.7019   19.6021
5    19.7798   20.2237   20.8667   20.6848
6    19.3234   19.6894   19.0378   20.2256
7    20.144    19.2121   19.7746   19.0989
8    20.1382   20.0948   20.9341   20.8596
9    19.4855   20.5584   19.3842   19.8623
10   19.0683   19.4716   19.3793   20.2181
11   20.7143   20.2058   19.4955   20.0493
12   19.6705   20.2915   19.2492   19.0976
13   20.6607   20.8283   20.2859   19.6106
14   19.6632   20.1675   20.8977   20.472
15   19.5832   20.6311   19.7023   20.4433
16   19.6013   19.3612   19.1894   20.3875
17   19.513    20.6984   20.1595   19.9518
18   19.5092   19.0492   20.176    19.3561
19   19.9495   20.1407   20.4864   19.3584
20   19.7116   20.2248   20.0296   19.0342
21   19.4927   20.0464   19.0629   20.181
22   20.9339   20.3912   20.8174   20.4729
23   20.0971   20.3582   19.559    19.1601
24   20.538    19.4276   20.6653   19.9648
25   20.7894   20.2088   20.9325   19.8549
26   20.8393   20.3109   19.6097   19.8241
27   19.0876   19.6287   19.566    20.1885
28   19.7957   20.3043   19.5076   20.7055
29   19.1944   19.5052   20.4134   19.2846
30   20.7167   20.136    19.5381   19.6017
31   19.5978   19.8086   19.3029   20.5015
32   20.1378   19.3981   20.0179   20.5907
33   19.9983   20.4321   19.8146   19.2592
34   20.6799   19.6146   20.035    19.4085
35   19.7023   20.3537   19.2824   20.3603
36   20.5752   20.4112   19.6372   19.5996
37   20.4759   19.7818   20.3368   19.2866
38   20.5955   20        19.9128   20.8919
39   20.1184   20.8061   20.5292   20.1516
40   19.0394   19.1685   19.7623   20.1223
41   20.6265   20.0708   19.5963   20.8373
42   20.6095   20.9098   20.2553   20.3319
43   19.6949   20.2446   19.2113   20.4019
44   20.5495   19.3483   19.8568   19.7296
45   19.9026   19.1813   20.3768   19.4878
46   20.0978   20.9626   19.9066   20.6686
47   19.6756   19.6227   20.6768   20.2557
48   19.5301   19.9219   20.7605   19.5513
49   20.1499   19.5638   20.7241   20.7155
50   20.1142   20.5886   20.6466   19.4948

 [*,*,3]
:       1         2         3         4       :=
1    19.4846   19.5371   19.4485   20.185
2    20.0012   20.2037   20.2024   19.4553
3    20.1008   19.982    20.5126   19.8433
4    20.7731   20.5293   20.0872   20.8787
5    19.8523   20.5655   20.3713   20.6962
6    20.6691   20.0703   20.2533   20.7857
7    20.3939   20.0929   19.6884   19.6623
8    20.2912   19.4742   20.2733   20.3896
9    19.7986   19.7874   19.2223   19.0706
10   20.1796   20.0409   20.6098   20.761
11   20.2347   20.0693   19.7746   20.4391
12   19.6957   20.2896   19.5473   20.0328
13   20.1254   20.4904   19.5873   20.085
14   19.996    19.1813   19.8863   20.0349
15   20.872    20.6052   20.0876   20.7734
16   19.1518   19.8275   19.5475   20.0533
17   19.5917   20.1304   19.9258   20.2596
18   20.1018   20.1514   20.8067   20.2862
19   20.0425   19.3819   20.3389   19.7088
20   19.9108   20.2572   20.5275   20.0154
21   19.7711   20.4357   19.9004   20.059
22   20.3294   19.6458   20.1054   19.1646
23   19.182    20.0409   19.2306   19.5351
24   19.2166   19.719    19.7612   19.0075
25   20.579    19.8386   20.2594   20.2065
26   20.5278   20.7907   20.2152   20.6138
27   19.9286   20.9186   20.0978   20.4362
28   19.0579   19.4657   19.8614   19.8645
29   19.7828   20.1431   19.9659   19.3166
30   19.5346   19.2405   19.1182   20.0489
31   20.0069   19.3229   19.3058   19.8099
32   19.5346   19.4485   20.185    19.9329
33   20.987    20.7798   20.0016   20.5408
34   19.7667   19.0798   19.0668   19.7015
35   20.4212   20.5593   20.0199   20.1404
36   20.778    20.5358   20.0559   20.8641
37   19.9553   20.4921   20.4885   19.8315
38   19.9308   20.1929   19.4178   20.2026
39   19.5164   20.1436   19.8776   19.016
40   19.7711   20.1793   19.7695   20.3883
41   20.7675   20.7976   20.1983   20.3899
42   19.3701   20.3222   19.1947   19.5343
43   20.5569   20.5762   20.0514   20.2932
44   20.058    19.5619   19.5158   20.1135
45   20.3956   19.5342   19.9218   19.9537
46   19.5303   20.1564   20.1909   20.4614
47   19.3538   20.0761   20.126    19.5562
48   19.8019   20.1642   19.5855   19.2222
49   19.2561   19.9441   20.076    19.8396
50   20.768    20.2456   20.6586   20.0866
;

radius = 0.997772
softness = 0.7

---------------------------- Solution coords data ----------------------------
distances [*,1,*]
:    1   2   3   4    :=
1    0   1   0   1
2    0   1   0   1
3    0   1   0   1
4    0   1   0   1
5    0   1   0   1
6    0   1   0   1
7    0   1   0   1
8    0   1   0   1
9    0   1   0   1
10   0   1   0   1
11   0   1   0   1
12   0   1   0   1
13   0   1   0   1
14   0   1   0   1
15   0   1   0   1
16   0   1   0   1
17   0   1   0   1
18   0   1   0   1
19   0   1   0   1
20   0   1   0   1
21   0   1   0   1
22   0   1   0   1
23   0   1   0   1
24   0   1   0   1
25   0   1   0   1
26   0   1   0   1
27   0   1   0   1
28   0   1   0   1
29   0   1   0   1
30   0   1   0   1
31   0   1   0   1
32   0   1   0   1
33   0   1   0   1
34   0   1   0   1
35   0   1   0   1
36   0   1   0   1
37   0   1   0   1
38   0   1   0   1
39   0   1   0   1
40   0   1   0   1
41   0   1   0   1
42   0   1   0   1
43   0   1   0   1
44   0   1   0   1
45   0   1   0   1
46   0   1   0   1
47   0   1   0   1
48   0   1   0   1
49   0   1   0   1
50   0   1   0   1

 [*,2,*]
:    1   2   3   4    :=
1    0   0   1   1
2    0   0   1   1
3    0   0   1   1
4    0   0   1   1
5    0   0   1   1
6    0   0   1   1
7    0   0   1   1
8    0   0   1   1
9    0   0   1   1
10   0   0   1   1
11   0   0   1   1
12   0   0   1   1
13   0   0   1   1
14   0   0   1   1
15   0   0   1   1
16   0   0   1   1
17   0   0   1   1
18   0   0   1   1
19   0   0   1   1
20   0   0   1   1
21   0   0   1   1
22   0   0   1   1
23   0   0   1   1
24   0   0   1   1
25   0   0   1   1
26   0   0   1   1
27   0   0   1   1
28   0   0   1   1
29   0   0   1   1
30   0   0   1   1
31   0   0   1   1
32   0   0   1   1
33   0   0   1   1
34   0   0   1   1
35   0   0   1   1
36   0   0   1   1
37   0   0   1   1
38   0   0   1   1
39   0   0   1   1
40   0   0   1   1
41   0   0   1   1
42   0   0   1   1
43   0   0   1   1
44   0   0   1   1
45   0   0   1   1
46   0   0   1   1
47   0   0   1   1
48   0   0   1   1
49   0   0   1   1
50   0   0   1   1

 [*,3,*]
:    1   2   3   4    :=
1    1   0   0   1
2    1   0   0   1
3    1   0   0   1
4    1   0   0   1
5    1   0   0   1
6    1   0   0   1
7    1   0   0   1
8    1   0   0   1
9    1   0   0   1
10   1   0   0   1
11   1   0   0   1
12   1   0   0   1
13   1   0   0   1
14   1   0   0   1
15   1   0   0   1
16   1   0   0   1
17   1   0   0   1
18   1   0   0   1
19   1   0   0   1
20   1   0   0   1
21   1   0   0   1
22   1   0   0   1
23   1   0   0   1
24   1   0   0   1
25   1   0   0   1
26   1   0   0   1
27   1   0   0   1
28   1   0   0   1
29   1   0   0   1
30   1   0   0   1
31   1   0   0   1
32   1   0   0   1
33   1   0   0   1
34   1   0   0   1
35   1   0   0   1
36   1   0   0   1
37   1   0   0   1
38   1   0   0   1
39   1   0   0   1
40   1   0   0   1
41   1   0   0   1
42   1   0   0   1
43   1   0   0   1
44   1   0   0   1
45   1   0   0   1
46   1   0   0   1
47   1   0   0   1
48   1   0   0   1
49   1   0   0   1
50   1   0   0   1

 [*,4,*]
:    1   2   3   4    :=
1    1   1   1   0
2    1   1   1   0
3    1   1   1   0
4    1   1   1   0
5    1   1   1   0
6    1   1   1   0
7    1   1   1   0
8    1   1   1   0
9    1   1   1   0
10   1   1   1   0
11   1   1   1   0
12   1   1   1   0
13   1   1   1   0
14   1   1   1   0
15   1   1   1   0
16   1   1   1   0
17   1   1   1   0
18   1   1   1   0
19   1   1   1   0
20   1   1   1   0
21   1   1   1   0
22   1   1   1   0
23   1   1   1   0
24   1   1   1   0
25   1   1   1   0
26   1   1   1   0
27   1   1   1   0
28   1   1   1   0
29   1   1   1   0
30   1   1   1   0
31   1   1   1   0
32   1   1   1   0
33   1   1   1   0
34   1   1   1   0
35   1   1   1   0
36   1   1   1   0
37   1   1   1   0
38   1   1   1   0
39   1   1   1   0
40   1   1   1   0
41   1   1   1   0
42   1   1   1   0
43   1   1   1   0
44   1   1   1   0
45   1   1   1   0
46   1   1   1   0
47   1   1   1   0
48   1   1   1   0
49   1   1   1   0
50   1   1   1   0
;

---------------------------- Solution stats data ----------------------------
_ampl_time = 0.110027
_total_solve_time = 13602.6
_ampl_elapsed_time = 0.105064
_ampl_user_time = 0.08801

Total time elapsed: $13602.62.
_total_solve_time = 13602.6

---------------------------- Solution miscs data ----------------------------
tetrahedron_volume [*] :=
 1 0    6 0   11 0   16 0   21 0   26 0   31 0   36 0   41 0   46 0
 2 0    7 0   12 0   17 0   22 0   27 0   32 0   37 0   42 0   47 0
 3 0    8 0   13 0   18 0   23 0   28 0   33 0   38 0   43 0   48 0
 4 0    9 0   14 0   19 0   24 0   29 0   34 0   39 0   44 0   49 0
 5 0   10 0   15 0   20 0   25 0   30 0   35 0   40 0   45 0   50 0
;

---------------------------- Solution miscs data ----------------------------
tetrahedron_surface_area [*] :=
 1 1.73205   10 1.73205   19 1.73205   28 1.73205   37 1.73205   46 1.73205
 2 1.73205   11 1.73205   20 1.73205   29 1.73205   38 1.73205   47 1.73205
 3 1.73205   12 1.73205   21 1.73205   30 1.73205   39 1.73205   48 1.73205
 4 1.73205   13 1.73205   22 1.73205   31 1.73205   40 1.73205   49 1.73205
 5 1.73205   14 1.73205   23 1.73205   32 1.73205   41 1.73205   50 1.73205
 6 1.73205   15 1.73205   24 1.73205   33 1.73205   42 1.73205
 7 1.73205   16 1.73205   25 1.73205   34 1.73205   43 1.73205
 8 1.73205   17 1.73205   26 1.73205   35 1.73205   44 1.73205
 9 1.73205   18 1.73205   27 1.73205   36 1.73205   45 1.73205
;

