Error at _cmdno 5 executing "solve" command
(file amplin, line 1961, offset 37058):
error processing param distances:
	3680 invalid subscripts discarded:
	distances[71,1,1]
	distances[71,1,2]
	distances[71,1,3]
	and 3677 more.
##### This license is only intended for use by NEOS. #####
##### License is valid until Jan 16, 2026 #####
ariables.
Substitution eliminates 1 variable.
Adjusted problem:
12918 variables:
	8088 nonlinear variables
	4830 linear variables
25903 constraints; 155161 nonzeros
	22925 nonlinear constraints
	2978 linear constraints
	2486 equality constraints
	23417 inequality constraints
1 nonlinear objective; 3 nonzeros.

Artelys Knitro 14.2.0: threads=4
algorithm=1
ms_enable=1
ms_maxsolves=10
feastol=1e-5
opttol=1e-5
honorbnds=1
bar_initpt=3
bar_murule=4
scale=1
outlev=2
maxtime_real=1200
WARNING:  Option 'threads' is deprecated, please use 'numthreads'.
WARNING: 1 constraint is constant or undefined and will be ignored.

=======================================
           Academic License
       (NOT FOR COMMERCIAL USE)
         Artelys Knitro 14.2.0
=======================================

No start point provided -- Knitro computing one.

Knitro presolve eliminated 0 variables and 1 constraint.

algorithm                1
bar_initpt               3
bar_murule               4
concurrent_evals         0
datacheck                0
feastol                  1e-05
findiff_numthreads       1
hessian_no_f             1
hessopt                  1
honorbnds                1
maxtime_real             1200
ms_enable                1
ms_maxsolves             10
numthreads               4
opttol                   1e-05

Problem Characteristics                                 (   Presolved)
-----------------------
Objective goal:  Minimize
Objective type:  general
Number of variables:                              12918 (       12918)
    bounded below only:                               1 (           1)
    bounded above only:                               0 (           0)
    bounded below and above:                          0 (           0)
    fixed:                                            0 (           0)
    free:                                         12917 (       12917)
Number of constraints:                            25903 (       25902)
    linear equalities:                                1 (           0)
    quadratic equalities:                          2415 (        2415)
    gen. nonlinear equalities:                       70 (          70)
    linear one-sided inequalities:                 2977 (        2977)
    quadratic one-sided inequalities:             20440 (       20440)
    gen. nonlinear one-sided inequalities:            0 (           0)
    linear two-sided inequalities:                    0 (           0)
    quadratic two-sided inequalities:                 0 (           0)
    gen. nonlinear two-sided inequalities:            0 (           0)
Number of nonzeros in Jacobian:                  155161 (      155161)
Number of nonzeros in Hessian:                    70668 (       70668)

Knitro parallel multistart will run with 4 threads.

Return codes description
------------------------
  0:  The final solution satisfies the termination conditions for verifying optimality.
  -100 to -199:  A feasible approximate solution was found.
  -200 to -299:  Knitro terminated at an infeasible point.
  -300 to -301:  The problem was determined to be unbounded.
  -400 to -499:  Knitro terminated because it reached a pre-defined limit.
    -400 to -409:  A feasible point was found.
    -410 to -419:  No feasible point was found.
  -500 to -599:  Knitro terminated with an input error or some non-standard error.
A more detailed description of individual return codes and their corresponding
termination messages is provided at
https://www.artelys.com/app/docs/knitro/3_referenceManual/returnCodes.html

 Solve #  ThreadID  Status     Objective      FeasError    OptError    Real Time 
--------  --------  ------  --------------   ----------   ----------  ----------
      0          0       0         3.60616  3.18039e-05  1.49631e-06      308.348
      1          2    -410     6.29360e+09  5.67808e+06      3065.79      2537.85
      6          1    -410     2.01912e+09  4.78465e+06      1901.42      2881.29
      2          3    -410     2.84468e+12  2.17095e+06      147605.      2390.82
      3          1    -410     1.20850e+12      171755.      190599.      2511.36
      4          0    -410     7.64253e+12  1.14925e+06      850846.      2544.30
      5          3    -410     1.11254e+10      369484.      1588.41      2821.11
      7          2    -410     2.92687e+13  1.83272e+06      672746.      2758.13
      9          3    -410     5.80216e+12      43.3155      325708.      2586.45
      8          0    -410     5.48842e+12      83.1943      820931.      2769.76

MULTISTART: Best locally optimal solution is returned.
EXIT: Locally optimal solution found.

Final Statistics
----------------
Final objective value               =   3.60616459395539e+00
Final feasibility error (abs / rel) =   3.18e-05 / 5.77e-06
Final optimality error  (abs / rel) =   1.50e-06 / 2.34e-07
# of iterations                     =      91631 
# of CG iterations                  =          0 
# of function evaluations           =      93059
# of gradient evaluations           =      91753
# of Hessian evaluations            =      91660
Total program time (secs)           =    7798.68945 ( 24033.988 CPU time)

===============================================================================

Knitro 14.2.0: Locally optimal or satisfactory solution.
objective 3.606164594; feasibility error 3.18e-05
91631 iterations; 93059 function evaluations

suffix feaserror OUT;
suffix opterror OUT;
suffix numfcevals OUT;
suffix numiters OUT;
---------------------------- Solver Status Report ----------------------------
solve_result_num = 0
solve_result = solved
solve_message = 'Knitro 14.2.0: Locally optimal or satisfactory solution.\
objective 3.606164594; feasibility error 3.18e-05\
91631 iterations; 93059 function evaluations'


---------------------------- Problem Dimensions ----------------------------
Variables: 25414
Constraints: 25974
---------------------------- Container and geometric considerations  ----------------------------
Container type: cylinder
Structural conservation type: volume & surface
---------------------------- Solution execution data ----------------------------
solve_result_num = 0
solve_result = solved

---------------------------- Solution data ----------------------------
card(figures) = 70

coords [*,*,1]
:        1             2            3            4         :=
1    -0.182833     0.0304603    -0.859963    -0.182316
2     1.09448      1.05378       0.179767     0.759394
3     1.08283      0.533439      1.11624      0.700765
4     1.12389      1.07173       0.104072     0.47993
5     0.07992      0.805143      0.761575    -0.254701
6    -0.0808181    0.701128      0.516993     0.558228
7    -0.632532    -0.529416     -0.0903291   -0.793195
8    -0.977223    -0.182827     -0.763534    -0.48535
9     0.807201     1.10397      -0.0760215    0.77242
10    0.0286676    0.285658      0.701523     0.426167
11   -0.701482     0.0711995    -0.845295    -0.142821
12    0.177596     0.535931     -0.722673    -0.0513733
13   -1.08708     -0.845358      0.0532889   -0.701482
14   -0.0799599    0.184877      0.601365     0.0309785
15    0.773673    -0.461433     -0.380443    -0.156985
16    0.476233     1.12961       1.0755       0.93591
17    0.0304633   -0.199438      0.645371     0.421329
18   -0.722673     0.535932     -0.107647    -0.0513748
19   -0.306701     0.055995      0.699113    -0.542312
20    0.191963    -0.485303     -0.677089     0.021853
21    0.384486    -0.144523     -0.315631    -0.467596
22    1.12913      0.171641      0.420524     0.535938
23   -1.05352     -0.287294      0.0619961   -0.392528
24   -0.796315     0.116591     -0.605711     0.10564
25   -0.204447     0.466145      0.393247     0.935565
26    0.060178     0.410328      0.794791     0.0130245
27   -0.166151    -0.380433      0.773668     0.236894
28   -0.543586    -0.682115     -1.12811     -1.10507
29    0.11162      0.554865     -0.0267661   -0.636812
30    0.0218543   -0.677087     -0.0804569    0.19196
31    0.427863     0.481387      0.93559      1.07549
32   -1.00074     -0.766261     -1.12973     -0.355279
33   -0.315625    -0.145806      0.193343     0.432547
34    0.095805    -0.566609      0.286738     0.106463
35   -0.965521    -0.63986      -0.284711    -1.05352
36    0.177263     0.0304562    -0.840441    -0.283378
37   -1.00897     -0.980704     -1.12988     -0.530031
38   -0.252857    -1.05352      -0.698852    -0.384318
39    1.06319     -0.00944375    0.407131     0.287842
40    1.11572     -0.112912      0.735211     0.242355
41   -0.766765    -0.441666     -1.09673     -0.632535
42    0.0128359    0.504575     -0.577401    -0.200613
43   -1.0471      -0.41741      -0.14399     -0.683247
44   -0.0698889   -0.671691     -0.543583    -0.965519
45   -0.840445    -0.755749      0.0304529   -0.283379
46    0.664768     1.07089       1.12177      0.104078
47   -0.119438    -0.679047     -0.424424    -0.158601
48    0.504282     0.0106232    -0.102009     0.46692
49   -0.0630152   -0.619944      0.0198251   -0.576228
50    0.208239     0.550029     -0.0526738    0.687863
51    0.208237     0.687863      1.07786      0.550032
52   -0.737978    -0.317811     -1.04845     -1.12912
53   -0.280717    -0.855323     -0.75575     -1.10174
54    0.557675     0.510504      0.699437     1.11309
55    0.73521      0.026935      0.105987    -0.23219
56    0.426169     0.701524      0.28566      1.04745
57    0.0584554   -0.114374      1.03845      0.317294
58    0.704841    -0.441689     -0.080871     0.286056
59    0.061997    -0.392526     -0.253269    -1.05351
60    0.748307     0.554409     -0.13455     -0.176144
61    0.0685492    1.10176       1.0489       0.317294
62    0.112348    -0.632533     -0.441667    -0.766766
63   -0.776256     0.0633552    -0.649108    -1.08823
64   -0.705571    -0.232193      0.105973     0.0269367
65    1.11527      0.420518     -0.114484     0.171854
66    1.12808      0.420726      0.98586      0.489149
67    0.360011     0.326856      1.08483      0.753133
68    0.773672     0.175588     -0.216372     0.381269
69   -0.533982    -1.12988      -0.980704    -0.735205
70   -0.722675    -0.0994397    -0.0513752    0.176298

 [*,*,2]
:         1             2             3              4         :=
1     1.11499       1.12947       0.732875       0.0895908
2     0.280622     -0.035969      0.593809       0.836637
3    -0.32269      -0.0272049     0.175065      -0.753475
4     0.116278      0.35783       0.641808      -0.0135587
5     1.12706       0.792707      0.834652       0.501741
6    -0.0137615    -0.788895      0.404862      -0.0287815
7    -0.936239      0.165905     -0.562697      -0.804663
8     0.567166      1.115         0.832861       0.053162
9     0.790612      0.240597      0.549434       0.824625
10   -0.292116     -1.09318      -0.88572        0.0162716
11   -0.885756     -0.209185     -0.749745      -1.12082
12   -0.403218     -0.994695     -0.868552      -0.512596
13   -0.307732     -0.749669     -0.224857      -0.885754
14    1.12705       0.226657      0.956557       1.12946
15   -0.823451     -1.03137      -0.305749      -1.11893
16   -0.122302     -0.0247569     0.346314      -0.633019
17    1.12947       0.612605      0.927436       0.0154764
18   -0.868553     -0.994695     -1.12475       -0.512596
19    0.541777      1.10998       0.346252       0.158048
20    0.210763      0.0782857     0.904539       1.12967
21    0.248418     -0.515165      0.483874       0.0817486
22   -0.0412046    -0.393386     -0.401332      -0.994692
23    0.408342     -0.113688      0.534348       0.336117
24   -0.801575     -0.512333     -0.953811      -1.12494
25   -0.472969     -0.100216     -0.00926618    -0.633528
26   -0.408532     -1.05274      -0.803086      -1.12981
27   -1.08558      -0.305761     -0.823449      -0.633649
28   -0.990533      0.154143     -0.0633493     -0.235489
29   -0.284166      0.37316      -0.515216       0.511604
30    1.12967       0.90454       1.12702        0.210766
31   -0.0491146    -0.118265     -0.633493       0.346356
32    0.524554      0.830352     -0.0188362      0.105538
33    0.48386      -0.507724      0.629578       0.261083
34   -0.389025     -0.977545     -1.0929        -1.12486
35   -0.586865      0.138965     -0.115449       0.408341
36    0.25024       1.12947       0.699659      -0.0958846
37    0.508547     -0.561125      0.00325734     0.191667
38    1.10118       0.408347      0.887833       0.340425
39    0.28508      -0.340726      0.000388088    0.556803
40   -0.0791212     0.209836      0.857965       0.512175
41    0.665779     -0.278246     -0.271701      -0.206332
42   -0.571297      0.389616      0.28464       -0.41153
43   -0.00816613    0.0810353     0.175101      -0.888944
44    0.137983      0.0680199    -0.990532      -0.586866
45    0.699656      0.839931      1.12947       -0.0958827
46    0.913633      0.360335      0.11642        0.641807
47    0.176921     -0.870687      0.0846646     -0.808699
48   -0.506189      0.0667671    -0.636436      -1.02889
49   -0.541502     -0.94462      -0.443514       0.198805
50    0.27546       0.986969      1.12865        0.896374
51    0.275451      0.896373      0.338922       0.986968
52    0.855587      0.196237      0.406879      -0.0414954
53   -0.140077      0.722742      0.839931      -0.250628
54   -0.0258383     0.47357      -0.777152       0.194108
55    0.857967      0.328694      1.1249         1.10577
56    0.0162687    -0.885723     -1.09318       -0.423652
57   -0.218673      0.246959     -0.0341927      0.546478
58   -0.792562     -0.278274     -0.013714       0.401012
59    0.53435       0.33612       1.10113        0.408345
60    0.541532     -0.0289145     0.678955      -0.00467285
61   -0.186382      0.25055      -0.0322748      0.546483
62   -0.216159     -0.206332     -0.278261       0.66579
63   -0.821017     -0.22235      -0.205518      -0.303973
64    0.8825        1.10577       1.1249         0.328696
65   -0.0490181    -0.401334      0.246877      -0.393306
66    0.0638938    -0.401159     -0.552017      -1.01852
67    0.0179861    -1.08158      -0.315905      -0.780956
68   -0.823449     -0.611971     -0.379351      -0.023245
69    0.18507       0.00325812   -0.561124      -0.857971
70   -0.868549      0.231689     -0.512595      -0.403888

 [*,*,3]
:        1            2            3            4         :=
1    -0.470831    -1.46197     -0.655839    -0.773947
2     0.247384     1.31511      0.652169     1.333
3    -0.299597    -0.403828    -1.46197     -1.42585
4    -1.33662     -0.0960807   -0.803899    -0.379679
5     0.345391     0.0558856    1.31935      0.643815
6    -0.84879     -1.45907     -1.32334     -0.458167
7    -0.505929    -0.128784     0.107519     0.638296
8    -0.717302    -0.470829     0.356852    -0.30938
9    -0.0212012    0.170866     0.505886     1.24277
10    0.0372338   -0.81467      0.354519    -0.488446
11   -1.46198     -0.986607    -0.459951    -0.639713
12    1.36274      1.36274      1.36274      0.351481
13   -1.46197     -0.459453    -0.997587    -1.46197
14    0.370007    -0.149647     0.174407    -0.890026
15   -1.46198     -1.46198     -1.46198     -0.657883
16    0.852663     1.05014     -0.157906    -0.0418488
17   -1.46198     -0.540662    -1.13727     -1.46198
18    1.36274      1.36274      0.500164     0.351479
19    0.679917     0.364648    -0.0617747   -0.214878
20   -0.186066    -0.302045     0.242399    -0.78755
21   -0.153097     0.546924     0.538144    -0.299011
22    1.33698      1.36274      0.353022     1.36274
23    1.36274      1.36274      1.36274      0.321162
24    0.663443    -0.162958    -0.577722     0.428418
25    0.34552      0.750399    -0.444909    -0.0314
26   -0.0980416   -0.501006     0.677915     0.697412
27   -0.690854    -1.46196     -1.46197     -0.50833
28    0.837496     0.445985     1.3601       0.107172
29   -0.867433    -0.25425     -0.238658    -0.655172
30   -0.78755      0.242399     0.375707    -0.186062
31   -0.417917     0.843967    -0.0413456   -0.158092
32   -0.860019     0.344765     0.18094      0.143877
33    0.538141     0.546871     0.98016     -0.205989
34   -0.309065    -0.508287    -0.82228      0.429306
35    1.36274      0.379321     1.36274      1.36274
36   -1.09975     -1.46198     -0.651548    -1.46197
37   -1.01613     -0.984994     0.137153    -0.0738446
38    1.31833      1.36274      0.247283     0.316348
39    0.281059     0.521522    -0.462049     0.604337
40    1.36274      1.36274      1.36274      0.683737
41   -0.685364    -1.46198     -1.42127     -0.246431
42   -0.213956    -0.273515    -0.586547     0.400052
43    0.115254    -0.0922766    0.98174      0.674841
44    1.15697      0.475442     0.837494     1.36274
45   -0.651547    -1.46198     -1.46197     -1.46198
46   -1.1632      -0.100687    -1.34081     -0.803902
47    1.09182      0.656672    -0.132295     0.3027
48    0.211578     1.13266      0.0872879    1.14667
49    0.139021    -0.495996    -0.898917    -0.165291
50   -0.135638     0.0707402   -1.03229     -1.12782
51   -0.135631    -1.1278      -0.0614266    0.0707449
52    0.348156     0.34488      1.35572      0.175698
53   -1.3596      -0.634774    -1.46198     -1.40408
54   -0.454285    -1.46198     -1.46197     -1.43782
55    1.36274      1.09898      0.373519     1.36274
56   -0.488444     0.35452     -0.814667    -0.328028
57    0.524339     1.29841      1.30252      0.592062
58   -1.46198     -1.46198     -0.848749    -1.46198
59    1.36274      0.321171     1.31884      1.36274
60   -1.45727     -0.450139    -0.561903    -0.921988
61    0.526506     0.260644     1.31082      0.592059
62   -0.907167    -0.246439    -1.46194     -0.685362
63   -0.293429    -0.966373    -0.222747    -1.40486
64    0.22906      1.36274      0.373552     1.09896
65    1.30996      0.353018     1.29821      1.36274
66    1.2083       0.353222     0.112665     1.17834
67   -0.516365    -0.794253    -0.286193    -1.41478
68   -1.46195     -0.399405    -1.46196     -0.564351
69   -0.0818258    0.13716     -0.984988     0.21984
70    1.36274      1.33028      0.351478     1.36274
;

radius = 1.12989
height = 2.82472
softness = 0.6

---------------------------- Solution coords data ----------------------------
distances [*,1,*]
:    1   2   3   4    :=
1    0   1   0   1
2    0   1   0   1
3    0   1   0   1
4    0   1   0   1
5    0   1   0   1
6    0   1   0   1
7    0   1   0   1
8    0   1   0   1
9    0   1   0   1
10   0   1   0   1
11   0   1   0   1
12   0   1   0   1
13   0   1   0   1
14   0   1   0   1
15   0   1   0   1
16   0   1   0   1
17   0   1   0   1
18   0   1   0   1
19   0   1   0   1
20   0   1   0   1
21   0   1   0   1
22   0   1   0   1
23   0   1   0   1
24   0   1   0   1
25   0   1   0   1
26   0   1   0   1
27   0   1   0   1
28   0   1   0   1
29   0   1   0   1
30   0   1   0   1
31   0   1   0   1
32   0   1   0   1
33   0   1   0   1
34   0   1   0   1
35   0   1   0   1
36   0   1   0   1
37   0   1   0   1
38   0   1   0   1
39   0   1   0   1
40   0   1   0   1
41   0   1   0   1
42   0   1   0   1
43   0   1   0   1
44   0   1   0   1
45   0   1   0   1
46   0   1   0   1
47   0   1   0   1
48   0   1   0   1
49   0   1   0   1
50   0   1   0   1
51   0   1   0   1
52   0   1   0   1
53   0   1   0   1
54   0   1   0   1
55   0   1   0   1
56   0   1   0   1
57   0   1   0   1
58   0   1   0   1
59   0   1   0   1
60   0   1   0   1
61   0   1   0   1
62   0   1   0   1
63   0   1   0   1
64   0   1   0   1
65   0   1   0   1
66   0   1   0   1
67   0   1   0   1
68   0   1   0   1
69   0   1   0   1
70   0   1   0   1

 [*,2,*]
:    1   2   3   4    :=
1    0   0   1   1
2    0   0   1   1
3    0   0   1   1
4    0   0   1   1
5    0   0   1   1
6    0   0   1   1
7    0   0   1   1
8    0   0   1   1
9    0   0   1   1
10   0   0   1   1
11   0   0   1   1
12   0   0   1   1
13   0   0   1   1
14   0   0   1   1
15   0   0   1   1
16   0   0   1   1
17   0   0   1   1
18   0   0   1   1
19   0   0   1   1
20   0   0   1   1
21   0   0   1   1
22   0   0   1   1
23   0   0   1   1
24   0   0   1   1
25   0   0   1   1
26   0   0   1   1
27   0   0   1   1
28   0   0   1   1
29   0   0   1   1
30   0   0   1   1
31   0   0   1   1
32   0   0   1   1
33   0   0   1   1
34   0   0   1   1
35   0   0   1   1
36   0   0   1   1
37   0   0   1   1
38   0   0   1   1
39   0   0   1   1
40   0   0   1   1
41   0   0   1   1
42   0   0   1   1
43   0   0   1   1
44   0   0   1   1
45   0   0   1   1
46   0   0   1   1
47   0   0   1   1
48   0   0   1   1
49   0   0   1   1
50   0   0   1   1
51   0   0   1   1
52   0   0   1   1
53   0   0   1   1
54   0   0   1   1
55   0   0   1   1
56   0   0   1   1
57   0   0   1   1
58   0   0   1   1
59   0   0   1   1
60   0   0   1   1
61   0   0   1   1
62   0   0   1   1
63   0   0   1   1
64   0   0   1   1
65   0   0   1   1
66   0   0   1   1
67   0   0   1   1
68   0   0   1   1
69   0   0   1   1
70   0   0   1   1

 [*,3,*]
:    1   2   3   4    :=
1    1   0   0   1
2    1   0   0   1
3    1   0   0   1
4    1   0   0   1
5    1   0   0   1
6    1   0   0   1
7    1   0   0   1
8    1   0   0   1
9    1   0   0   1
10   1   0   0   1
11   1   0   0   1
12   1   0   0   1
13   1   0   0   1
14   1   0   0   1
15   1   0   0   1
16   1   0   0   1
17   1   0   0   1
18   1   0   0   1
19   1   0   0   1
20   1   0   0   1
21   1   0   0   1
22   1   0   0   1
23   1   0   0   1
24   1   0   0   1
25   1   0   0   1
26   1   0   0   1
27   1   0   0   1
28   1   0   0   1
29   1   0   0   1
30   1   0   0   1
31   1   0   0   1
32   1   0   0   1
33   1   0   0   1
34   1   0   0   1
35   1   0   0   1
36   1   0   0   1
37   1   0   0   1
38   1   0   0   1
39   1   0   0   1
40   1   0   0   1
41   1   0   0   1
42   1   0   0   1
43   1   0   0   1
44   1   0   0   1
45   1   0   0   1
46   1   0   0   1
47   1   0   0   1
48   1   0   0   1
49   1   0   0   1
50   1   0   0   1
51   1   0   0   1
52   1   0   0   1
53   1   0   0   1
54   1   0   0   1
55   1   0   0   1
56   1   0   0   1
57   1   0   0   1
58   1   0   0   1
59   1   0   0   1
60   1   0   0   1
61   1   0   0   1
62   1   0   0   1
63   1   0   0   1
64   1   0   0   1
65   1   0   0   1
66   1   0   0   1
67   1   0   0   1
68   1   0   0   1
69   1   0   0   1
70   1   0   0   1

 [*,4,*]
:    1   2   3   4    :=
1    1   1   1   0
2    1   1   1   0
3    1   1   1   0
4    1   1   1   0
5    1   1   1   0
6    1   1   1   0
7    1   1   1   0
8    1   1   1   0
9    1   1   1   0
10   1   1   1   0
11   1   1   1   0
12   1   1   1   0
13   1   1   1   0
14   1   1   1   0
15   1   1   1   0
16   1   1   1   0
17   1   1   1   0
18   1   1   1   0
19   1   1   1   0
20   1   1   1   0
21   1   1   1   0
22   1   1   1   0
23   1   1   1   0
24   1   1   1   0
25   1   1   1   0
26   1   1   1   0
27   1   1   1   0
28   1   1   1   0
29   1   1   1   0
30   1   1   1   0
31   1   1   1   0
32   1   1   1   0
33   1   1   1   0
34   1   1   1   0
35   1   1   1   0
36   1   1   1   0
37   1   1   1   0
38   1   1   1   0
39   1   1   1   0
40   1   1   1   0
41   1   1   1   0
42   1   1   1   0
43   1   1   1   0
44   1   1   1   0
45   1   1   1   0
46   1   1   1   0
47   1   1   1   0
48   1   1   1   0
49   1   1   1   0
50   1   1   1   0
51   1   1   1   0
52   1   1   1   0
53   1   1   1   0
54   1   1   1   0
55   1   1   1   0
56   1   1   1   0
57   1   1   1   0
58   1   1   1   0
59   1   1   1   0
60   1   1   1   0
61   1   1   1   0
62   1   1   1   0
63   1   1   1   0
64   1   1   1   0
65   1   1   1   0
66   1   1   1   0
67   1   1   1   0
68   1   1   1   0
69   1   1   1   0
70   1   1   1   0
;

---------------------------- Solution stats data ----------------------------
_ampl_time = 0.104037
_total_solve_time = 24034.3
_ampl_elapsed_time = 0.100042
_ampl_user_time = 0.086181

Total time elapsed: $24034.26.
_total_solve_time = 24034.3

---------------------------- Solution miscs data ----------------------------
tetrahedron_volume [*] :=
 1 0.117851   15 0.117851   29 0.117851   43 0.117851   57 0.117851
 2 0.117851   16 0.117851   30 0.117851   44 0.117851   58 0.117851
 3 0.117851   17 0.117851   31 0.117851   45 0.117851   59 0.117851
 4 0.117851   18 0.117851   32 0.117851   46 0.117851   60 0.117851
 5 0.117851   19 0.117851   33 0.117851   47 0.117851   61 0.117851
 6 0.117851   20 0.117851   34 0.117851   48 0.117851   62 0.117851
 7 0.117851   21 0.117851   35 0.117851   49 0.117851   63 0.117851
 8 0.117851   22 0.117851   36 0.117851   50 0.117851   64 0.117851
 9 0.117851   23 0.117851   37 0.117851   51 0.117851   65 0.117851
10 0.117851   24 0.117851   38 0.117851   52 0.117851   66 0.117851
11 0.117851   25 0.117851   39 0.117851   53 0.117851   67 0.117851
12 0.117851   26 0.117851   40 0.117851   54 0.117851   68 0.117851
13 0.117851   27 0.117851   41 0.117851   55 0.117851   69 0.117851
14 0.117851   28 0.117851   42 0.117851   56 0.117851   70 0.117851
;

---------------------------- Solution miscs data ----------------------------
tetrahedron_surface_area [*] :=
 1 0    8 0   15 0   22 0   29 0   36 0   43 0   50 0   57 0   64 0
 2 0    9 0   16 0   23 0   30 0   37 0   44 0   51 0   58 0   65 0
 3 0   10 0   17 0   24 0   31 0   38 0   45 0   52 0   59 0   66 0
 4 0   11 0   18 0   25 0   32 0   39 0   46 0   53 0   60 0   67 0
 5 0   12 0   19 0   26 0   33 0   40 0   47 0   54 0   61 0   68 0
 6 0   13 0   20 0   27 0   34 0   41 0   48 0   55 0   62 0   69 0
 7 0   14 0   21 0   28 0   35 0   42 0   49 0   56 0   63 0   70 0
;

