Error at _cmdno 5 executing "solve" command
(file amplin, line 1971, offset 37608):
error processing param distances:
	3200 invalid subscripts discarded:
	distances[101,1,1]
	distances[101,1,2]
	distances[101,1,3]
	and 3197 more.
##### This license is only intended for use by NEOS. #####
##### License is valid until Jan 16, 2026 #####
iables.
Adjusted problem:
25951 variables:
	16050 nonlinear variables
	9901 linear variables
53200 constraints; 315150 nonzeros
	45850 nonlinear constraints
	7350 linear constraints
	5050 equality constraints
	48150 inequality constraints
1 linear objective; 1 nonzero.

Artelys Knitro 14.2.0: algorithm=1
ms_enable=1
ms_maxsolves=50
ms_terminate=1
ms_savetol=0.01
feastol=1e-5
opttol=1e-5
bar_initpt=3
bar_murule=6
bar_penaltyrule=2
linsolver=0
scale=3
honorbnds=1
outlev=3
maxtime_real=28800
numthreads=4
presolve=1
bar_refinement=1
debug=0

=======================================
           Academic License
       (NOT FOR COMMERCIAL USE)
         Artelys Knitro 14.2.0
=======================================

No start point provided -- Knitro computing one.

Knitro presolve eliminated 0 variables and 0 constraints.

algorithm                1
bar_initpt               3
bar_murule               6
bar_penaltyrule          2
bar_refinement           1
concurrent_evals         0
datacheck                0
feastol                  1e-05
findiff_numthreads       1
hessian_no_f             1
hessopt                  1
honorbnds                1
maxtime_real             28800
ms_enable                1
ms_maxsolves             50
ms_savetol               0.01
ms_terminate             1
numthreads               4
opttol                   1e-05
outlev                   3
scale                    3

Problem Characteristics                                 (   Presolved)
-----------------------
Objective goal:  Minimize
Objective type:  linear
Number of variables:                              25951 (       25951)
    bounded below only:                            1201 (        1201)
    bounded above only:                               0 (           0)
    bounded below and above:                          0 (           0)
    fixed:                                            0 (           0)
    free:                                         24750 (       24750)
Number of constraints:                            53200 (       53200)
    linear equalities:                                0 (           0)
    quadratic equalities:                          4950 (        4950)
    gen. nonlinear equalities:                      100 (         100)
    linear one-sided inequalities:                 7350 (        7350)
    quadratic one-sided inequalities:             40800 (       40800)
    gen. nonlinear one-sided inequalities:            0 (           0)
    linear two-sided inequalities:                    0 (           0)
    quadratic two-sided inequalities:                 0 (           0)
    gen. nonlinear two-sided inequalities:            0 (           0)
Number of nonzeros in Jacobian:                  315150 (      315150)
Number of nonzeros in Hessian:                   141450 (      141450)

Knitro parallel multistart will run with 4 threads.

Return codes description
------------------------
  0:  The final solution satisfies the termination conditions for verifying optimality.
  -100 to -199:  A feasible approximate solution was found.
  -200 to -299:  Knitro terminated at an infeasible point.
  -300 to -301:  The problem was determined to be unbounded.
  -400 to -499:  Knitro terminated because it reached a pre-defined limit.
    -400 to -409:  A feasible point was found.
    -410 to -419:  No feasible point was found.
  -500 to -599:  Knitro terminated with an input error or some non-standard error.
A more detailed description of individual return codes and their corresponding
termination messages is provided at
https://www.artelys.com/app/docs/knitro/3_referenceManual/returnCodes.html

 Solve #  ThreadID  Status     Objective      FeasError    OptError    Real Time 
--------  --------  ------  --------------   ----------   ----------  ----------
      0          0       0         2.49326  6.23578e-05  5.39293e-06      406.643
     15          3    -410         9005.03      28.2908     0.999566      4803.38
     14          2    -410         9417.89      209813.      14.1067      4754.98
     13          1    -410         8187.71      166808.      11.6429      4692.26
      4          0    -410         15101.7      30301.2      3.53953      5321.02
      7          2    -410         5890.47      20282.1     0.999990      4620.04
      6          3    -410         9310.81      25270.2     0.999999      4930.92
      8          0    -410         12485.2      3703.05     0.999984      4835.77
      9          1    -410         10560.6      264717.      1.47647      5411.16
     11          3    -410         8491.17      277497.      1.00000      5340.70

MULTISTART: Best locally optimal solution is returned.
EXIT: Locally optimal solution found.

Final Statistics
----------------
Final objective value               =   2.49325507053659e+00
Final feasibility error (abs / rel) =   6.24e-05 / 3.43e-06
Final optimality error  (abs / rel) =   5.39e-06 / 5.39e-06
# of iterations                     =      91155 
# of CG iterations                  =          0 
# of function evaluations           =      91735
# of gradient evaluations           =      91305
# of Hessian evaluations            =      91181
Total program time (secs)           =   19998.76172 ( 74570.391 CPU time)

===============================================================================

Knitro 14.2.0: Locally optimal or satisfactory solution.
objective 2.493255071; feasibility error 6.24e-05
91155 iterations; 91735 function evaluations

suffix feaserror OUT;
suffix opterror OUT;
suffix numfcevals OUT;
suffix numiters OUT;
---------------------------- Container and geometric considerations  ----------------------------
Container type: cube
Structural conservation type: volume
---------------------------- Solution execution data ----------------------------
solve_result_num = 0
solve_result = solved

---------------------------- Solution data ----------------------------
card(figures) = 100

coords [*,*,1]
:        1         2         3         4       :=
1     19.9602   19.1381   19.0237   19.773
2     20.819    20.365    19.9383   20.257
3     20.0875   20.763    20.0664   19.7957
4     18.7538   19.5832   19.2343   18.7539
5     21.1183   21.2464   21.2464   20.3172
6     18.7537   18.755    19.4725   19.3778
7     20.234    21.2462   20.6685   20.1228
8     20.2638   20.4164   19.6114   20.2597
9     21.2425   20.3654   20.8199   20.3224
10    20.8354   19.8773   19.7355   20.5125
11    19.4954   18.7536   18.754    18.7535
12    19.3337   20.0975   20.1762   20.1112
13    19.4818   20.1946   19.942    20.1998
14    21.2282   20.3325   20.8815   21.2465
15    18.7536   18.7537   19.6545   18.7539
16    20.5981   20.927    20.29     21.2451
17    21.237    20.2589   20.5544   21.0496
18    19.069    19.4089   19.5232   20.2671
19    20.3287   20.3027   20.859    21.2244
20    18.8992   19.542    19.4584   20.0449
21    18.7538   19.8426   18.7629   19.3886
22    18.8002   19.3825   19.4277   18.7558
23    20.8718   20.2844   19.8518   20.1571
24    20.6202   20.3188   20.2215   21.1603
25    21.2433   20.5685   21.2447   20.4252
26    21.2459   21.2464   20.566    21.2462
27    18.7535   18.7536   18.755    19.4835
28    19.0676   18.7536   19.5366   19.5428
29    20.4463   21.2454   21.043    21.2464
30    19.6446   19.9182   19.411    20.3913
31    20.0909   19.7837   18.944    19.4973
32    20.176    20.0983   20.9483   20.4578
33    19.8791   19.9099   19.2705   20.4452
34    20.3194   19.8952   20.9603   20.5352
35    19.4824   18.7544   18.7535   18.7535
36    20.0965   19.8635   20.0292   19.3631
37    18.9393   20.1031   19.2606   19.7879
38    20.2609   20.4166   20.2645   20.9999
39    19.8744   20.2025   20.2716   20.5911
40    18.7536   19.1384   18.7546   19.4747
41    18.7535   19.153    19.8149   19.1393
42    19.0712   20.0882   19.5908   19.3751
43    20.4003   21.2461   21.2453   21.2465
44    19.4754   18.7537   18.7537   19.0654
45    20.0897   19.3785   19.9815   20.3254
46    19.1557   19.5834   19.8123   19.1393
47    21.2464   21.2372   20.3415   21.2464
48    20.6524   21.2457   20.2549   20.4089
49    19.1052   19.6319   20.2931   19.5999
50    19.826    19.2604   20.3847   20.1792
51    19.9375   20.3179   20.3652   19.6014
52    20.0949   19.3386   19.7902   20.0686
53    19.5607   18.7538   18.7541   18.7536
54    19.9434   19.3573   20.242    19.6412
55    19.0158   19.7588   18.7836   18.7535
56    18.7536   18.7539   18.7545   19.5932
57    19.644    19.8341   20.3925   19.7472
58    18.7948   19.941    19.5552   19.7966
59    19.542    19.7347   19.8521   20.4901
60    19.7445   19.8298   19.6397   19.0005
61    18.7536   18.7536   18.7536   19.3684
62    18.7538   18.754    18.7548   19.6731
63    19.3769   20.3388   20.0376   20.3776
64    18.778    18.7538   19.2796   19.842
65    21.2465   21.2461   21.2463   20.3979
66    19.841    19.1997   20.0211   19.4283
67    20.5006   21.0406   20.0948   21.2463
68    20.378    19.9973   19.3803   20.0453
69    19.8744   18.7537   19.1956   19.282
70    18.7872   18.7537   18.7556   19.6772
71    19.6793   19.6863   19.006    18.7537
72    20.4258   19.5268   20.2603   20.541
73    21.2457   21.0419   20.319    20.4129
74    20.3692   19.4094   20.4093   20.253
75    20.4363   19.9423   19.6926   20.8961
76    21.2464   21.2463   21.2464   20.3517
77    21.2464   21.2464   20.4071   21.2462
78    21.1179   20.25     20.38     20.1027
79    20.3191   21.2461   21.246    21.1128
80    21.2459   20.3696   20.7326   20.0955
81    20.0347   20.7847   19.8786   20.0968
82    20.4002   21.2458   21.2464   21.2461
83    20.2891   19.6341   19.4415   19.1204
84    19.8283   19.0516   18.7536   19.0003
85    20.8921   20.1109   19.8418   20.3818
86    21.2464   21.2465   21.211    20.3369
87    19.9536   18.7536   19.141    19.011
88    20.5996   21.2459   20.3175   21.1181
89    19.826    19.0511   19.0197   19.7158
90    20.2578   21.2465   20.8899   21.2463
91    21.2449   21.0893   20.3572   20.467
92    18.7963   19.3426   19.4558   19.9699
93    18.831    19.5856   19.8966   19.7341
94    18.8122   19.4533   19.2622   19.864
95    21.2465   21.2462   20.4695   21.2465
96    20.6841   20.2543   21.216    20.3698
97    19.7602   19.9095   19.0697   18.7854
98    21.2464   20.3418   21.2459   20.7554
99    21.2459   20.4146   20.7212   20.3171
100   20.1739   20.5793   20.2885   20.9236

 [*,*,2]
:        1         2         3         4       :=
1     21.2461   20.5135   21.245    20.8813
2     21.2463   21.2464   21.2464   20.4719
3     18.8164   19.7731   19.9201   19.7789
4     18.8002   19.1874   19.5738   19.9399
5     19.6027   18.7535   18.7536   18.7538
6     19.8869   19.0374   19.4846   19.8363
7     18.7535   18.7536   19.5304   18.7535
8     21.2464   20.1441   20.8915   21.2459
9     21.2437   21.2465   21.2464   20.5242
10    18.7538   18.961    18.754    19.6735
11    20.6246   20.715    19.8215   20.467
12    19.0342   19.8616   18.7536   18.7538
13    21.2453   20.3777   20.3282   21.1742
14    19.8917   20.6961   20.3997   20.6404
15    20.4678   20.6801   20.7478   21.2465
16    20.2424   21.2465   20.4558   20.5144
17    21.1923   21.2464   20.6148   21.2464
18    18.7539   18.754    19.491    18.7546
19    20.6982   19.975    20.4156   19.8945
20    20.0155   19.1933   19.3495   19.8694
21    20.2829   20.0516   19.8193   20.5237
22    20.3246   20.7333   19.6977   19.8854
23    20.4396   20.4793   20.0294   19.5836
24    19.7759   18.7541   19.5561   18.8168
25    21.2399   20.6062   20.0392   20.4257
26    21.2437   20.8685   20.6061   20.0406
27    19.8894   18.7535   19.0405   19.4785
28    18.7538   18.8799   18.7538   19.7502
29    20.4583   21.2458   21.2461   20.4728
30    19.8586   19.2319   18.7549   19.2555
31    20.0796   21.1661   20.3151   20.9184
32    18.7549   19.9175   19.4907   19.3627
33    21.2462   21.0106   20.5377   20.5363
34    19.5621   19.0823   19.6413   18.7536
35    20.9334   21.1062   21.2463   20.0677
36    19.7161   18.9135   20.096    19.7128
37    20.3144   20.0734   20.4935   21.1513
38    21.2464   20.2565   21.2461   21.2453
39    20.054    21.18     20.4632   20.203
40    20.0671   20.2482   21.1053   20.9286
41    21.2464   21.2465   21.2464   20.2501
42    18.7575   18.8283   19.6023   19.7979
43    19.6098   19.5356   18.7577   19.8055
44    19.7304   18.8903   19.8676   18.7543
45    18.829    19.7994   19.5794   19.5855
46    21.2464   20.7097   21.2463   20.2495
47    19.8903   19.4516   20.0026   20.3474
48    20.7007   21.2462   21.2455   20.4208
49    20.194    20.7887   20.3752   20.9274
50    21.196    20.4943   20.861    20.0457
51    21.2399   20.3221   21.2464   20.927
52    18.7821   19.0224   19.7877   19.8759
53    19.2497   19.8927   18.7541   18.8114
54    20.3111   19.8772   20.3658   20.9069
55    20.3788   21.2012   21.2465   21.2464
56    21.2451   20.3301   20.2186   21.0099
57    20.9203   19.7754   20.4874   20.1412
58    19.8611   20.0888   19.3319   20.0163
59    19.8083   18.754    18.9341   19.6479
60    20.1492   19.7968   20.9421   20.5665
61    19.7304   19.9011   18.8856   19.8748
62    19.5579   19.8351   18.8577   19.6341
63    19.8043   20.4019   20.3194   19.5755
64    18.7551   18.7539   19.6337   18.754
65    20.5538   21.2464   21.2465   20.6821
66    18.8167   19.7172   19.9991   19.5364
67    19.9896   19.03     19.5171   19.7308
68    19.5747   19.5743   19.8053   20.3199
69    18.7538   18.7537   18.7536   19.634
70    20.2988   19.5587   19.8423   19.6388
71    20.2556   19.8584   19.2579   20.1651
72    20.4133   20.5644   19.8384   20.7766
73    20.1116   19.3973   19.6938   20.4233
74    18.7536   18.7535   19.406    18.7535
75    20.4444   21.2462   21.2463   21.2463
76    19.812    18.7674   19.8389   19.1572
77    20.3256   19.904    20.0068   20.868
78    19.6805   20.3747   19.5935   19.2172
79    19.9088   20.3255   19.9769   19.5511
80    19.7324   20.0491   20.1854   19.5169
81    20.1064   19.4806   18.9351   19.716
82    20.6789   21.2447   20.5547   20.291
83    20.373    20.7896   19.9257   20.214
84    19.7967   19.8653   19.8881   20.5911
85    19.5449   20.0774   19.7842   20.4728
86    19.7981   18.756    18.7536   19.1547
87    21.2465   21.2465   20.5115   21.2353
88    19.4079   18.7548   18.7547   19.6032
89    19.7989   19.8669   20.5481   20.1971
90    18.7539   18.7537   19.5754   18.7535
91    19.887    19.5021   20.0504   19.0131
92    20.3434   19.9675   20.8693   20.1056
93    18.7536   19.6766   18.7537   18.7535
94    18.7567   19.5104   19.6654   18.7569
95    19.888    19.4636   19.0148   18.7544
96    19.4158   18.7535   18.7536   18.7536
97    21.2461   21.2457   20.4167   21.2463
98    20.5553   20.0626   19.7098   20.1765
99    20.1125   20.4246   20.5843   19.6968
100   21.2438   20.2564   20.4863   21.2301

 [*,*,3]
:        1         2         3         4       :=
1     20.4905   20.2967   21.2456   21.2464
2     19.87     18.7563   19.7207   19.1525
3     19.972    20.2401   20.4514   19.5248
4     20.2646   19.5644   20.4204   19.8773
5     21.1936   21.2465   20.3503   20.8991
6     21.2424   20.3897   21.2454   20.3862
7     20.9466   20.3492   20.3255   20.1128
8     19.8048   20.2601   19.768    20.7183
9     18.7537   18.7551   19.8697   19.0457
10    21.2464   20.5475   21.2465   21.2464
11    20.9738   20.0685   20.4691   21.2463
12    20.0147   20.4404   20.8043   19.9734
13    19.4597   19.0261   20.0638   19.814
14    18.7536   18.7571   19.7868   18.7536
15    21.246    20.2379   21.0333   21.2459
16    20.3613   19.8622   19.2173   19.895
17    21.0381   20.7527   20.2323   19.8515
18    18.7538   19.5547   19.3472   18.7539
19    18.7536   18.9179   19.7687   18.7538
20    20.0543   20.3624   19.4807   20.3928
21    19.8985   19.9999   20.4791   20.8927
22    19.9663   19.4261   19.3239   18.8466
23    19.7839   19.1058   20.1348   19.3311
24    20.1328   20.1532   19.5013   19.6466
25    21.2458   20.5269   21.2458   21.246
26    21.2459   20.3817   20.5223   21.2447
27    21.2465   21.2465   20.3937   21.2463
28    18.7537   19.446    19.8587   19.2329
29    20.3933   20.8294   19.8138   19.9075
30    19.4029   19.0149   19.5567   20.041
31    20.2058   20.2263   20.0887   19.5791
32    20.7823   20.4795   21.2172   20.1295
33    20.1704   21.2464   20.6982   20.9601
34    18.7535   19.4968   19.4463   18.7539
35    19.6974   18.7541   19.606    19.3625
36    21.2461   20.4984   20.3708   21.1341
37    20.089    20.2083   20.7342   20.2269
38    20.7485   20.2676   19.7774   19.9055
39    20.0834   19.8123   19.1475   20.2785
40    19.362    18.7539   18.7538   19.688
41    18.7535   19.4223   18.7536   18.7536
42    18.7544   18.7545   19.4359   18.7535
43    20.4473   21.2465   20.3504   20.4828
44    19.32     19.4564   18.7539   18.7536
45    18.7539   18.7539   19.6761   18.7538
46    19.4199   19.7016   18.7575   18.7542
47    18.7536   19.5627   18.9768   19.6918
48    20.3526   21.2453   20.7529   21.2339
49    18.7541   19.6584   18.7538   18.7536
50    20.1922   20.7354   20.6418   20.1606
51    19.7221   19.0421   18.7535   18.7536
52    19.9831   20.0088   19.5155   20.442
53    19.5578   19.8924   20.279    19.4901
54    20.0412   19.4448   18.8763   19.7172
55    20.1971   19.727    20.4311   19.6065
56    19.6065   20.2383   19.3948   19.7399
57    21.2447   21.2463   21.2463   20.3329
58    19.8133   19.5258   19.5021   20.4612
59    21.2465   21.2465   20.5164   21.2462
60    20.3648   21.2461   21.2464   21.2121
61    21.0832   19.8927   20.2372   20.4357
62    19.7658   18.7797   19.4819   19.5188
63    18.754    18.7537   19.6181   18.7537
64    21.0297   20.287    20.4219   20.4671
65    19.0201   19.9567   18.7535   19.3152
66    20.5055   20.1856   20.3737   21.0462
67    20.2412   19.7544   19.3326   19.6103
68    18.7539   19.7024   18.7605   19.6219
69    20.452    20.2863   19.6349   20.4203
70    19.8915   19.7662   18.7787   19.5194
71    18.7536   19.5435   18.7539   18.848
72    21.176    20.7031   20.1318   20.5393
73    21.0135   21.2464   20.3687   21.2464
74    20.125    19.5552   19.5313   18.9269
75    21.2459   20.5138   21.2464   21.2462
76    19.7456   20.3435   20.4868   20.2096
77    20.9276   19.8      20.3257   20.38
78    19.586    19.1246   18.7536   19.4205
79    20.2838   20.9288   19.997    21.1146
80    19.6129   20.3752   19.3244   19.3313
81    20.392    21.0952   20.5201   21.246
82    19.3122   19.9555   19.0219   19.8765
83    18.7545   19.6614   19.3905   18.7865
84    21.2464   20.3361   21.2444   21.2465
85    21.1594   20.4141   21.2464   21.2464
86    19.753    20.3488   19.6075   20.2077
87    20.4953   20.4304   20.2903   21.2436
88    20.4247   20.3506   20.8983   21.1931
89    21.2444   20.3358   21.2074   20.2905
90    18.9366   18.7535   19.5488   19.6239
91    18.7537   19.5367   18.7543   18.7536
92    20.0724   19.4234   19.6189   20.1911
93    21.0024   21.1491   20.4422   21.2465
94    21.0126   21.12     20.42     20.4592
95    18.7536   19.5564   18.7539   18.7536
96    19.3747   18.9346   19.6034   20.1252
97    19.7255   20.4919   20.2546   20.4309
98    20.1903   20.3935   19.6815   19.3087
99    21.0137   21.2463   20.3723   20.3705
100   19.7608   20.2933   19.1776   19.8791
;

side = 2.49326
softness = 0.45

---------------------------- Solution coords data ----------------------------
distances [*,1,*]
:     1   2   3   4    :=
1     0   1   0   1
2     0   1   0   1
3     0   1   0   1
4     0   1   0   1
5     0   1   0   1
6     0   1   0   1
7     0   1   0   1
8     0   1   0   1
9     0   1   0   1
10    0   1   0   1
11    0   1   0   1
12    0   1   0   1
13    0   1   0   1
14    0   1   0   1
15    0   1   0   1
16    0   1   0   1
17    0   1   0   1
18    0   1   0   1
19    0   1   0   1
20    0   1   0   1
21    0   1   0   1
22    0   1   0   1
23    0   1   0   1
24    0   1   0   1
25    0   1   0   1
26    0   1   0   1
27    0   1   0   1
28    0   1   0   1
29    0   1   0   1
30    0   1   0   1
31    0   1   0   1
32    0   1   0   1
33    0   1   0   1
34    0   1   0   1
35    0   1   0   1
36    0   1   0   1
37    0   1   0   1
38    0   1   0   1
39    0   1   0   1
40    0   1   0   1
41    0   1   0   1
42    0   1   0   1
43    0   1   0   1
44    0   1   0   1
45    0   1   0   1
46    0   1   0   1
47    0   1   0   1
48    0   1   0   1
49    0   1   0   1
50    0   1   0   1
51    0   1   0   1
52    0   1   0   1
53    0   1   0   1
54    0   1   0   1
55    0   1   0   1
56    0   1   0   1
57    0   1   0   1
58    0   1   0   1
59    0   1   0   1
60    0   1   0   1
61    0   1   0   1
62    0   1   0   1
63    0   1   0   1
64    0   1   0   1
65    0   1   0   1
66    0   1   0   1
67    0   1   0   1
68    0   1   0   1
69    0   1   0   1
70    0   1   0   1
71    0   1   0   1
72    0   1   0   1
73    0   1   0   1
74    0   1   0   1
75    0   1   0   1
76    0   1   0   1
77    0   1   0   1
78    0   1   0   1
79    0   1   0   1
80    0   1   0   1
81    0   1   0   1
82    0   1   0   1
83    0   1   0   1
84    0   1   0   1
85    0   1   0   1
86    0   1   0   1
87    0   1   0   1
88    0   1   0   1
89    0   1   0   1
90    0   1   0   1
91    0   1   0   1
92    0   1   0   1
93    0   1   0   1
94    0   1   0   1
95    0   1   0   1
96    0   1   0   1
97    0   1   0   1
98    0   1   0   1
99    0   1   0   1
100   0   1   0   1

 [*,2,*]
:     1   2   3   4    :=
1     0   0   1   1
2     0   0   1   1
3     0   0   1   1
4     0   0   1   1
5     0   0   1   1
6     0   0   1   1
7     0   0   1   1
8     0   0   1   1
9     0   0   1   1
10    0   0   1   1
11    0   0   1   1
12    0   0   1   1
13    0   0   1   1
14    0   0   1   1
15    0   0   1   1
16    0   0   1   1
17    0   0   1   1
18    0   0   1   1
19    0   0   1   1
20    0   0   1   1
21    0   0   1   1
22    0   0   1   1
23    0   0   1   1
24    0   0   1   1
25    0   0   1   1
26    0   0   1   1
27    0   0   1   1
28    0   0   1   1
29    0   0   1   1
30    0   0   1   1
31    0   0   1   1
32    0   0   1   1
33    0   0   1   1
34    0   0   1   1
35    0   0   1   1
36    0   0   1   1
37    0   0   1   1
38    0   0   1   1
39    0   0   1   1
40    0   0   1   1
41    0   0   1   1
42    0   0   1   1
43    0   0   1   1
44    0   0   1   1
45    0   0   1   1
46    0   0   1   1
47    0   0   1   1
48    0   0   1   1
49    0   0   1   1
50    0   0   1   1
51    0   0   1   1
52    0   0   1   1
53    0   0   1   1
54    0   0   1   1
55    0   0   1   1
56    0   0   1   1
57    0   0   1   1
58    0   0   1   1
59    0   0   1   1
60    0   0   1   1
61    0   0   1   1
62    0   0   1   1
63    0   0   1   1
64    0   0   1   1
65    0   0   1   1
66    0   0   1   1
67    0   0   1   1
68    0   0   1   1
69    0   0   1   1
70    0   0   1   1
71    0   0   1   1
72    0   0   1   1
73    0   0   1   1
74    0   0   1   1
75    0   0   1   1
76    0   0   1   1
77    0   0   1   1
78    0   0   1   1
79    0   0   1   1
80    0   0   1   1
81    0   0   1   1
82    0   0   1   1
83    0   0   1   1
84    0   0   1   1
85    0   0   1   1
86    0   0   1   1
87    0   0   1   1
88    0   0   1   1
89    0   0   1   1
90    0   0   1   1
91    0   0   1   1
92    0   0   1   1
93    0   0   1   1
94    0   0   1   1
95    0   0   1   1
96    0   0   1   1
97    0   0   1   1
98    0   0   1   1
99    0   0   1   1
100   0   0   1   1

 [*,3,*]
:     1   2   3   4    :=
1     1   0   0   1
2     1   0   0   1
3     1   0   0   1
4     1   0   0   1
5     1   0   0   1
6     1   0   0   1
7     1   0   0   1
8     1   0   0   1
9     1   0   0   1
10    1   0   0   1
11    1   0   0   1
12    1   0   0   1
13    1   0   0   1
14    1   0   0   1
15    1   0   0   1
16    1   0   0   1
17    1   0   0   1
18    1   0   0   1
19    1   0   0   1
20    1   0   0   1
21    1   0   0   1
22    1   0   0   1
23    1   0   0   1
24    1   0   0   1
25    1   0   0   1
26    1   0   0   1
27    1   0   0   1
28    1   0   0   1
29    1   0   0   1
30    1   0   0   1
31    1   0   0   1
32    1   0   0   1
33    1   0   0   1
34    1   0   0   1
35    1   0   0   1
36    1   0   0   1
37    1   0   0   1
38    1   0   0   1
39    1   0   0   1
40    1   0   0   1
41    1   0   0   1
42    1   0   0   1
43    1   0   0   1
44    1   0   0   1
45    1   0   0   1
46    1   0   0   1
47    1   0   0   1
48    1   0   0   1
49    1   0   0   1
50    1   0   0   1
51    1   0   0   1
52    1   0   0   1
53    1   0   0   1
54    1   0   0   1
55    1   0   0   1
56    1   0   0   1
57    1   0   0   1
58    1   0   0   1
59    1   0   0   1
60    1   0   0   1
61    1   0   0   1
62    1   0   0   1
63    1   0   0   1
64    1   0   0   1
65    1   0   0   1
66    1   0   0   1
67    1   0   0   1
68    1   0   0   1
69    1   0   0   1
70    1   0   0   1
71    1   0   0   1
72    1   0   0   1
73    1   0   0   1
74    1   0   0   1
75    1   0   0   1
76    1   0   0   1
77    1   0   0   1
78    1   0   0   1
79    1   0   0   1
80    1   0   0   1
81    1   0   0   1
82    1   0   0   1
83    1   0   0   1
84    1   0   0   1
85    1   0   0   1
86    1   0   0   1
87    1   0   0   1
88    1   0   0   1
89    1   0   0   1
90    1   0   0   1
91    1   0   0   1
92    1   0   0   1
93    1   0   0   1
94    1   0   0   1
95    1   0   0   1
96    1   0   0   1
97    1   0   0   1
98    1   0   0   1
99    1   0   0   1
100   1   0   0   1

 [*,4,*]
:     1   2   3   4    :=
1     1   1   1   0
2     1   1   1   0
3     1   1   1   0
4     1   1   1   0
5     1   1   1   0
6     1   1   1   0
7     1   1   1   0
8     1   1   1   0
9     1   1   1   0
10    1   1   1   0
11    1   1   1   0
12    1   1   1   0
13    1   1   1   0
14    1   1   1   0
15    1   1   1   0
16    1   1   1   0
17    1   1   1   0
18    1   1   1   0
19    1   1   1   0
20    1   1   1   0
21    1   1   1   0
22    1   1   1   0
23    1   1   1   0
24    1   1   1   0
25    1   1   1   0
26    1   1   1   0
27    1   1   1   0
28    1   1   1   0
29    1   1   1   0
30    1   1   1   0
31    1   1   1   0
32    1   1   1   0
33    1   1   1   0
34    1   1   1   0
35    1   1   1   0
36    1   1   1   0
37    1   1   1   0
38    1   1   1   0
39    1   1   1   0
40    1   1   1   0
41    1   1   1   0
42    1   1   1   0
43    1   1   1   0
44    1   1   1   0
45    1   1   1   0
46    1   1   1   0
47    1   1   1   0
48    1   1   1   0
49    1   1   1   0
50    1   1   1   0
51    1   1   1   0
52    1   1   1   0
53    1   1   1   0
54    1   1   1   0
55    1   1   1   0
56    1   1   1   0
57    1   1   1   0
58    1   1   1   0
59    1   1   1   0
60    1   1   1   0
61    1   1   1   0
62    1   1   1   0
63    1   1   1   0
64    1   1   1   0
65    1   1   1   0
66    1   1   1   0
67    1   1   1   0
68    1   1   1   0
69    1   1   1   0
70    1   1   1   0
71    1   1   1   0
72    1   1   1   0
73    1   1   1   0
74    1   1   1   0
75    1   1   1   0
76    1   1   1   0
77    1   1   1   0
78    1   1   1   0
79    1   1   1   0
80    1   1   1   0
81    1   1   1   0
82    1   1   1   0
83    1   1   1   0
84    1   1   1   0
85    1   1   1   0
86    1   1   1   0
87    1   1   1   0
88    1   1   1   0
89    1   1   1   0
90    1   1   1   0
91    1   1   1   0
92    1   1   1   0
93    1   1   1   0
94    1   1   1   0
95    1   1   1   0
96    1   1   1   0
97    1   1   1   0
98    1   1   1   0
99    1   1   1   0
100   1   1   1   0
;

---------------------------- Solution stats data ----------------------------
_ampl_time = 0.166089
_total_solve_time = 74570.8
_ampl_elapsed_time = 0.162879
_ampl_user_time = 0.135272

Total time elapsed: $74570.83.
_total_solve_time = 74570.8

---------------------------- Solution miscs data ----------------------------
tetrahedron_volume [*] :=
  1 0.117851    21 0.117851    41 0.117851    61 0.117851    81 0.117851
  2 0.117851    22 0.117851    42 0.117851    62 0.117851    82 0.117851
  3 0.117851    23 0.117851    43 0.117851    63 0.117851    83 0.117851
  4 0.117851    24 0.117851    44 0.117851    64 0.117851    84 0.117851
  5 0.117851    25 0.117851    45 0.117851    65 0.117851    85 0.117851
  6 0.117851    26 0.117851    46 0.117851    66 0.117851    86 0.117851
  7 0.117851    27 0.117851    47 0.117851    67 0.117851    87 0.117851
  8 0.117851    28 0.117851    48 0.117851    68 0.117851    88 0.117851
  9 0.117851    29 0.117851    49 0.117851    69 0.117851    89 0.117851
 10 0.117851    30 0.117851    50 0.117851    70 0.117851    90 0.117851
 11 0.117851    31 0.117851    51 0.117851    71 0.117851    91 0.117851
 12 0.117851    32 0.117851    52 0.117851    72 0.117851    92 0.117851
 13 0.117851    33 0.117851    53 0.117851    73 0.117851    93 0.117851
 14 0.117851    34 0.117851    54 0.117851    74 0.117851    94 0.117851
 15 0.117851    35 0.117851    55 0.117851    75 0.117851    95 0.117851
 16 0.117851    36 0.117851    56 0.117851    76 0.117851    96 0.117851
 17 0.117851    37 0.117851    57 0.117851    77 0.117851    97 0.117851
 18 0.117851    38 0.117851    58 0.117851    78 0.117851    98 0.117851
 19 0.117851    39 0.117851    59 0.117851    79 0.117851    99 0.117851
 20 0.117851    40 0.117851    60 0.117851    80 0.117851   100 0.117851
;

---------------------------- Solution miscs data ----------------------------
tetrahedron_surface_area [*] :=
  1 0    11 0    21 0    31 0    41 0    51 0    61 0    71 0    81 0    91 0
  2 0    12 0    22 0    32 0    42 0    52 0    62 0    72 0    82 0    92 0
  3 0    13 0    23 0    33 0    43 0    53 0    63 0    73 0    83 0    93 0
  4 0    14 0    24 0    34 0    44 0    54 0    64 0    74 0    84 0    94 0
  5 0    15 0    25 0    35 0    45 0    55 0    65 0    75 0    85 0    95 0
  6 0    16 0    26 0    36 0    46 0    56 0    66 0    76 0    86 0    96 0
  7 0    17 0    27 0    37 0    47 0    57 0    67 0    77 0    87 0    97 0
  8 0    18 0    28 0    38 0    48 0    58 0    68 0    78 0    88 0    98 0
  9 0    19 0    29 0    39 0    49 0    59 0    69 0    79 0    89 0    99 0
 10 0    20 0    30 0    40 0    50 0    60 0    70 0    80 0    90 0   100 0
;

