Error at _cmdno 5 executing "solve" command
(file amplin, line 1961, offset 37058):
error processing param distances:
	3440 invalid subscripts discarded:
	distances[86,1,1]
	distances[86,1,2]
	distances[86,1,3]
	and 3437 more.
##### This license is only intended for use by NEOS. #####
##### License is valid until Jan 16, 2026 #####
ariables.
Substitution eliminates 1 variable.
Adjusted problem:
18873 variables:
	11733 nonlinear variables
	7140 linear variables
37828 constraints; 227296 nonzeros
	33575 nonlinear constraints
	4253 linear constraints
	3656 equality constraints
	34172 inequality constraints
1 nonlinear objective; 3 nonzeros.

Artelys Knitro 14.2.0: threads=4
algorithm=1
ms_enable=1
ms_maxsolves=10
feastol=1e-5
opttol=1e-5
honorbnds=1
bar_initpt=3
bar_murule=4
scale=1
outlev=2
maxtime_real=1200
WARNING:  Option 'threads' is deprecated, please use 'numthreads'.
WARNING: 1 constraint is constant or undefined and will be ignored.

=======================================
           Academic License
       (NOT FOR COMMERCIAL USE)
         Artelys Knitro 14.2.0
=======================================

No start point provided -- Knitro computing one.

Knitro presolve eliminated 0 variables and 1 constraint.

algorithm                1
bar_initpt               3
bar_murule               4
concurrent_evals         0
datacheck                0
feastol                  1e-05
findiff_numthreads       1
hessian_no_f             1
hessopt                  1
honorbnds                1
maxtime_real             1200
ms_enable                1
ms_maxsolves             10
numthreads               4
opttol                   1e-05

Problem Characteristics                                 (   Presolved)
-----------------------
Objective goal:  Minimize
Objective type:  general
Number of variables:                              18873 (       18873)
    bounded below only:                               1 (           1)
    bounded above only:                               0 (           0)
    bounded below and above:                          0 (           0)
    fixed:                                            0 (           0)
    free:                                         18872 (       18872)
Number of constraints:                            37828 (       37827)
    linear equalities:                                1 (           0)
    quadratic equalities:                          3570 (        3570)
    gen. nonlinear equalities:                       85 (          85)
    linear one-sided inequalities:                 4252 (        4252)
    quadratic one-sided inequalities:             29920 (       29920)
    gen. nonlinear one-sided inequalities:            0 (           0)
    linear two-sided inequalities:                    0 (           0)
    quadratic two-sided inequalities:                 0 (           0)
    gen. nonlinear two-sided inequalities:            0 (           0)
Number of nonzeros in Jacobian:                  227296 (      227296)
Number of nonzeros in Hessian:                   103023 (      103023)

Knitro parallel multistart will run with 4 threads.

Return codes description
------------------------
  0:  The final solution satisfies the termination conditions for verifying optimality.
  -100 to -199:  A feasible approximate solution was found.
  -200 to -299:  Knitro terminated at an infeasible point.
  -300 to -301:  The problem was determined to be unbounded.
  -400 to -499:  Knitro terminated because it reached a pre-defined limit.
    -400 to -409:  A feasible point was found.
    -410 to -419:  No feasible point was found.
  -500 to -599:  Knitro terminated with an input error or some non-standard error.
A more detailed description of individual return codes and their corresponding
termination messages is provided at
https://www.artelys.com/app/docs/knitro/3_referenceManual/returnCodes.html

 Solve #  ThreadID  Status     Objective      FeasError    OptError    Real Time 
--------  --------  ------  --------------   ----------   ----------  ----------
      0          0       0         4.20268  1.24986e-05  2.04606e-05      1073.18
      3          3    -410     5.78149e+10  3.42399e+06      8473.37      4786.75
      2          1    -410     7.71968e+12  2.24745e+06      789657.      4926.96
      1          2    -410     2.47561e+10  5.31316e+06      4463.65      5011.17
      5          3    -410     2.13755e+12  1.62352e+06      125090.      6348.67
      7          2    -410     4.35788e+12  2.79666e+06      240003.      7640.73
      4          0    -410     2.80423e+10      4.17053      20465.2      4957.18
      9          3    -410     6.65906e+10  1.03358e+06      50162.7      4847.43
      6          1    -410     5.25395e+11      39.7142      137198.      6214.03
      8          0    -410     5.70287e+10      250.535      9333.66      5650.13

MULTISTART: Best locally optimal solution is returned.
EXIT: Locally optimal solution found.

Final Statistics
----------------
Final objective value               =   4.20268074430935e+00
Final feasibility error (abs / rel) =   1.25e-05 / 2.38e-06
Final optimality error  (abs / rel) =   2.05e-05 / 2.89e-06
# of iterations                     =      92706 
# of CG iterations                  =          0 
# of function evaluations           =      93714
# of gradient evaluations           =      92800
# of Hessian evaluations            =      92739
Total program time (secs)           =   15983.31250 ( 51200.594 CPU time)

===============================================================================

Knitro 14.2.0: Locally optimal or satisfactory solution.
objective 4.202680744; feasibility error 1.25e-05
92706 iterations; 93714 function evaluations

suffix feaserror OUT;
suffix opterror OUT;
suffix numfcevals OUT;
suffix numiters OUT;
---------------------------- Solver Status Report ----------------------------
solve_result_num = 0
solve_result = solved
solve_message = 'Knitro 14.2.0: Locally optimal or satisfactory solution.\
objective 4.202680744; feasibility error 1.25e-05\
92706 iterations; 93714 function evaluations'


---------------------------- Problem Dimensions ----------------------------
Variables: 37234
Constraints: 37914
---------------------------- Container and geometric considerations  ----------------------------
Container type: cylinder
Structural conservation type: volume & surface
---------------------------- Solution execution data ----------------------------
solve_result_num = 0
solve_result = solved

---------------------------- Solution data ----------------------------
card(figures) = 85

coords [*,*,1]
:         1             2            3            4         :=
1     0.878877      0.749555     -0.0379065   -0.0617783
2    -0.0907528     0.165619     -0.0534779    0.878866
3     0.826824      0.335977      1.18903      1.005
4     1.005         1.18903       1.16809      0.33597
5    -1.11424      -1.04519      -1.18363     -0.285458
6     0.0960315    -0.114839     -0.683592    -0.302759
7    -0.048904     -1.1038       -1.18901     -1.06632
8    -0.0882382    -0.0329451     0.122005    -0.710595
9     0.837686     -0.0117298     1.17061      0.11981
10   -1.04519      -0.0371815    -0.7356      -0.377606
11   -0.568269      0.142547     -0.712205    -1.11424
12    0.165619     -0.047986      0.878999     0.984013
13   -1.11424      -1.18799      -0.225594    -0.643768
14   -0.0625465     0.749742     -0.0219537    0.120221
15   -0.0680027     0.207166      0.192017    -0.356651
16    0.0543149     0.35883       0.855432     1.16809
17   -0.00741276    0.787104      0.842003     1.16328
18    0.303629     -0.0471209     0.984141     1.17835
19    0.784396      0.156916      0.760246    -0.1368
20   -0.761113     -0.0782849    -0.0819833   -0.882368
21   -0.485461     -0.12115      -0.517981    -1.03635
22    1.16809      -0.124656      0.262047     0.81289
23    0.165619      0.347096     -0.0534779    1.12648
24    0.117087      0.227482     -0.655998     0.291452
25   -1.18269      -1.11488      -1.09678     -0.200709
26   -0.696515     -0.568269      0.268118    -0.0250446
27   -0.183149     -0.208516      0.275681     0.156053
28   -0.0680027    -0.695731     -0.088098     0.207167
29   -1.01738      -0.0978096    -1.1292      -1.18692
30   -0.21429      -1.02168      -1.15003     -1.11725
31    0.938726      0.416818      0.772962     0.101361
32    0.762374      0.984013     -0.0102215    1.10481
33    0.821023     -0.0606035     0.0543148    0.35883
34   -0.0882379     0.122005     -0.0329453    0.776618
35    1.13946       0.570449      0.801524    -0.0860092
36   -0.260008     -0.355923     -0.942972    -1.13807
37   -0.0584475     0.181201      0.0124214   -0.760079
38   -0.643768     -1.11424      -0.225595     0.109705
39    0.786352      0.938726      0.0660055    1.13951
40   -0.539153     -0.389516     -1.09678     -0.925535
41   -0.485461     -0.237343     -0.0639533    0.156259
42    0.775206     -0.0541143     0.215381     0.351021
43   -1.18901      -0.0519216    -1.15063     -1.09753
44   -1.10377      -0.688343     -1.07322      0.0042615
45    0.62051       0.32544       1.10357      0.955295
46   -0.878118     -0.0963313    -0.0820029   -0.0784268
47   -0.378853     -1.0888       -0.700223    -0.337454
48    1.07221       1.13976       0.239695     1.17835
49    0.282745     -0.698553     -0.45263     -0.342134
50   -0.120845     -1.03652      -1.11504     -0.485461
51    0.203832     -0.0680027     0.185612     0.62051
52   -0.0464236    -1.11786      -1.11426     -0.835169
53   -0.068003     -0.757468     -1.04519     -0.0348888
54    0.221156      0.321925      0.919259     0.769633
55   -0.0161564     0.416818     -0.568269     0.132319
56   -0.0812838     1.17835       0.934845     0.986482
57   -0.702179     -0.185312     -0.373466     0.248543
58    1.16809       0.888959      0.0543149    0.869179
59    1.11719       0.799143      0.080227     1.17167
60   -0.754167     -0.347352     -1.10228      0.017713
61   -0.222834     -1.11572      -0.120754    -0.0426294
62   -0.00243099    0.567753      1.04664      0.111943
63    0.955293      0.62051      -0.0618538    0.32544
64    0.227482     -0.45263      -0.698413     0.291371
65   -0.0680027     0.207166     -0.355942    -0.723602
66   -1.11787      -0.00207951   -0.747186    -0.145014
67   -0.45263       0.777103     -0.110062    -0.0648812
68   -0.485461     -0.658517     -0.232111    -0.0753149
69   -1.11504      -1.09678      -0.123149    -0.200751
70    1.02351       1.17195       1.14619      0.169681
71   -1.02409      -1.11807      -0.145015    -0.75927
72    1.10644       0.984013     -0.047986     1.18558
73   -0.0874283     1.18858       0.342829     0.609961
74   -0.396313     -0.553172     -0.11073     -1.09678
75   -0.45263       0.777295      0.176786     0.251835
76   -0.0587668     0.62051      -0.0680025    0.934845
77    0.763983     -0.08784       0.181201    -0.0584475
78    1.11719       0.0802269     1.17167      1.15293
79    0.32885      -0.0512596    -0.650842    -0.0977628
80    0.769633      0.0780873     0.221156     0.321925
81   -0.130533     -0.115271      0.163923     1.04413
82   -0.110062      0.777103     -0.45263      0.17695
83   -0.0179091    -0.608881     -0.696583    -1.11831
84   -0.516344     -0.568269      0.0638825    0.366296
85    0.938726     -0.0639241     1.17835      0.795061

 [*,*,2]
:         1             2             3             4          :=
1     0.800865      0.923026      0.0935583     1.18743
2     1.18557       1.17745       0.0218058     0.800877
3    -0.8545        0.0808514     0.00410582   -0.635435
4    -0.635435      0.00410257    0.222206      0.0808618
5    -0.415075      0.566903      0.113261      0.305363
6     0.121441      0.0401406    -0.216191      1.01486
7     0.0659346     0.442092      0.00816932    0.526098
8    -1.18576       0.0647945    -1.18276      -0.953344
9    -0.836497     -0.236144     -0.202173      0.122922
10    0.566903      0.465111      0.934185      0.0263104
11   -1.04445      -0.0679499    -0.738266     -0.415075
12    1.17745       0.0507726     0.800732      0.667479
13   -0.415075      0.0497979     0.36367      -0.288744
14    1.18739       0.922874      0.148162      1.13531
15    1.18709       0.113626      1.17343       1.13429
16    0.67771       0.0924298    -0.0745398     0.222206
17   -0.239195     -0.891223     -0.839548     -0.246162
18   -0.0790852     0.100132      0.454961     -0.159073
19   -0.893606     -1.17864      -0.778854     -0.130332
20   -0.913519     -1.17678      -0.0824846    -0.797017
21    1.08542      -0.0517211     0.690443      0.582917
22    0.222207      0.0524738     1.1598        0.796108
23    1.17745       0.784456      0.0218058     0.380596
24   -1.18326      -1.16707      -0.991704     -0.325985
25   -0.12268       0.413335     -0.459226     -0.017442
26   -0.963679     -1.04445      -0.376077     -1.18877
27    0.122797      0.742867     -0.0853036     1.17809
28    1.18709       0.845203      0.0424836     0.113626
29   -0.615433      0.0743258    -0.372449     -0.0708548
30   -0.00468072    0.392692      0.302074     -0.406882
31   -0.729797     -1.11359      -0.872395      0.0305384
32    0.912462      0.667479      0.0869568     0.439541
33   -0.0416306    -0.120193      0.67771       0.0924298
34   -1.18576      -1.18276       0.0647943    -0.900374
35   -0.0693384    -0.485018     -0.878276     -0.0417263
36    0.00275492    1.13452       0.372646      0.344399
37    0.0598579    -1.17515      -1.00606      -0.914379
38   -0.288744     -0.415075      0.36367      -0.108548
39   -0.891886     -0.729797     -0.0515265    -0.33961
40   -1.05978      -0.106843     -0.459226     -0.746455
41    1.08542       0.165585      1.18732       1.17873
42   -0.90159      -1.18781      -0.0467643    -0.900141
43    0.0078593     0.0669994     0.299766     -0.37634
44    0.442143      0.969533      0.51187       0.0456106
45    1.01429      -0.0775548     0.442646      0.707969
46   -0.801697      0.121355     -0.076699     -1.13481
47   -0.00200074    0.477842     -0.29086       0.937808
48    0.513971     -0.338773     -0.127566     -0.159073
49   -0.332448     -0.962202     -0.817152      0.0479337
50   -0.0500626     0.582619      0.412901      1.08542
51    1.17144       1.18709       0.0338977     1.01429
52   -0.142243     -0.405226     -0.415007     -0.846347
53    1.18709       0.916543      0.566903      0.465733
54   -1.16829      -0.298555     -0.75417      -0.906352
55   -1.18893      -1.11359      -1.04445      -9.04968e-05
56    0.107358     -0.159073      0.734761      0.447559
57   -0.276273      0.124278      0.786295     -0.0976499
58    0.222206      0.789659      0.67771      -0.0815456
59   -0.407059     -0.876032      0.127345     -0.202503
60    0.919261      1.13717       0.445856     -0.0175094
61   -0.0084199     0.411059     -0.050129      0.659912
62    0.57082       0.911479      0.261676     -0.167094
63    0.707972      1.01429       0.121746     -0.0775546
64   -1.16707      -0.817152     -0.962304     -0.327049
65    1.18709       0.113626      1.13451       0.943509
66   -0.40455       0.0798497    -0.896476      0.0291557
67   -0.817152     -0.384457      0.173077      0.0603219
68    1.08542       0.990033      0.175924      1.18665
69    0.41289      -0.459226     -0.0486706    -0.0174223
70    0.60517      -0.200856      0.316328     -0.259509
71   -0.604185     -0.404639      0.0291556    -0.915051
72    0.435442      0.667479      0.0507726    -0.0906423
73   -0.133791     -0.0328152     0.0843184    -0.456159
74   -0.0956938    -1.04468      -0.0434339    -0.459226
75   -0.817152     -0.38439      -0.261583     -1.16206
76    0.121261      1.01429       1.18709       0.734761
77   -0.737995     -0.599799     -1.17515       0.0598579
78   -0.407059      0.127345     -0.202503      0.290812
79    0.749717      0.0260289     0.995095      1.18501
80   -0.906352     -1.18647      -1.16829      -0.298555
81    0.121506      0.604072     -0.143683      0.262416
82    0.173077     -0.384457     -0.817152     -0.261439
83    0.0396904    -1.02131      -0.96363      -0.403957
84   -0.687174     -1.04445       0.0493372    -0.336995
85   -0.729797      0.103686     -0.159073     -0.247175

 [*,*,3]
:        1             2             3            4         :=
1    -0.349777    -1.02328      -0.397267     -0.265061
2    -0.264103     0.343977     -0.218599     -0.349775
3    -0.627076    -1.35741      -0.374344     -1.3953
4    -1.3953      -0.374348     -1.3953       -1.3574
5     1.57729      1.57729       0.651884      1.57729
6     0.842395    -0.116863      0.454647      0.255947
7    -0.240864     0.31027      -0.784794     -0.914007
8     0.888525     0.523752      0.177927      0.266543
9    -0.348287     0.437887      0.626728      0.025865
10    1.57729      1.55355       0.557464      1.0036
11    1.57729      1.57729       0.856131      1.57729
12    0.343977    -0.204497     -0.349949      0.300133
13    1.57729      0.745689      1.56744       0.518874
14   -0.264372    -1.02346      -0.442757     -1.28259
15    1.57729      0.890304      0.43843       0.306902
16   -0.893282    -1.3953       -0.212597     -1.3953
17    0.433892     0.579663     -0.352282      0.560961
18    0.693875     1.57729       0.902725      1.57729
19    0.624016     0.197809     -0.304953      0.384053
20    0.280165    -0.468478      0.240402     -0.489466
21   -1.3953      -1.3401       -0.344254     -0.662132
22   -1.3953      -1.3953       -1.3953       -0.877598
23    0.343977     0.760127     -0.218599      0.20445
24   -0.399358    -1.3953       -0.565185     -0.442115
25   -0.571308    -1.39352      -1.3953       -0.569677
26    0.282292     1.57729       0.933605      0.944879
27   -1.3953      -0.248622     -1.09608      -1.3953
28    1.57729      0.608319      1.43683       0.890304
29   -0.852851    -0.23752       0.423258     -0.542453
30   -0.0169308    0.926579     -0.0584253     0.48488
31    1.57729      1.57729       0.597566      1.2561
32   -0.96116      0.300133     -0.311825     -0.628369
33   -0.240311    -0.214448     -0.893282     -1.3953
34    0.888524     0.177927      0.523753      0.617677
35   -0.417076    -0.986535     -0.426305      0.027298
36   -0.0746933    0.310171      0.97256       0.283409
37    0.312252     0.178166     -0.435274      0.278733
38    0.518874     1.57729       1.56744       1.52493
39    0.579782     1.57729       0.885695      0.555287
40   -1.3953      -0.518072     -1.3953       -0.338034
41   -1.3953      -1.04852      -0.257315     -1.3953
42    0.618291     0.88088       0.555964      1.53236
43   -0.785552    -0.183399     -0.0565073     0.457034
44    0.309525    -0.353648     -0.703913     -0.251739
45    0.913149     0.666581      0.227045      1.49496
46   -0.49109     -0.468932      0.24415      -0.441295
47    1.02729      1.20194       0.48317       0.240735
48    0.937865     0.560103      0.672895      1.57729
49   -0.433902    -0.486611     -1.3953       -0.483909
50   -1.34102     -0.661856     -1.3953       -1.3953
51    0.387353     1.57729       1.02428       0.913149
52    0.871591     0.264443      1.56824       0.855413
53    1.57729      0.608411      1.57729       1.55132
54   -1.33875     -0.674777     -1.3953       -0.185254
55    0.93535      1.57729       1.57729       1.42759
56    1.57729      1.57729       1.57729       0.910856
57    0.464345     1.40024       0.292839      1.02205
58   -1.3953      -0.891311     -0.893282     -0.215398
59   -0.463582    -0.425088     -0.00509401    0.62733
60   -0.271657     0.308511      0.30588      -0.174648
61   -0.353343    -0.944365     -1.33759      -0.246841
62    0.494914     0.917333      0.0524927     0.854055
63    1.49497      0.913149      1.57478       0.666581
64   -1.3953      -1.3953       -0.500432     -0.443322
65    1.57729      0.890304      0.310179      0.668432
66    0.263037     0.717077      0.279349     -0.309454
67   -1.3953      -1.3953       -0.619352     -1.3953
68   -1.3953      -0.10652      -1.0314       -0.287303
69   -1.39367     -1.3953       -1.3953       -0.569715
70    0.974241     0.625384     -0.00998778    0.501693
71   -0.790028     0.263154     -0.309454      0.291165
72   -0.644327     0.300133     -0.204497     -0.247413
73   -0.138926    -0.366762     -1.35025      -0.947003
74   -0.515058    -1.3953       -1.3953       -1.3953
75   -1.3953      -1.3953       -0.43622      -1.37617
76    1.57729      0.913149      1.57729       1.57729
77   -0.309873    -0.490733      0.178166      0.312251
78   -0.463582    -0.00509395    0.62733       0.0225158
79    0.715546    -0.213179     -0.109072     -0.280759
80   -0.185254    -0.0429145    -1.33875      -0.674777
81   -0.0857704    0.542501      0.80973       0.0535522
82   -0.619352    -1.3953       -1.3953       -0.43597
83    0.703776     1.17815       0.281576      0.263017
84    0.348759     1.57729       1.25479       1.00625
85    1.57729      1.57729       1.57729       0.661302
;

radius = 1.18904
height = 2.97259
softness = 0.7

---------------------------- Solution coords data ----------------------------
distances [*,1,*]
:    1   2   3   4    :=
1    0   1   0   1
2    0   1   0   1
3    0   1   0   1
4    0   1   0   1
5    0   1   0   1
6    0   1   0   1
7    0   1   0   1
8    0   1   0   1
9    0   1   0   1
10   0   1   0   1
11   0   1   0   1
12   0   1   0   1
13   0   1   0   1
14   0   1   0   1
15   0   1   0   1
16   0   1   0   1
17   0   1   0   1
18   0   1   0   1
19   0   1   0   1
20   0   1   0   1
21   0   1   0   1
22   0   1   0   1
23   0   1   0   1
24   0   1   0   1
25   0   1   0   1
26   0   1   0   1
27   0   1   0   1
28   0   1   0   1
29   0   1   0   1
30   0   1   0   1
31   0   1   0   1
32   0   1   0   1
33   0   1   0   1
34   0   1   0   1
35   0   1   0   1
36   0   1   0   1
37   0   1   0   1
38   0   1   0   1
39   0   1   0   1
40   0   1   0   1
41   0   1   0   1
42   0   1   0   1
43   0   1   0   1
44   0   1   0   1
45   0   1   0   1
46   0   1   0   1
47   0   1   0   1
48   0   1   0   1
49   0   1   0   1
50   0   1   0   1
51   0   1   0   1
52   0   1   0   1
53   0   1   0   1
54   0   1   0   1
55   0   1   0   1
56   0   1   0   1
57   0   1   0   1
58   0   1   0   1
59   0   1   0   1
60   0   1   0   1
61   0   1   0   1
62   0   1   0   1
63   0   1   0   1
64   0   1   0   1
65   0   1   0   1
66   0   1   0   1
67   0   1   0   1
68   0   1   0   1
69   0   1   0   1
70   0   1   0   1
71   0   1   0   1
72   0   1   0   1
73   0   1   0   1
74   0   1   0   1
75   0   1   0   1
76   0   1   0   1
77   0   1   0   1
78   0   1   0   1
79   0   1   0   1
80   0   1   0   1
81   0   1   0   1
82   0   1   0   1
83   0   1   0   1
84   0   1   0   1
85   0   1   0   1

 [*,2,*]
:    1   2   3   4    :=
1    0   0   1   1
2    0   0   1   1
3    0   0   1   1
4    0   0   1   1
5    0   0   1   1
6    0   0   1   1
7    0   0   1   1
8    0   0   1   1
9    0   0   1   1
10   0   0   1   1
11   0   0   1   1
12   0   0   1   1
13   0   0   1   1
14   0   0   1   1
15   0   0   1   1
16   0   0   1   1
17   0   0   1   1
18   0   0   1   1
19   0   0   1   1
20   0   0   1   1
21   0   0   1   1
22   0   0   1   1
23   0   0   1   1
24   0   0   1   1
25   0   0   1   1
26   0   0   1   1
27   0   0   1   1
28   0   0   1   1
29   0   0   1   1
30   0   0   1   1
31   0   0   1   1
32   0   0   1   1
33   0   0   1   1
34   0   0   1   1
35   0   0   1   1
36   0   0   1   1
37   0   0   1   1
38   0   0   1   1
39   0   0   1   1
40   0   0   1   1
41   0   0   1   1
42   0   0   1   1
43   0   0   1   1
44   0   0   1   1
45   0   0   1   1
46   0   0   1   1
47   0   0   1   1
48   0   0   1   1
49   0   0   1   1
50   0   0   1   1
51   0   0   1   1
52   0   0   1   1
53   0   0   1   1
54   0   0   1   1
55   0   0   1   1
56   0   0   1   1
57   0   0   1   1
58   0   0   1   1
59   0   0   1   1
60   0   0   1   1
61   0   0   1   1
62   0   0   1   1
63   0   0   1   1
64   0   0   1   1
65   0   0   1   1
66   0   0   1   1
67   0   0   1   1
68   0   0   1   1
69   0   0   1   1
70   0   0   1   1
71   0   0   1   1
72   0   0   1   1
73   0   0   1   1
74   0   0   1   1
75   0   0   1   1
76   0   0   1   1
77   0   0   1   1
78   0   0   1   1
79   0   0   1   1
80   0   0   1   1
81   0   0   1   1
82   0   0   1   1
83   0   0   1   1
84   0   0   1   1
85   0   0   1   1

 [*,3,*]
:    1   2   3   4    :=
1    1   0   0   1
2    1   0   0   1
3    1   0   0   1
4    1   0   0   1
5    1   0   0   1
6    1   0   0   1
7    1   0   0   1
8    1   0   0   1
9    1   0   0   1
10   1   0   0   1
11   1   0   0   1
12   1   0   0   1
13   1   0   0   1
14   1   0   0   1
15   1   0   0   1
16   1   0   0   1
17   1   0   0   1
18   1   0   0   1
19   1   0   0   1
20   1   0   0   1
21   1   0   0   1
22   1   0   0   1
23   1   0   0   1
24   1   0   0   1
25   1   0   0   1
26   1   0   0   1
27   1   0   0   1
28   1   0   0   1
29   1   0   0   1
30   1   0   0   1
31   1   0   0   1
32   1   0   0   1
33   1   0   0   1
34   1   0   0   1
35   1   0   0   1
36   1   0   0   1
37   1   0   0   1
38   1   0   0   1
39   1   0   0   1
40   1   0   0   1
41   1   0   0   1
42   1   0   0   1
43   1   0   0   1
44   1   0   0   1
45   1   0   0   1
46   1   0   0   1
47   1   0   0   1
48   1   0   0   1
49   1   0   0   1
50   1   0   0   1
51   1   0   0   1
52   1   0   0   1
53   1   0   0   1
54   1   0   0   1
55   1   0   0   1
56   1   0   0   1
57   1   0   0   1
58   1   0   0   1
59   1   0   0   1
60   1   0   0   1
61   1   0   0   1
62   1   0   0   1
63   1   0   0   1
64   1   0   0   1
65   1   0   0   1
66   1   0   0   1
67   1   0   0   1
68   1   0   0   1
69   1   0   0   1
70   1   0   0   1
71   1   0   0   1
72   1   0   0   1
73   1   0   0   1
74   1   0   0   1
75   1   0   0   1
76   1   0   0   1
77   1   0   0   1
78   1   0   0   1
79   1   0   0   1
80   1   0   0   1
81   1   0   0   1
82   1   0   0   1
83   1   0   0   1
84   1   0   0   1
85   1   0   0   1

 [*,4,*]
:    1   2   3   4    :=
1    1   1   1   0
2    1   1   1   0
3    1   1   1   0
4    1   1   1   0
5    1   1   1   0
6    1   1   1   0
7    1   1   1   0
8    1   1   1   0
9    1   1   1   0
10   1   1   1   0
11   1   1   1   0
12   1   1   1   0
13   1   1   1   0
14   1   1   1   0
15   1   1   1   0
16   1   1   1   0
17   1   1   1   0
18   1   1   1   0
19   1   1   1   0
20   1   1   1   0
21   1   1   1   0
22   1   1   1   0
23   1   1   1   0
24   1   1   1   0
25   1   1   1   0
26   1   1   1   0
27   1   1   1   0
28   1   1   1   0
29   1   1   1   0
30   1   1   1   0
31   1   1   1   0
32   1   1   1   0
33   1   1   1   0
34   1   1   1   0
35   1   1   1   0
36   1   1   1   0
37   1   1   1   0
38   1   1   1   0
39   1   1   1   0
40   1   1   1   0
41   1   1   1   0
42   1   1   1   0
43   1   1   1   0
44   1   1   1   0
45   1   1   1   0
46   1   1   1   0
47   1   1   1   0
48   1   1   1   0
49   1   1   1   0
50   1   1   1   0
51   1   1   1   0
52   1   1   1   0
53   1   1   1   0
54   1   1   1   0
55   1   1   1   0
56   1   1   1   0
57   1   1   1   0
58   1   1   1   0
59   1   1   1   0
60   1   1   1   0
61   1   1   1   0
62   1   1   1   0
63   1   1   1   0
64   1   1   1   0
65   1   1   1   0
66   1   1   1   0
67   1   1   1   0
68   1   1   1   0
69   1   1   1   0
70   1   1   1   0
71   1   1   1   0
72   1   1   1   0
73   1   1   1   0
74   1   1   1   0
75   1   1   1   0
76   1   1   1   0
77   1   1   1   0
78   1   1   1   0
79   1   1   1   0
80   1   1   1   0
81   1   1   1   0
82   1   1   1   0
83   1   1   1   0
84   1   1   1   0
85   1   1   1   0
;

---------------------------- Solution stats data ----------------------------
_ampl_time = 0.236222
_total_solve_time = 51201.1
_ampl_elapsed_time = 0.232356
_ampl_user_time = 0.197362

Total time elapsed: $51201.06.
_total_solve_time = 51201.1

---------------------------- Solution miscs data ----------------------------
tetrahedron_volume [*] :=
 1 0.117851   18 0.117851   35 0.117851   52 0.117851   69 0.117851
 2 0.117851   19 0.117851   36 0.117851   53 0.117851   70 0.117851
 3 0.117851   20 0.117851   37 0.117851   54 0.117851   71 0.117851
 4 0.117851   21 0.117851   38 0.117851   55 0.117851   72 0.117851
 5 0.117851   22 0.117851   39 0.117851   56 0.117851   73 0.117851
 6 0.117851   23 0.117851   40 0.117851   57 0.117851   74 0.117851
 7 0.117851   24 0.117851   41 0.117851   58 0.117851   75 0.117851
 8 0.117851   25 0.117851   42 0.117851   59 0.117851   76 0.117851
 9 0.117851   26 0.117851   43 0.117851   60 0.117851   77 0.117851
10 0.117851   27 0.117851   44 0.117851   61 0.117851   78 0.117851
11 0.117851   28 0.117851   45 0.117851   62 0.117851   79 0.117851
12 0.117851   29 0.117851   46 0.117851   63 0.117851   80 0.117851
13 0.117851   30 0.117851   47 0.117851   64 0.117851   81 0.117851
14 0.117851   31 0.117851   48 0.117851   65 0.117851   82 0.117851
15 0.117851   32 0.117851   49 0.117851   66 0.117851   83 0.117851
16 0.117851   33 0.117851   50 0.117851   67 0.117851   84 0.117851
17 0.117851   34 0.117851   51 0.117851   68 0.117851   85 0.117851
;

---------------------------- Solution miscs data ----------------------------
tetrahedron_surface_area [*] :=
 1 0    9 0   17 0   25 0   33 0   41 0   49 0   57 0   65 0   73 0   81 0
 2 0   10 0   18 0   26 0   34 0   42 0   50 0   58 0   66 0   74 0   82 0
 3 0   11 0   19 0   27 0   35 0   43 0   51 0   59 0   67 0   75 0   83 0
 4 0   12 0   20 0   28 0   36 0   44 0   52 0   60 0   68 0   76 0   84 0
 5 0   13 0   21 0   29 0   37 0   45 0   53 0   61 0   69 0   77 0   85 0
 6 0   14 0   22 0   30 0   38 0   46 0   54 0   62 0   70 0   78 0
 7 0   15 0   23 0   31 0   39 0   47 0   55 0   63 0   71 0   79 0
 8 0   16 0   24 0   32 0   40 0   48 0   56 0   64 0   72 0   80 0
;

