Error at _cmdno 5 executing "solve" command
(file amplin, line 1945, offset 37257):
error processing param distances:
	4000 invalid subscripts discarded:
	distances[51,1,1]
	distances[51,1,2]
	distances[51,1,3]
	and 3997 more.
##### This license is only intended for use by NEOS. #####
##### License is valid until Jan 16, 2026 #####
riables.
Adjusted problem:
6726 variables:
	4276 nonlinear variables
	2450 linear variables
13100 constraints; 79725 nonzeros
	11875 nonlinear constraints
	1225 linear constraints
	1275 equality constraints
	11825 inequality constraints
1 linear objective; 1 nonzero.

Artelys Knitro 14.2.0: threads=4
algorithm=1
ms_enable=1
ms_maxsolves=10
feastol=1e-5
opttol=1e-5
honorbnds=1
bar_initpt=3
bar_murule=4
scale=1
outlev=2
maxtime_real=3600
WARNING:  Option 'threads' is deprecated, please use 'numthreads'.

=======================================
           Academic License
       (NOT FOR COMMERCIAL USE)
         Artelys Knitro 14.2.0
=======================================

No start point provided -- Knitro computing one.

Knitro presolve eliminated 0 variables and 0 constraints.

algorithm                1
bar_initpt               3
bar_murule               4
concurrent_evals         0
datacheck                0
feastol                  1e-05
findiff_numthreads       1
hessian_no_f             1
hessopt                  1
honorbnds                1
maxtime_real             3600
ms_enable                1
ms_maxsolves             10
numthreads               4
opttol                   1e-05

Problem Characteristics                                 (   Presolved)
-----------------------
Objective goal:  Minimize
Objective type:  linear
Number of variables:                               6726 (        6726)
    bounded below only:                             601 (         601)
    bounded above only:                               0 (           0)
    bounded below and above:                          0 (           0)
    fixed:                                            0 (           0)
    free:                                          6125 (        6125)
Number of constraints:                            13100 (       13100)
    linear equalities:                                0 (           0)
    quadratic equalities:                          1225 (        1225)
    gen. nonlinear equalities:                       50 (          50)
    linear one-sided inequalities:                 1225 (        1225)
    quadratic one-sided inequalities:             10600 (       10600)
    gen. nonlinear one-sided inequalities:            0 (           0)
    linear two-sided inequalities:                    0 (           0)
    quadratic two-sided inequalities:                 0 (           0)
    gen. nonlinear two-sided inequalities:            0 (           0)
Number of nonzeros in Jacobian:                   79725 (       79725)
Number of nonzeros in Hessian:                    36976 (       36976)

Knitro parallel multistart will run with 4 threads.

Return codes description
------------------------
  0:  The final solution satisfies the termination conditions for verifying optimality.
  -100 to -199:  A feasible approximate solution was found.
  -200 to -299:  Knitro terminated at an infeasible point.
  -300 to -301:  The problem was determined to be unbounded.
  -400 to -499:  Knitro terminated because it reached a pre-defined limit.
    -400 to -409:  A feasible point was found.
    -410 to -419:  No feasible point was found.
  -500 to -599:  Knitro terminated with an input error or some non-standard error.
A more detailed description of individual return codes and their corresponding
termination messages is provided at
https://www.artelys.com/app/docs/knitro/3_referenceManual/returnCodes.html

 Solve #  ThreadID  Status     Objective      FeasError    OptError    Real Time 
--------  --------  ------  --------------   ----------   ----------  ----------
      2          3    -202         1220.15      33480.8      75.0799      491.526
      4          3    -202         1620.79      49738.9      1.00028      790.612
      7          1    -202         2765.88      53280.4      4.22025      1346.24
      0          0       0        0.658398  4.11388e-04  6.87664e-06      1143.56
      3          1    -410         1.29540     0.227546     0.397555      9527.52
      6          3    -410        0.837781  3.84824e-03  2.53209e-02      9877.37
      1          2    -410         2918.83      16.6683      29.9305      10366.3
      9          1    -410         21383.6     0.555939     0.957058      6058.18
      8          2    -410         8929.00      5.52142     0.406424      6352.26
      5          0    -410         28183.2     0.201096      1.00000      11148.2

MULTISTART: Best locally optimal solution is returned.
EXIT: Locally optimal solution found.

Final Statistics
----------------
Final objective value               =   6.58397778877710e-01
Final feasibility error (abs / rel) =   4.11e-04 / 3.83e-07
Final optimality error  (abs / rel) =   6.88e-06 / 6.88e-06
# of iterations                     =      64317 
# of CG iterations                  =          0 
# of function evaluations           =      81747
# of gradient evaluations           =      64625
# of Hessian evaluations            =      64368
Total program time (secs)           =   16933.38086 ( 22521.545 CPU time)

===============================================================================

Knitro 14.2.0: Locally optimal or satisfactory solution.
objective 0.6583977789; feasibility error 0.000411
64317 iterations; 81747 function evaluations

suffix feaserror OUT;
suffix opterror OUT;
suffix numfcevals OUT;
suffix numiters OUT;
---------------------------- Container and geometric considerations  ----------------------------
Container type: sphere
Structural conservation type: surface
---------------------------- Solution execution data ----------------------------
solve_result_num = 0
solve_result = solved

---------------------------- Solution data ----------------------------
card(figures) = 50

coords [*,*,1]
:       1         2         3         4       :=
1    19.7086   20.2763   19.5601   20.4245
2    20.5074   19.9021   19.4919   20.0966
3    20.0416   19.9805   20.527    19.4952
4    19.4759   20.5029   20.05     19.9288
5    19.8987   19.4832   20.0845   20.5005
6    19.9163   19.5049   20.5204   20.109
7    20.5165   20.0929   19.9202   19.4972
8    20.5044   20.12     19.4982   19.882
9    20.4991   19.868    20.129    19.4985
10   19.9724   19.4977   20.5281   20.0535
11   19.4948   19.9786   20.5264   20.0425
12   19.4938   19.9847   20.5263   20.0353
13   19.4953   19.8274   20.1467   20.4789
14   20.0741   19.4852   20.5074   19.9182
15   19.9345   20.0385   19.4721   20.5009
16   19.4961   19.901    20.5098   20.1042
17   20.0956   19.8865   19.4848   20.4975
18   19.9523   20.0708   19.4982   20.525
19   19.8897   20.1139   19.4975   20.5068
20   20.1988   20.4876   19.5273   19.816
21   19.8487   19.5236   20.5034   20.1783
22   20.2161   19.7573   19.5233   20.4501
23   20.1198   19.887    19.5001   20.5074
24   19.882    20.1045   20.4981   19.4883
25   19.9375   20.0812   19.4977   20.5213
26   19.4775   19.9212   20.0586   20.5024
27   19.4967   20.0077   20.5302   20.0191
28   20.4749   19.5194   20.1946   19.7992
29   19.4965   20.0996   20.5126   19.9089
30   20.5034   20.082    19.4845   19.9059
31   19.5085   19.8623   20.1477   20.5022
32   20.501    19.9179   20.0598   19.4768
33   20.5199   19.915    19.5048   20.1097
34   19.4913   20.4981   20.1126   19.8768
35   20.4984   19.9032   20.0736   19.4785
36   20.5146   19.8876   20.139    19.512
37   20.0137   19.998    20.5229   19.4892
38   20.4851   19.4897   19.8473   20.1274
39   20.2876   19.5663   19.6862   20.4074
40   20.5256   19.994    20.0224   19.4921
41   19.4784   20.5027   20.061    19.9198
42   19.8712   20.4914   20.1041   19.4839
43   20.5249   19.9487   19.4991   20.0753
44   19.4964   19.9358   20.0801   20.52
45   20.5035   19.4875   20.0916   19.8992
46   19.8486   20.1517   20.4948   19.5062
47   20.5013   19.4748   20.0503   19.9257
48   19.4978   19.9741   20.5284   20.0522
49   19.4925   20.5034   20.1067   19.8888
50   20.2071   19.5189   20.4543   19.7661

 [*,*,2]
:       1         2         3         4       :=
1    19.6836   20.335    19.7453   20.2731
2    20.4167   20.0503   19.5843   19.9503
3    19.8823   20.0901   20.3926   19.5798
4    19.6016   20.4247   19.9335   20.0928
5    20.0636   19.5944   19.9565   20.426
6    20.0353   19.5678   20.4007   19.9332
7    20.4067   19.9322   20.0504   19.5763
8    20.4164   19.9661   19.5804   20.0303
9    20.4201   20.0238   19.9789   19.5829
10   19.8252   19.5956   20.3723   20.1427
11   19.5959   19.8346   20.3777   20.139
12   19.5821   20.0955   20.3928   19.8794
13   19.5969   20.0139   20.0182   20.4353
14   19.9388   19.5906   20.4186   20.0702
15   20.1034   19.9302   19.6066   20.4269
16   19.5796   20.0426   20.413    19.9496
17   19.9669   20.0549   19.5942   20.4279
18   20.0667   19.9045   19.574    20.3972
19   20.035    19.9593   19.5798   20.4149
20   20.257    20.3144   19.6666   19.7241
21   19.7347   19.6452   20.3213   20.2318
22   20.3079   19.7252   19.7151   20.318
23   19.9608   20.0293   19.5774   20.4132
24   20.047    19.9701   20.4259   19.5911
25   20.059    19.9172   19.5748   20.4016
26   19.5998   20.0856   19.9393   20.4253
27   19.5823   20.1067   20.3843   19.8599
28   20.4213   19.5859   20.0384   19.9684
29   19.5782   19.9425   20.4105   20.0457
30   20.4227   19.9501   19.5924   20.065
31   19.5742   20.0055   19.9808   20.4125
32   20.4269   20.0851   19.9424   19.6007
33   20.4012   20.0349   19.5681   19.9344
34   19.5887   20.4245   19.9737   20.0395
35   20.4293   20.0742   19.9545   19.5995
36   20.34     19.7623   20.2046   19.6269
37   19.8707   20.1138   20.3938   19.591
38   20.4347   19.5968   20.0302   20.0013
39   20.3522   19.7656   19.6805   20.2671
40   20.3918   20.105    19.8718   19.5859
41   19.5988   20.4248   19.9401   20.0834
42   20.0495   20.4331   19.9812   19.5976
43   20.3973   20.063    19.5729   19.9073
44   19.5763   20.0602   19.919    20.4032
45   20.4217   19.5896   19.9547   20.0564
46   20.0039   19.9945   20.4187   19.5803
47   20.4267   19.6031   19.9365   20.0932
48   19.5755   20.0809   20.3918   19.8865
49   19.5853   20.4198   19.9621   20.0428
50   20.0718   19.6011   20.4323   19.9616

 [*,*,3]
:       1         2         3         4       :=
1    19.5018   20.4946   20.4182   19.5776
2    20.0438   20.6488   19.9556   19.351
3    19.3537   20.6518   19.9619   20.0435
4    19.9999   19.9948   19.347    20.6478
5    20.6472   19.9593   19.3487   20.0364
6    20.6521   19.9605   20.0458   19.3542
7    20.0315   19.352    20.6513   19.9714
8    20.072    19.3539   19.9282   20.6467
9    20.0863   20.6442   19.3551   19.9128
10   19.3659   20.1327   19.8737   20.6405
11   20.1214   19.3632   19.8838   20.642
12   20.0498   20.6511   19.9551   19.3539
13   19.8724   20.6352   19.3584   20.1212
14   19.349    19.9795   20.0185   20.6492
15   20.6469   19.3464   20.0102   19.9832
16   19.9509   20.6492   20.0501   19.3522
17   19.3496   20.646    19.9443   20.0511
18   20.6532   19.3525   20.0074   19.9983
19   20.6478   19.3532   19.9373   20.0633
20   20.5723   19.6892   20.3139   19.4315
21   19.4167   20.2842   19.7225   20.59
22   20.5404   19.4531   20.3538   19.6397
23   19.3541   20.6476   19.9321   20.0693
24   20.6458   19.3509   20.0604   19.9363
25   20.6526   19.3521   19.9908   20.0137
26   19.9898   20.6479   19.3472   20.0052
27   20.0753   20.6496   19.9313   19.357
28   20.1732   19.8252   19.3725   20.6259
29   19.9593   19.3521   20.0425   20.6501
30   20.0309   19.3489   19.9661   20.6481
31   19.8988   20.6435   19.359    20.1035
32   20.0078   20.6476   19.347    19.9866
33   20.0469   20.6519   19.9591   19.3542
34   19.9281   20.0693   19.3522   20.6452
35   20.0257   20.6469   19.3474   19.9685
36   19.7695   19.3964   20.6102   20.237
37   19.3549   20.6482   19.9322   20.0704
38   20.0959   19.8979   20.6397   19.3541
39   20.4761   20.4364   19.5174   19.5572
40   19.9405   20.6498   19.3547   20.0626
41   19.9875   20.0077   19.3474   20.648
42   20.6437   20.0656   19.3502   19.9283
43   20.0035   20.6533   20.0024   19.3526
44   19.9899   20.6523   19.3518   20.0138
45   20.0416   19.9561   19.3499   20.6479
46   20.6404   19.3597   20.1139   19.886
47   19.9965   19.9975   19.3467   20.6474
48   20.0333   20.6529   19.9732   19.3536
49   19.9403   20.0584   19.3518   20.6472
50   19.3791   19.7927   20.2007   20.6143
;

radius = 0.658398
softness = 0.9

---------------------------- Solution coords data ----------------------------
distances [*,1,*]
:    1   2   3   4    :=
1    0   1   0   1
2    0   1   0   1
3    0   1   0   1
4    0   1   0   1
5    0   1   0   1
6    0   1   0   1
7    0   1   0   1
8    0   1   0   1
9    0   1   0   1
10   0   1   0   1
11   0   1   0   1
12   0   1   0   1
13   0   1   0   1
14   0   1   0   1
15   0   1   0   1
16   0   1   0   1
17   0   1   0   1
18   0   1   0   1
19   0   1   0   1
20   0   1   0   1
21   0   1   0   1
22   0   1   0   1
23   0   1   0   1
24   0   1   0   1
25   0   1   0   1
26   0   1   0   1
27   0   1   0   1
28   0   1   0   1
29   0   1   0   1
30   0   1   0   1
31   0   1   0   1
32   0   1   0   1
33   0   1   0   1
34   0   1   0   1
35   0   1   0   1
36   0   1   0   1
37   0   1   0   1
38   0   1   0   1
39   0   1   0   1
40   0   1   0   1
41   0   1   0   1
42   0   1   0   1
43   0   1   0   1
44   0   1   0   1
45   0   1   0   1
46   0   1   0   1
47   0   1   0   1
48   0   1   0   1
49   0   1   0   1
50   0   1   0   1

 [*,2,*]
:    1   2   3   4    :=
1    0   0   1   1
2    0   0   1   1
3    0   0   1   1
4    0   0   1   1
5    0   0   1   1
6    0   0   1   1
7    0   0   1   1
8    0   0   1   1
9    0   0   1   1
10   0   0   1   1
11   0   0   1   1
12   0   0   1   1
13   0   0   1   1
14   0   0   1   1
15   0   0   1   1
16   0   0   1   1
17   0   0   1   1
18   0   0   1   1
19   0   0   1   1
20   0   0   1   1
21   0   0   1   1
22   0   0   1   1
23   0   0   1   1
24   0   0   1   1
25   0   0   1   1
26   0   0   1   1
27   0   0   1   1
28   0   0   1   1
29   0   0   1   1
30   0   0   1   1
31   0   0   1   1
32   0   0   1   1
33   0   0   1   1
34   0   0   1   1
35   0   0   1   1
36   0   0   1   1
37   0   0   1   1
38   0   0   1   1
39   0   0   1   1
40   0   0   1   1
41   0   0   1   1
42   0   0   1   1
43   0   0   1   1
44   0   0   1   1
45   0   0   1   1
46   0   0   1   1
47   0   0   1   1
48   0   0   1   1
49   0   0   1   1
50   0   0   1   1

 [*,3,*]
:    1   2   3   4    :=
1    1   0   0   1
2    1   0   0   1
3    1   0   0   1
4    1   0   0   1
5    1   0   0   1
6    1   0   0   1
7    1   0   0   1
8    1   0   0   1
9    1   0   0   1
10   1   0   0   1
11   1   0   0   1
12   1   0   0   1
13   1   0   0   1
14   1   0   0   1
15   1   0   0   1
16   1   0   0   1
17   1   0   0   1
18   1   0   0   1
19   1   0   0   1
20   1   0   0   1
21   1   0   0   1
22   1   0   0   1
23   1   0   0   1
24   1   0   0   1
25   1   0   0   1
26   1   0   0   1
27   1   0   0   1
28   1   0   0   1
29   1   0   0   1
30   1   0   0   1
31   1   0   0   1
32   1   0   0   1
33   1   0   0   1
34   1   0   0   1
35   1   0   0   1
36   1   0   0   1
37   1   0   0   1
38   1   0   0   1
39   1   0   0   1
40   1   0   0   1
41   1   0   0   1
42   1   0   0   1
43   1   0   0   1
44   1   0   0   1
45   1   0   0   1
46   1   0   0   1
47   1   0   0   1
48   1   0   0   1
49   1   0   0   1
50   1   0   0   1

 [*,4,*]
:    1   2   3   4    :=
1    1   1   1   0
2    1   1   1   0
3    1   1   1   0
4    1   1   1   0
5    1   1   1   0
6    1   1   1   0
7    1   1   1   0
8    1   1   1   0
9    1   1   1   0
10   1   1   1   0
11   1   1   1   0
12   1   1   1   0
13   1   1   1   0
14   1   1   1   0
15   1   1   1   0
16   1   1   1   0
17   1   1   1   0
18   1   1   1   0
19   1   1   1   0
20   1   1   1   0
21   1   1   1   0
22   1   1   1   0
23   1   1   1   0
24   1   1   1   0
25   1   1   1   0
26   1   1   1   0
27   1   1   1   0
28   1   1   1   0
29   1   1   1   0
30   1   1   1   0
31   1   1   1   0
32   1   1   1   0
33   1   1   1   0
34   1   1   1   0
35   1   1   1   0
36   1   1   1   0
37   1   1   1   0
38   1   1   1   0
39   1   1   1   0
40   1   1   1   0
41   1   1   1   0
42   1   1   1   0
43   1   1   1   0
44   1   1   1   0
45   1   1   1   0
46   1   1   1   0
47   1   1   1   0
48   1   1   1   0
49   1   1   1   0
50   1   1   1   0
;

---------------------------- Solution stats data ----------------------------
_ampl_time = 0.15969
_total_solve_time = 22521.9
_ampl_elapsed_time = 0.250717
_ampl_user_time = 0.129551

Total time elapsed: $22521.93.
_total_solve_time = 22521.9

---------------------------- Solution miscs data ----------------------------
tetrahedron_volume [*] :=
 1 0    6 0   11 0   16 0   21 0   26 0   31 0   36 0   41 0   46 0
 2 0    7 0   12 0   17 0   22 0   27 0   32 0   37 0   42 0   47 0
 3 0    8 0   13 0   18 0   23 0   28 0   33 0   38 0   43 0   48 0
 4 0    9 0   14 0   19 0   24 0   29 0   34 0   39 0   44 0   49 0
 5 0   10 0   15 0   20 0   25 0   30 0   35 0   40 0   45 0   50 0
;

---------------------------- Solution miscs data ----------------------------
tetrahedron_surface_area [*] :=
 1 1.73205   10 1.73205   19 1.73205   28 1.73205   37 1.73205   46 1.73205
 2 1.73205   11 1.73205   20 1.73205   29 1.73205   38 1.73205   47 1.73205
 3 1.73205   12 1.73205   21 1.73205   30 1.73205   39 1.73205   48 1.73205
 4 1.73205   13 1.73205   22 1.73205   31 1.73205   40 1.73205   49 1.73205
 5 1.73205   14 1.73205   23 1.73205   32 1.73205   41 1.73205   50 1.73205
 6 1.73205   15 1.73205   24 1.73205   33 1.73205   42 1.73205
 7 1.73205   16 1.73205   25 1.73205   34 1.73205   43 1.73205
 8 1.73205   17 1.73205   26 1.73205   35 1.73205   44 1.73205
 9 1.73205   18 1.73205   27 1.73205   36 1.73205   45 1.73205
;

