Error at _cmdno 5 executing "solve" command
(file amplin, line 1945, offset 37257):
error processing param distances:
	4000 invalid subscripts discarded:
	distances[51,1,1]
	distances[51,1,2]
	distances[51,1,3]
	and 3997 more.
##### This license is only intended for use by NEOS. #####
##### License is valid until Jan 16, 2026 #####
riables.
Adjusted problem:
6726 variables:
	4276 nonlinear variables
	2450 linear variables
13100 constraints; 79725 nonzeros
	11875 nonlinear constraints
	1225 linear constraints
	1275 equality constraints
	11825 inequality constraints
1 linear objective; 1 nonzero.

Artelys Knitro 14.2.0: threads=4
algorithm=1
ms_enable=1
ms_maxsolves=10
feastol=1e-5
opttol=1e-5
honorbnds=1
bar_initpt=3
bar_murule=4
scale=1
outlev=2
maxtime_real=3600
WARNING:  Option 'threads' is deprecated, please use 'numthreads'.

=======================================
           Academic License
       (NOT FOR COMMERCIAL USE)
         Artelys Knitro 14.2.0
=======================================

No start point provided -- Knitro computing one.

Knitro presolve eliminated 0 variables and 0 constraints.

algorithm                1
bar_initpt               3
bar_murule               4
concurrent_evals         0
datacheck                0
feastol                  1e-05
findiff_numthreads       1
hessian_no_f             1
hessopt                  1
honorbnds                1
maxtime_real             3600
ms_enable                1
ms_maxsolves             10
numthreads               4
opttol                   1e-05

Problem Characteristics                                 (   Presolved)
-----------------------
Objective goal:  Minimize
Objective type:  linear
Number of variables:                               6726 (        6726)
    bounded below only:                             601 (         601)
    bounded above only:                               0 (           0)
    bounded below and above:                          0 (           0)
    fixed:                                            0 (           0)
    free:                                          6125 (        6125)
Number of constraints:                            13100 (       13100)
    linear equalities:                                0 (           0)
    quadratic equalities:                          1225 (        1225)
    gen. nonlinear equalities:                       50 (          50)
    linear one-sided inequalities:                 1225 (        1225)
    quadratic one-sided inequalities:             10600 (       10600)
    gen. nonlinear one-sided inequalities:            0 (           0)
    linear two-sided inequalities:                    0 (           0)
    quadratic two-sided inequalities:                 0 (           0)
    gen. nonlinear two-sided inequalities:            0 (           0)
Number of nonzeros in Jacobian:                   79725 (       79725)
Number of nonzeros in Hessian:                    36976 (       36976)

Knitro parallel multistart will run with 4 threads.

Return codes description
------------------------
  0:  The final solution satisfies the termination conditions for verifying optimality.
  -100 to -199:  A feasible approximate solution was found.
  -200 to -299:  Knitro terminated at an infeasible point.
  -300 to -301:  The problem was determined to be unbounded.
  -400 to -499:  Knitro terminated because it reached a pre-defined limit.
    -400 to -409:  A feasible point was found.
    -410 to -419:  No feasible point was found.
  -500 to -599:  Knitro terminated with an input error or some non-standard error.
A more detailed description of individual return codes and their corresponding
termination messages is provided at
https://www.artelys.com/app/docs/knitro/3_referenceManual/returnCodes.html

 Solve #  ThreadID  Status     Objective      FeasError    OptError    Real Time 
--------  --------  ------  --------------   ----------   ----------  ----------
      5          1    -202         267.210      17039.1      20.6670      238.483
      4          1    -202         919.542      54310.1      1.06660      369.175
      7          3    -202         1849.71      60485.9      22.4781      489.917
      0          1       0        0.658213  2.76820e-04  8.43715e-06      319.112
      8          0    -202         4282.70      53612.9      10.2781      1744.38
      6          1    -410         1.49145  6.09034e-02     0.161436      3666.02
      1          3    -410         1.24562     0.204900  3.41323e-02      3564.99
      2          0    -410         882.761     0.159373  7.77742e-02      3612.84
      9          3    -410         1171.32     0.665304  1.90821e-02      2823.88
      3          2    -410         11434.4  1.09941e-02      10.9028      4082.44

MULTISTART: Best locally optimal solution is returned.
EXIT: Locally optimal solution found.

Final Statistics
----------------
Final objective value               =   6.58212718050407e-01
Final feasibility error (abs / rel) =   2.77e-04 / 2.58e-07
Final optimality error  (abs / rel) =   8.44e-06 / 8.44e-06
# of iterations                     =      60127 
# of CG iterations                  =          0 
# of function evaluations           =      85413
# of gradient evaluations           =      60430
# of Hessian evaluations            =      60178
Total program time (secs)           =    6880.53711 ( 16284.364 CPU time)

===============================================================================

Knitro 14.2.0: Locally optimal or satisfactory solution.
objective 0.6582127181; feasibility error 0.000277
60127 iterations; 85413 function evaluations

suffix feaserror OUT;
suffix opterror OUT;
suffix numfcevals OUT;
suffix numiters OUT;
---------------------------- Container and geometric considerations  ----------------------------
Container type: sphere
Structural conservation type: surface
---------------------------- Solution execution data ----------------------------
solve_result_num = 0
solve_result = solved

---------------------------- Solution data ----------------------------
card(figures) = 50

coords [*,*,1]
:       1         2         3         4       :=
1    20.1086   19.3527   19.8708   20.6507
2    20.6484   19.8848   19.352    20.1136
3    19.3529   19.8843   20.6486   20.1139
4    20.6483   19.886    20.1145   19.3528
5    19.8689   20.651    19.3527   20.1078
6    20.6484   19.8854   20.1142   19.3528
7    20.6493   19.8803   19.3522   20.1118
8    19.8854   20.1133   19.352    20.6484
9    20.6486   19.8839   19.3521   20.1131
10   19.3521   19.8834   20.1131   20.6487
11   19.3531   20.6504   20.1098   19.8731
12   19.3528   19.8858   20.6483   20.1144
13   19.8858   19.352    20.1137   20.6483
14   20.6485   19.3521   20.1135   19.8846
15   20.6486   20.1139   19.3528   19.8846
16   19.8806   20.6491   19.3523   20.1124
17   20.1075   19.8686   19.3527   20.6511
18   19.8848   20.1141   19.3528   20.6485
19   19.8836   20.1132   19.3521   20.6486
20   19.3528   19.8684   20.6511   20.1078
21   20.6504   19.3531   20.1099   19.8733
22   19.8855   20.1144   19.352    20.6482
23   20.6491   19.3523   20.1123   19.8809
24   19.883    20.1133   20.6488   19.3522
25   19.8693   20.1081   19.3527   20.651
26   20.1136   20.6487   19.3529   19.884
27   20.1146   19.3527   19.8863   20.6482
28   19.3522   20.1123   20.6491   19.8812
29   19.3524   20.65     19.8758   20.1102
30   20.6489   20.1126   19.3522   19.8821
31   20.6506   19.8716   20.1089   19.3526
32   20.1137   20.6484   19.352    19.8852
33   20.6483   19.8861   19.3528   20.1145
34   20.1128   19.3523   20.6489   19.8816
35   19.875    20.1106   19.3531   20.6501
36   20.6485   20.1142   19.8851   19.3528
37   19.8828   19.3521   20.6488   20.1128
38   20.1145   20.6482   19.3521   19.885
39   20.1137   19.886    20.6483   19.3519
40   20.1082   20.6509   19.3527   19.8696
41   20.6482   19.3519   20.1138   19.8863
42   19.8867   20.6484   20.113    19.3518
43   20.6512   19.8681   20.1076   19.3528
44   19.8699   20.1082   19.3527   20.6509
45   19.3524   19.8786   20.6495   20.1114
46   19.3521   20.6485   19.8841   20.1135
47   20.6484   19.352    20.1136   19.8855
48   20.1143   19.8857   20.6484   19.3528
49   19.3524   20.1157   20.6482   19.8829
50   20.1135   19.8829   20.6488   19.3529

 [*,*,2]
:       1         2         3         4       :=
1    19.5003   19.9111   20.5068   20.0828
2    20.094    20.509    19.924    19.5102
3    19.8865   20.5088   20.0931   19.4727
4    20.0944   20.509    19.4727   19.8869
5    20.5064   20.0812   19.9062   19.4957
6    20.0939   20.5089   19.4727   19.8867
7    20.0902   20.5082   19.9221   19.5091
8    20.509    19.5102   19.9244   20.094
9    20.0931   20.5088   19.9238   19.5101
10   19.9234   20.5087   19.51     20.0927
11   19.8889   20.0843   19.4773   20.507
12   19.8868   20.509    20.0943   19.4727
13   20.5091   19.9244   19.5103   20.0946
14   20.0938   19.9239   19.5102   20.5089
15   20.0933   19.4727   19.8866   20.5088
16   20.5083   20.0908   19.922    19.5093
17   19.4943   20.5063   19.9049   20.0808
18   20.5088   19.4727   19.8866   20.0935
19   20.5088   19.5101   19.9235   20.0931
20   19.9041   20.5063   20.0808   19.4938
21   20.0845   19.8886   19.4771   20.507
22   20.5091   19.5104   19.9241   20.0953
23   20.0909   19.9222   19.5093   20.5083
24   20.5087   19.51     20.0924   19.923
25   20.5065   19.4969   19.9074   20.0816
26   19.4727   20.0927   19.8865   20.5087
27   19.4727   19.887    20.5091   20.0947
28   19.9224   19.5094   20.0911   20.5084
29   19.9184   20.0866   20.5076   19.5064
30   20.0917   19.5097   19.9229   20.5085
31   20.0835   20.5069   19.5017   19.9127
32   19.5103   20.0943   19.9241   20.509
33   20.0946   20.509    19.8869   19.4727
34   19.5096   19.9225   20.0917   20.5084
35   20.5073   19.4759   19.8877   20.0858
36   20.0937   19.4727   20.5089   19.8867
37   20.5086   19.9233   20.0922   19.5099
38   19.5104   20.0951   19.9238   20.509
39   19.5103   20.5092   20.0947   19.9245
40   19.4977   20.0818   19.9082   20.5065
41   20.095    19.9246   19.5103   20.5092
42   20.5093   20.0943   19.5102   19.925
43   20.0804   20.5062   19.4912   19.9016
44   20.5066   19.4985   19.9092   20.0821
45   19.9208   20.508    20.089    19.5083
46   19.9237   20.0936   20.5088   19.5102
47   20.0943   19.9243   19.5103   20.5091
48   19.4727   20.509    20.0942   19.8868
49   19.9223   19.5105   20.0952   20.5087
50   19.4728   20.5086   20.0921   19.8863

 [*,*,3]
:       1         2         3         4       :=
1    19.5855   19.9203   20.3997   20.0542
2    20.063    20.4012   19.9123   19.5751
3    19.9602   20.4013   20.0625   19.6229
4    20.0636   20.4015   19.6231   19.9606
5    20.3996   20.053    19.9255   19.591
6    20.0632   20.4014   19.623    19.9605
7    20.0601   20.4008   19.9125   19.5759
8    20.4013   19.575    19.9126   20.063
9    20.0623   20.4011   19.9123   19.5751
10   19.9121   20.4011   19.5752   20.062
11   19.9506   20.0557   19.6152   20.4002
12   19.9606   20.4015   20.0635   19.6231
13   20.4013   19.9126   19.5751   20.0634
14   20.0629   19.9123   19.5751   20.4012
15   20.0627   19.6229   19.9603   20.4013
16   20.4008   20.0606   19.9122   19.5759
17   19.5926   20.3995   19.9272   20.0528
18   20.4014   19.623    19.9603   20.0629
19   20.4011   19.5752   19.9121   20.0623
20   19.9277   20.3995   20.0528   19.5933
21   20.0559   19.951    19.6156   20.4002
22   20.4013   19.5751   19.9123   20.064
23   20.0607   19.9123   19.5758   20.4009
24   20.4011   19.5753   20.0618   19.9119
25   20.3996   19.5895   19.924    20.0533
26   19.6228   20.0622   19.9601   20.4012
27   19.6231   19.9607   20.4015   20.0638
28   19.9123   19.5757   20.0608   20.4009
29   19.9145   20.0572   20.4003   19.5787
30   20.0613   19.5754   19.9122   20.401
31   20.0547   20.3998   19.5839   19.9188
32   19.5751   20.0633   19.9124   20.4012
33   20.0637   20.4015   19.9607   19.6231
34   19.5756   19.912    20.0612   20.4009
35   20.4004   19.6175   19.9532   20.0569
36   20.063    19.623    20.4014   19.9604
37   20.401    19.9122   20.0617   19.5753
38   19.5752   20.0638   19.912    20.4012
39   19.5751   20.4013   20.0635   19.9126
40   19.5885   20.0535   19.9231   20.3996
41   20.0637   19.9127   19.5751   20.4013
42   20.4014   20.0631   19.575    19.9131
43   20.0525   20.3996   19.5965   19.9309
44   20.3996   19.5876   19.9223   20.0536
45   19.9129   20.4006   20.0592   19.5768
46   19.9121   20.0627   20.4011   19.5751
47   20.0632   19.9125   19.5751   20.4013
48   19.623    20.4014   20.0634   19.9606
49   19.9109   19.5754   20.064    20.401
50   19.6226   20.4011   20.0617   19.9597
;

radius = 0.658213
softness = 0.95

---------------------------- Solution coords data ----------------------------
distances [*,1,*]
:    1   2   3   4    :=
1    0   1   0   1
2    0   1   0   1
3    0   1   0   1
4    0   1   0   1
5    0   1   0   1
6    0   1   0   1
7    0   1   0   1
8    0   1   0   1
9    0   1   0   1
10   0   1   0   1
11   0   1   0   1
12   0   1   0   1
13   0   1   0   1
14   0   1   0   1
15   0   1   0   1
16   0   1   0   1
17   0   1   0   1
18   0   1   0   1
19   0   1   0   1
20   0   1   0   1
21   0   1   0   1
22   0   1   0   1
23   0   1   0   1
24   0   1   0   1
25   0   1   0   1
26   0   1   0   1
27   0   1   0   1
28   0   1   0   1
29   0   1   0   1
30   0   1   0   1
31   0   1   0   1
32   0   1   0   1
33   0   1   0   1
34   0   1   0   1
35   0   1   0   1
36   0   1   0   1
37   0   1   0   1
38   0   1   0   1
39   0   1   0   1
40   0   1   0   1
41   0   1   0   1
42   0   1   0   1
43   0   1   0   1
44   0   1   0   1
45   0   1   0   1
46   0   1   0   1
47   0   1   0   1
48   0   1   0   1
49   0   1   0   1
50   0   1   0   1

 [*,2,*]
:    1   2   3   4    :=
1    0   0   1   1
2    0   0   1   1
3    0   0   1   1
4    0   0   1   1
5    0   0   1   1
6    0   0   1   1
7    0   0   1   1
8    0   0   1   1
9    0   0   1   1
10   0   0   1   1
11   0   0   1   1
12   0   0   1   1
13   0   0   1   1
14   0   0   1   1
15   0   0   1   1
16   0   0   1   1
17   0   0   1   1
18   0   0   1   1
19   0   0   1   1
20   0   0   1   1
21   0   0   1   1
22   0   0   1   1
23   0   0   1   1
24   0   0   1   1
25   0   0   1   1
26   0   0   1   1
27   0   0   1   1
28   0   0   1   1
29   0   0   1   1
30   0   0   1   1
31   0   0   1   1
32   0   0   1   1
33   0   0   1   1
34   0   0   1   1
35   0   0   1   1
36   0   0   1   1
37   0   0   1   1
38   0   0   1   1
39   0   0   1   1
40   0   0   1   1
41   0   0   1   1
42   0   0   1   1
43   0   0   1   1
44   0   0   1   1
45   0   0   1   1
46   0   0   1   1
47   0   0   1   1
48   0   0   1   1
49   0   0   1   1
50   0   0   1   1

 [*,3,*]
:    1   2   3   4    :=
1    1   0   0   1
2    1   0   0   1
3    1   0   0   1
4    1   0   0   1
5    1   0   0   1
6    1   0   0   1
7    1   0   0   1
8    1   0   0   1
9    1   0   0   1
10   1   0   0   1
11   1   0   0   1
12   1   0   0   1
13   1   0   0   1
14   1   0   0   1
15   1   0   0   1
16   1   0   0   1
17   1   0   0   1
18   1   0   0   1
19   1   0   0   1
20   1   0   0   1
21   1   0   0   1
22   1   0   0   1
23   1   0   0   1
24   1   0   0   1
25   1   0   0   1
26   1   0   0   1
27   1   0   0   1
28   1   0   0   1
29   1   0   0   1
30   1   0   0   1
31   1   0   0   1
32   1   0   0   1
33   1   0   0   1
34   1   0   0   1
35   1   0   0   1
36   1   0   0   1
37   1   0   0   1
38   1   0   0   1
39   1   0   0   1
40   1   0   0   1
41   1   0   0   1
42   1   0   0   1
43   1   0   0   1
44   1   0   0   1
45   1   0   0   1
46   1   0   0   1
47   1   0   0   1
48   1   0   0   1
49   1   0   0   1
50   1   0   0   1

 [*,4,*]
:    1   2   3   4    :=
1    1   1   1   0
2    1   1   1   0
3    1   1   1   0
4    1   1   1   0
5    1   1   1   0
6    1   1   1   0
7    1   1   1   0
8    1   1   1   0
9    1   1   1   0
10   1   1   1   0
11   1   1   1   0
12   1   1   1   0
13   1   1   1   0
14   1   1   1   0
15   1   1   1   0
16   1   1   1   0
17   1   1   1   0
18   1   1   1   0
19   1   1   1   0
20   1   1   1   0
21   1   1   1   0
22   1   1   1   0
23   1   1   1   0
24   1   1   1   0
25   1   1   1   0
26   1   1   1   0
27   1   1   1   0
28   1   1   1   0
29   1   1   1   0
30   1   1   1   0
31   1   1   1   0
32   1   1   1   0
33   1   1   1   0
34   1   1   1   0
35   1   1   1   0
36   1   1   1   0
37   1   1   1   0
38   1   1   1   0
39   1   1   1   0
40   1   1   1   0
41   1   1   1   0
42   1   1   1   0
43   1   1   1   0
44   1   1   1   0
45   1   1   1   0
46   1   1   1   0
47   1   1   1   0
48   1   1   1   0
49   1   1   1   0
50   1   1   1   0
;

---------------------------- Solution stats data ----------------------------
_ampl_time = 0.134877
_total_solve_time = 16284.7
_ampl_elapsed_time = 0.129279
_ampl_user_time = 0.110069

Total time elapsed: $16284.72.
_total_solve_time = 16284.7

---------------------------- Solution miscs data ----------------------------
tetrahedron_volume [*] :=
 1 0    6 0   11 0   16 0   21 0   26 0   31 0   36 0   41 0   46 0
 2 0    7 0   12 0   17 0   22 0   27 0   32 0   37 0   42 0   47 0
 3 0    8 0   13 0   18 0   23 0   28 0   33 0   38 0   43 0   48 0
 4 0    9 0   14 0   19 0   24 0   29 0   34 0   39 0   44 0   49 0
 5 0   10 0   15 0   20 0   25 0   30 0   35 0   40 0   45 0   50 0
;

---------------------------- Solution miscs data ----------------------------
tetrahedron_surface_area [*] :=
 1 1.73205   10 1.73205   19 1.73205   28 1.73205   37 1.73205   46 1.73205
 2 1.73205   11 1.73205   20 1.73205   29 1.73205   38 1.73205   47 1.73205
 3 1.73205   12 1.73205   21 1.73205   30 1.73205   39 1.73205   48 1.73205
 4 1.73205   13 1.73205   22 1.73205   31 1.73205   40 1.73205   49 1.73205
 5 1.73205   14 1.73205   23 1.73205   32 1.73205   41 1.73205   50 1.73205
 6 1.73205   15 1.73205   24 1.73205   33 1.73205   42 1.73205
 7 1.73205   16 1.73205   25 1.73205   34 1.73205   43 1.73205
 8 1.73205   17 1.73205   26 1.73205   35 1.73205   44 1.73205
 9 1.73205   18 1.73205   27 1.73205   36 1.73205   45 1.73205
;

