Error at _cmdno 5 executing "solve" command
(file amplin, line 1961, offset 37059):
error processing param distances:
	3200 invalid subscripts discarded:
	distances[101,1,1]
	distances[101,1,2]
	distances[101,1,3]
	and 3197 more.
##### This license is only intended for use by NEOS. #####
##### License is valid until Jan 16, 2026 #####
iables.
Substitution eliminates 1 variable.
Adjusted problem:
25953 variables:
	16053 nonlinear variables
	9900 linear variables
52003 constraints; 313156 nonzeros
	46250 nonlinear constraints
	5753 linear constraints
	5051 equality constraints
	46952 inequality constraints
1 nonlinear objective; 3 nonzeros.

Artelys Knitro 14.2.0: threads=4
algorithm=1
ms_enable=1
ms_maxsolves=10
feastol=1e-5
opttol=1e-5
honorbnds=1
bar_initpt=3
bar_murule=4
scale=1
outlev=2
maxtime_real=1200
WARNING:  Option 'threads' is deprecated, please use 'numthreads'.
WARNING: 1 constraint is constant or undefined and will be ignored.

=======================================
           Academic License
       (NOT FOR COMMERCIAL USE)
         Artelys Knitro 14.2.0
=======================================

No start point provided -- Knitro computing one.

Knitro presolve eliminated 0 variables and 1 constraint.

algorithm                1
bar_initpt               3
bar_murule               4
concurrent_evals         0
datacheck                0
feastol                  1e-05
findiff_numthreads       1
hessian_no_f             1
hessopt                  1
honorbnds                1
maxtime_real             1200
ms_enable                1
ms_maxsolves             10
numthreads               4
opttol                   1e-05

Problem Characteristics                                 (   Presolved)
-----------------------
Objective goal:  Minimize
Objective type:  general
Number of variables:                              25953 (       25953)
    bounded below only:                               1 (           1)
    bounded above only:                               0 (           0)
    bounded below and above:                          0 (           0)
    fixed:                                            0 (           0)
    free:                                         25952 (       25952)
Number of constraints:                            52003 (       52002)
    linear equalities:                                1 (           0)
    quadratic equalities:                          4950 (        4950)
    gen. nonlinear equalities:                      100 (         100)
    linear one-sided inequalities:                 5752 (        5752)
    quadratic one-sided inequalities:             41200 (       41200)
    gen. nonlinear one-sided inequalities:            0 (           0)
    linear two-sided inequalities:                    0 (           0)
    quadratic two-sided inequalities:                 0 (           0)
    gen. nonlinear two-sided inequalities:            0 (           0)
Number of nonzeros in Jacobian:                  313156 (      313156)
Number of nonzeros in Hessian:                   141453 (      141453)

Knitro parallel multistart will run with 4 threads.

Return codes description
------------------------
  0:  The final solution satisfies the termination conditions for verifying optimality.
  -100 to -199:  A feasible approximate solution was found.
  -200 to -299:  Knitro terminated at an infeasible point.
  -300 to -301:  The problem was determined to be unbounded.
  -400 to -499:  Knitro terminated because it reached a pre-defined limit.
    -400 to -409:  A feasible point was found.
    -410 to -419:  No feasible point was found.
  -500 to -599:  Knitro terminated with an input error or some non-standard error.
A more detailed description of individual return codes and their corresponding
termination messages is provided at
https://www.artelys.com/app/docs/knitro/3_referenceManual/returnCodes.html

 Solve #  ThreadID  Status     Objective      FeasError    OptError    Real Time 
--------  --------  ------  --------------   ----------   ----------  ----------
      0          0       0         5.80551  4.21634e-05  4.67699e-06      1334.24
      4          0    -410     1.01137e+11  4.62235e+06      25204.3      6935.92
      1          2    -410     7.27702e+12  2.88193e+06      193045.      7359.73
      3          1    -410     1.15501e+11  5.32520e+06      17034.2      7514.65
      5          3    -410     5.58627e+12      45953.0      203341.      5834.75
      7          1    -410     9.39753e+11  3.74917e+06      205310.      5972.40
      8          0    -410     7.93830e+09  7.22796e+06      17834.1      5856.39
      6          2    -410     1.04112e+13      5458.25  1.00922e+06      5814.78
      9          3    -410     7.06625e+11      84784.9      212915.      4846.86
      2          3    -410     3.25465e+18      10.9391  3.43861e+09      6712.35

MULTISTART: Best locally optimal solution is returned.
EXIT: Locally optimal solution found.

Final Statistics
----------------
Final objective value               =   5.80550719052714e+00
Final feasibility error (abs / rel) =   4.22e-05 / 7.25e-06
Final optimality error  (abs / rel) =   4.68e-06 / 5.33e-07
# of iterations                     =      92195 
# of CG iterations                  =          0 
# of function evaluations           =      92675
# of gradient evaluations           =      92317
# of Hessian evaluations            =      92224
Total program time (secs)           =   17394.85938 ( 57877.430 CPU time)

===============================================================================

Knitro 14.2.0: Locally optimal or satisfactory solution.
objective 5.805507191; feasibility error 4.22e-05
92195 iterations; 92675 function evaluations

suffix feaserror OUT;
suffix opterror OUT;
suffix numfcevals OUT;
suffix numiters OUT;
---------------------------- Solver Status Report ----------------------------
solve_result_num = 0
solve_result = solved
solve_message = 'Knitro 14.2.0: Locally optimal or satisfactory solution.\
objective 5.805507191; feasibility error 4.22e-05\
92195 iterations; 92675 function evaluations'


---------------------------- Problem Dimensions ----------------------------
Variables: 51304
Constraints: 52104
---------------------------- Container and geometric considerations  ----------------------------
Container type: cylinder
Structural conservation type: volume & surface
---------------------------- Solution execution data ----------------------------
solve_result_num = 0
solve_result = solved

---------------------------- Solution data ----------------------------
card(figures) = 100

coords [*,*,1]
:         1            2            3            4         :=
1      0.868581     0.265301     0.277679     1.15488
2      0.98104      0.38098      0.0754273    1.04921
3     -0.26667      0.276188     0.373573    -0.566524
4     -0.235424    -0.794048    -0.910724    -0.0497816
5      0.342331     1.15309      0.872937     1.15403
6     -0.929322    -0.347603    -0.75076     -1.29385
7      0.642796     0.115039    -0.458307     0.0695408
8     -1.26091     -0.619055    -0.438009    -1.21164
9     -0.100651     0.141429     0.910112     0.221424
10    -0.657058     0.290744    -0.272147    -0.594289
11    -0.32688     -0.239343     0.438766     0.203912
12    -0.219207    -0.731225    -0.12132      0.371285
13     1.08268      0.395016     1.23302      1.19066
14     0.139705     0.886217     0.262741     0.279657
15     0.53946      0.649865     0.146373    -0.272092
16    -1.21164     -1.26091     -0.438009    -1.27201
17     0.239285     1.04108      0.821419     0.147967
18    -0.195673    -0.140597     0.607844    -0.335294
19    -0.75076     -0.464674     0.18339     -0.443019
20    -0.531604    -1.27041     -0.207065    -1.08591
21     1.30028      0.41062      0.952729     0.334407
22    -1.27041     -0.369376    -0.168401    -0.656086
23    -1.303       -0.936184    -0.200183    -0.969605
24     1.18946      1.30927      0.639964     0.688934
25    -1.15348     -1.31256     -1.0192      -0.476966
26    -0.329308    -0.361216     0.444375    -0.319399
27     0.412569     0.280309     1.1987       0.500543
28     0.504471     1.17749      0.568886     0.0928743
29    -0.213472     0.0733072   -0.264647    -0.976343
30    -0.178124    -0.939176    -0.353866    -0.976387
31     1.2449       0.933487     0.640172     0.203826
32    -1.07684     -0.932655    -1.31395     -0.49198
33     0.0822791    0.296282     0.92521      0.624051
34     0.0954731    1.18892      0.635851     0.598882
35    -0.301597     0.43682     -0.3109       0.259688
36    -0.886135    -0.452622    -1.01026     -0.183545
37    -0.375279    -1.24266     -0.334658    -0.451319
38    -0.253567    -0.337715    -0.114517     0.379183
39     0.893962    -0.220487     0.361565     0.223554
40     0.215924     0.163384    -0.63337     -0.114689
41     0.815872     0.498548     0.168877     1.28113
42     0.595814     0.0418159   -0.435994    -0.393718
43     0.471655     0.325337     0.581032    -0.163051
44     0.544776    -0.427398     0.390645     0.319782
45    -0.129586    -0.982031    -0.35007     -0.207863
46    -0.686638    -0.0170329    0.0961919    0.178516
47    -0.414922    -0.0581765   -1.0192      -0.813117
48     0.339378    -0.336001    -0.415714    -0.203375
49    -0.13436     -0.77059     -0.284496    -1.08496
50     1.32377      1.159        0.534119     1.30525
51    -0.895437    -1.31428     -0.874797    -0.334919
52     0.245005    -0.75717      0.16858     -0.146731
53    -0.425566    -0.216731     0.549441    -0.0640437
54     0.317429     1.27145      1.05433      1.19025
55     0.147967     0.821419     0.239285    -0.0170329
56     0.0681977   -0.590313     0.513367    -0.128855
57    -1.06896     -0.845797    -0.127044    -0.188409
58    -0.113073    -0.537993    -0.602476     0.119388
59    -0.417963    -1.29385     -1.21263     -0.943829
60    -0.328317     0.281929     0.088164     0.777385
61     1.19295      0.453549     1.22039      1.28824
62    -0.26577      0.691472     0.10289     -0.18389
63     0.569933     0.280458     1.20806      1.22999
64     0.881884     1.31016      0.47154      1.30001
65    -0.21912     -1.05644     -0.737482    -1.16793
66    -0.27378      0.4548      -0.392616     0.398427
67    -1.16915     -0.441414    -1.27041     -1.32391
68     0.076435    -1.00663     -0.626246    -0.124756
69    -0.0311557    0.586142    -0.120458    -0.531604
70    -0.763293    -0.104847    -0.223257    -0.709846
71     0.338893     1.14629      0.368929     0.0978347
72    -0.434664    -1.21061     -1.29385     -1.31253
73     1.28928      1.31968      0.964189     0.450363
74    -0.237762    -0.256307    -1.0015      -0.99099
75     0.737424     1.05433      0.318143     0.265061
76     1.06778      0.511924     0.479765     1.19052
77     0.350198     0.318143     0.726453    -0.197835
78     0.35172      0.374013    -0.417054     0.255566
79    -0.655743     0.284128    -0.202038    -0.0170329
80     0.353484     0.318143    -0.320444    -0.159988
81    -0.317537    -0.351899    -0.259854    -1.1141
82     1.18706      0.479765     0.514191     0.362284
83    -0.303497    -0.607025    -0.212733    -1.07877
84     0.339742     0.501328    -0.115116    -0.337529
85     0.824953     0.361527     1.32377      1.09513
86    -0.324761    -0.3821      -1.11943     -0.70941
87     0.303947     0.900584     0.930207     0.218869
88    -0.777507    -1.27041     -0.171383    -0.720322
89    -1.18752     -0.342781    -1.30804     -0.662698
90    -1.16915     -0.0742235   -0.553398    -0.425566
91     0.345511     0.891146     1.0969       0.14695
92    -0.925329    -1.3022      -0.286837    -0.897803
93     1.13273      0.19609      0.588971     1.28113
94     0.636424     0.568198    -0.211348     0.053232
95     0.548952     0.414977     0.0932575   -0.334522
96    -0.8981       0.142899    -0.128841    -0.395606
97     0.588971     0.356845     1.12809      0.479765
98     0.203837     0.930054     0.902642     1.2449
99     0.979172     0.343569     0.640172     1.23817
100   -1.02947     -1.07785     -0.492981    -1.31203

 [*,*,2]
:          1            2            3            4         :=
1      0.999589      1.29739      0.183264     0.647966
2     -0.579368      0.181262    -0.294703     0.0314234
3      0.144519      0.0962588    0.649321     0.754011
4     -0.492992     -1.05976     -0.961349    -1.3233
5      0.178421      0.100806     0.995787     0.649487
6     -0.909792     -0.144797    -1.09086     -0.282062
7     -0.352364      0.522748    -0.437082    -0.0541595
8      0.404611      1.17063      0.37099      0.534362
9     -1.32041      -0.532792    -0.961929    -1.3056
10     1.14973       1.29193      0.392594     1.1267
11    -0.58661       0.383189     0.1245      -0.423562
12    -0.261244     -0.685565    -1.27109     -0.503906
13    -0.0133574     0.171909     0.482995    -0.579596
14     0.735601      0.983987     1.29791      0.189052
15    -1.20938      -0.847108    -0.43893     -1.29599
16     0.534362      0.404611     0.37099     -0.336361
17     1.30244       0.818395     1.03869      0.370545
18     0.351949      1.14771      1.12794      1.28109
19    -1.09086      -0.273474    -1.1845      -0.950163
20     1.21285       0.37371      0.422415     0.757902
21    -0.0380022    -0.0389733    0.919739     0.525101
22     0.37371      -0.288203     0.562301    -0.0654001
23     0.236215      0.936574     0.358587     0.901931
24     0.582059     -0.198557    -0.244597     0.413074
25    -0.376458      0.175472    -0.845486    -0.0446136
26     0.255462     -0.627117    -0.499355    -0.477872
27    -0.512136     -0.241675    -0.531151     0.307532
28    -0.332262     -0.605917    -1.19582     -0.533527
29     0.363989      1.09727      1.29753      0.894632
30     0.339972      0.933574     1.27608      0.894584
31    -0.451494     -0.939262    -1.15922     -0.473327
32    -0.156522      0.823778     0.164741    -0.10773
33     0.345489     -0.306439     0.419869    -0.448229
34    -0.543169     -0.583157    -1.1616      -1.18108
35     0.412862      0.154649     0.159185     0.99626
36     0.0248205     0.774357     0.856141     0.136426
37     0.504456     -0.129656    -0.538605    -0.21498
38    -0.289719     -0.777663     0.311881    -0.506556
39     0.199028      0.110759    -0.54587      0.154642
40    -1.30652      -0.527794    -1.16295     -1.31926
41     0.410221     -0.282871     0.448622     0.33512
42    -0.474804     -1.32358     -0.640803    -0.547645
43     1.2374        0.341747     1.18996      1.31416
44     0.729406      0.323031    -0.369803     0.292942
45     1.31788       0.888384     1.27713      0.476124
46     0.444369      1.32413      0.623923     0.223331
47    -0.354501      0.201052    -0.232377     0.629781
48    -0.235171     -0.623299     0.318861     0.341902
49     0.16036      -0.576429    -0.559894    -0.225214
50    -0.0352974     0.640564    -0.225032    -0.223431
51    -0.975605     -0.162095    -0.994154    -0.566259
52     1.22424       0.90948      0.622318     0.44105
53    -1.254        -1.09272     -1.20488     -0.353588
54    -0.480181      0.0362595   -0.801243    -0.580441
55     0.370545      1.03869      1.30244      1.32413
56    -0.0548195    -0.378406    -0.441236    -0.989969
57     0.781623      1.01894      1.31813      0.428898
58    -0.911905     -0.178994    -0.351717     0.179974
59    -0.237325     -0.282062    -0.14946     -0.92887
60    -0.471549      0.365111    -0.152636    -0.637148
61    -0.56552       0.257703     0.0351687    0.30669
62     1.2973        1.12937      1.17291      0.43963
63     0.224176     -0.501303    -0.542397     0.0188779
64    -0.987873     -0.192597    -0.224057    -0.252151
65    -0.790519     -0.798471    -0.0310165   -0.624144
66     0.36811       0.786701     0.29975     -0.278323
67    -0.621852     -0.231248     0.37371      0.0295044
68    -0.597108     -0.725229    -1.1668      -1.31835
69     0.316473      1.18746      0.948285     1.21285
70     0.780549      0.0107727    0.0615958   -0.33518
71     0.183735      0.122244     0.616588    -0.262339
72    -0.00714838    0.536686    -0.282062    -0.175724
73     0.302274      0.0102552    0.907718     0.20531
74     0.323113      0.541675    -0.158334     0.878379
75    -1.09992      -0.801243    -1.28546     -0.403521
76     0.783242      0.240017     1.23428      0.579881
77    -0.392022     -1.28546     -1.10719     -1.30938
78    -1.05332       0.0643589   -0.670361    -0.355686
79     1.15048       1.2934       0.409265     1.32413
80    -0.300449     -1.28546     -0.472728    -1.26229
81    -0.54656       0.496307     0.312026    -0.207096
82     0.583076      1.23428      0.169947     0.37524
83    -0.444782     -0.222161    -1.25974     -0.768023
84    -0.441163     -0.2796       0.315391    -0.778087
85    -1.03589      -0.0184227   -0.0352974   -0.444762
86    -0.24763      -0.546675    -0.159765    -1.11819
87    -0.476213      0.116558    -0.942511    -0.750224
88     0.756523      0.37371      0.424049    -0.114881
89     0.586002     -0.0908838   -0.206521     0.706462
90    -0.621852     -0.402042    -1.04644     -1.254
91     0.181265      0.979526     0.166226     0.741254
92    -0.26452       0.240595     0.215762     0.849328
93     0.685949      0.453298     1.18605      0.33512
94    -1.16128      -1.19614     -1.30727     -0.502062
95     0.848942      0.163892     1.14153      0.235873
96     0.973154      0.922429     0.409432     0.29398
97     1.18605       0.335467     0.693556     1.23428
98    -0.473335     -0.93707      0.0429899   -0.451491
99    -0.891534     -0.371036    -1.15922     -0.469632
100   -0.832954     -0.156606    -0.107813     0.179409

 [*,*,3]
:         1             2            3            4         :=
1     -0.158272    -0.735015     -0.642471    -0.927084
2     -0.42399     -0.676511      0.165104     0.186163
3      0.553466    -0.422739      0.261466    -0.334569
4     -0.266188     0.0754384    -1.02422     -0.716151
5     -0.715948     0.0499845    -0.167889    -0.924155
6     -0.827721    -1.39902      -1.65557     -1.65557
7      1.48069      1.65503       1.65503      0.904105
8      0.0864781   -0.38         -0.669629    -1.02291
9      0.807527     0.540964      0.491536    -0.263009
10    -1.09795     -0.576243     -0.928879    -0.149575
11    -0.538468    -0.0860825    -0.819647     0.126118
12    -0.297396     0.326148     -0.359341     0.287782
13     0.198287    -0.663567     -0.567154    -0.627368
14     0.221063    -0.14091      -0.737408    -0.641072
15     0.0168867   -0.850587      0.0603947   -0.522994
16    -1.02291      0.0864781    -0.669629    -0.43703
17    -0.738204    -0.847348     -1.65557     -1.34913
18     0.389037     1.17245       0.342122     0.339203
19    -1.65557     -1.64937      -1.65557     -0.759635
20     1.65503      1.65503       1.46251      0.858285
21    -1.65557     -1.00287      -1.1952      -1.65557
22     1.65503      1.65503       1.65503      0.868803
23     0.466126     1.01269       0.400946     0.016025
24     0.921055     0.155875      1.05025      0.147439
25     1.34262      0.574459      0.336645     0.516656
26    -1.12009     -0.54328      -0.834315    -1.65052
27    -1.19475     -0.118018     -0.686135    -0.929413
28     1.65503      0.914889      1.64401      0.879301
29     0.336391    -0.457372      0.339521    -0.191522
30     0.360877     0.925178      0.274196    -0.191556
31    -0.377385     0.579227     -0.36014     -0.0615549
32    -0.447753     0.070148      0.51487      0.503853
33     1.39286      0.510146      0.662156     1.29911
34     0.890635     0.887317      0.55638      1.62511
35     0.483087     0.85466       1.54558      1.25419
36    -0.778986    -0.762823     -1.42035     -1.64068
37    -0.880579    -0.571459     -0.480114    -1.35664
38    -0.255551     0.746861      0.676513     0.294548
39     0.165451     0.150887      0.198715     1.05909
40    -0.245049     0.305056     -0.155118     0.822909
41     0.756937     1.3291        1.65503      1.65503
42    -0.894565    -0.73292      -0.497306    -1.40985
43     0.461752     0.891393      1.57341      1.14807
44    -0.786427    -1.16024      -0.920524    -1.6006
45     1.29831      1.07769       0.269728     0.566655
46    -1.65557     -1.65557      -0.877791    -1.65557
47     0.55515     -0.00528993   -0.377555     0.204965
48    -0.928951    -0.550507     -1.14479     -0.140024
49    -0.0235911    0.526276     -0.480421    -0.468217
50     1.65503      0.964501      1.29656      0.553096
51    -0.872785    -0.315754      0.244905    -0.35485
52    -0.600664    -0.217819      0.0432879   -0.969667
53     1.65503      0.830183      1.63666      1.65503
54    -1.29148     -1.56192      -1.65557     -0.632895
55    -1.34913     -1.65557      -0.738204    -1.65557
56     0.905403     1.54174       1.65503      0.955793
57    -1.65557     -0.853148     -1.65557     -1.06378
58     0.952286     0.45622       1.55895      0.890953
59    -1.32992     -1.65557      -0.5484      -0.813473
60    -1.65557     -1.65557      -0.966483    -1.65557
61    -0.626109    -0.786091     -1.56867     -0.560488
62     0.342285     0.343946     -0.539252     0.254511
63    -0.905234    -1.27925      -0.682873    -1.55817
64     0.636353    -0.0225232     0.71621      1.0899
65     1.08374      0.552548      1.03692      1.65127
66    -0.294496    -0.814161     -1.1496      -0.911151
67     1.65503      1.39459       1.65503      0.759608
68     0.254838     0.500908     -0.139653     0.848042
69     1.65503      1.65503       0.940215     1.65503
70     0.851544     1.31776       0.207176     0.803666
71    -0.715036     0.0558914     0.211496     0.109151
72    -1.21428     -1.02451      -1.65557     -0.542759
73    -0.576772    -1.65557      -1.20611     -0.980106
74     0.0578449   -0.779942     -0.327528    -0.0073675
75    -0.635873    -1.65557      -1.65557     -1.37201
76    -0.140464     0.282323      0.54339      0.931845
77    -1.17689     -1.65557      -0.663657    -0.848076
78    -0.813063    -0.795867     -0.505352     0.0553035
79    -1.09709     -0.579298     -1.04011     -1.65557
80    -1.12783     -1.65557      -1.65557     -0.880426
81    -0.480199    -0.881756      0.0364844   -0.464293
82     0.929948     0.54339       0.263924     1.16795
83     0.154654     1.0487        0.91466      0.549689
84     0.325063     1.29245       0.677152     0.746709
85     1.65503      1.65503       1.65503      0.926978
86    -1.42158     -0.390979     -0.640061    -1.04417
87     0.9527       0.220984      0.578047     0.036726
88     0.833946     1.65503       1.45605      0.813202
89    -0.9773      -1.25701      -1.65557     -1.65557
90     1.65503      1.60193       0.824022     1.65503
91    -0.712774    -0.15147       0.0917144    0.221892
92     1.06407      0.470075      0.281982     0.971412
93     0.848302     1.41272       1.65503      1.65503
94     0.539626     1.65503       0.861332     1.03922
95     0.110257     0.844096      0.91301      0.41623
96     1.16634      0.884168      1.52681      0.447226
97     1.65503      1.19687       0.857706     0.54339
98    -0.0615449    0.576212      0.245788    -0.37739
99    -1.39136     -0.633018     -0.36014     -0.388907
100    0.33962     -0.449381      0.502224     0.575362
;

radius = 1.32424
height = 3.3106
softness = 0.25

---------------------------- Solution coords data ----------------------------
distances [*,1,*]
:     1   2   3   4    :=
1     0   1   0   1
2     0   1   0   1
3     0   1   0   1
4     0   1   0   1
5     0   1   0   1
6     0   1   0   1
7     0   1   0   1
8     0   1   0   1
9     0   1   0   1
10    0   1   0   1
11    0   1   0   1
12    0   1   0   1
13    0   1   0   1
14    0   1   0   1
15    0   1   0   1
16    0   1   0   1
17    0   1   0   1
18    0   1   0   1
19    0   1   0   1
20    0   1   0   1
21    0   1   0   1
22    0   1   0   1
23    0   1   0   1
24    0   1   0   1
25    0   1   0   1
26    0   1   0   1
27    0   1   0   1
28    0   1   0   1
29    0   1   0   1
30    0   1   0   1
31    0   1   0   1
32    0   1   0   1
33    0   1   0   1
34    0   1   0   1
35    0   1   0   1
36    0   1   0   1
37    0   1   0   1
38    0   1   0   1
39    0   1   0   1
40    0   1   0   1
41    0   1   0   1
42    0   1   0   1
43    0   1   0   1
44    0   1   0   1
45    0   1   0   1
46    0   1   0   1
47    0   1   0   1
48    0   1   0   1
49    0   1   0   1
50    0   1   0   1
51    0   1   0   1
52    0   1   0   1
53    0   1   0   1
54    0   1   0   1
55    0   1   0   1
56    0   1   0   1
57    0   1   0   1
58    0   1   0   1
59    0   1   0   1
60    0   1   0   1
61    0   1   0   1
62    0   1   0   1
63    0   1   0   1
64    0   1   0   1
65    0   1   0   1
66    0   1   0   1
67    0   1   0   1
68    0   1   0   1
69    0   1   0   1
70    0   1   0   1
71    0   1   0   1
72    0   1   0   1
73    0   1   0   1
74    0   1   0   1
75    0   1   0   1
76    0   1   0   1
77    0   1   0   1
78    0   1   0   1
79    0   1   0   1
80    0   1   0   1
81    0   1   0   1
82    0   1   0   1
83    0   1   0   1
84    0   1   0   1
85    0   1   0   1
86    0   1   0   1
87    0   1   0   1
88    0   1   0   1
89    0   1   0   1
90    0   1   0   1
91    0   1   0   1
92    0   1   0   1
93    0   1   0   1
94    0   1   0   1
95    0   1   0   1
96    0   1   0   1
97    0   1   0   1
98    0   1   0   1
99    0   1   0   1
100   0   1   0   1

 [*,2,*]
:     1   2   3   4    :=
1     0   0   1   1
2     0   0   1   1
3     0   0   1   1
4     0   0   1   1
5     0   0   1   1
6     0   0   1   1
7     0   0   1   1
8     0   0   1   1
9     0   0   1   1
10    0   0   1   1
11    0   0   1   1
12    0   0   1   1
13    0   0   1   1
14    0   0   1   1
15    0   0   1   1
16    0   0   1   1
17    0   0   1   1
18    0   0   1   1
19    0   0   1   1
20    0   0   1   1
21    0   0   1   1
22    0   0   1   1
23    0   0   1   1
24    0   0   1   1
25    0   0   1   1
26    0   0   1   1
27    0   0   1   1
28    0   0   1   1
29    0   0   1   1
30    0   0   1   1
31    0   0   1   1
32    0   0   1   1
33    0   0   1   1
34    0   0   1   1
35    0   0   1   1
36    0   0   1   1
37    0   0   1   1
38    0   0   1   1
39    0   0   1   1
40    0   0   1   1
41    0   0   1   1
42    0   0   1   1
43    0   0   1   1
44    0   0   1   1
45    0   0   1   1
46    0   0   1   1
47    0   0   1   1
48    0   0   1   1
49    0   0   1   1
50    0   0   1   1
51    0   0   1   1
52    0   0   1   1
53    0   0   1   1
54    0   0   1   1
55    0   0   1   1
56    0   0   1   1
57    0   0   1   1
58    0   0   1   1
59    0   0   1   1
60    0   0   1   1
61    0   0   1   1
62    0   0   1   1
63    0   0   1   1
64    0   0   1   1
65    0   0   1   1
66    0   0   1   1
67    0   0   1   1
68    0   0   1   1
69    0   0   1   1
70    0   0   1   1
71    0   0   1   1
72    0   0   1   1
73    0   0   1   1
74    0   0   1   1
75    0   0   1   1
76    0   0   1   1
77    0   0   1   1
78    0   0   1   1
79    0   0   1   1
80    0   0   1   1
81    0   0   1   1
82    0   0   1   1
83    0   0   1   1
84    0   0   1   1
85    0   0   1   1
86    0   0   1   1
87    0   0   1   1
88    0   0   1   1
89    0   0   1   1
90    0   0   1   1
91    0   0   1   1
92    0   0   1   1
93    0   0   1   1
94    0   0   1   1
95    0   0   1   1
96    0   0   1   1
97    0   0   1   1
98    0   0   1   1
99    0   0   1   1
100   0   0   1   1

 [*,3,*]
:     1   2   3   4    :=
1     1   0   0   1
2     1   0   0   1
3     1   0   0   1
4     1   0   0   1
5     1   0   0   1
6     1   0   0   1
7     1   0   0   1
8     1   0   0   1
9     1   0   0   1
10    1   0   0   1
11    1   0   0   1
12    1   0   0   1
13    1   0   0   1
14    1   0   0   1
15    1   0   0   1
16    1   0   0   1
17    1   0   0   1
18    1   0   0   1
19    1   0   0   1
20    1   0   0   1
21    1   0   0   1
22    1   0   0   1
23    1   0   0   1
24    1   0   0   1
25    1   0   0   1
26    1   0   0   1
27    1   0   0   1
28    1   0   0   1
29    1   0   0   1
30    1   0   0   1
31    1   0   0   1
32    1   0   0   1
33    1   0   0   1
34    1   0   0   1
35    1   0   0   1
36    1   0   0   1
37    1   0   0   1
38    1   0   0   1
39    1   0   0   1
40    1   0   0   1
41    1   0   0   1
42    1   0   0   1
43    1   0   0   1
44    1   0   0   1
45    1   0   0   1
46    1   0   0   1
47    1   0   0   1
48    1   0   0   1
49    1   0   0   1
50    1   0   0   1
51    1   0   0   1
52    1   0   0   1
53    1   0   0   1
54    1   0   0   1
55    1   0   0   1
56    1   0   0   1
57    1   0   0   1
58    1   0   0   1
59    1   0   0   1
60    1   0   0   1
61    1   0   0   1
62    1   0   0   1
63    1   0   0   1
64    1   0   0   1
65    1   0   0   1
66    1   0   0   1
67    1   0   0   1
68    1   0   0   1
69    1   0   0   1
70    1   0   0   1
71    1   0   0   1
72    1   0   0   1
73    1   0   0   1
74    1   0   0   1
75    1   0   0   1
76    1   0   0   1
77    1   0   0   1
78    1   0   0   1
79    1   0   0   1
80    1   0   0   1
81    1   0   0   1
82    1   0   0   1
83    1   0   0   1
84    1   0   0   1
85    1   0   0   1
86    1   0   0   1
87    1   0   0   1
88    1   0   0   1
89    1   0   0   1
90    1   0   0   1
91    1   0   0   1
92    1   0   0   1
93    1   0   0   1
94    1   0   0   1
95    1   0   0   1
96    1   0   0   1
97    1   0   0   1
98    1   0   0   1
99    1   0   0   1
100   1   0   0   1

 [*,4,*]
:     1   2   3   4    :=
1     1   1   1   0
2     1   1   1   0
3     1   1   1   0
4     1   1   1   0
5     1   1   1   0
6     1   1   1   0
7     1   1   1   0
8     1   1   1   0
9     1   1   1   0
10    1   1   1   0
11    1   1   1   0
12    1   1   1   0
13    1   1   1   0
14    1   1   1   0
15    1   1   1   0
16    1   1   1   0
17    1   1   1   0
18    1   1   1   0
19    1   1   1   0
20    1   1   1   0
21    1   1   1   0
22    1   1   1   0
23    1   1   1   0
24    1   1   1   0
25    1   1   1   0
26    1   1   1   0
27    1   1   1   0
28    1   1   1   0
29    1   1   1   0
30    1   1   1   0
31    1   1   1   0
32    1   1   1   0
33    1   1   1   0
34    1   1   1   0
35    1   1   1   0
36    1   1   1   0
37    1   1   1   0
38    1   1   1   0
39    1   1   1   0
40    1   1   1   0
41    1   1   1   0
42    1   1   1   0
43    1   1   1   0
44    1   1   1   0
45    1   1   1   0
46    1   1   1   0
47    1   1   1   0
48    1   1   1   0
49    1   1   1   0
50    1   1   1   0
51    1   1   1   0
52    1   1   1   0
53    1   1   1   0
54    1   1   1   0
55    1   1   1   0
56    1   1   1   0
57    1   1   1   0
58    1   1   1   0
59    1   1   1   0
60    1   1   1   0
61    1   1   1   0
62    1   1   1   0
63    1   1   1   0
64    1   1   1   0
65    1   1   1   0
66    1   1   1   0
67    1   1   1   0
68    1   1   1   0
69    1   1   1   0
70    1   1   1   0
71    1   1   1   0
72    1   1   1   0
73    1   1   1   0
74    1   1   1   0
75    1   1   1   0
76    1   1   1   0
77    1   1   1   0
78    1   1   1   0
79    1   1   1   0
80    1   1   1   0
81    1   1   1   0
82    1   1   1   0
83    1   1   1   0
84    1   1   1   0
85    1   1   1   0
86    1   1   1   0
87    1   1   1   0
88    1   1   1   0
89    1   1   1   0
90    1   1   1   0
91    1   1   1   0
92    1   1   1   0
93    1   1   1   0
94    1   1   1   0
95    1   1   1   0
96    1   1   1   0
97    1   1   1   0
98    1   1   1   0
99    1   1   1   0
100   1   1   1   0
;

---------------------------- Solution stats data ----------------------------
_ampl_time = 0.490944
_total_solve_time = 57878.4
_ampl_elapsed_time = 0.485495
_ampl_user_time = 0.41667

Total time elapsed: $57878.44.
_total_solve_time = 57878.4

---------------------------- Solution miscs data ----------------------------
tetrahedron_volume [*] :=
  1 0.117851    21 0.117851    41 0.117851    61 0.117851    81 0.117851
  2 0.117851    22 0.117851    42 0.117851    62 0.117851    82 0.117851
  3 0.117851    23 0.117851    43 0.117851    63 0.117851    83 0.117851
  4 0.117851    24 0.117851    44 0.117851    64 0.117851    84 0.117851
  5 0.117851    25 0.117851    45 0.117851    65 0.117851    85 0.117851
  6 0.117851    26 0.117851    46 0.117851    66 0.117851    86 0.117851
  7 0.117851    27 0.117851    47 0.117851    67 0.117851    87 0.117851
  8 0.117851    28 0.117851    48 0.117851    68 0.117851    88 0.117851
  9 0.117851    29 0.117851    49 0.117851    69 0.117851    89 0.117851
 10 0.117851    30 0.117851    50 0.117851    70 0.117851    90 0.117851
 11 0.117851    31 0.117851    51 0.117851    71 0.117851    91 0.117851
 12 0.117851    32 0.117851    52 0.117851    72 0.117851    92 0.117851
 13 0.117851    33 0.117851    53 0.117851    73 0.117851    93 0.117851
 14 0.117851    34 0.117851    54 0.117851    74 0.117851    94 0.117851
 15 0.117851    35 0.117851    55 0.117851    75 0.117851    95 0.117851
 16 0.117851    36 0.117851    56 0.117851    76 0.117851    96 0.117851
 17 0.117851    37 0.117851    57 0.117851    77 0.117851    97 0.117851
 18 0.117851    38 0.117851    58 0.117851    78 0.117851    98 0.117851
 19 0.117851    39 0.117851    59 0.117851    79 0.117851    99 0.117851
 20 0.117851    40 0.117851    60 0.117851    80 0.117851   100 0.117851
;

---------------------------- Solution miscs data ----------------------------
tetrahedron_surface_area [*] :=
  1 0    11 0    21 0    31 0    41 0    51 0    61 0    71 0    81 0    91 0
  2 0    12 0    22 0    32 0    42 0    52 0    62 0    72 0    82 0    92 0
  3 0    13 0    23 0    33 0    43 0    53 0    63 0    73 0    83 0    93 0
  4 0    14 0    24 0    34 0    44 0    54 0    64 0    74 0    84 0    94 0
  5 0    15 0    25 0    35 0    45 0    55 0    65 0    75 0    85 0    95 0
  6 0    16 0    26 0    36 0    46 0    56 0    66 0    76 0    86 0    96 0
  7 0    17 0    27 0    37 0    47 0    57 0    67 0    77 0    87 0    97 0
  8 0    18 0    28 0    38 0    48 0    58 0    68 0    78 0    88 0    98 0
  9 0    19 0    29 0    39 0    49 0    59 0    69 0    79 0    89 0    99 0
 10 0    20 0    30 0    40 0    50 0    60 0    70 0    80 0    90 0   100 0
;

