Error at _cmdno 5 executing "solve" command
(file amplin, line 1937, offset 36187):
error processing param distances:
	4000 invalid subscripts discarded:
	distances[51,1,1]
	distances[51,1,2]
	distances[51,1,3]
	and 3997 more.
##### This license is only intended for use by NEOS. #####
##### License is valid until Jan 16, 2026 #####
riables.
Adjusted problem:
6726 variables:
	4276 nonlinear variables
	2450 linear variables
13100 constraints; 79725 nonzeros
	11875 nonlinear constraints
	1225 linear constraints
	1275 equality constraints
	11825 inequality constraints
1 linear objective; 1 nonzero.

Artelys Knitro 14.2.0: threads=4
algorithm=1
ms_enable=1
ms_maxsolves=10
feastol=1e-5
opttol=1e-5
honorbnds=1
bar_initpt=3
bar_murule=4
scale=1
outlev=2
maxtime_real=3600
WARNING:  Option 'threads' is deprecated, please use 'numthreads'.

=======================================
           Academic License
       (NOT FOR COMMERCIAL USE)
         Artelys Knitro 14.2.0
=======================================

No start point provided -- Knitro computing one.

Knitro presolve eliminated 0 variables and 0 constraints.

algorithm                1
bar_initpt               3
bar_murule               4
concurrent_evals         0
datacheck                0
feastol                  1e-05
findiff_numthreads       1
hessian_no_f             1
hessopt                  1
honorbnds                1
maxtime_real             3600
ms_enable                1
ms_maxsolves             10
numthreads               4
opttol                   1e-05

Problem Characteristics                                 (   Presolved)
-----------------------
Objective goal:  Minimize
Objective type:  linear
Number of variables:                               6726 (        6726)
    bounded below only:                             601 (         601)
    bounded above only:                               0 (           0)
    bounded below and above:                          0 (           0)
    fixed:                                            0 (           0)
    free:                                          6125 (        6125)
Number of constraints:                            13100 (       13100)
    linear equalities:                                0 (           0)
    quadratic equalities:                          1225 (        1225)
    gen. nonlinear equalities:                       50 (          50)
    linear one-sided inequalities:                 1225 (        1225)
    quadratic one-sided inequalities:             10600 (       10600)
    gen. nonlinear one-sided inequalities:            0 (           0)
    linear two-sided inequalities:                    0 (           0)
    quadratic two-sided inequalities:                 0 (           0)
    gen. nonlinear two-sided inequalities:            0 (           0)
Number of nonzeros in Jacobian:                   79725 (       79725)
Number of nonzeros in Hessian:                    36976 (       36976)

Knitro parallel multistart will run with 4 threads.

Return codes description
------------------------
  0:  The final solution satisfies the termination conditions for verifying optimality.
  -100 to -199:  A feasible approximate solution was found.
  -200 to -299:  Knitro terminated at an infeasible point.
  -300 to -301:  The problem was determined to be unbounded.
  -400 to -499:  Knitro terminated because it reached a pre-defined limit.
    -400 to -409:  A feasible point was found.
    -410 to -419:  No feasible point was found.
  -500 to -599:  Knitro terminated with an input error or some non-standard error.
A more detailed description of individual return codes and their corresponding
termination messages is provided at
https://www.artelys.com/app/docs/knitro/3_referenceManual/returnCodes.html

 Solve #  ThreadID  Status     Objective      FeasError    OptError    Real Time 
--------  --------  ------  --------------   ----------   ----------  ----------
      0          0       0         1.40440  4.36385e-04  9.46150e-06      155.567
      3          3    -410         1263.74      61943.1     0.994877      1199.16
      4          0    -410         458.308  2.62083e-03  2.02875e-02      1176.17
      1          1    -410         179.557  5.23216e-02  4.97543e-02      1031.05
      5          1    -410         284.503  6.79773e-03  5.74855e-02      1114.62
      6          3    -410         6500.25      5.82667     0.999907      1218.31
      9          1    -410         935.748      1.86823     0.157257      1204.17
      7          2    -410         613.443  8.37406e-03     0.170763      1156.52
      2          2    -410         11093.9     0.855368     0.597878      1217.60
      8          0    -410         1987.19     0.481485     0.111466      1356.60

MULTISTART: Best locally optimal solution is returned.
EXIT: Locally optimal solution found.

Final Statistics
----------------
Final objective value               =   1.40440098760211e+00
Final feasibility error (abs / rel) =   4.36e-04 / 4.07e-07
Final optimality error  (abs / rel) =   9.46e-06 / 9.46e-06
# of iterations                     =      91856 
# of CG iterations                  =          0 
# of function evaluations           =     109256
# of gradient evaluations           =      92032
# of Hessian evaluations            =      91933
Total program time (secs)           =    3350.63623 ( 10784.578 CPU time)

===============================================================================

Knitro 14.2.0: Locally optimal or satisfactory solution.
objective 1.404400988; feasibility error 0.000436
91856 iterations; 109256 function evaluations

suffix feaserror OUT;
suffix opterror OUT;
suffix numfcevals OUT;
suffix numiters OUT;
---------------------------- Container and geometric considerations  ----------------------------
Container type: sphere
Structural conservation type: surface
---------------------------- Solution execution data ----------------------------
solve_result_num = 0
solve_result = solved

---------------------------- Solution data ----------------------------
card(figures) = 50

coords [*,*,1]
:       1         2         3         4       :=
1    19.9015   20.8046   20.1574   20.4984
2    20.0341   20.1261   19.2678   20.0749
3    20.3164   19.5773   20.4886   20.3579
4    20.1198   19.3198   19.6769   19.2158
5    19.6309   20.0857   20.4492   20.4493
6    19.7961   19.2364   19.2734   20.0686
7    20.9031   20.7079   21.338    20.335
8    20.8272   20.0962   20.1014   19.9286
9    21.1927   20.7765   20.4289   20.2681
10   19.877    19.0399   19.8812   19.8484
11   20.3113   21.0403   21.0697   20.3766
12   19.7776   19.7257   20.6218   20.1008
13   18.6664   19.2709   19.1163   19.6758
14   20.8437   19.8283   20.2695   20.2627
15   18.6941   19.6032   19.0337   18.7155
16   20.172    20.1019   20.8844   20.8535
17   19.3194   18.6938   19.6699   19.0342
18   19.5557   18.6572   19.0086   18.7137
19   21.0363   20.2334   20.8455   20.2653
20   20.2249   20.046    20.5413   19.578
21   21.1068   20.5421   20.1911   20.2269
22   19.1108   19.9001   19.7732   19.1563
23   20.9736   21.0201   21.1533   20.2398
24   20.8648   19.8846   20.369    20.13
25   20.1132   20.0835   19.8394   20.7721
26   19.3764   19.9662   19.646    19.0389
27   20.2576   20.9049   20.0875   20.0329
28   20.9199   20.1698   21.1141   20.8274
29   20.9515   21.024    21.3967   20.4255
30   20.4542   20.2198   21.0537   20.9198
31   20.3684   19.3978   19.8824   19.9608
32   20.4513   19.596    19.633    20.0877
33   19.2832   19.6049   20.1249   20.0543
34   21.4034   20.4032   21.0874   21.0499
35   19.7729   19.2491   18.9479   18.8641
36   19.2747   19.6855   18.6765   19.2345
37   20.2692   20.1528   20.5788   19.5903
38   19.6524   19.1087   19.1593   18.6312
39   19.7649   18.862    19.6422   19.1615
40   20.6275   21.1831   20.3985   20.3083
41   19.868    20.2359   19.279    19.8848
42   19.282    19.819    20.0688   19.2397
43   19.1525   19.6301   18.8839   18.6538
44   19.0397   19.759    19.8486   19.1761
45   21.3972   20.4187   21.1178   21.1252
46   19.9287   20.103    19.2039   19.916
47   20.059    20.0307   20.1215   20.8701
48   20.2428   20.7648   20.8968   20.0537
49   19.161    20.0899   19.8505   19.6407
50   19.3732   18.7161   19.0448   19.6801

 [*,*,2]
:       1         2         3         4       :=
1    21.374    21.0565   20.4092   21.2215
2    19.6701   19.6992   19.9629   20.5345
3    20.0843   20.5603   20.9352   20.07
4    20.2292   19.6744   19.9974   20.6377
5    20.3472   20.8311   19.9984   20.8459
6    19.7189   18.9342   19.6676   19.0374
7    19.5552   18.8382   19.5869   19.7795
8    21.0375   20.3662   20.8711   21.3743
9    20.6176   21.1291   21.1872   20.3333
10   18.9294   19.0267   19.57     18.604
11   20.0588   19.5881   20.581    20.1817
12   20.2849   19.5348   19.9109   19.36
13   20.3551   20.8797   19.9572   20.1784
14   19.4041   19.2748   19.9446   20.06
15   19.735    20.0954   20.5486   20.5635
16   20.2754   20.8714   20.292    21.0335
17   19.6759   19.7297   19.9954   20.5491
18   20.0722   19.8475   19.3056   20.2763
19   20.3723   19.9833   19.402    20.0571
20   18.6872   19.5509   18.7925   18.7068
21   19.166    18.7945   19.5947   18.6862
22   21.0705   21.3685   20.3635   20.831
23   19.4666   20.4401   19.9963   19.989
24   19.4131   19.2063   18.7246   19.6576
25   19.1882   19.6387   18.6547   18.9222
26   21.2318   20.8124   20.2985   20.5023
27   20.1092   19.725    20.239    19.2916
28   20.4496   20.3219   20.1424   21.1074
29   20.497    19.5454   19.8534   19.8368
30   18.785    19.7651   19.5113   19.2529
31   18.7248   18.7997   19.2099   19.6357
32   20.0006   20.0084   20.3494   20.8333
33   19.6569   19.9271   20.1474   19.1769
34   20.0254   19.8032   19.1234   19.5182
35   19.7584   19.8987   20.2768   19.3036
36   19.6734   19.8159   19.7383   18.9413
37   19.2556   20.2527   19.9993   19.7965
38   20.2522   21.0704   20.8264   20.268
39   19.74     19.262    18.9444   19.8122
40   20.3303   20.6316   20.1009   21.0656
41   20.7327   21.3771   21.2026   20.4852
42   20.919    20.2342   20.606    20.0133
43   19.0067   19.7861   19.242    19.8296
44   19.0257   19.6215   18.604    19.0644
45   19.8578   20.1444   20.817    20.4898
46   21.3742   20.8645   20.8996   20.3505
47   20.8777   19.9536   20.1291   20.3089
48   19.7154   18.9226   19.7185   19.2395
49   19.8139   19.6514   19.7917   18.9459
50   21.2293   20.5673   20.5452   20.2618

 [*,*,3]
:       1         2         3         4       :=
1    19.7264   19.5431   19.9583   20.4817
2    18.6353   19.6555   19.1617   19.0837
3    20.3825   20.9089   20.9268   21.3562
4    21.2318   21.1847   20.3373   20.975
5    20.6964   19.916    20.298    20.8739
6    20.2972   20.5033   21.155    21.0121
7    20.9793   20.3485   20.1075   20.1907
8    19.5398   19.7947   18.9031   19.7198
9    20.4103   19.6926   20.6155   20.0724
10   20.9005   20.3177   20.1008   19.9745
11   20.3663   20.8488   20.7003   21.3407
12   20.6164   19.9791   20.3041   20.9166
13   19.7396   19.1834   18.9093   19.7388
14   19.0485   19.0022   19.6398   18.6217
15   20.4434   20.1376   20.8589   19.9305
16   19.6852   18.9033   18.9488   19.5807
17   21.1849   20.4394   20.2766   20.8591
18   20.0558   20.3821   19.6522   19.5086
19   19.1283   19.6323   19.0514   18.6221
20   20.4454   19.995    19.5295   19.6509
21   20.2277   19.5254   20.0608   20.4414
22   20.1889   19.7009   19.8552   19.2451
23   19.1398   19.1409   19.9984   19.6283
24   19.0627   18.8471   19.5423   19.7337
25   21.1403   20.2205   20.3699   20.4632
26   20.2569   20.9822   20.1555   20.8924
27   20.419    21.0382   21.3811   20.9945
28   19.0388   19.7251   19.9431   19.752
29   20.6487   20.8469   19.9871   20.0678
30   19.4617   19.6475   19.2106   20.1931
31   19.5413   19.5891   18.8449   19.7736
32   20.2945   19.7302   20.6929   19.9125
33   21.158    20.2704   21.1254   20.8044
34   19.9549   19.9433   20.1462   19.2014
35   19.687    18.8175   19.6639   19.5562
36   21.1574   20.2296   20.39     20.5153
37   19.7455   19.5396   20.3789   20.2005
38   19.9186   20.179    19.2368   19.8361
39   19.7142   19.6359   19.1456   18.8892
40   21.1589   20.4169   20.1868   20.5205
41   20.7741   20.1422   20.0797   19.7799
42   19.2176   19.6566   18.735    18.8407
43   20.5171   20.054    19.6101   20.3619
44   20.3176   19.9593   19.9744   19.3533
45   19.9925   20.0948   19.7648   20.6829
46   19.7192   18.898    19.2725   19.7639
47   18.9052   18.5967   19.6022   18.9418
48   20.2546   20.476    21.0435   21.1422
49   18.8892   18.6425   19.6289   19.1444
50   20.2616   19.956    20.8733   20.121
;

radius = 1.4044
softness = 0.05

---------------------------- Solution coords data ----------------------------
distances [*,1,*]
:    1   2   3   4    :=
1    0   1   0   1
2    0   1   0   1
3    0   1   0   1
4    0   1   0   1
5    0   1   0   1
6    0   1   0   1
7    0   1   0   1
8    0   1   0   1
9    0   1   0   1
10   0   1   0   1
11   0   1   0   1
12   0   1   0   1
13   0   1   0   1
14   0   1   0   1
15   0   1   0   1
16   0   1   0   1
17   0   1   0   1
18   0   1   0   1
19   0   1   0   1
20   0   1   0   1
21   0   1   0   1
22   0   1   0   1
23   0   1   0   1
24   0   1   0   1
25   0   1   0   1
26   0   1   0   1
27   0   1   0   1
28   0   1   0   1
29   0   1   0   1
30   0   1   0   1
31   0   1   0   1
32   0   1   0   1
33   0   1   0   1
34   0   1   0   1
35   0   1   0   1
36   0   1   0   1
37   0   1   0   1
38   0   1   0   1
39   0   1   0   1
40   0   1   0   1
41   0   1   0   1
42   0   1   0   1
43   0   1   0   1
44   0   1   0   1
45   0   1   0   1
46   0   1   0   1
47   0   1   0   1
48   0   1   0   1
49   0   1   0   1
50   0   1   0   1

 [*,2,*]
:    1   2   3   4    :=
1    0   0   1   1
2    0   0   1   1
3    0   0   1   1
4    0   0   1   1
5    0   0   1   1
6    0   0   1   1
7    0   0   1   1
8    0   0   1   1
9    0   0   1   1
10   0   0   1   1
11   0   0   1   1
12   0   0   1   1
13   0   0   1   1
14   0   0   1   1
15   0   0   1   1
16   0   0   1   1
17   0   0   1   1
18   0   0   1   1
19   0   0   1   1
20   0   0   1   1
21   0   0   1   1
22   0   0   1   1
23   0   0   1   1
24   0   0   1   1
25   0   0   1   1
26   0   0   1   1
27   0   0   1   1
28   0   0   1   1
29   0   0   1   1
30   0   0   1   1
31   0   0   1   1
32   0   0   1   1
33   0   0   1   1
34   0   0   1   1
35   0   0   1   1
36   0   0   1   1
37   0   0   1   1
38   0   0   1   1
39   0   0   1   1
40   0   0   1   1
41   0   0   1   1
42   0   0   1   1
43   0   0   1   1
44   0   0   1   1
45   0   0   1   1
46   0   0   1   1
47   0   0   1   1
48   0   0   1   1
49   0   0   1   1
50   0   0   1   1

 [*,3,*]
:    1   2   3   4    :=
1    1   0   0   1
2    1   0   0   1
3    1   0   0   1
4    1   0   0   1
5    1   0   0   1
6    1   0   0   1
7    1   0   0   1
8    1   0   0   1
9    1   0   0   1
10   1   0   0   1
11   1   0   0   1
12   1   0   0   1
13   1   0   0   1
14   1   0   0   1
15   1   0   0   1
16   1   0   0   1
17   1   0   0   1
18   1   0   0   1
19   1   0   0   1
20   1   0   0   1
21   1   0   0   1
22   1   0   0   1
23   1   0   0   1
24   1   0   0   1
25   1   0   0   1
26   1   0   0   1
27   1   0   0   1
28   1   0   0   1
29   1   0   0   1
30   1   0   0   1
31   1   0   0   1
32   1   0   0   1
33   1   0   0   1
34   1   0   0   1
35   1   0   0   1
36   1   0   0   1
37   1   0   0   1
38   1   0   0   1
39   1   0   0   1
40   1   0   0   1
41   1   0   0   1
42   1   0   0   1
43   1   0   0   1
44   1   0   0   1
45   1   0   0   1
46   1   0   0   1
47   1   0   0   1
48   1   0   0   1
49   1   0   0   1
50   1   0   0   1

 [*,4,*]
:    1   2   3   4    :=
1    1   1   1   0
2    1   1   1   0
3    1   1   1   0
4    1   1   1   0
5    1   1   1   0
6    1   1   1   0
7    1   1   1   0
8    1   1   1   0
9    1   1   1   0
10   1   1   1   0
11   1   1   1   0
12   1   1   1   0
13   1   1   1   0
14   1   1   1   0
15   1   1   1   0
16   1   1   1   0
17   1   1   1   0
18   1   1   1   0
19   1   1   1   0
20   1   1   1   0
21   1   1   1   0
22   1   1   1   0
23   1   1   1   0
24   1   1   1   0
25   1   1   1   0
26   1   1   1   0
27   1   1   1   0
28   1   1   1   0
29   1   1   1   0
30   1   1   1   0
31   1   1   1   0
32   1   1   1   0
33   1   1   1   0
34   1   1   1   0
35   1   1   1   0
36   1   1   1   0
37   1   1   1   0
38   1   1   1   0
39   1   1   1   0
40   1   1   1   0
41   1   1   1   0
42   1   1   1   0
43   1   1   1   0
44   1   1   1   0
45   1   1   1   0
46   1   1   1   0
47   1   1   1   0
48   1   1   1   0
49   1   1   1   0
50   1   1   1   0
;

---------------------------- Solution stats data ----------------------------
_ampl_time = 0.047844
_total_solve_time = 10784.7
_ampl_elapsed_time = 0.044735
_ampl_user_time = 0.029907

Total time elapsed: $10784.73.
_total_solve_time = 10784.7

---------------------------- Solution miscs data ----------------------------
tetrahedron_volume [*] :=
 1 0.117851   11 0.117851   21 0.117851   31 0.117851   41 0.117851
 2 0.117851   12 0.117851   22 0.117851   32 0.117851   42 0.117851
 3 0.117851   13 0.117851   23 0.117851   33 0.117851   43 0.117851
 4 0.117851   14 0.117851   24 0.117851   34 0.117851   44 0.117851
 5 0.117851   15 0.117851   25 0.117851   35 0.117851   45 0.117851
 6 0.117851   16 0.117851   26 0.117851   36 0.117851   46 0.117851
 7 0.117851   17 0.117851   27 0.117851   37 0.117851   47 0.117851
 8 0.117851   18 0.117851   28 0.117851   38 0.117851   48 0.117851
 9 0.117851   19 0.117851   29 0.117851   39 0.117851   49 0.117851
10 0.117851   20 0.117851   30 0.117851   40 0.117851   50 0.117851
;

---------------------------- Solution miscs data ----------------------------
tetrahedron_surface_area [*] :=
 1 0    6 0   11 0   16 0   21 0   26 0   31 0   36 0   41 0   46 0
 2 0    7 0   12 0   17 0   22 0   27 0   32 0   37 0   42 0   47 0
 3 0    8 0   13 0   18 0   23 0   28 0   33 0   38 0   43 0   48 0
 4 0    9 0   14 0   19 0   24 0   29 0   34 0   39 0   44 0   49 0
 5 0   10 0   15 0   20 0   25 0   30 0   35 0   40 0   45 0   50 0
;

