Error at _cmdno 5 executing "solve" command
(file amplin, line 2001, offset 39164):
error processing param distances:
	4000 invalid subscripts discarded:
	distances[51,1,1]
	distances[51,1,2]
	distances[51,1,3]
	and 3997 more.
##### This license is only intended for use by NEOS. #####
##### License is valid until Jan 16, 2026 #####
ariables.
Substitution eliminates 1 variable.
Adjusted problem:
6728 variables:
	4278 nonlinear variables
	2450 linear variables
13553 constraints; 80931 nonzeros
	11925 nonlinear constraints
	1628 linear constraints
	1326 equality constraints
	12227 inequality constraints
1 nonlinear objective; 3 nonzeros.

Artelys Knitro 14.2.0: threads=4
algorithm=1
ms_enable=1
ms_maxsolves=10
feastol=1e-5
opttol=1e-5
honorbnds=1
bar_initpt=3
bar_murule=4
scale=1
outlev=2
maxtime_real=3600
WARNING:  Option 'threads' is deprecated, please use 'numthreads'.
WARNING: 1 constraint is constant or undefined and will be ignored.

=======================================
           Academic License
       (NOT FOR COMMERCIAL USE)
         Artelys Knitro 14.2.0
=======================================

No start point provided -- Knitro computing one.

Knitro presolve eliminated 0 variables and 1 constraint.

algorithm                1
bar_initpt               3
bar_murule               4
concurrent_evals         0
datacheck                0
feastol                  1e-05
findiff_numthreads       1
hessian_no_f             1
hessopt                  1
honorbnds                1
maxtime_real             3600
ms_enable                1
ms_maxsolves             10
numthreads               4
opttol                   1e-05

Problem Characteristics                                 (   Presolved)
-----------------------
Objective goal:  Minimize
Objective type:  general
Number of variables:                               6728 (        6728)
    bounded below only:                               1 (           1)
    bounded above only:                               0 (           0)
    bounded below and above:                          0 (           0)
    fixed:                                            0 (           0)
    free:                                          6727 (        6727)
Number of constraints:                            13553 (       13552)
    linear equalities:                                1 (           0)
    quadratic equalities:                          1225 (        1225)
    gen. nonlinear equalities:                      100 (         100)
    linear one-sided inequalities:                 1627 (        1627)
    quadratic one-sided inequalities:             10600 (       10600)
    gen. nonlinear one-sided inequalities:            0 (           0)
    linear two-sided inequalities:                    0 (           0)
    quadratic two-sided inequalities:                 0 (           0)
    gen. nonlinear two-sided inequalities:            0 (           0)
Number of nonzeros in Jacobian:                   80931 (       80931)
Number of nonzeros in Hessian:                    36978 (       36978)

Knitro parallel multistart will run with 4 threads.

Return codes description
------------------------
  0:  The final solution satisfies the termination conditions for verifying optimality.
  -100 to -199:  A feasible approximate solution was found.
  -200 to -299:  Knitro terminated at an infeasible point.
  -300 to -301:  The problem was determined to be unbounded.
  -400 to -499:  Knitro terminated because it reached a pre-defined limit.
    -400 to -409:  A feasible point was found.
    -410 to -419:  No feasible point was found.
  -500 to -599:  Knitro terminated with an input error or some non-standard error.
A more detailed description of individual return codes and their corresponding
termination messages is provided at
https://www.artelys.com/app/docs/knitro/3_referenceManual/returnCodes.html

 Solve #  ThreadID  Status     Objective      FeasError    OptError    Real Time 
--------  --------  ------  --------------   ----------   ----------  ----------
      2          3    -410     5.43839e+13      343.999  2.28599e+06      3582.38
      7          0    -410     1.86069e+13      60.5748  3.60969e+06      3494.81
      5          1    -410     1.64686e+12      34.5680      278994.      3352.23
      9          1    -410     6.39439e+12      52.1732      661280.      1904.22
      1          2    -410     4.91480e+12      16.6016      421254.      3042.18
      8          2    -410     5.96093e+11      17.5263      166824.      1937.85
      6          3    -410     1.07311e+12     0.134871      64317.5      3328.89
      4          2    -410     1.96732e+11      6.42278      44516.7      3503.68
      3          1    -410     1.26899e+09  2.90351e-02      413.306      3557.69
      0          0    -400         3.75726  1.25578e-10     0.318559      3742.38

MULTISTART: Best locally optimal solution is returned.
EXIT: Locally optimal solution found.

Final Statistics
----------------
Final objective value               =   3.75725841226193e+00
Final feasibility error (abs / rel) =   1.26e-10 / 2.83e-11
Final optimality error  (abs / rel) =   3.19e-01 / 4.86e-02
# of iterations                     =     100000 
# of CG iterations                  =          0 
# of function evaluations           =     126430
# of gradient evaluations           =     100458
# of Hessian evaluations            =     100064
Total program time (secs)           =    8815.40137 ( 31155.525 CPU time)

===============================================================================

Knitro 14.2.0: Locally optimal or satisfactory solution.
objective 3.757258412; feasibility error 1.26e-10
100000 iterations; 126430 function evaluations

suffix feaserror OUT;
suffix opterror OUT;
suffix numfcevals OUT;
suffix numiters OUT;
---------------------------- Container and geometric considerations  ----------------------------
Container type: cylinder
Structural conservation type: volume & surface
---------------------------- Solution execution data ----------------------------
solve_result_num = 0
solve_result = solved

---------------------------- Solution data ----------------------------
card(figures) = 50

coords [*,*,1]
:        1             2            3             4         :=
1    -0.85495     -0.090509     -0.977309    -0.415576
2    -0.896664    -1.11798      -1.11473     -0.253336
3    -0.761139    -1.11474      -1.11804     -0.25335
4     0.0164453   -0.0847128    -0.483103    -0.87709
5    -1.07414     -0.862257     -0.216382    -0.351099
6    -0.220019    -0.0710305    -0.612745    -0.977887
7    -0.899128    -0.101295     -0.98654     -0.483228
8     0.0541514   -0.0598084    -0.354785    -0.860354
9    -1.06409     -0.843693     -0.234602    -1.13171
10    0.0557804    0.0746065    -0.800065    -0.253986
11   -0.220069    -0.0704106    -0.612156     0.375842
12   -0.239558    -0.689979     -0.19761      0.308366
13   -0.25488     -1.13743      -1.09206     -0.73816
14   -0.167035    -1.144        -0.680279    -0.491016
15   -0.151033     0.380361     -0.227088    -0.611306
16   -1.1361      -1.13112      -0.696306    -0.283083
17    0.520772     0.369147      0.113622    -0.409636
18    0.057869     0.624449     -0.0541632   -0.350745
19   -0.696033    -1.13613      -0.276055    -0.286321
20    0.710029    -0.26039       0.338075     0.0968847
21    1.08016      0.369208      0.523422     0.115644
22   -0.875172    -0.481626     -0.102126     0.0315957
23   -0.420548    -0.602155      0.282748     0.0434396
24   -0.554991    -0.624242     -0.139881    -1.13514
25   -0.884073     0.0772979    -0.60371     -0.348325
26   -0.427083    -0.114071      0.545991     0.0947327
27   -0.261191     0.398968      0.661052     0.0124615
28    0.227714     0.956699      0.648467     0.0545628
29   -0.166231     0.419752      0.770138     0.077011
30    1.11815      0.182566      0.932689     0.855132
31   -0.0869926   -0.487888      0.0110689    0.505108
32   -0.158185     0.485502     -0.216096     0.549185
33    0.512306    -0.0792642     0.0373679    0.793073
34    0.183015     1.11707       0.859943     0.505862
35    0.287661    -0.690036     -0.0198028   -0.154211
36    1.10165      1.05922       0.73645      0.217246
37    0.399675    -0.0903936     0.0556065   -0.58395
38   -0.193754    -0.542727      0.372727     0.190905
39    0.667774     0.214107      0.209039     1.05765
40    0.856574     0.406849      0.867418     0.0157007
41   -0.371735    -0.0480168     0.473284     0.444399
42    1.10169      0.884089      1.10359      0.239728
43    0.999923     1.13782       0.832067     0.212668
44    0.148797     0.874107      0.062721    -0.00820529
45    0.85625      0.391018      0.0154468   -0.0190775
46    0.205199     0.962095      0.833934     0.188479
47    0.807095     0.29469       1.05615      0.204814
48    1.12753      0.366557      0.756596     0.220584
49    0.624703    -0.00447912    0.876083     0.155277
50    1.12717      1.06583       0.234131     0.864866

 [*,*,2]
:         1            2             3             4          :=
1    -0.762244     -0.242818    -0.240073     -1.06739
2     0.712602      0.249229    -0.263326      0.0562954
3    -0.684836     -0.263394     0.249011      0.0558165
4     1.14531       0.238868     1.03833       0.696374
5    -0.397744     -0.754004    -0.146071     -1.07902
6    -1.12385      -0.251717    -0.967758     -0.481225
7     0.708356      0.240822     0.174433      1.03851
8    -1.14407      -0.255365    -1.08908      -0.756159
9    -0.423306     -0.774512    -0.116763      0.176466
10   -0.275402     -0.321657    -0.266695     -1.10298
11   -1.12408      -0.252134    -0.968065     -1.08168
12    0.564543     -0.291481    -0.223606     -0.234259
13    0.170318     -0.134848     0.345558     -0.586462
14   -0.102493     -0.0371492   -0.921548     -0.215983
15   -0.00602802   -0.224085     0.570265     -0.352973
16    0.145207      0.179809     0.909486     -0.000653922
17   -0.527706     -1.08433     -0.117546     -0.773428
18   -1.14396      -0.900963    -0.253373     -1.08472
19    0.90902       0.145704     0.00161662    0.53256
20   -0.898811     -1.11544     -1.0944       -0.243368
21   -0.381081     -1.0843      -0.531746     -0.117009
22    0.225311      0.659679    -0.200709      0.644205
23   -1.06543      -0.337207    -0.802999     -0.183937
24    0.646188     -0.0653248   -0.250143     -0.153263
25    0.728298      0.919793     0.973426      0.0849285
26    0.591821     -0.348767     0.402433      0.13327
27   -0.516173      0.234952    -0.661071     -0.0909988
28   -0.043491     -0.174037    -0.943651     -0.576093
29   -1.13331      -1.06575     -0.793725     -0.235692
30   -0.248504     -0.18935      0.234174     -0.762056
31    0.238408      1.03632      1.14538       0.919915
32    0.399741     -0.365533    -0.306924      0.336763
33    0.929384      0.246779     1.14482       0.48991
34   -0.184747     -0.240007    -0.755843     -1.02765
35    1.1078        0.914252     0.25988       1.13501
36    0.313618      0.335892    -0.470015      0.383628
37    1.0732        0.279867     0.371447      0.980238
38    1.12893       0.680706     1.0831        0.254008
39   -0.440723     -0.12248      0.447775      0.316855
40    0.176912      1.07006      0.748073      0.317066
41    0.412299     -0.464131     0.370763     -0.0149672
42    0.313539     -0.654157    -0.306773     -0.0550992
43    0.558471     -0.131858     0.787205      0.16753
44    1.13451       0.740216     1.13398       0.275814
45    0.176313      1.06102      0.31679       0.265326
46    1.1269        0.527288     0.784071      0.160576
47   -0.727179     -0.847711    -0.200575      0.000492423
48   -0.201735     -0.0846531    0.710509      0.0428939
49    0.302867      0.272212     0.737839      1.13465
50   -0.203579      0.418768     0.120924      0.751014

 [*,*,3]
:        1            2             3            4         :=
1    -0.668967    -1.05084     -1.51299      -1.51386
2    -1.51334     -0.65526     -1.5139       -1.11912
3    -0.678834    -1.5139      -0.655163     -1.11883
4    -1.5139      -1.10385     -0.654243     -1.50738
5    -0.289821     0.620223     0.15841      -0.175449
6    -0.190682    -0.656744    -1.097        -0.303302
7    -1.50131     -1.12066     -0.660305     -0.653945
8     0.731588     0.287483    -0.179318      0.616636
9    -0.229688     0.680312     0.237184      0.567628
10    0.288446    -0.710309    -0.228718     -0.179701
11   -0.191026    -0.657203    -1.09761      -0.992952
12   -0.797712    -0.544043    -1.41176      -0.549274
13   -0.18278      0.174986    -0.700886     -0.622905
14    0.410538     0.61379      0.666903      1.34977
15    0.272349    -0.546235    -0.541338     -0.544813
16   -0.341406     0.657985     0.130266      0.15972
17   -0.697113    -1.51391     -1.51323      -0.969116
18    0.739291    -0.0480774    0.298516     -0.171489
19    0.130096    -0.342831     0.146523     -0.700828
20   -0.031089    -0.137645    -0.938514     -0.472057
21   -1.51177     -1.5139      -0.694827     -1.5083
22    0.475563     1.28579      0.945613      0.427699
23    0.688882     1.34972      1.34957       0.601567
24    1.19393      0.494636     1.34977       1.34977
25    0.771132     0.573385    -0.15693       0.22428
26    1.21821      1.34976      1.34972       0.498875
27    1.34977      1.34977      0.991353      0.487012
28   -0.082168    -0.754125    -0.194927     -0.910607
29    1.04684      0.239331     1.13555       0.679281
30    0.358819     0.0107648   -0.497109     -0.45794
31   -1.09512     -0.64499     -1.50473      -0.665035
32   -0.808745    -0.80375     -1.5139       -1.51279
33   -0.660651    -1.08973     -1.5139       -1.51389
34    0.0176751    0.370477    -0.446702      0.44814
35   -0.432994    -0.351283    -0.00115411    0.463675
36   -1.51386     -0.514993    -1.01129      -1.05237
37   -0.38909     -0.0278943   -1.01292      -0.543525
38    0.52626      1.34925      1.3491        0.820375
39   -1.04594     -0.213531    -1.03499      -0.522439
40   -0.396845    -0.39045     -1.21761      -0.919623
41    0.158849     0.515316     0.691957     -0.230204
42    1.20977      1.33708      0.425414      0.861753
43   -0.5167       0.193535     0.442203     -0.0398242
44    1.02467      0.460348     0.0283759     0.53683
45   -0.397089    -0.367563    -0.919879      0.0781921
46   -0.26864     -0.528616     0.429321     -0.0118583
47    1.15511      0.304864     0.342314      0.826859
48    0.557198    -0.0809242    0.3834        0.90011
49    1.32278      0.546115     0.458145      1.02644
50    0.558359     1.3387       0.870105      0.417166
;

radius = 1.14544
softness = 0.8

---------------------------- Solution coords data ----------------------------
distances [*,1,*]
:    1   2   3   4    :=
1    0   1   0   1
2    0   1   0   1
3    0   1   0   1
4    0   1   0   1
5    0   1   0   1
6    0   1   0   1
7    0   1   0   1
8    0   1   0   1
9    0   1   0   1
10   0   1   0   1
11   0   1   0   1
12   0   1   0   1
13   0   1   0   1
14   0   1   0   1
15   0   1   0   1
16   0   1   0   1
17   0   1   0   1
18   0   1   0   1
19   0   1   0   1
20   0   1   0   1
21   0   1   0   1
22   0   1   0   1
23   0   1   0   1
24   0   1   0   1
25   0   1   0   1
26   0   1   0   1
27   0   1   0   1
28   0   1   0   1
29   0   1   0   1
30   0   1   0   1
31   0   1   0   1
32   0   1   0   1
33   0   1   0   1
34   0   1   0   1
35   0   1   0   1
36   0   1   0   1
37   0   1   0   1
38   0   1   0   1
39   0   1   0   1
40   0   1   0   1
41   0   1   0   1
42   0   1   0   1
43   0   1   0   1
44   0   1   0   1
45   0   1   0   1
46   0   1   0   1
47   0   1   0   1
48   0   1   0   1
49   0   1   0   1
50   0   1   0   1

 [*,2,*]
:    1   2   3   4    :=
1    0   0   1   1
2    0   0   1   1
3    0   0   1   1
4    0   0   1   1
5    0   0   1   1
6    0   0   1   1
7    0   0   1   1
8    0   0   1   1
9    0   0   1   1
10   0   0   1   1
11   0   0   1   1
12   0   0   1   1
13   0   0   1   1
14   0   0   1   1
15   0   0   1   1
16   0   0   1   1
17   0   0   1   1
18   0   0   1   1
19   0   0   1   1
20   0   0   1   1
21   0   0   1   1
22   0   0   1   1
23   0   0   1   1
24   0   0   1   1
25   0   0   1   1
26   0   0   1   1
27   0   0   1   1
28   0   0   1   1
29   0   0   1   1
30   0   0   1   1
31   0   0   1   1
32   0   0   1   1
33   0   0   1   1
34   0   0   1   1
35   0   0   1   1
36   0   0   1   1
37   0   0   1   1
38   0   0   1   1
39   0   0   1   1
40   0   0   1   1
41   0   0   1   1
42   0   0   1   1
43   0   0   1   1
44   0   0   1   1
45   0   0   1   1
46   0   0   1   1
47   0   0   1   1
48   0   0   1   1
49   0   0   1   1
50   0   0   1   1

 [*,3,*]
:    1   2   3   4    :=
1    1   0   0   1
2    1   0   0   1
3    1   0   0   1
4    1   0   0   1
5    1   0   0   1
6    1   0   0   1
7    1   0   0   1
8    1   0   0   1
9    1   0   0   1
10   1   0   0   1
11   1   0   0   1
12   1   0   0   1
13   1   0   0   1
14   1   0   0   1
15   1   0   0   1
16   1   0   0   1
17   1   0   0   1
18   1   0   0   1
19   1   0   0   1
20   1   0   0   1
21   1   0   0   1
22   1   0   0   1
23   1   0   0   1
24   1   0   0   1
25   1   0   0   1
26   1   0   0   1
27   1   0   0   1
28   1   0   0   1
29   1   0   0   1
30   1   0   0   1
31   1   0   0   1
32   1   0   0   1
33   1   0   0   1
34   1   0   0   1
35   1   0   0   1
36   1   0   0   1
37   1   0   0   1
38   1   0   0   1
39   1   0   0   1
40   1   0   0   1
41   1   0   0   1
42   1   0   0   1
43   1   0   0   1
44   1   0   0   1
45   1   0   0   1
46   1   0   0   1
47   1   0   0   1
48   1   0   0   1
49   1   0   0   1
50   1   0   0   1

 [*,4,*]
:    1   2   3   4    :=
1    1   1   1   0
2    1   1   1   0
3    1   1   1   0
4    1   1   1   0
5    1   1   1   0
6    1   1   1   0
7    1   1   1   0
8    1   1   1   0
9    1   1   1   0
10   1   1   1   0
11   1   1   1   0
12   1   1   1   0
13   1   1   1   0
14   1   1   1   0
15   1   1   1   0
16   1   1   1   0
17   1   1   1   0
18   1   1   1   0
19   1   1   1   0
20   1   1   1   0
21   1   1   1   0
22   1   1   1   0
23   1   1   1   0
24   1   1   1   0
25   1   1   1   0
26   1   1   1   0
27   1   1   1   0
28   1   1   1   0
29   1   1   1   0
30   1   1   1   0
31   1   1   1   0
32   1   1   1   0
33   1   1   1   0
34   1   1   1   0
35   1   1   1   0
36   1   1   1   0
37   1   1   1   0
38   1   1   1   0
39   1   1   1   0
40   1   1   1   0
41   1   1   1   0
42   1   1   1   0
43   1   1   1   0
44   1   1   1   0
45   1   1   1   0
46   1   1   1   0
47   1   1   1   0
48   1   1   1   0
49   1   1   1   0
50   1   1   1   0
;

---------------------------- Solution stats data ----------------------------
_ampl_time = 0.175138
_total_solve_time = 31155.9
_ampl_elapsed_time = 0.169062
_ampl_user_time = 0.142387

Total time elapsed: $31155.90.
_total_solve_time = 31155.9

---------------------------- Solution miscs data ----------------------------
tetrahedron_volume [*] :=
 1 0.117851   11 0.117851   21 0.117851   31 0.117851   41 0.117851
 2 0.117851   12 0.117851   22 0.117851   32 0.117851   42 0.117851
 3 0.117851   13 0.117851   23 0.117851   33 0.117851   43 0.117851
 4 0.117851   14 0.117851   24 0.117851   34 0.117851   44 0.117851
 5 0.117851   15 0.117851   25 0.117851   35 0.117851   45 0.117851
 6 0.117851   16 0.117851   26 0.117851   36 0.117851   46 0.117851
 7 0.117851   17 0.117851   27 0.117851   37 0.117851   47 0.117851
 8 0.117851   18 0.117851   28 0.117851   38 0.117851   48 0.117851
 9 0.117851   19 0.117851   29 0.117851   39 0.117851   49 0.117851
10 0.117851   20 0.117851   30 0.117851   40 0.117851   50 0.117851
;

---------------------------- Solution miscs data ----------------------------
tetrahedron_surface_area [*] :=
 1 1.73205   10 1.73205   19 1.73205   28 1.73205   37 1.73205   46 1.73205
 2 1.73205   11 1.73205   20 1.73205   29 1.73205   38 1.73205   47 1.73205
 3 1.73205   12 1.73205   21 1.73205   30 1.73205   39 1.73205   48 1.73205
 4 1.73205   13 1.73205   22 1.73205   31 1.73205   40 1.73205   49 1.73205
 5 1.73205   14 1.73205   23 1.73205   32 1.73205   41 1.73205   50 1.73205
 6 1.73205   15 1.73205   24 1.73205   33 1.73205   42 1.73205
 7 1.73205   16 1.73205   25 1.73205   34 1.73205   43 1.73205
 8 1.73205   17 1.73205   26 1.73205   35 1.73205   44 1.73205
 9 1.73205   18 1.73205   27 1.73205   36 1.73205   45 1.73205
;

