Error at _cmdno 5 executing "solve" command
(file amplin, line 1971, offset 37608):
error processing param distances:
	3200 invalid subscripts discarded:
	distances[101,1,1]
	distances[101,1,2]
	distances[101,1,3]
	and 3197 more.
##### This license is only intended for use by NEOS. #####
##### License is valid until Jan 16, 2026 #####
iables.
Adjusted problem:
25951 variables:
	16050 nonlinear variables
	9901 linear variables
53200 constraints; 315150 nonzeros
	45850 nonlinear constraints
	7350 linear constraints
	5050 equality constraints
	48150 inequality constraints
1 linear objective; 1 nonzero.

Artelys Knitro 14.2.0: algorithm=1
ms_enable=1
ms_maxsolves=50
ms_terminate=1
ms_savetol=0.01
feastol=1e-5
opttol=1e-5
bar_initpt=3
bar_murule=6
bar_penaltyrule=2
linsolver=0
scale=3
honorbnds=1
outlev=3
maxtime_real=28800
numthreads=4
presolve=1
bar_refinement=1
debug=0

=======================================
           Academic License
       (NOT FOR COMMERCIAL USE)
         Artelys Knitro 14.2.0
=======================================

No start point provided -- Knitro computing one.

Knitro presolve eliminated 0 variables and 0 constraints.

algorithm                1
bar_initpt               3
bar_murule               6
bar_penaltyrule          2
bar_refinement           1
concurrent_evals         0
datacheck                0
feastol                  1e-05
findiff_numthreads       1
hessian_no_f             1
hessopt                  1
honorbnds                1
maxtime_real             28800
ms_enable                1
ms_maxsolves             50
ms_savetol               0.01
ms_terminate             1
numthreads               4
opttol                   1e-05
outlev                   3
scale                    3

Problem Characteristics                                 (   Presolved)
-----------------------
Objective goal:  Minimize
Objective type:  linear
Number of variables:                              25951 (       25951)
    bounded below only:                            1201 (        1201)
    bounded above only:                               0 (           0)
    bounded below and above:                          0 (           0)
    fixed:                                            0 (           0)
    free:                                         24750 (       24750)
Number of constraints:                            53200 (       53200)
    linear equalities:                                0 (           0)
    quadratic equalities:                          4950 (        4950)
    gen. nonlinear equalities:                      100 (         100)
    linear one-sided inequalities:                 7350 (        7350)
    quadratic one-sided inequalities:             40800 (       40800)
    gen. nonlinear one-sided inequalities:            0 (           0)
    linear two-sided inequalities:                    0 (           0)
    quadratic two-sided inequalities:                 0 (           0)
    gen. nonlinear two-sided inequalities:            0 (           0)
Number of nonzeros in Jacobian:                  315150 (      315150)
Number of nonzeros in Hessian:                   141450 (      141450)

Knitro parallel multistart will run with 4 threads.

Return codes description
------------------------
  0:  The final solution satisfies the termination conditions for verifying optimality.
  -100 to -199:  A feasible approximate solution was found.
  -200 to -299:  Knitro terminated at an infeasible point.
  -300 to -301:  The problem was determined to be unbounded.
  -400 to -499:  Knitro terminated because it reached a pre-defined limit.
    -400 to -409:  A feasible point was found.
    -410 to -419:  No feasible point was found.
  -500 to -599:  Knitro terminated with an input error or some non-standard error.
A more detailed description of individual return codes and their corresponding
termination messages is provided at
https://www.artelys.com/app/docs/knitro/3_referenceManual/returnCodes.html

 Solve #  ThreadID  Status     Objective      FeasError    OptError    Real Time 
--------  --------  ------  --------------   ----------   ----------  ----------
      0          0       0         2.48954  7.18091e-05  5.44434e-06      649.538
     15          2    -410         5319.64      372209.      1.00361      4955.58
     14          1    -410         7189.40      232597.      5.87857      4860.49
     13          3    -410         10593.3      138169.      193.931      4627.42
      7          2    -410         2942.15      491897.      1.12600      5494.20
      1          1    -410         8363.52      195238.      1.00000      4850.18
      5          3    -410         7728.48      213934.      5.56448      5109.17
      6          1    -410         2575.59      67.8370     0.999998      4543.90
      8          0    -410         2486.93      11.6360     0.997153      4945.83

MULTISTART: Best locally optimal solution is returned.
EXIT: Locally optimal solution found.

Final Statistics
----------------
Final objective value               =   2.48954098681224e+00
Final feasibility error (abs / rel) =   7.18e-05 / 3.96e-06
Final optimality error  (abs / rel) =   5.44e-06 / 5.44e-06
# of iterations                     =      81519 
# of CG iterations                  =          0 
# of function evaluations           =      81903
# of gradient evaluations           =      81612
# of Hessian evaluations            =      81541
Total program time (secs)           =   20334.53906 ( 74257.102 CPU time)

===============================================================================

Knitro 14.2.0: Locally optimal or satisfactory solution.
objective 2.489540987; feasibility error 7.18e-05
81519 iterations; 81903 function evaluations

suffix feaserror OUT;
suffix opterror OUT;
suffix numfcevals OUT;
suffix numiters OUT;
---------------------------- Container and geometric considerations  ----------------------------
Container type: cube
Structural conservation type: volume
---------------------------- Solution execution data ----------------------------
solve_result_num = 0
solve_result = solved

---------------------------- Solution data ----------------------------
card(figures) = 100

coords [*,*,1]
:        1         2         3         4       :=
1     21.2417   20.3707   20.1888   21.2435
2     20.1648   19.6896   20.6785   20.2638
3     20.1059   20.3543   19.7841   20.9122
4     19.1382   18.7574   19.2909   19.5781
5     20.717    20.3493   19.76     20.2672
6     19.1786   19.404    20.1003   20.0213
7     21.2444   21.2444   21.2445   20.2687
8     21.2444   21.2443   21.2444   20.2249
9     21.164    21.2439   20.4626   20.4593
10    18.7555   19.4335   18.8536   18.7553
11    19.8896   19.5643   19.9762   18.8967
12    18.7559   19.5844   18.756    18.7563
13    19.5368   19.8013   20.1731   19.4511
14    20.4554   21.2419   20.6557   20.2266
15    19.8474   20.6764   19.7067   20.141
16    21.2434   20.7955   20.2405   20.407
17    19.4277   18.8789   18.7555   18.7555
18    19.6295   19.1139   19.6829   18.7557
19    20.599    19.7315   20.3191   20.0648
20    20.258    20.4897   21.2426   21.2444
21    19.4397   20.2087   19.4361   19.5597
22    18.7556   19.627    18.7556   18.8692
23    20.4984   20.4073   19.9876   19.5658
24    20.335    21.2444   21.2443   21.2438
25    18.7558   19.402    19.5486   18.7555
26    19.5644   20.3659   19.9806   19.7466
27    18.8823   19.5625   19.4011   18.7555
28    21.1403   21.2445   21.2446   20.5554
29    21.2443   20.5026   20.5318   21.2429
30    19.3621   19.9075   19.9741   18.9109
31    19.5306   19.2415   19.6744   18.7574
32    20.177    20.0908   20.0219   19.1597
33    19.7529   20.3711   20.2476   20.7159
34    20.1873   21.2443   21.2444   21.2444
35    19.5887   18.7559   19.7993   19.4946
36    19.6835   19.406    19.7015   20.3886
37    19.581    18.7558   19.2665   18.756
38    19.5792   19.3084   18.7568   19.4811
39    20.5425   21.2442   20.6095   20.5363
40    18.7554   18.7559   18.7555   19.3928
41    19.7538   20.0298   19.1455   19.7017
42    20.1687   19.4621   20.2949   19.7688
43    20.2144   20.3448   21.244    21.196
44    19.7583   20.5181   20.1476   20.2717
45    19.782    19.5805   20.1409   19.1415
46    20.6347   20.1306   19.689    20.1891
47    20.0993   20.5278   20.4637   21.2378
48    18.7555   18.7561   19.8214   19.1763
49    20.5429   21.2434   21.2436   20.6125
50    20.126    19.6923   19.2281   19.4115
51    21.2444   21.2439   21.2444   20.3434
52    21.2443   21.2441   20.47     21.2441
53    19.886    20.4556   20.1181   19.7065
54    19.4402   19.4304   18.7568   18.7561
55    19.2811   18.7562   19.6113   18.7556
56    19.4443   18.7559   19.5426   19.0544
57    20.5613   20.2869   19.3462   20.043
58    18.7556   18.7561   18.7558   19.6554
59    19.4035   19.8661   19.6066   18.7567
60    20.1556   18.9461   19.8374   19.8283
61    18.7557   19.1765   19.4028   19.9655
62    21.2396   20.2167   21.2437   20.3668
63    20.2898   20.2727   20.9847   20.5236
64    20.2269   20.0891   21.2186   20.3854
65    20.4633   20.5512   20.0474   21.2378
66    20.5555   20.5993   19.713    20.5357
67    19.5585   19.4292   18.7577   19.4438
68    20.5994   21.2442   21.0387   20.2745
69    18.76     19.551    18.7555   18.7555
70    19.3872   18.9912   18.7554   18.7576
71    21.2443   21.2444   21.2442   20.2207
72    19.2463   19.7094   19.9879   20.1639
73    19.5062   19.307    19.7678   20.3397
74    20.2696   19.3972   20.1483   20.5615
75    18.7563   19.6112   19.8129   19.5599
76    20.5272   21.2445   21.2439   20.6151
77    21.2425   20.1305   20.5317   20.2193
78    21.244    21.2443   20.4243   21.244
79    19.9053   19.1675   20.1448   19.7734
80    18.9294   18.9003   18.7556   19.8125
81    19.4196   18.8764   19.5621   19.936
82    19.2084   19.4132   19.707    20.1897
83    18.7562   19.5974   18.7555   18.7555
84    18.99     19.3812   19.5761   18.7617
85    21.2431   20.422    20.6725   21.2442
86    21.2434   21.2425   20.436    20.2404
87    18.9326   18.7558   18.7555   19.5407
88    21.2446   20.5286   20.4995   20.4076
89    21.2444   21.2435   20.5666   21.2423
90    21.2442   21.2441   20.2782   21.244
91    20.5171   19.7879   20.1461   19.8473
92    19.4016   20.1234   19.6998   20.1874
93    21.1786   19.9557   20.3322   20.1969
94    18.9092   19.8302   18.9307   19.8129
95    20.4639   21.2443   21.2445   21.1847
96    19.913    20.1314   20.2785   19.3712
97    20.1778   20.1316   20.7185   20.0005
98    20.5353   20.3849   19.7341   20.6013
99    20.6932   20.1456   21.2407   20.4263
100   21.2443   21.2438   20.2673   20.5324

 [*,*,2]
:        1         2         3         4       :=
1     20.6219   20.6484   21.2436   21.2444
2     20.2819   21.2437   21.2439   20.6972
3     19.6174   20.5333   19.6831   20.0985
4     18.7558   18.7556   19.6342   18.7567
5     20.2188   20.7019   19.9484   19.9753
6     20.6712   20.0153   20.5366   20.1743
7     20.2084   20.2916   19.4815   19.8878
8     20.5064   20.5106   21.1201   20.5931
9     21.2425   21.2426   21.2445   20.4891
10    19.8064   19.6325   18.7557   19.3233
11    19.4583   18.7556   18.7556   18.7556
12    18.7573   18.8296   18.7562   19.6845
13    19.2238   19.7091   20.2633   20.1496
14    20.61     20.2912   19.9759   19.9011
15    20.5834   21.2443   21.2442   21.2444
16    20.619    20.0711   21.1623   20.5564
17    19.7215   19.0887   19.9781   18.7569
18    21.0634   20.3191   21.2445   21.2444
19    20.8065   20.8339   19.7896   20.3519
20    19.885    19.8432   20.2902   19.4816
21    19.2844   19.5851   19.7181   18.7579
22    21.2442   21.2445   21.2445   20.5658
23    19.4864   18.7553   18.7557   18.756
24    19.9338   20.508    19.6867   19.955
25    20.0587   20.0107   19.5845   19.3547
26    18.756    19.3808   19.0888   19.9472
27    19.1016   18.7556   19.6824   18.7556
28    20.9053   21.2429   20.0187   20.2316
29    18.7577   18.8685   19.7452   19.3141
30    19.549    19.4705   18.7556   18.7638
31    21.243    20.2731   20.4408   21.2384
32    21.2437   20.4959   20.1784   20.6704
33    19.9449   19.377    19.9821   20.2177
34    19.3275   19.5719   19.018    18.7555
35    19.2705   19.6083   19.7117   20.092
36    21.2445   20.4501   21.2445   21.1688
37    18.8391   18.7612   19.704    19.6957
38    19.0368   19.7989   19.6359   20.25
39    21.2441   21.2444   20.249    21.2444
40    19.8301   20.6462   20.9953   20.1536
41    19.667    20.3914   20.3774   20.89
42    19.7911   20.1321   20.6359   19.9526
43    18.9178   19.6298   19.5462   18.7577
44    19.2435   19.8099   18.7581   18.7559
45    19.61     18.7556   18.7558   18.7565
46    21.2444   20.3537   21.2442   21.2444
47    19.0458   19.7513   19.7818   19.3156
48    21.2441   20.4449   21.0482   20.4079
49    21.2431   21.0448   21.244    20.2522
50    20.1889   21.218    20.5941   20.0447
51    20.2942   20.6196   21.2442   20.6301
52    19.5024   18.7558   18.7557   18.7559
53    20.5451   19.4616   20.1678   19.3362
54    19.2449   19.7616   18.7597   19.5681
55    20.3154   21.2407   21.2439   20.8626
56    20.137    20.8616   21.2118   20.4213
57    20.31     20.6361   20.2941   19.5511
58    20.1537   19.8364   20.6135   20.264
59    20.0115   20.1952   19.5391   20.0598
60    21.2443   21.244    20.5631   21.2445
61    20.0606   20.6717   20.0146   20.2077
62    19.9534   19.2809   19.2092   19.9367
63    19.246    18.7557   18.7556   19.8178
64    19.4436   18.7553   18.7555   18.7582
65    19.4484   20.3846   20.3028   20.0162
66    20.1812   20.3788   20.6558   21.2443
67    18.7561   19.7578   18.7579   19.2533
68    19.5187   18.7556   18.7556   18.7556
69    19.3633   20.1947   19.8355   20.157
70    20.1553   19.4541   19.7205   20.6553
71    18.7559   19.2057   19.9526   19.2822
72    20.2186   21.1887   20.6716   20.2694
73    20.1087   19.3227   19.9477   19.6911
74    19.3099   19.6595   19.3693   19.9334
75    21.2434   20.375    21.2445   21.2438
76    19.7546   19.2414   20.4642   19.7921
77    19.4718   19.2777   19.8327   19.9055
78    19.6726   19.9409   19.9359   19.0809
79    18.9234   18.7558   18.7556   19.5276
80    21.2445   20.4788   21.2445   21.2445
81    19.5838   19.0846   18.7559   19.5599
82    20.5473   20.0391   19.6197   20.2127
83    21.2396   20.3647   20.1552   20.6147
84    19.4661   20.1139   19.8658   20.6618
85    20.2931   20.5832   19.9691   20.6173
86    19.8176   20.5037   20.5133   19.8752
87    20.3434   19.3776   20.6002   20.2503
88    18.7566   19.7494   18.8683   18.7554
89    19.6382   20.3568   19.8174   19.2723
90    20.5056   20.5098   20.587    19.8511
91    19.8087   19.6471   18.7567   19.1235
92    20.4356   20.382    21.2331   21.1901
93    18.7561   18.7557   19.62     18.7558
94    20.482    20.5932   21.2439   21.2442
95    20.4953   21.2442   20.5056   21.2418
96    18.7557   19.3761   19.3055   19.6664
97    21.2318   20.7265   20.2207   20.0205
98    21.2445   21.2438   20.6527   20.3786
99    21.2445   21.2444   21.2443   20.5578
100   19.0139   19.4707   19.3      19.8323

 [*,*,3]
:        1         2         3         4       :=
1     21.2442   20.4315   21.244    20.9061
2     19.8213   20.0059   20.1439   20.6868
3     19.0507   19.8011   20.0522   19.832
4     20.5301   19.6815   20.1981   19.3958
5     21.2424   20.5033   21.2427   20.1304
6     21.2138   20.2058   20.4367   21.2438
7     21.035    20.1495   20.0606   20.3707
8     20.3248   19.1904   19.7259   19.826
9     20.7883   19.568    19.7853   20.1295
10    19.5232   20.5263   19.8984   20.6482
11    20.7398   21.2409   20.0887   20.6652
12    19.6802   19.4443   18.7599   19.476
13    19.9921   18.9005   19.8767   19.9874
14    20.2638   20.1634   21.19     20.0469
15    20.7551   20.1471   20.0549   21.1994
16    21.2439   21.244    21.2442   20.3522
17    21.2445   20.3788   21.211    21.2444
18    19.5797   18.7557   18.7555   18.7556
19    19.6984   18.8353   19.0766   19.8038
20    20.372    19.4167   20.1486   20.0573
21    19.6929   19.3055   18.7562   18.756
22    19.9522   19.5575   18.7566   18.9398
23    20.9339   21.2442   20.0946   21.2438
24    19.2832   19.1977   19.9482   18.7559
25    21.2433   20.2048   21.1311   20.5784
26    21.2443   21.2445   20.4035   21.2442
27    20.2988   21.2444   21.2436   21.2445
28    19.5936   18.7554   18.7559   18.7556
29    21.2433   20.3964   21.242    20.6724
30    20.1828   20.7398   20.0637   20.6634
31    19.6414   19.7808   20.3471   20.3559
32    21.2441   20.5335   21.2444   21.2443
33    21.2444   21.2434   20.2561   21.2444
34    19.8381   20.4033   19.3113   20.0015
35    19.7776   19.3011   18.8977   19.848
36    18.7555   19.0981   19.9766   18.9682
37    19.4547   19.6849   20.2608   19.4774
38    19.7366   20.456    19.3753   19.8659
39    19.7591   18.7569   19.0499   18.7555
40    19.4521   18.7635   19.8281   19.6859
41    18.7561   19.7026   18.8566   18.7557
42    20.2      20.0212   20.567    21.1921
43    20.5639   20.092    20.5091   19.9838
44    18.7557   19.2762   19.7786   18.7559
45    19.9285   19.392    19.8286   20.5273
46    20.1368   19.8342   20.0041   19.2347
47    20.4318   21.2422   20.2548   20.6721
48    21.2139   21.2445   21.2443   20.4248
49    19.76     19.6558   18.7594   19.053
50    19.7316   19.9508   19.006    19.7801
51    20.164    21.2436   20.9041   20.4146
52    20.4812   20.0081   20.4742   21.2317
53    18.7556   18.7557   19.5563   18.7575
54    19.6481   18.758    18.757    19.377
55    19.7486   20.3546   19.5653   19.4137
56    19.8256   19.413    19.552    18.7557
57    19.8278   20.5616   19.9712   20.054
58    20.5701   19.4566   19.7068   20.1675
59    20.2046   21.2441   21.1548   21.2429
60    21.2445   21.2316   20.7441   20.3828
61    21.2442   21.2147   20.2071   21.2444
62    18.7557   18.7561   19.331    19.2524
63    19.8073   18.7569   19.6471   19.2742
64    20.0808   19.9928   19.9747   19.0787
65    18.7584   19.5423   18.7555   18.7556
66    18.7554   19.5533   18.7556   18.7554
67    18.7561   18.7559   18.7564   19.6378
68    19.31     18.7576   19.713    18.7567
69    20.5647   20.1382   19.4583   20.5852
70    19.6779   18.7558   19.5427   18.7556
71    18.7555   19.3328   18.7556   18.7556
72    19.816    19.9477   20.6763   19.7938
73    20.0174   20.5655   21.2022   20.6653
74    21.0314   20.2497   19.8168   20.5085
75    20.3604   20.4757   20.393    19.6154
76    21.2444   21.2437   21.2442   20.4379
77    20.2014   19.7301   19.2745   20.2891
78    20.006    18.8116   19.2256   19.4256
79    18.7558   19.0805   19.8122   19.8113
80    21.2409   20.4519   20.3619   20.3942
81    21.2444   20.2834   21.2422   20.6684
82    19.0593   19.7793   18.7557   19.7091
83    20.3607   20.2      20.5695   19.7065
84    18.7559   19.6501   18.7569   18.7579
85    20.1649   20.3419   21.1945   21.2433
86    19.8304   19.2024   19.8313   19.2927
87    21.2445   20.5692   20.596    20.2225
88    21.2443   21.244    20.3944   21.2446
89    20.2747   21.2379   20.374    21.2359
90    20.3138   19.1986   19.8905   19.8017
91    19.2843   19.9732   19.786    19.0008
92    19.0844   19.8255   19.9638   19.2645
93    19.9782   19.9955   20.1038   20.6611
94    20.4485   20.7335   21.2436   20.3951
95    20.1723   19.6059   20.3268   20.8221
96    19.9926   19.7314   20.9435   20.3075
97    21.2444   20.3968   21.2444   21.2442
98    18.7558   19.6277   18.7754   19.5556
99    20.1177   21.2121   20.9038   20.3006
100   19.3017   20.2018   19.7891   19.2739
;

side = 2.48954
softness = 0.5

---------------------------- Solution coords data ----------------------------
distances [*,1,*]
:     1   2   3   4    :=
1     0   1   0   1
2     0   1   0   1
3     0   1   0   1
4     0   1   0   1
5     0   1   0   1
6     0   1   0   1
7     0   1   0   1
8     0   1   0   1
9     0   1   0   1
10    0   1   0   1
11    0   1   0   1
12    0   1   0   1
13    0   1   0   1
14    0   1   0   1
15    0   1   0   1
16    0   1   0   1
17    0   1   0   1
18    0   1   0   1
19    0   1   0   1
20    0   1   0   1
21    0   1   0   1
22    0   1   0   1
23    0   1   0   1
24    0   1   0   1
25    0   1   0   1
26    0   1   0   1
27    0   1   0   1
28    0   1   0   1
29    0   1   0   1
30    0   1   0   1
31    0   1   0   1
32    0   1   0   1
33    0   1   0   1
34    0   1   0   1
35    0   1   0   1
36    0   1   0   1
37    0   1   0   1
38    0   1   0   1
39    0   1   0   1
40    0   1   0   1
41    0   1   0   1
42    0   1   0   1
43    0   1   0   1
44    0   1   0   1
45    0   1   0   1
46    0   1   0   1
47    0   1   0   1
48    0   1   0   1
49    0   1   0   1
50    0   1   0   1
51    0   1   0   1
52    0   1   0   1
53    0   1   0   1
54    0   1   0   1
55    0   1   0   1
56    0   1   0   1
57    0   1   0   1
58    0   1   0   1
59    0   1   0   1
60    0   1   0   1
61    0   1   0   1
62    0   1   0   1
63    0   1   0   1
64    0   1   0   1
65    0   1   0   1
66    0   1   0   1
67    0   1   0   1
68    0   1   0   1
69    0   1   0   1
70    0   1   0   1
71    0   1   0   1
72    0   1   0   1
73    0   1   0   1
74    0   1   0   1
75    0   1   0   1
76    0   1   0   1
77    0   1   0   1
78    0   1   0   1
79    0   1   0   1
80    0   1   0   1
81    0   1   0   1
82    0   1   0   1
83    0   1   0   1
84    0   1   0   1
85    0   1   0   1
86    0   1   0   1
87    0   1   0   1
88    0   1   0   1
89    0   1   0   1
90    0   1   0   1
91    0   1   0   1
92    0   1   0   1
93    0   1   0   1
94    0   1   0   1
95    0   1   0   1
96    0   1   0   1
97    0   1   0   1
98    0   1   0   1
99    0   1   0   1
100   0   1   0   1

 [*,2,*]
:     1   2   3   4    :=
1     0   0   1   1
2     0   0   1   1
3     0   0   1   1
4     0   0   1   1
5     0   0   1   1
6     0   0   1   1
7     0   0   1   1
8     0   0   1   1
9     0   0   1   1
10    0   0   1   1
11    0   0   1   1
12    0   0   1   1
13    0   0   1   1
14    0   0   1   1
15    0   0   1   1
16    0   0   1   1
17    0   0   1   1
18    0   0   1   1
19    0   0   1   1
20    0   0   1   1
21    0   0   1   1
22    0   0   1   1
23    0   0   1   1
24    0   0   1   1
25    0   0   1   1
26    0   0   1   1
27    0   0   1   1
28    0   0   1   1
29    0   0   1   1
30    0   0   1   1
31    0   0   1   1
32    0   0   1   1
33    0   0   1   1
34    0   0   1   1
35    0   0   1   1
36    0   0   1   1
37    0   0   1   1
38    0   0   1   1
39    0   0   1   1
40    0   0   1   1
41    0   0   1   1
42    0   0   1   1
43    0   0   1   1
44    0   0   1   1
45    0   0   1   1
46    0   0   1   1
47    0   0   1   1
48    0   0   1   1
49    0   0   1   1
50    0   0   1   1
51    0   0   1   1
52    0   0   1   1
53    0   0   1   1
54    0   0   1   1
55    0   0   1   1
56    0   0   1   1
57    0   0   1   1
58    0   0   1   1
59    0   0   1   1
60    0   0   1   1
61    0   0   1   1
62    0   0   1   1
63    0   0   1   1
64    0   0   1   1
65    0   0   1   1
66    0   0   1   1
67    0   0   1   1
68    0   0   1   1
69    0   0   1   1
70    0   0   1   1
71    0   0   1   1
72    0   0   1   1
73    0   0   1   1
74    0   0   1   1
75    0   0   1   1
76    0   0   1   1
77    0   0   1   1
78    0   0   1   1
79    0   0   1   1
80    0   0   1   1
81    0   0   1   1
82    0   0   1   1
83    0   0   1   1
84    0   0   1   1
85    0   0   1   1
86    0   0   1   1
87    0   0   1   1
88    0   0   1   1
89    0   0   1   1
90    0   0   1   1
91    0   0   1   1
92    0   0   1   1
93    0   0   1   1
94    0   0   1   1
95    0   0   1   1
96    0   0   1   1
97    0   0   1   1
98    0   0   1   1
99    0   0   1   1
100   0   0   1   1

 [*,3,*]
:     1   2   3   4    :=
1     1   0   0   1
2     1   0   0   1
3     1   0   0   1
4     1   0   0   1
5     1   0   0   1
6     1   0   0   1
7     1   0   0   1
8     1   0   0   1
9     1   0   0   1
10    1   0   0   1
11    1   0   0   1
12    1   0   0   1
13    1   0   0   1
14    1   0   0   1
15    1   0   0   1
16    1   0   0   1
17    1   0   0   1
18    1   0   0   1
19    1   0   0   1
20    1   0   0   1
21    1   0   0   1
22    1   0   0   1
23    1   0   0   1
24    1   0   0   1
25    1   0   0   1
26    1   0   0   1
27    1   0   0   1
28    1   0   0   1
29    1   0   0   1
30    1   0   0   1
31    1   0   0   1
32    1   0   0   1
33    1   0   0   1
34    1   0   0   1
35    1   0   0   1
36    1   0   0   1
37    1   0   0   1
38    1   0   0   1
39    1   0   0   1
40    1   0   0   1
41    1   0   0   1
42    1   0   0   1
43    1   0   0   1
44    1   0   0   1
45    1   0   0   1
46    1   0   0   1
47    1   0   0   1
48    1   0   0   1
49    1   0   0   1
50    1   0   0   1
51    1   0   0   1
52    1   0   0   1
53    1   0   0   1
54    1   0   0   1
55    1   0   0   1
56    1   0   0   1
57    1   0   0   1
58    1   0   0   1
59    1   0   0   1
60    1   0   0   1
61    1   0   0   1
62    1   0   0   1
63    1   0   0   1
64    1   0   0   1
65    1   0   0   1
66    1   0   0   1
67    1   0   0   1
68    1   0   0   1
69    1   0   0   1
70    1   0   0   1
71    1   0   0   1
72    1   0   0   1
73    1   0   0   1
74    1   0   0   1
75    1   0   0   1
76    1   0   0   1
77    1   0   0   1
78    1   0   0   1
79    1   0   0   1
80    1   0   0   1
81    1   0   0   1
82    1   0   0   1
83    1   0   0   1
84    1   0   0   1
85    1   0   0   1
86    1   0   0   1
87    1   0   0   1
88    1   0   0   1
89    1   0   0   1
90    1   0   0   1
91    1   0   0   1
92    1   0   0   1
93    1   0   0   1
94    1   0   0   1
95    1   0   0   1
96    1   0   0   1
97    1   0   0   1
98    1   0   0   1
99    1   0   0   1
100   1   0   0   1

 [*,4,*]
:     1   2   3   4    :=
1     1   1   1   0
2     1   1   1   0
3     1   1   1   0
4     1   1   1   0
5     1   1   1   0
6     1   1   1   0
7     1   1   1   0
8     1   1   1   0
9     1   1   1   0
10    1   1   1   0
11    1   1   1   0
12    1   1   1   0
13    1   1   1   0
14    1   1   1   0
15    1   1   1   0
16    1   1   1   0
17    1   1   1   0
18    1   1   1   0
19    1   1   1   0
20    1   1   1   0
21    1   1   1   0
22    1   1   1   0
23    1   1   1   0
24    1   1   1   0
25    1   1   1   0
26    1   1   1   0
27    1   1   1   0
28    1   1   1   0
29    1   1   1   0
30    1   1   1   0
31    1   1   1   0
32    1   1   1   0
33    1   1   1   0
34    1   1   1   0
35    1   1   1   0
36    1   1   1   0
37    1   1   1   0
38    1   1   1   0
39    1   1   1   0
40    1   1   1   0
41    1   1   1   0
42    1   1   1   0
43    1   1   1   0
44    1   1   1   0
45    1   1   1   0
46    1   1   1   0
47    1   1   1   0
48    1   1   1   0
49    1   1   1   0
50    1   1   1   0
51    1   1   1   0
52    1   1   1   0
53    1   1   1   0
54    1   1   1   0
55    1   1   1   0
56    1   1   1   0
57    1   1   1   0
58    1   1   1   0
59    1   1   1   0
60    1   1   1   0
61    1   1   1   0
62    1   1   1   0
63    1   1   1   0
64    1   1   1   0
65    1   1   1   0
66    1   1   1   0
67    1   1   1   0
68    1   1   1   0
69    1   1   1   0
70    1   1   1   0
71    1   1   1   0
72    1   1   1   0
73    1   1   1   0
74    1   1   1   0
75    1   1   1   0
76    1   1   1   0
77    1   1   1   0
78    1   1   1   0
79    1   1   1   0
80    1   1   1   0
81    1   1   1   0
82    1   1   1   0
83    1   1   1   0
84    1   1   1   0
85    1   1   1   0
86    1   1   1   0
87    1   1   1   0
88    1   1   1   0
89    1   1   1   0
90    1   1   1   0
91    1   1   1   0
92    1   1   1   0
93    1   1   1   0
94    1   1   1   0
95    1   1   1   0
96    1   1   1   0
97    1   1   1   0
98    1   1   1   0
99    1   1   1   0
100   1   1   1   0
;

---------------------------- Solution stats data ----------------------------
_ampl_time = 0.173536
_total_solve_time = 74257.5
_ampl_elapsed_time = 0.1706
_ampl_user_time = 0.13765

Total time elapsed: $74257.54.
_total_solve_time = 74257.5

---------------------------- Solution miscs data ----------------------------
tetrahedron_volume [*] :=
  1 0.117851    21 0.117851    41 0.117851    61 0.117851    81 0.117851
  2 0.117851    22 0.117851    42 0.117851    62 0.117851    82 0.117851
  3 0.117851    23 0.117851    43 0.117851    63 0.117851    83 0.117851
  4 0.117851    24 0.117851    44 0.117851    64 0.117851    84 0.117851
  5 0.117851    25 0.117851    45 0.117851    65 0.117851    85 0.117851
  6 0.117851    26 0.117851    46 0.117851    66 0.117851    86 0.117851
  7 0.117851    27 0.117851    47 0.117851    67 0.117851    87 0.117851
  8 0.117851    28 0.117851    48 0.117851    68 0.117851    88 0.117851
  9 0.117851    29 0.117851    49 0.117851    69 0.117851    89 0.117851
 10 0.117851    30 0.117851    50 0.117851    70 0.117851    90 0.117851
 11 0.117851    31 0.117851    51 0.117851    71 0.117851    91 0.117851
 12 0.117851    32 0.117851    52 0.117851    72 0.117851    92 0.117851
 13 0.117851    33 0.117851    53 0.117851    73 0.117851    93 0.117851
 14 0.117851    34 0.117851    54 0.117851    74 0.117851    94 0.117851
 15 0.117851    35 0.117851    55 0.117851    75 0.117851    95 0.117851
 16 0.117851    36 0.117851    56 0.117851    76 0.117851    96 0.117851
 17 0.117851    37 0.117851    57 0.117851    77 0.117851    97 0.117851
 18 0.117851    38 0.117851    58 0.117851    78 0.117851    98 0.117851
 19 0.117851    39 0.117851    59 0.117851    79 0.117851    99 0.117851
 20 0.117851    40 0.117851    60 0.117851    80 0.117851   100 0.117851
;

---------------------------- Solution miscs data ----------------------------
tetrahedron_surface_area [*] :=
  1 0    11 0    21 0    31 0    41 0    51 0    61 0    71 0    81 0    91 0
  2 0    12 0    22 0    32 0    42 0    52 0    62 0    72 0    82 0    92 0
  3 0    13 0    23 0    33 0    43 0    53 0    63 0    73 0    83 0    93 0
  4 0    14 0    24 0    34 0    44 0    54 0    64 0    74 0    84 0    94 0
  5 0    15 0    25 0    35 0    45 0    55 0    65 0    75 0    85 0    95 0
  6 0    16 0    26 0    36 0    46 0    56 0    66 0    76 0    86 0    96 0
  7 0    17 0    27 0    37 0    47 0    57 0    67 0    77 0    87 0    97 0
  8 0    18 0    28 0    38 0    48 0    58 0    68 0    78 0    88 0    98 0
  9 0    19 0    29 0    39 0    49 0    59 0    69 0    79 0    89 0    99 0
 10 0    20 0    30 0    40 0    50 0    60 0    70 0    80 0    90 0   100 0
;

