Error at _cmdno 5 executing "solve" command
(file amplin, line 1977, offset 38302):
error processing param distances:
	4000 invalid subscripts discarded:
	distances[51,1,1]
	distances[51,1,2]
	distances[51,1,3]
	and 3997 more.
##### This license is only intended for use by NEOS. #####
##### License is valid until Jan 16, 2026 #####
ariables.
Adjusted problem:
6726 variables:
	4276 nonlinear variables
	2450 linear variables
13150 constraints; 80325 nonzeros
	11925 nonlinear constraints
	1225 linear constraints
	1325 equality constraints
	11825 inequality constraints
1 linear objective; 1 nonzero.

Artelys Knitro 14.2.0: threads=4
algorithm=1
ms_enable=1
ms_maxsolves=10
feastol=1e-5
opttol=1e-5
honorbnds=1
bar_initpt=3
bar_murule=4
scale=1
outlev=2
maxtime_real=3600
WARNING:  Option 'threads' is deprecated, please use 'numthreads'.

=======================================
           Academic License
       (NOT FOR COMMERCIAL USE)
         Artelys Knitro 14.2.0
=======================================

No start point provided -- Knitro computing one.

Knitro presolve eliminated 0 variables and 0 constraints.

algorithm                1
bar_initpt               3
bar_murule               4
concurrent_evals         0
datacheck                0
feastol                  1e-05
findiff_numthreads       1
hessian_no_f             1
hessopt                  1
honorbnds                1
maxtime_real             3600
ms_enable                1
ms_maxsolves             10
numthreads               4
opttol                   1e-05

Problem Characteristics                                 (   Presolved)
-----------------------
Objective goal:  Minimize
Objective type:  linear
Number of variables:                               6726 (        6726)
    bounded below only:                             601 (         601)
    bounded above only:                               0 (           0)
    bounded below and above:                          0 (           0)
    fixed:                                            0 (           0)
    free:                                          6125 (        6125)
Number of constraints:                            13150 (       13150)
    linear equalities:                                0 (           0)
    quadratic equalities:                          1225 (        1225)
    gen. nonlinear equalities:                      100 (         100)
    linear one-sided inequalities:                 1225 (        1225)
    quadratic one-sided inequalities:             10600 (       10600)
    gen. nonlinear one-sided inequalities:            0 (           0)
    linear two-sided inequalities:                    0 (           0)
    quadratic two-sided inequalities:                 0 (           0)
    gen. nonlinear two-sided inequalities:            0 (           0)
Number of nonzeros in Jacobian:                   80325 (       80325)
Number of nonzeros in Hessian:                    36976 (       36976)

Knitro parallel multistart will run with 4 threads.

Return codes description
------------------------
  0:  The final solution satisfies the termination conditions for verifying optimality.
  -100 to -199:  A feasible approximate solution was found.
  -200 to -299:  Knitro terminated at an infeasible point.
  -300 to -301:  The problem was determined to be unbounded.
  -400 to -499:  Knitro terminated because it reached a pre-defined limit.
    -400 to -409:  A feasible point was found.
    -410 to -419:  No feasible point was found.
  -500 to -599:  Knitro terminated with an input error or some non-standard error.
A more detailed description of individual return codes and their corresponding
termination messages is provided at
https://www.artelys.com/app/docs/knitro/3_referenceManual/returnCodes.html

 Solve #  ThreadID  Status     Objective      FeasError    OptError    Real Time 
--------  --------  ------  --------------   ----------   ----------  ----------
      0          0       0         1.44323  2.68665e-05  6.68997e-06      3468.47
      5          2    -202         2269.56      80392.8      9.13150      3194.78
      1          1    -410         743.148  3.30105e-02     0.998379      5818.85
      8          0    -410         1293.06     0.168912     0.462978      1910.19
      9          2    -410         20289.1      73.7504      1.00000      1595.62
      3          2    -410         1164.82     0.652518      5.10909      5739.64
      6          1    -410         15026.6     0.832174      26.9005      3333.93
      4          0    -410         863.387      1.22753      2.58493      4597.52
      2          3    -410         4928.93  3.34008e-02      1.34827      6321.55
      7          3    -410         2556.01  6.10297e-02      1.00000      3461.94

MULTISTART: Best locally optimal solution is returned.
EXIT: Locally optimal solution found.

Final Statistics
----------------
Final objective value               =   1.44323047023113e+00
Final feasibility error (abs / rel) =   2.69e-05 / 2.50e-08
Final optimality error  (abs / rel) =   6.69e-06 / 6.69e-06
# of iterations                     =      95305 
# of CG iterations                  =          0 
# of function evaluations           =     126850
# of gradient evaluations           =      95620
# of Hessian evaluations            =      95371
Total program time (secs)           =   10530.91211 ( 28882.395 CPU time)

===============================================================================

Knitro 14.2.0: Locally optimal or satisfactory solution.
objective 1.44323047; feasibility error 2.69e-05
95305 iterations; 126850 function evaluations

suffix feaserror OUT;
suffix opterror OUT;
suffix numfcevals OUT;
suffix numiters OUT;
---------------------------- Container and geometric considerations  ----------------------------
Container type: sphere
Structural conservation type: volume & surface
---------------------------- Solution execution data ----------------------------
solve_result_num = 0
solve_result = solved

---------------------------- Solution data ----------------------------
card(figures) = 50

coords [*,*,1]
:       1         2         3         4       :=
1    19.6282   20.5557   19.7702   19.9559
2    20.3396   20.4196   19.9926   19.5231
3    19.1827   20.0978   19.9889   19.7379
4    19.6631   19.7651   18.8751   19.619
5    19.93     20.8393   20.1729   20.589
6    18.78     19.4707   19.1452   19.7222
7    19.6324   20.5169   20.0769   20.4561
8    20.8449   20.4347   21.3272   21.2358
9    21.0043   21.2913   20.371    20.6144
10   19.6298   19.165    20.1272   19.8628
11   19.9431   20.0227   20.6009   19.6209
12   20.0105   19.6054   20.0274   20.5983
13   18.9459   18.6059   19.16     19.5812
14   20.5034   21.3719   21.2968   21.2794
15   20.8633   20.1371   20.2832   19.9052
16   20.4701   20.6694   21.3246   20.4558
17   18.7451   18.6224   19.4981   18.6958
18   19.0323   18.6211   18.7508   19.5423
19   21.2896   21.0234   20.4704   21.3762
20   19.9926   20.9072   20.5833   20.1891
21   18.7266   19.5256   18.6052   18.9458
22   19.2839   19.8557   19.4167   20.1729
23   20.8463   20.4331   21.2073   21.3452
24   20.4221   19.8627   19.9638   19.4273
25   19.702    19.3522   19.831    20.3376
26   20.2597   19.8107   19.5868   20.4804
27   18.9781   19.8301   19.2459   19.752
28   21.2115   21.3399   20.8427   20.4319
29   20.3547   20.5243   21.0622   21.1975
30   20.2996   19.4845   19.4215   19.8991
31   20.7612   20.008    20.0819   20.7386
32   19.8637   19.3293   19.7673   18.9825
33   19.9098   19.244    20.2219   19.8276
34   20.4268   20.5279   20.2746   21.1993
35   19.8359   19.395    20.1061   19.2108
36   19.6838   18.8707   19.0337   19.6123
37   20.1102   20.1787   20.996    20.2911
38   19.9697   19.3657   20.0729   20.3295
39   20.1067   20.4667   19.7226   20.6441
40   19.5547   18.862    19.0444   19.7219
41   19.2832   19.4302   18.7001   19.6565
42   20.6412   20.027    19.8478   19.7193
43   19.5715   18.6662   19.1759   18.7951
44   19.7715   19.589    18.8316   19.4628
45   20.4876   19.9306   20.1638   20.8707
46   20.6097   20.2758   20.3676   21.184
47   19.7749   19.7648   18.9895   19.8637
48   20.3184   21.2118   20.845    20.4328
49   20.4308   21.2081   20.318    20.8527
50   19.6559   19.2105   18.6904   19.3952

 [*,*,2]
:       1         2         3         4       :=
1    20.4208   20.0483   19.4398   19.8565
2    19.9637   19.1608   19.9959   19.4428
3    20.948    21.3376   20.3656   20.7145
4    19.8525   20.1099   20.1935   20.8151
5    21.1532   21.0818   20.3475   20.4915
6    19.3647   18.6797   19.3173   19.6463
7    18.6224   18.8181   19.5046   18.6744
8    21.1422   20.2562   20.2977   20.5738
9    19.8351   20.5311   20.1434   20.7549
10   18.6224   19.2148   18.9772   19.5936
11   21.1395   20.2407   20.4729   20.3237
12   19.4075   20.3211   19.9935   20.2162
13   19.5593   20.2645   20.521    20.0437
14   20.044    19.5655   20.5361   20.2453
15   21.0647   20.3874   21.0916   21.34
16   20.0207   20.9945   20.3109   20.4346
17   20.1331   20.3307   19.9803   19.3837
18   21.015    20.3298   20.1299   20.1885
19   20.5517   19.8569   19.9989   19.5815
20   19.3845   19.3351   20.1914   19.8611
21   19.3247   19.8909   20.2631   19.5591
22   21.175    20.3625   20.5465   21.1221
23   18.8973   19.7674   19.7557   19.5236
24   19.1609   18.6368   19.6249   19.2632
25   20.3397   19.4153   19.8955   19.5726
26   19.7356   20.0936   20.4712   20.6533
27   20.1309   19.8047   19.1726   19.886
28   20.4014   19.5175   19.5708   19.9359
29   19.6822   18.7659   19.5416   19.1986
30   18.6095   18.6938   18.852    19.5098
31   20.5444   19.9845   20.1754   19.5635
32   19.8102   19.1244   19.8718   20.0579
33   19.7389   19.1704   18.9831   19.8011
34   18.7014   18.7663   19.5752   19.2007
35   20.4775   21.2247   21.4239   21.0953
36   20.2578   20.1897   21.0166   20.8117
37   19.3559   19.6707   19.3564   18.7003
38   20.4825   21.1978   21.425    21.182
39   20.3179   21.2225   20.8297   20.4466
40   18.8827   19.245    19.7072   19.7379
41   21.1744   20.5179   20.3654   20.2689
42   20.4483   20.1484   19.8795   20.8301
43   19.8715   19.4626   19.3162   20.2178
44   19.6331   19.1363   19.4033   18.6825
45   19.2604   18.6698   19.5944   18.8881
46   20.7542   20.3697   21.3602   20.786
47   20.7069   19.8773   20.089    19.8107
48   20.0554   20.405    19.5745   20.4621
49   19.3234   19.768    19.745    18.9053
50   20.3702   21.0959   20.579    21.2243

 [*,*,3]
:       1         2         3         4       :=
1    19.709    19.7284   19.8415   18.9514
2    19.4944   18.9035   18.557    19.2452
3    20.4278   20.5317   20.3231   21.226
4    21.3954   20.4344   20.8827   21.1282
5    20.8646   20.4548   20.3243   21.2222
6    20.0113   20.243    20.9411   20.1935
7    20.2227   20.646    20.067    19.6582
8    20.2487   20.0322   20.4815   19.5249
9    18.9778   19.6359   19.6877   18.9348
10   20.2177   20.8756   21.0093   20.2675
11   20.8733   20.4415   21.2236   21.3536
12   21.3152   21.3503   20.505    21.2953
13   19.1186   19.7407   18.9488   19.7201
14   20.0229   19.8933   19.6643   20.6208
15   20.4496   20.3303   19.6354   20.5271
16   20.0498   20.1595   20.4807   20.9601
17   20.6999   19.7273   20.0598   20.0399
18   20.3405   19.7395   20.7107   20.1022
19   19.6617   18.9936   19.8147   19.8878
20   21.3049   20.9037   21.3056   20.4479
21   20.0658   19.863    19.742    19.1188
22   19.5652   19.6786   18.799    19.1106
23   19.6125   19.8814   19.2485   20.2113
24   18.9045   19.5466   19.6627   18.9001
25   19.723    19.8745   20.6095   19.8101
26   19.7848   20.6035   19.705    20.1153
27   21.0098   21.4194   20.9105   20.4257
28   20.673    20.2236   21.0896   20.254
29   20.1699   20.5329   20.8625   19.9331
30   19.7584   20.3314   19.3461   19.9286
31   18.9015   18.5571   19.5359   19.0947
32   18.5761   19.0699   19.5696   18.9784
33   20.4238   20.907    20.9995   21.4185
34   19.5379   20.5306   19.9999   19.9302
35   20.0321   19.5348   20.2089   20.5092
36   20.2988   20.8771   20.339    21.1283
37   21.2858   20.3391   20.8219   20.5527
38   19.8579   19.5064   20.176    19.2406
39   19.622    19.3939   18.8535   18.7886
40   19.2035   19.8271   18.9593   19.6941
41   19.5647   18.8249   19.4911   19.7667
42   18.7874   19.5173   18.5709   18.8535
43   20.2358   20.1198   20.9674   20.7626
44   20.2066   19.3581   19.9539   20.2401
45   18.8616   19.4455   19.7469   19.7069
46   18.9314   19.7921   19.689    19.7493
47   19.0105   19.5689   18.9737   18.576
48   20.3885   20.6706   21.0896   21.2949
49   18.8009   19.2457   19.7008   19.6053
50   19.9834   20.5077   19.8278   19.5335
;

radius = 1.44323
softness = 0.8

---------------------------- Solution coords data ----------------------------
distances [*,1,*]
:    1   2   3   4    :=
1    0   1   0   1
2    0   1   0   1
3    0   1   0   1
4    0   1   0   1
5    0   1   0   1
6    0   1   0   1
7    0   1   0   1
8    0   1   0   1
9    0   1   0   1
10   0   1   0   1
11   0   1   0   1
12   0   1   0   1
13   0   1   0   1
14   0   1   0   1
15   0   1   0   1
16   0   1   0   1
17   0   1   0   1
18   0   1   0   1
19   0   1   0   1
20   0   1   0   1
21   0   1   0   1
22   0   1   0   1
23   0   1   0   1
24   0   1   0   1
25   0   1   0   1
26   0   1   0   1
27   0   1   0   1
28   0   1   0   1
29   0   1   0   1
30   0   1   0   1
31   0   1   0   1
32   0   1   0   1
33   0   1   0   1
34   0   1   0   1
35   0   1   0   1
36   0   1   0   1
37   0   1   0   1
38   0   1   0   1
39   0   1   0   1
40   0   1   0   1
41   0   1   0   1
42   0   1   0   1
43   0   1   0   1
44   0   1   0   1
45   0   1   0   1
46   0   1   0   1
47   0   1   0   1
48   0   1   0   1
49   0   1   0   1
50   0   1   0   1

 [*,2,*]
:    1   2   3   4    :=
1    0   0   1   1
2    0   0   1   1
3    0   0   1   1
4    0   0   1   1
5    0   0   1   1
6    0   0   1   1
7    0   0   1   1
8    0   0   1   1
9    0   0   1   1
10   0   0   1   1
11   0   0   1   1
12   0   0   1   1
13   0   0   1   1
14   0   0   1   1
15   0   0   1   1
16   0   0   1   1
17   0   0   1   1
18   0   0   1   1
19   0   0   1   1
20   0   0   1   1
21   0   0   1   1
22   0   0   1   1
23   0   0   1   1
24   0   0   1   1
25   0   0   1   1
26   0   0   1   1
27   0   0   1   1
28   0   0   1   1
29   0   0   1   1
30   0   0   1   1
31   0   0   1   1
32   0   0   1   1
33   0   0   1   1
34   0   0   1   1
35   0   0   1   1
36   0   0   1   1
37   0   0   1   1
38   0   0   1   1
39   0   0   1   1
40   0   0   1   1
41   0   0   1   1
42   0   0   1   1
43   0   0   1   1
44   0   0   1   1
45   0   0   1   1
46   0   0   1   1
47   0   0   1   1
48   0   0   1   1
49   0   0   1   1
50   0   0   1   1

 [*,3,*]
:    1   2   3   4    :=
1    1   0   0   1
2    1   0   0   1
3    1   0   0   1
4    1   0   0   1
5    1   0   0   1
6    1   0   0   1
7    1   0   0   1
8    1   0   0   1
9    1   0   0   1
10   1   0   0   1
11   1   0   0   1
12   1   0   0   1
13   1   0   0   1
14   1   0   0   1
15   1   0   0   1
16   1   0   0   1
17   1   0   0   1
18   1   0   0   1
19   1   0   0   1
20   1   0   0   1
21   1   0   0   1
22   1   0   0   1
23   1   0   0   1
24   1   0   0   1
25   1   0   0   1
26   1   0   0   1
27   1   0   0   1
28   1   0   0   1
29   1   0   0   1
30   1   0   0   1
31   1   0   0   1
32   1   0   0   1
33   1   0   0   1
34   1   0   0   1
35   1   0   0   1
36   1   0   0   1
37   1   0   0   1
38   1   0   0   1
39   1   0   0   1
40   1   0   0   1
41   1   0   0   1
42   1   0   0   1
43   1   0   0   1
44   1   0   0   1
45   1   0   0   1
46   1   0   0   1
47   1   0   0   1
48   1   0   0   1
49   1   0   0   1
50   1   0   0   1

 [*,4,*]
:    1   2   3   4    :=
1    1   1   1   0
2    1   1   1   0
3    1   1   1   0
4    1   1   1   0
5    1   1   1   0
6    1   1   1   0
7    1   1   1   0
8    1   1   1   0
9    1   1   1   0
10   1   1   1   0
11   1   1   1   0
12   1   1   1   0
13   1   1   1   0
14   1   1   1   0
15   1   1   1   0
16   1   1   1   0
17   1   1   1   0
18   1   1   1   0
19   1   1   1   0
20   1   1   1   0
21   1   1   1   0
22   1   1   1   0
23   1   1   1   0
24   1   1   1   0
25   1   1   1   0
26   1   1   1   0
27   1   1   1   0
28   1   1   1   0
29   1   1   1   0
30   1   1   1   0
31   1   1   1   0
32   1   1   1   0
33   1   1   1   0
34   1   1   1   0
35   1   1   1   0
36   1   1   1   0
37   1   1   1   0
38   1   1   1   0
39   1   1   1   0
40   1   1   1   0
41   1   1   1   0
42   1   1   1   0
43   1   1   1   0
44   1   1   1   0
45   1   1   1   0
46   1   1   1   0
47   1   1   1   0
48   1   1   1   0
49   1   1   1   0
50   1   1   1   0
;

---------------------------- Solution stats data ----------------------------
_ampl_time = 0.190213
_total_solve_time = 28882.8
_ampl_elapsed_time = 0.184311
_ampl_user_time = 0.153883

Total time elapsed: $28882.84.
_total_solve_time = 28882.8

---------------------------- Solution miscs data ----------------------------
tetrahedron_volume [*] :=
 1 0.117851   11 0.117851   21 0.117851   31 0.117851   41 0.117851
 2 0.117851   12 0.117851   22 0.117851   32 0.117851   42 0.117851
 3 0.117851   13 0.117851   23 0.117851   33 0.117851   43 0.117851
 4 0.117851   14 0.117851   24 0.117851   34 0.117851   44 0.117851
 5 0.117851   15 0.117851   25 0.117851   35 0.117851   45 0.117851
 6 0.117851   16 0.117851   26 0.117851   36 0.117851   46 0.117851
 7 0.117851   17 0.117851   27 0.117851   37 0.117851   47 0.117851
 8 0.117851   18 0.117851   28 0.117851   38 0.117851   48 0.117851
 9 0.117851   19 0.117851   29 0.117851   39 0.117851   49 0.117851
10 0.117851   20 0.117851   30 0.117851   40 0.117851   50 0.117851
;

---------------------------- Solution miscs data ----------------------------
tetrahedron_surface_area [*] :=
 1 1.73205   10 1.73205   19 1.73205   28 1.73205   37 1.73205   46 1.73205
 2 1.73205   11 1.73205   20 1.73205   29 1.73205   38 1.73205   47 1.73205
 3 1.73205   12 1.73205   21 1.73205   30 1.73205   39 1.73205   48 1.73205
 4 1.73205   13 1.73205   22 1.73205   31 1.73205   40 1.73205   49 1.73205
 5 1.73205   14 1.73205   23 1.73205   32 1.73205   41 1.73205   50 1.73205
 6 1.73205   15 1.73205   24 1.73205   33 1.73205   42 1.73205
 7 1.73205   16 1.73205   25 1.73205   34 1.73205   43 1.73205
 8 1.73205   17 1.73205   26 1.73205   35 1.73205   44 1.73205
 9 1.73205   18 1.73205   27 1.73205   36 1.73205   45 1.73205
;

