Error at _cmdno 5 executing "solve" command
(file amplin, line 1977, offset 37909):
error processing param distances:
	4080 invalid subscripts discarded:
	distances[46,1,1]
	distances[46,1,2]
	distances[46,1,3]
	and 4077 more.
##### This license is only intended for use by NEOS. #####
##### License is valid until Jan 16, 2026 #####
riables.
Adjusted problem:
5491 variables:
	3510 nonlinear variables
	1981 linear variables
11565 constraints; 66330 nonzeros
	9495 nonlinear constraints
	2070 linear constraints
	1035 equality constraints
	10530 inequality constraints
1 linear objective; 1 nonzero.

Artelys Knitro 14.2.0: threads=4
algorithm=1
ms_enable=1
ms_maxsolves=10
feastol=1e-5
opttol=1e-5
honorbnds=1
bar_initpt=3
bar_murule=4
scale=1
outlev=2
maxtime_real=1200
WARNING:  Option 'threads' is deprecated, please use 'numthreads'.

=======================================
           Academic License
       (NOT FOR COMMERCIAL USE)
         Artelys Knitro 14.2.0
=======================================

No start point provided -- Knitro computing one.

Knitro presolve eliminated 0 variables and 0 constraints.

algorithm                1
bar_initpt               3
bar_murule               4
concurrent_evals         0
datacheck                0
feastol                  1e-05
findiff_numthreads       1
hessian_no_f             1
hessopt                  1
honorbnds                1
maxtime_real             1200
ms_enable                1
ms_maxsolves             10
numthreads               4
opttol                   1e-05

Problem Characteristics                                 (   Presolved)
-----------------------
Objective goal:  Minimize
Objective type:  linear
Number of variables:                               5491 (        5491)
    bounded below only:                             541 (         541)
    bounded above only:                               0 (           0)
    bounded below and above:                          0 (           0)
    fixed:                                            0 (           0)
    free:                                          4950 (        4950)
Number of constraints:                            11565 (       11565)
    linear equalities:                                0 (           0)
    quadratic equalities:                           990 (         990)
    gen. nonlinear equalities:                       45 (          45)
    linear one-sided inequalities:                 2070 (        2070)
    quadratic one-sided inequalities:              8460 (        8460)
    gen. nonlinear one-sided inequalities:            0 (           0)
    linear two-sided inequalities:                    0 (           0)
    quadratic two-sided inequalities:                 0 (           0)
    gen. nonlinear two-sided inequalities:            0 (           0)
Number of nonzeros in Jacobian:                   66330 (       66330)
Number of nonzeros in Hessian:                    30240 (       30240)

Knitro parallel multistart will run with 4 threads.

Return codes description
------------------------
  0:  The final solution satisfies the termination conditions for verifying optimality.
  -100 to -199:  A feasible approximate solution was found.
  -200 to -299:  Knitro terminated at an infeasible point.
  -300 to -301:  The problem was determined to be unbounded.
  -400 to -499:  Knitro terminated because it reached a pre-defined limit.
    -400 to -409:  A feasible point was found.
    -410 to -419:  No feasible point was found.
  -500 to -599:  Knitro terminated with an input error or some non-standard error.
A more detailed description of individual return codes and their corresponding
termination messages is provided at
https://www.artelys.com/app/docs/knitro/3_referenceManual/returnCodes.html

 Solve #  ThreadID  Status     Objective      FeasError    OptError    Real Time 
--------  --------  ------  --------------   ----------   ----------  ----------
      0          0       0         1.98912  4.64874e-05  3.60835e-06      430.537
      1          1    -202         11028.0      8.11424     0.999898      1730.05
      2          2    -410         514.812  1.83029e-02      1.30423      2095.24
      5          1    -410         703.748  7.76886e-03     0.347780      2098.98
      4          0    -410         788.218  8.02660e-03     0.482744      2176.63
      3          3    -410         389.114  5.05796e-03  8.91243e-02      2285.57
      7          3    -410         1239.23  5.92838e-04  4.65295e-02      2209.53
      9          1    -410         1288.89  9.17583e-02     0.996075      1759.53
      6          2    -410         3376.45  8.95405e-02      1.25171      2145.71
      8          0    -410         23385.9     0.729810     0.999993      2553.16

MULTISTART: Best locally optimal solution is returned.
EXIT: Locally optimal solution found.

Final Statistics
----------------
Final objective value               =   1.98911680463717e+00
Final feasibility error (abs / rel) =   4.65e-05 / 2.52e-06
Final optimality error  (abs / rel) =   3.61e-06 / 3.61e-06
# of iterations                     =      89314 
# of CG iterations                  =          0 
# of function evaluations           =     134223
# of gradient evaluations           =      89521
# of Hessian evaluations            =      89393
Total program time (secs)           =    5590.38721 ( 15050.400 CPU time)

===============================================================================

Knitro 14.2.0: Locally optimal or satisfactory solution.
objective 1.989116805; feasibility error 4.65e-05
89314 iterations; 134223 function evaluations

suffix feaserror OUT;
suffix opterror OUT;
suffix numfcevals OUT;
suffix numiters OUT;
---------------------------- Container and geometric considerations  ----------------------------
Container type: cube
Structural conservation type: volume & surface
---------------------------- Solution execution data ----------------------------
solve_result_num = 0
solve_result = solved

---------------------------- Solution data ----------------------------
card(figures) = 45

coords [*,*,1]
:       1         2         3         4       :=
1    19.9273   19.2739   19.1868   19.0054
2    20.3382   19.8273   20.9227   20.2279
3    20.5543   19.9921   19.6533   19.9111
4    20.1095   19.4508   19.9658   19.4824
5    19.9021   19.6442   19.0575   19.8907
6    19.0054   19.0054   19.0054   19.8536
7    20.1711   20.9946   20.9946   20.9946
8    20.9926   20.146    20.9946   20.9946
9    20.9946   20.9946   20.748    20.1288
10   19.012    19.3236   19.6566   19.9795
11   19.0054   19.2587   19.9216   19.1277
12   19.0054   19.0054   19.0054   19.7113
13   20.0414   19.2595   20.1047   19.8293
14   20.468    20.3384   20.9946   20.9684
15   20.9946   20.1988   20.9621   20.9946
16   20.0002   20.735    19.805    20.2174
17   19.8337   19.0054   19.0873   19.0054
18   19.8065   19.0054   19.0054   19.0054
19   20.9684   20.3384   20.4577   19.9687
20   19.9684   19.3182   19.8355   19.0485
21   19.9967   19.5984   20.2499   19.3236
22   19.6432   19.9234   19.0279   19.0054
23   20.0014   20.4783   19.6032   20.2394
24   19.8683   20.7775   20.0897   20.1045
25   20.6365   20.8842   20.9946   20.0652
26   20.0126   19.9273   19.2697   19.1868
27   19.3861   19.0054   20.1009   19.5196
28   20.0865   20.1001   20.4097   19.4513
29   20.8614   20.0321   20.6789   20.1269
30   20.1475   20.9499   20.9946   20.9946
31   19.8815   19.0486   19.8739   20.0705
32   19.711    19.8118   19.0054   19.0507
33   20.9946   20.3292   20.1001   20.4249
34   19.4341   20.1505   19.9826   20.51
35   20.0558   20.9085   20.7059   20.0755
36   19.5909   19.9111   20.3013   20.618
37   19.464    20.2035   19.1269   19.9208
38   20.5411   19.4457   19.8529   20.1773
39   20.9946   20.9765   20.2248   20.3426
40   20.0676   20.0797   20.0841   20.9125
41   20.1775   20.1999   20.914    20.9946
42   19.4653   19.8819   19.0054   19.0054
43   20.9946   20.9946   20.2421   20.9946
44   19.0054   19.0054   19.0054   19.7173
45   19.6537   20.0009   19.0499   19.8111

 [*,*,2]
:       1         2         3         4       :=
1    20.173    20.2936   20.9803   20.0475
2    20.9946   20.9946   20.9946   20.149
3    19.4542   19.9812   19.3283   20.3394
4    19.0054   19.031    19.7581   19.8454
5    20.3537   20.8275   19.9816   20.0356
6    20.2619   20.9946   20.9946   20.9321
7    19.4423   19.0054   19.7721   19.0054
8    20.9946   20.3321   20.2369   20.2927
9    19.0054   19.8988   19.2664   19.2301
10   19.8272   19.0054   19.2123   19.8828
11   20.9946   20.128    20.9946   20.9946
12   19.5104   20.0475   19.0054   19.7427
13   20.6282   20.1571   19.9297   20.99
14   20.2003   19.1562   19.4489   19.8955
15   20.9946   20.9928   20.2117   20.9946
16   20.2037   20.1136   19.872    20.8869
17   19.8462   19.5104   20.3995   20.0475
18   20.4323   20.0379   20.8921   19.9801
19   19.8955   19.1563   20.2066   19.8477
20   19.4182   19.0526   19.9753   19.9795
21   19.8456   19.1046   19.0054   19.0054
22   20.8276   20.3214   19.9885   20.9016
23   19.8544   19.2723   19.1134   19.0054
24   19.523    19.5087   19.8092   20.3673
25   20.2756   19.4128   20.292    20.0815
26   20.9946   20.173    20.3266   20.9803
27   19.0286   19.0054   19.0054   19.7742
28   19.6218   19.0054   19.8446   19.8881
29   20.2482   19.8231   19.6346   20.3387
30   20.1186   20.8559   19.8875   20.1154
31   20.0333   19.9794   19.4759   20.3485
32   19.5274   20.4352   19.9816   20.0129
33   19.0054   19.833    19.0054   19.0054
34   19.0054   19.0054   19.6707   19.0054
35   20.121    20.2624   20.8674   20.9472
36   20.9946   20.2021   20.9946   20.9945
37   20.2459   20.8092   20.9946   20.9946
38   20.9946   20.9946   20.3835   20.2203
39   20.9946   20.2526   20.2249   20.9946
40   20.9946   20.0947   20.1997   20.3221
41   20.1841   20.9122   20.9946   20.2848
42   19.0054   19.6222   19.0235   19.9744
43   19.1893   19.882    19.8662   20.2848
44   19.9811   20.0389   19.0303   19.5233
45   19.4152   19.8799   20.0098   20.4967

 [*,*,3]
:       1         2         3         4       :=
1    20.9946   20.1622   20.9946   20.9946
2    19.7396   19.0054   19.0054   19.052
3    19.8328   19.0542   19.6766   19.8845
4    20.9667   20.2626   20.1838   20.9945
5    19.6851   20.3985   20.0241   20.7332
6    20.3091   20.8916   19.7961   20.4866
7    20.1668   20.7422   20.2815   19.6468
8    20.4184   20.2075   20.8937   19.7997
9    19.0054   19.0486   19.9084   19.0054
10   19.1718   19.0054   19.8093   19.0054
11   19.0054   19.2386   19.141    19.8958
12   20.0398   20.9946   20.9353   20.5376
13   19.7955   19.1899   19.0054   19.0054
14   19.7534   19.4811   20.0139   19.014
15   20.4078   19.8288   19.7438   19.3124
16   20.1872   20.9946   20.9946   20.9946
17   20.6733   20.0398   20.093    20.9945
18   19.6398   19.0938   19.7796   20.0673
19   19.014    19.4812   19.7687   19.0054
20   19.8247   20.3201   20.6048   20.0218
21   19.2083   19.91     19.0349   19.0054
22   20.3993   19.6331   20.0567   19.7766
23   19.2      19.9961   19.9017   19.0494
24   19.7414   19.9775   20.7753   20.0765
25   20.6332   20.0053   19.8137   19.7189
26   20.6514   20.9946   20.2022   20.9946
27   20.1855   20.9946   20.9946   20.9768
28   20.1427   20.9937   20.9946   20.9946
29   20.8809   20.8558   19.992    20.0732
30   19.1758   19.0643   19.0054   19.8703
31   20.7309   20.0218   19.845    19.8823
32   19.7324   19.6381   20.042    19.0056
33   20.9946   20.7253   20.9937   20.0589
34   20.0201   20.8488   20.2749   19.8141
35   19.9731   19.7427   20.4424   19.5501
36   20.1563   20.42     20.9902   20.1508
37   19.3921   19.9717   19.8966   19.1418
38   20.1512   20.157    19.5571   20.4125
39   19.0054   19.713    19.1284   19.7347
40   19.5276   19.982    19.0054   19.7116
41   20.3784   20.9946   20.3492   20.9946
42   20.2687   19.7726   19.5017   20.0457
43   20.9946   20.147    20.7525   20.9946
44   20.0496   19.0781   19.5056   19.7295
45   19.6995   19.0054   19.0054   19.6247
;

side = 1.98912
softness = 0.2

---------------------------- Solution coords data ----------------------------
distances [*,1,*]
:    1   2   3   4    :=
1    0   1   0   1
2    0   1   0   1
3    0   1   0   1
4    0   1   0   1
5    0   1   0   1
6    0   1   0   1
7    0   1   0   1
8    0   1   0   1
9    0   1   0   1
10   0   1   0   1
11   0   1   0   1
12   0   1   0   1
13   0   1   0   1
14   0   1   0   1
15   0   1   0   1
16   0   1   0   1
17   0   1   0   1
18   0   1   0   1
19   0   1   0   1
20   0   1   0   1
21   0   1   0   1
22   0   1   0   1
23   0   1   0   1
24   0   1   0   1
25   0   1   0   1
26   0   1   0   1
27   0   1   0   1
28   0   1   0   1
29   0   1   0   1
30   0   1   0   1
31   0   1   0   1
32   0   1   0   1
33   0   1   0   1
34   0   1   0   1
35   0   1   0   1
36   0   1   0   1
37   0   1   0   1
38   0   1   0   1
39   0   1   0   1
40   0   1   0   1
41   0   1   0   1
42   0   1   0   1
43   0   1   0   1
44   0   1   0   1
45   0   1   0   1

 [*,2,*]
:    1   2   3   4    :=
1    0   0   1   1
2    0   0   1   1
3    0   0   1   1
4    0   0   1   1
5    0   0   1   1
6    0   0   1   1
7    0   0   1   1
8    0   0   1   1
9    0   0   1   1
10   0   0   1   1
11   0   0   1   1
12   0   0   1   1
13   0   0   1   1
14   0   0   1   1
15   0   0   1   1
16   0   0   1   1
17   0   0   1   1
18   0   0   1   1
19   0   0   1   1
20   0   0   1   1
21   0   0   1   1
22   0   0   1   1
23   0   0   1   1
24   0   0   1   1
25   0   0   1   1
26   0   0   1   1
27   0   0   1   1
28   0   0   1   1
29   0   0   1   1
30   0   0   1   1
31   0   0   1   1
32   0   0   1   1
33   0   0   1   1
34   0   0   1   1
35   0   0   1   1
36   0   0   1   1
37   0   0   1   1
38   0   0   1   1
39   0   0   1   1
40   0   0   1   1
41   0   0   1   1
42   0   0   1   1
43   0   0   1   1
44   0   0   1   1
45   0   0   1   1

 [*,3,*]
:    1   2   3   4    :=
1    1   0   0   1
2    1   0   0   1
3    1   0   0   1
4    1   0   0   1
5    1   0   0   1
6    1   0   0   1
7    1   0   0   1
8    1   0   0   1
9    1   0   0   1
10   1   0   0   1
11   1   0   0   1
12   1   0   0   1
13   1   0   0   1
14   1   0   0   1
15   1   0   0   1
16   1   0   0   1
17   1   0   0   1
18   1   0   0   1
19   1   0   0   1
20   1   0   0   1
21   1   0   0   1
22   1   0   0   1
23   1   0   0   1
24   1   0   0   1
25   1   0   0   1
26   1   0   0   1
27   1   0   0   1
28   1   0   0   1
29   1   0   0   1
30   1   0   0   1
31   1   0   0   1
32   1   0   0   1
33   1   0   0   1
34   1   0   0   1
35   1   0   0   1
36   1   0   0   1
37   1   0   0   1
38   1   0   0   1
39   1   0   0   1
40   1   0   0   1
41   1   0   0   1
42   1   0   0   1
43   1   0   0   1
44   1   0   0   1
45   1   0   0   1

 [*,4,*]
:    1   2   3   4    :=
1    1   1   1   0
2    1   1   1   0
3    1   1   1   0
4    1   1   1   0
5    1   1   1   0
6    1   1   1   0
7    1   1   1   0
8    1   1   1   0
9    1   1   1   0
10   1   1   1   0
11   1   1   1   0
12   1   1   1   0
13   1   1   1   0
14   1   1   1   0
15   1   1   1   0
16   1   1   1   0
17   1   1   1   0
18   1   1   1   0
19   1   1   1   0
20   1   1   1   0
21   1   1   1   0
22   1   1   1   0
23   1   1   1   0
24   1   1   1   0
25   1   1   1   0
26   1   1   1   0
27   1   1   1   0
28   1   1   1   0
29   1   1   1   0
30   1   1   1   0
31   1   1   1   0
32   1   1   1   0
33   1   1   1   0
34   1   1   1   0
35   1   1   1   0
36   1   1   1   0
37   1   1   1   0
38   1   1   1   0
39   1   1   1   0
40   1   1   1   0
41   1   1   1   0
42   1   1   1   0
43   1   1   1   0
44   1   1   1   0
45   1   1   1   0
;

---------------------------- Solution stats data ----------------------------
_ampl_time = 0.090917
_total_solve_time = 15050.6
_ampl_elapsed_time = 0.192728
_ampl_user_time = 0.0716

Total time elapsed: $15050.59.
_total_solve_time = 15050.6

---------------------------- Solution miscs data ----------------------------
tetrahedron_volume [*] :=
 1 0    6 0   11 0   16 0   21 0   26 0   31 0   36 0   41 0
 2 0    7 0   12 0   17 0   22 0   27 0   32 0   37 0   42 0
 3 0    8 0   13 0   18 0   23 0   28 0   33 0   38 0   43 0
 4 0    9 0   14 0   19 0   24 0   29 0   34 0   39 0   44 0
 5 0   10 0   15 0   20 0   25 0   30 0   35 0   40 0   45 0
;

---------------------------- Solution miscs data ----------------------------
tetrahedron_surface_area [*] :=
 1 1.73205    9 1.73205   17 1.73205   25 1.73205   33 1.73205   41 1.73205
 2 1.73205   10 1.73205   18 1.73205   26 1.73205   34 1.73205   42 1.73205
 3 1.73205   11 1.73205   19 1.73205   27 1.73205   35 1.73205   43 1.73205
 4 1.73205   12 1.73205   20 1.73205   28 1.73205   36 1.73205   44 1.73205
 5 1.73205   13 1.73205   21 1.73205   29 1.73205   37 1.73205   45 1.73205
 6 1.73205   14 1.73205   22 1.73205   30 1.73205   38 1.73205
 7 1.73205   15 1.73205   23 1.73205   31 1.73205   39 1.73205
 8 1.73205   16 1.73205   24 1.73205   32 1.73205   40 1.73205
;

