Error at _cmdno 5 executing "solve" command
(file amplin, line 1971, offset 37608):
error processing param distances:
	3200 invalid subscripts discarded:
	distances[101,1,1]
	distances[101,1,2]
	distances[101,1,3]
	and 3197 more.
##### This license is only intended for use by NEOS. #####
##### License is valid until Jan 16, 2026 #####
iables.
Adjusted problem:
25951 variables:
	16050 nonlinear variables
	9901 linear variables
53200 constraints; 315150 nonzeros
	45850 nonlinear constraints
	7350 linear constraints
	5050 equality constraints
	48150 inequality constraints
1 linear objective; 1 nonzero.

Artelys Knitro 14.2.0: algorithm=1
ms_enable=1
ms_maxsolves=50
ms_terminate=1
ms_savetol=0.01
feastol=1e-5
opttol=1e-5
bar_initpt=3
bar_murule=6
bar_penaltyrule=2
linsolver=0
scale=3
honorbnds=1
outlev=3
maxtime_real=28800
numthreads=4
presolve=1
bar_refinement=1
debug=0

=======================================
           Academic License
       (NOT FOR COMMERCIAL USE)
         Artelys Knitro 14.2.0
=======================================

No start point provided -- Knitro computing one.

Knitro presolve eliminated 0 variables and 0 constraints.

algorithm                1
bar_initpt               3
bar_murule               6
bar_penaltyrule          2
bar_refinement           1
concurrent_evals         0
datacheck                0
feastol                  1e-05
findiff_numthreads       1
hessian_no_f             1
hessopt                  1
honorbnds                1
maxtime_real             28800
ms_enable                1
ms_maxsolves             50
ms_savetol               0.01
ms_terminate             1
numthreads               4
opttol                   1e-05
outlev                   3
scale                    3

Problem Characteristics                                 (   Presolved)
-----------------------
Objective goal:  Minimize
Objective type:  linear
Number of variables:                              25951 (       25951)
    bounded below only:                            1201 (        1201)
    bounded above only:                               0 (           0)
    bounded below and above:                          0 (           0)
    fixed:                                            0 (           0)
    free:                                         24750 (       24750)
Number of constraints:                            53200 (       53200)
    linear equalities:                                0 (           0)
    quadratic equalities:                          4950 (        4950)
    gen. nonlinear equalities:                      100 (         100)
    linear one-sided inequalities:                 7350 (        7350)
    quadratic one-sided inequalities:             40800 (       40800)
    gen. nonlinear one-sided inequalities:            0 (           0)
    linear two-sided inequalities:                    0 (           0)
    quadratic two-sided inequalities:                 0 (           0)
    gen. nonlinear two-sided inequalities:            0 (           0)
Number of nonzeros in Jacobian:                  315150 (      315150)
Number of nonzeros in Hessian:                   141450 (      141450)

Knitro parallel multistart will run with 4 threads.

Return codes description
------------------------
  0:  The final solution satisfies the termination conditions for verifying optimality.
  -100 to -199:  A feasible approximate solution was found.
  -200 to -299:  Knitro terminated at an infeasible point.
  -300 to -301:  The problem was determined to be unbounded.
  -400 to -499:  Knitro terminated because it reached a pre-defined limit.
    -400 to -409:  A feasible point was found.
    -410 to -419:  No feasible point was found.
  -500 to -599:  Knitro terminated with an input error or some non-standard error.
A more detailed description of individual return codes and their corresponding
termination messages is provided at
https://www.artelys.com/app/docs/knitro/3_referenceManual/returnCodes.html

 Solve #  ThreadID  Status     Objective      FeasError    OptError    Real Time 
--------  --------  ------  --------------   ----------   ----------  ----------
      0          0       0         2.67170  1.19485e-05  7.35697e-06      702.342
     15          1    -410         11323.0      243792.      139.541      4303.00
     14          3    -410         8028.96      753552.      1.00000      4245.19
     13          2    -410         2937.00     0.305477  1.57104e-02      4057.55
      2          2    -410         10629.3      235970.      150.022      4263.34
      1          1    -410         7547.62      228680.      10.6817      4377.31
      3          3    -410         6971.61      244871.      6.64705      4607.30
      5          2    -410         13029.1      7432.12     0.999998      4118.80
      7          3    -410         2050.60      8883.78     0.985418      4197.98
      6          1    -410         5880.20      487853.      37.1231      4634.53

MULTISTART: Best locally optimal solution is returned.
EXIT: Locally optimal solution found.

Final Statistics
----------------
Final objective value               =   2.67169677019898e+00
Final feasibility error (abs / rel) =   1.19e-05 / 6.58e-07
Final optimality error  (abs / rel) =   7.36e-06 / 7.36e-06
# of iterations                     =      91935 
# of CG iterations                  =          0 
# of function evaluations           =      93647
# of gradient evaluations           =      92057
# of Hessian evaluations            =      91964
Total program time (secs)           =   17971.39453 ( 65645.109 CPU time)

===============================================================================

Knitro 14.2.0: Locally optimal or satisfactory solution.
objective 2.67169677; feasibility error 1.19e-05
91935 iterations; 93647 function evaluations

suffix feaserror OUT;
suffix opterror OUT;
suffix numfcevals OUT;
suffix numiters OUT;
---------------------------- Container and geometric considerations  ----------------------------
Container type: cube
Structural conservation type: volume
---------------------------- Solution execution data ----------------------------
solve_result_num = 0
solve_result = solved

---------------------------- Solution data ----------------------------
card(figures) = 100

coords [*,*,1]
:        1         2         3         4       :=
1     21.3358   21.3358   20.899    20.4806
2     20.4947   20.1147   20.3173   19.5835
3     19.5      18.6642   18.6642   18.6642
4     19.2038   18.6642   18.6642   19.3895
5     20.3894   20.2847   20.9498   19.9625
6     19.596    20.0676   20.0202   19.2758
7     21.3358   21.3358   21.3358   20.5087
8     21.3358   20.5578   21.0572   20.4952
9     20.3986   20.5643   21.0764   20.1026
10    18.6642   19.4983   18.7352   18.6642
11    19.3884   19.5808   18.8757   18.6642
12    18.6642   18.6642   19.4984   18.7006
13    19.9431   20.306    20.9227   20.4803
14    21.2872   20.8157   20.4645   21.3358
15    19.1312   19.4974   19.8038   20.0299
16    21.1347   20.3146   20.3794   20.9804
17    19.5447   18.7018   18.9024   18.6642
18    19.4464   19.6656   20.1585   19.1166
19    19.1104   19.5262   20.0846   19.463
20    20.7642   19.8069   20.4159   20.5911
21    21.3358   21.3358   20.539    21.3358
22    19.0012   19.6121   18.6642   19.1337
23    21.1013   20.4323   21.1858   20.3567
24    21.0697   21.3358   20.5559   20.4576
25    19.5316   19.7075   20.3159   19.5191
26    20.0971   19.8774   20.1748   19.212
27    19.596    19.3899   19.2031   18.6642
28    20.5734   19.7638   20.0845   20.49
29    21.3358   20.5579   20.8635   21.3358
30    19.7546   18.7798   19.535    19.537
31    19.1086   19.5319   19.4626   18.6642
32    19.458    19.7654   20.4215   20.2055
33    19.5285   20.0443   20.4846   19.7538
34    19.8613   19.2854   20.3287   19.6799
35    20.4554   20.6277   21.3358   20.719
36    18.6642   19.4931   18.6892   19.2187
37    18.8348   19.4784   18.6642   18.6642
38    20.5089   19.9413   19.9694   20.6567
39    19.4368   19.9917   20.4168   20.117
40    19.0473   19.6456   19.9162   19.1535
41    20.0728   19.5345   19.2433   19.1448
42    19.5065   18.6642   18.6642   18.758
43    21.3358   21.3358   20.471    21.2787
44    19.4645   18.7628   19.3932   18.6642
45    19.6377   18.9918   19.9227   19.9158
46    21.2281   20.5407   20.3143   20.4047
47    20.5029   20.8029   20.3069   21.2817
48    18.6642   18.6642   19.4473   18.6642
49    21.0764   20.4615   21.3012   20.511
50    19.4064   18.6642   18.6642   18.6642
51    20.0902   20.4906   19.6206   20.4846
52    19.2182   19.8402   19.8124   20.2301
53    20.4436   19.8034   19.9959   19.3965
54    18.6642   18.6642   19.4822   18.8434
55    18.9689   18.6642   19.5015   18.6642
56    19.3746   18.6642   19.5047   19.4076
57    20.8506   20.9824   20.0609   20.5469
58    19.2058   19.5043   19.2184   20.0843
59    18.7008   19.359    19.4446   18.6642
60    19.5198   18.6817   19.3899   19.5323
61    20.4916   19.8066   20.7272   20.1789
62    21.2125   20.259    20.9128   20.523
63    20.3188   19.7653   20.623    20.4919
64    20.316    19.3681   19.7782   20.1713
65    21.3358   20.9128   20.4968   21.3358
66    20.9205   20.8533   20.3037   21.3358
67    20.438    21.0322   20.1005   20.3471
68    20.1044   20.8121   20.8092   20.0307
69    18.6642   18.8474   18.6642   19.4819
70    18.6642   19.4397   18.7195   19.3367
71    20.5431   20.06     19.4943   19.9234
72    20.0075   20.1738   19.5196   19.3794
73    19.6384   20.5073   19.6681   19.8027
74    19.5516   19.3718   19.2952   18.6642
75    18.6642   18.6642   19.4275   19.1175
76    19.6453   20.5583   20.4242   19.9398
77    21.3358   21.3011   20.4607   21.0891
78    20.7963   21.3358   20.411    20.5448
79    20.4895   21.3358   21.2714   20.8297
80    19.4017   19.4598   19.9403   20.2419
81    19.793    19.7769   18.9604   19.1794
82    19.769    19.3775   20.2203   19.4196
83    19.4829   19.4081   19.125    18.6642
84    19.9683   19.4005   20.1194   19.2938
85    21.3358   20.8131   20.5338   20.3914
86    20.6786   20.109    21.0825   20.4426
87    20.1586   19.2695   20.1749   19.7203
88    21.2825   20.6415   20.3525   20.5036
89    20.0219   20.0858   19.596    20.5448
90    21.3358   21.3358   20.539    21.3358
91    20.9436   21.3358   21.3358   20.4376
92    19.8385   19.581    18.9146   19.361
93    21.3358   20.5566   21.3358   21.3095
94    18.9306   19.5184   19.5136   18.6642
95    20.4355   20.2493   20.7175   19.7841
96    20.5464   20.4981   21.0542   20.0248
97    19.7768   20.275    20.8256   20.3021
98    21.3358   21.3358   20.483    21.3358
99    19.4146   20.1484   20.4382   20.1708
100   21.3358   21.3358   20.4968   21.3358

 [*,*,2]
:        1         2         3         4       :=
1     21.3358   20.9141   20.4627   21.3358
2     20.5012   21.3358   21.3358   20.6607
3     21.0774   21.3358   20.4441   21.3358
4     18.6642   19.4433   18.8715   19.5284
5     21.172    20.394    20.4154   20.2478
6     18.6642   19.4833   18.8424   19.4607
7     19.7118   19.9389   20.6853   20.0742
8     20.7406   20.6463   19.8466   20.2497
9     20.5263   21.2559   20.4871   20.4128
10    19.8895   19.4483   19.4119   18.8407
11    19.1757   18.6642   19.4096   18.6642
12    18.6642   18.6642   18.7994   19.4782
13    20.3248   21.3088   20.4605   20.7872
14    20.8698   20.5435   21.3358   21.3358
15    20.4544   21.3358   21.1062   20.5507
16    20.9841   20.3949   21.1201   20.4143
17    19.3032   18.6837   19.3898   19.6518
18    20.8619   20.4012   20.0919   19.9725
19    19.9647   19.4836   20.1245   20.4137
20    19.695    20.1191   20.4413   20.5471
21    19.9987   20.6409   20.0749   19.5924
22    21.0538   21.3358   21.3358   20.441
23    19.6544   19.2702   19.7775   20.1903
24    19.8317   19.5924   19.1347   20.1125
25    20.5077   19.9231   19.974    19.459
26    20.1153   21.1408   20.6836   20.5284
27    18.6642   19.5288   18.6642   18.8418
28    19.0067   19.1641   19.7725   19.7886
29    19.9379   20.1452   20.7677   20.6843
30    19.2956   19.4864   20.2137   19.574
31    19.9751   19.3992   20.4199   19.7626
32    19.2813   20.1705   19.3999   19.5008
33    21.3358   20.5218   21.3358   21.1534
34    19.6753   19.3691   19.2737   18.6642
35    19.3425   19.7309   19.6634   20.3523
36    19.4688   19.2236   19.6186   20.2283
37    19.3981   19.3288   18.7784   19.8272
38    18.6642   19.4583   18.7144   19.3564
39    20.3943   19.8878   20.6522   19.7641
40    19.1213   18.9935   19.6196   19.9183
41    20.4832   21.3358   20.64     20.5241
42    20.5127   21.1325   20.0837   20.6016
43    18.6642   19.5366   18.9439   18.6642
44    18.6642   19.3529   19.2692   18.6642
45    18.9886   19.1461   18.6642   19.6177
46    21.3358   20.5665   21.3358   21.3358
47    19.5052   19.415    18.6642   18.8512
48    20.0842   19.702    20.2466   20.6677
49    20.4871   20.5227   21.1216   21.3358
50    20.1584   19.614    20.6479   20.2835
51    20.3827   20.9716   21.2989   21.3358
52    19.272    18.6642   18.6642   19.4242
53    19.8961   19.0653   19.5891   19.957
54    20.7453   20.1205   20.4564   21.1539
55    20.462    21.1031   21.3203   21.3358
56    20.4032   20.8436   21.27     20.3045
57    20.7775   19.7517   20.2524   20.1504
58    20.5216   19.7032   20.6386   20.4825
59    19.4218   20.1044   19.4774   20.0798
60    19.5188   20.0786   20.0826   20.5675
61    19.4627   20.1554   20.3847   20.2634
62    20.5933   20.1565   19.8778   20.7558
63    18.7408   19.0613   18.6642   19.6308
64    21.3358   20.887    21.3291   20.4376
65    20.5337   19.8778   20.8147   20.5573
66    20.4636   21.1453   21.312    21.3358
67    20.7006   19.8607   19.7752   19.9586
68    19.4257   18.6642   19.1842   18.6642
69    20.1171   19.7149   20.7453   20.4562
70    20.8436   20.3629   19.805    20.356
71    18.6642   19.461    18.6642   18.6642
72    20.5225   21.3358   20.6951   21.3358
73    19.6117   19.5075   19.9481   18.9149
74    19.2987   19.9349   20.2921   19.6317
75    21.3358   20.4441   21.0224   20.4597
76    19.5248   19.3194   20.055    20.111
77    19.109    19.6703   19.3343   20.1283
78    19.4856   18.6642   18.7165   18.6642
79    19.5003   19.807    18.8352   19.3922
80    20.4434   19.6428   20.5698   19.8408
81    18.6642   19.2434   18.6854   19.5122
82    21.3114   20.8803   20.4235   20.4047
83    21.3358   21.0299   20.4429   21.3358
84    19.8708   20.4227   19.7662   19.395
85    21.3358   20.4984   21.3358   21.3358
86    19.1233   19.7679   19.855    19.9621
87    20.081    20.501    20.6931   19.8724
88    18.8506   18.6642   18.6642   19.5046
89    18.8599   19.5202   18.6642   18.6642
90    19.6539   20.6844   20.2495   20.2329
91    19.3926   19.5924   18.6642   19.0509
92    21.267    21.3358   21.3358   20.5272
93    18.8189   19.3441   19.7203   19.7545
94    20.5161   21.3358   20.5566   21.1642
95    19.3854   19.4482   20.2037   20.1418
96    18.667    19.2438   19.5847   19.577
97    21.3145   20.9969   21.3155   20.4067
98    20.5337   21.3358   20.819    20.5573
99    20.5053   21.1805   20.4638   20.3092
100   18.6642   18.6642   18.8461   19.4677

 [*,*,3]
:        1         2         3         4       :=
1     20.4805   19.6308   20.4706   20.0675
2     19.3988   19.0818   20.0086   19.6834
3     19.7711   19.3561   19.7527   20.3048
4     20.4398   20.3988   21.278    21.0043
5     20.6209   21.3154   20.5048   20.4352
6     21.3358   21.2553   20.4265   20.7334
7     20.299    21.2201   20.4833   20.5896
8     19.9355   19.3538   19.4631   20.2441
9     19.4772   20.0606   20.2766   20.4709
10    21.3358   21.2378   20.5192   21.3358
11    20.3771   19.5303   19.4926   20.0399
12    20.0398   18.991    19.4982   19.5504
13    18.6642   18.6642   18.6642   19.4372
14    21.3185   20.4403   21.031    20.4805
15    20.8988   20.4643   21.3358   20.4754
16    21.3358   21.2791   20.6709   20.4689
17    20.3738   20.2984   19.5492   20.4293
18    18.6642   19.4639   18.6642   18.6798
19    18.6645   19.3686   18.7543   19.5444
20    19.7113   19.651    20.3606   19.3319
21    19.5215   18.6922   18.8438   18.6642
22    19.5049   18.7004   18.6642   18.6642
23    21.3358   20.6253   20.3517   20.8438
24    19.5427   18.6642   18.9509   18.7386
25    21.3358   20.483    21.3358   21.3358
26    21.3221   21.3358   20.5597   20.9457
27    21.3358   21.0042   20.4407   21.3227
28    19.487    18.9815   19.7602   18.7931
29    21.2211   20.549    21.3358   20.4843
30    20.3292   20.5287   20.5464   21.2491
31    18.6642   19.3526   19.5456   19.4749
32    20.1783   20.3001   20.5752   19.6235
33    20.2233   20.4459   20.6545   21.2313
34    19.3136   20.0224   20.0722   19.5249
35    20.6163   19.6718   20.2995   20.5118
36    19.3726   19.7634   20.309    19.6397
37    19.4929   18.6677   18.6642   18.6642
38    21.0992   20.94     20.2012   20.3253
39    19.5744   18.8426   19.3043   19.7748
40    19.3892   18.6642   19.3236   18.7158
41    20.4777   20.448    19.8727   20.8712
42    21.2558   21.3358   21.3358   20.5265
43    20.8122   20.4395   20.4676   19.8601
44    19.3913   19.4982   18.6642   18.7135
45    18.6642   19.4753   19.5089   19.3213
46    19.6474   19.5359   20.0427   18.9978
47    19.7318   20.6272   20.3269   19.988
48    21.3351   20.3584   20.7944   20.4636
49    20.2766   19.5514   19.4723   20.0381
50    20.0554   20.2854   20.4614   19.478
51    20.4649   19.7786   20.2644   20.6545
52    19.9427   19.5639   20.5568   20.1723
53    18.6642   18.6642   19.4422   18.6642
54    18.6642   19.499    19.0492   19.5014
55    20.5133   21.2854   20.7954   20.3048
56    19.1074   19.575    19.6835   20.0817
57    21.3115   21.3358   21.3358   20.5275
58    20.8444   20.2817   19.903    20.474
59    20.5081   20.5388   21.2455   21.324
60    21.3358   21.3065   20.533    21.3358
61    20.5426   20.2595   20.2577   21.1435
62    18.6642   18.6642   19.37     19.3627
63    20.2907   19.4595   19.3784   19.7636
64    18.6642   18.6642   19.4457   19.0575
65    18.8307   19.37     19.3622   19.8793
66    18.6642   19.4584   18.6642   18.6642
67    19.3035   19.5074   19.6639   18.7193
68    18.8028   18.6642   19.5171   19.3637
69    19.5036   18.6642   18.6642   19.0486
70    19.575    19.0646   19.4398   20.0333
71    18.6642   18.8421   18.6642   19.5103
72    20.4431   19.8022   19.5542   20.3207
73    21.1477   20.61     20.2612   20.3812
74    20.3643   19.6135   20.5821   20.3258
75    20.3048   19.7527   19.7695   20.5985
76    21.2256   20.7519   21.3358   20.4506
77    19.9022   19.0834   19.6135   19.8868
78    20.9204   20.8122   20.3204   21.3358
79    19.6481   19.9474   19.8631   20.6343
80    19.592    20.267    20.3658   19.7679
81    20.8981   20.1469   20.2608   20.833
82    19.4214   18.6676   19.093    19.6014
83    20.784    19.7836   20.6053   20.3048
84    18.9534   19.6106   19.8841   19.6004
85    20.4805   20.4209   20.9872   20.0244
86    19.1081   19.7082   19.557    18.733
87    21.3358   20.9709   20.5471   20.4061
88    19.9882   19.3141   20.3168   19.732
89    20.448    21.2603   21.3358   21.3358
90    20.2881   20.4831   20.2077   19.5365
91    19.5045   18.6642   18.8599   18.6642
92    19.7527   18.7383   19.5483   19.183
93    20.8532   20.7225   20.3336   21.3264
94    20.5885   20.7948   21.3358   21.3358
95    20.5919   19.6354   20.1119   20.2699
96    21.3358   20.5842   21.3358   21.3358
97    21.3358   20.5936   21.3358   21.3358
98    18.8306   19.3371   19.3538   19.8792
99    19.6086   19.9338   19.3839   20.3084
100   18.8599   19.9087   19.3062   19.4044
;

side = 2.6717
softness = 0.1

---------------------------- Solution coords data ----------------------------
distances [*,1,*]
:     1   2   3   4    :=
1     0   1   0   1
2     0   1   0   1
3     0   1   0   1
4     0   1   0   1
5     0   1   0   1
6     0   1   0   1
7     0   1   0   1
8     0   1   0   1
9     0   1   0   1
10    0   1   0   1
11    0   1   0   1
12    0   1   0   1
13    0   1   0   1
14    0   1   0   1
15    0   1   0   1
16    0   1   0   1
17    0   1   0   1
18    0   1   0   1
19    0   1   0   1
20    0   1   0   1
21    0   1   0   1
22    0   1   0   1
23    0   1   0   1
24    0   1   0   1
25    0   1   0   1
26    0   1   0   1
27    0   1   0   1
28    0   1   0   1
29    0   1   0   1
30    0   1   0   1
31    0   1   0   1
32    0   1   0   1
33    0   1   0   1
34    0   1   0   1
35    0   1   0   1
36    0   1   0   1
37    0   1   0   1
38    0   1   0   1
39    0   1   0   1
40    0   1   0   1
41    0   1   0   1
42    0   1   0   1
43    0   1   0   1
44    0   1   0   1
45    0   1   0   1
46    0   1   0   1
47    0   1   0   1
48    0   1   0   1
49    0   1   0   1
50    0   1   0   1
51    0   1   0   1
52    0   1   0   1
53    0   1   0   1
54    0   1   0   1
55    0   1   0   1
56    0   1   0   1
57    0   1   0   1
58    0   1   0   1
59    0   1   0   1
60    0   1   0   1
61    0   1   0   1
62    0   1   0   1
63    0   1   0   1
64    0   1   0   1
65    0   1   0   1
66    0   1   0   1
67    0   1   0   1
68    0   1   0   1
69    0   1   0   1
70    0   1   0   1
71    0   1   0   1
72    0   1   0   1
73    0   1   0   1
74    0   1   0   1
75    0   1   0   1
76    0   1   0   1
77    0   1   0   1
78    0   1   0   1
79    0   1   0   1
80    0   1   0   1
81    0   1   0   1
82    0   1   0   1
83    0   1   0   1
84    0   1   0   1
85    0   1   0   1
86    0   1   0   1
87    0   1   0   1
88    0   1   0   1
89    0   1   0   1
90    0   1   0   1
91    0   1   0   1
92    0   1   0   1
93    0   1   0   1
94    0   1   0   1
95    0   1   0   1
96    0   1   0   1
97    0   1   0   1
98    0   1   0   1
99    0   1   0   1
100   0   1   0   1

 [*,2,*]
:     1   2   3   4    :=
1     0   0   1   1
2     0   0   1   1
3     0   0   1   1
4     0   0   1   1
5     0   0   1   1
6     0   0   1   1
7     0   0   1   1
8     0   0   1   1
9     0   0   1   1
10    0   0   1   1
11    0   0   1   1
12    0   0   1   1
13    0   0   1   1
14    0   0   1   1
15    0   0   1   1
16    0   0   1   1
17    0   0   1   1
18    0   0   1   1
19    0   0   1   1
20    0   0   1   1
21    0   0   1   1
22    0   0   1   1
23    0   0   1   1
24    0   0   1   1
25    0   0   1   1
26    0   0   1   1
27    0   0   1   1
28    0   0   1   1
29    0   0   1   1
30    0   0   1   1
31    0   0   1   1
32    0   0   1   1
33    0   0   1   1
34    0   0   1   1
35    0   0   1   1
36    0   0   1   1
37    0   0   1   1
38    0   0   1   1
39    0   0   1   1
40    0   0   1   1
41    0   0   1   1
42    0   0   1   1
43    0   0   1   1
44    0   0   1   1
45    0   0   1   1
46    0   0   1   1
47    0   0   1   1
48    0   0   1   1
49    0   0   1   1
50    0   0   1   1
51    0   0   1   1
52    0   0   1   1
53    0   0   1   1
54    0   0   1   1
55    0   0   1   1
56    0   0   1   1
57    0   0   1   1
58    0   0   1   1
59    0   0   1   1
60    0   0   1   1
61    0   0   1   1
62    0   0   1   1
63    0   0   1   1
64    0   0   1   1
65    0   0   1   1
66    0   0   1   1
67    0   0   1   1
68    0   0   1   1
69    0   0   1   1
70    0   0   1   1
71    0   0   1   1
72    0   0   1   1
73    0   0   1   1
74    0   0   1   1
75    0   0   1   1
76    0   0   1   1
77    0   0   1   1
78    0   0   1   1
79    0   0   1   1
80    0   0   1   1
81    0   0   1   1
82    0   0   1   1
83    0   0   1   1
84    0   0   1   1
85    0   0   1   1
86    0   0   1   1
87    0   0   1   1
88    0   0   1   1
89    0   0   1   1
90    0   0   1   1
91    0   0   1   1
92    0   0   1   1
93    0   0   1   1
94    0   0   1   1
95    0   0   1   1
96    0   0   1   1
97    0   0   1   1
98    0   0   1   1
99    0   0   1   1
100   0   0   1   1

 [*,3,*]
:     1   2   3   4    :=
1     1   0   0   1
2     1   0   0   1
3     1   0   0   1
4     1   0   0   1
5     1   0   0   1
6     1   0   0   1
7     1   0   0   1
8     1   0   0   1
9     1   0   0   1
10    1   0   0   1
11    1   0   0   1
12    1   0   0   1
13    1   0   0   1
14    1   0   0   1
15    1   0   0   1
16    1   0   0   1
17    1   0   0   1
18    1   0   0   1
19    1   0   0   1
20    1   0   0   1
21    1   0   0   1
22    1   0   0   1
23    1   0   0   1
24    1   0   0   1
25    1   0   0   1
26    1   0   0   1
27    1   0   0   1
28    1   0   0   1
29    1   0   0   1
30    1   0   0   1
31    1   0   0   1
32    1   0   0   1
33    1   0   0   1
34    1   0   0   1
35    1   0   0   1
36    1   0   0   1
37    1   0   0   1
38    1   0   0   1
39    1   0   0   1
40    1   0   0   1
41    1   0   0   1
42    1   0   0   1
43    1   0   0   1
44    1   0   0   1
45    1   0   0   1
46    1   0   0   1
47    1   0   0   1
48    1   0   0   1
49    1   0   0   1
50    1   0   0   1
51    1   0   0   1
52    1   0   0   1
53    1   0   0   1
54    1   0   0   1
55    1   0   0   1
56    1   0   0   1
57    1   0   0   1
58    1   0   0   1
59    1   0   0   1
60    1   0   0   1
61    1   0   0   1
62    1   0   0   1
63    1   0   0   1
64    1   0   0   1
65    1   0   0   1
66    1   0   0   1
67    1   0   0   1
68    1   0   0   1
69    1   0   0   1
70    1   0   0   1
71    1   0   0   1
72    1   0   0   1
73    1   0   0   1
74    1   0   0   1
75    1   0   0   1
76    1   0   0   1
77    1   0   0   1
78    1   0   0   1
79    1   0   0   1
80    1   0   0   1
81    1   0   0   1
82    1   0   0   1
83    1   0   0   1
84    1   0   0   1
85    1   0   0   1
86    1   0   0   1
87    1   0   0   1
88    1   0   0   1
89    1   0   0   1
90    1   0   0   1
91    1   0   0   1
92    1   0   0   1
93    1   0   0   1
94    1   0   0   1
95    1   0   0   1
96    1   0   0   1
97    1   0   0   1
98    1   0   0   1
99    1   0   0   1
100   1   0   0   1

 [*,4,*]
:     1   2   3   4    :=
1     1   1   1   0
2     1   1   1   0
3     1   1   1   0
4     1   1   1   0
5     1   1   1   0
6     1   1   1   0
7     1   1   1   0
8     1   1   1   0
9     1   1   1   0
10    1   1   1   0
11    1   1   1   0
12    1   1   1   0
13    1   1   1   0
14    1   1   1   0
15    1   1   1   0
16    1   1   1   0
17    1   1   1   0
18    1   1   1   0
19    1   1   1   0
20    1   1   1   0
21    1   1   1   0
22    1   1   1   0
23    1   1   1   0
24    1   1   1   0
25    1   1   1   0
26    1   1   1   0
27    1   1   1   0
28    1   1   1   0
29    1   1   1   0
30    1   1   1   0
31    1   1   1   0
32    1   1   1   0
33    1   1   1   0
34    1   1   1   0
35    1   1   1   0
36    1   1   1   0
37    1   1   1   0
38    1   1   1   0
39    1   1   1   0
40    1   1   1   0
41    1   1   1   0
42    1   1   1   0
43    1   1   1   0
44    1   1   1   0
45    1   1   1   0
46    1   1   1   0
47    1   1   1   0
48    1   1   1   0
49    1   1   1   0
50    1   1   1   0
51    1   1   1   0
52    1   1   1   0
53    1   1   1   0
54    1   1   1   0
55    1   1   1   0
56    1   1   1   0
57    1   1   1   0
58    1   1   1   0
59    1   1   1   0
60    1   1   1   0
61    1   1   1   0
62    1   1   1   0
63    1   1   1   0
64    1   1   1   0
65    1   1   1   0
66    1   1   1   0
67    1   1   1   0
68    1   1   1   0
69    1   1   1   0
70    1   1   1   0
71    1   1   1   0
72    1   1   1   0
73    1   1   1   0
74    1   1   1   0
75    1   1   1   0
76    1   1   1   0
77    1   1   1   0
78    1   1   1   0
79    1   1   1   0
80    1   1   1   0
81    1   1   1   0
82    1   1   1   0
83    1   1   1   0
84    1   1   1   0
85    1   1   1   0
86    1   1   1   0
87    1   1   1   0
88    1   1   1   0
89    1   1   1   0
90    1   1   1   0
91    1   1   1   0
92    1   1   1   0
93    1   1   1   0
94    1   1   1   0
95    1   1   1   0
96    1   1   1   0
97    1   1   1   0
98    1   1   1   0
99    1   1   1   0
100   1   1   1   0
;

---------------------------- Solution stats data ----------------------------
_ampl_time = 0.174066
_total_solve_time = 65645.6
_ampl_elapsed_time = 0.170651
_ampl_user_time = 0.141063

Total time elapsed: $65645.61.
_total_solve_time = 65645.6

---------------------------- Solution miscs data ----------------------------
tetrahedron_volume [*] :=
  1 0.117851    21 0.117851    41 0.117851    61 0.117851    81 0.117851
  2 0.117851    22 0.117851    42 0.117851    62 0.117851    82 0.117851
  3 0.117851    23 0.117851    43 0.117851    63 0.117851    83 0.117851
  4 0.117851    24 0.117851    44 0.117851    64 0.117851    84 0.117851
  5 0.117851    25 0.117851    45 0.117851    65 0.117851    85 0.117851
  6 0.117851    26 0.117851    46 0.117851    66 0.117851    86 0.117851
  7 0.117851    27 0.117851    47 0.117851    67 0.117851    87 0.117851
  8 0.117851    28 0.117851    48 0.117851    68 0.117851    88 0.117851
  9 0.117851    29 0.117851    49 0.117851    69 0.117851    89 0.117851
 10 0.117851    30 0.117851    50 0.117851    70 0.117851    90 0.117851
 11 0.117851    31 0.117851    51 0.117851    71 0.117851    91 0.117851
 12 0.117851    32 0.117851    52 0.117851    72 0.117851    92 0.117851
 13 0.117851    33 0.117851    53 0.117851    73 0.117851    93 0.117851
 14 0.117851    34 0.117851    54 0.117851    74 0.117851    94 0.117851
 15 0.117851    35 0.117851    55 0.117851    75 0.117851    95 0.117851
 16 0.117851    36 0.117851    56 0.117851    76 0.117851    96 0.117851
 17 0.117851    37 0.117851    57 0.117851    77 0.117851    97 0.117851
 18 0.117851    38 0.117851    58 0.117851    78 0.117851    98 0.117851
 19 0.117851    39 0.117851    59 0.117851    79 0.117851    99 0.117851
 20 0.117851    40 0.117851    60 0.117851    80 0.117851   100 0.117851
;

---------------------------- Solution miscs data ----------------------------
tetrahedron_surface_area [*] :=
  1 0    11 0    21 0    31 0    41 0    51 0    61 0    71 0    81 0    91 0
  2 0    12 0    22 0    32 0    42 0    52 0    62 0    72 0    82 0    92 0
  3 0    13 0    23 0    33 0    43 0    53 0    63 0    73 0    83 0    93 0
  4 0    14 0    24 0    34 0    44 0    54 0    64 0    74 0    84 0    94 0
  5 0    15 0    25 0    35 0    45 0    55 0    65 0    75 0    85 0    95 0
  6 0    16 0    26 0    36 0    46 0    56 0    66 0    76 0    86 0    96 0
  7 0    17 0    27 0    37 0    47 0    57 0    67 0    77 0    87 0    97 0
  8 0    18 0    28 0    38 0    48 0    58 0    68 0    78 0    88 0    98 0
  9 0    19 0    29 0    39 0    49 0    59 0    69 0    79 0    89 0    99 0
 10 0    20 0    30 0    40 0    50 0    60 0    70 0    80 0    90 0   100 0
;

