Error at _cmdno 5 executing "solve" command
(file amplin, line 1971, offset 37608):
error processing param distances:
	3200 invalid subscripts discarded:
	distances[101,1,1]
	distances[101,1,2]
	distances[101,1,3]
	and 3197 more.
##### This license is only intended for use by NEOS. #####
##### License is valid until Jan 16, 2026 #####
iables.
Adjusted problem:
25951 variables:
	16050 nonlinear variables
	9901 linear variables
53200 constraints; 315150 nonzeros
	45850 nonlinear constraints
	7350 linear constraints
	5050 equality constraints
	48150 inequality constraints
1 linear objective; 1 nonzero.

Artelys Knitro 14.2.0: algorithm=1
ms_enable=1
ms_maxsolves=50
ms_terminate=1
ms_savetol=0.01
feastol=1e-5
opttol=1e-5
bar_initpt=3
bar_murule=6
bar_penaltyrule=2
linsolver=0
scale=3
honorbnds=1
outlev=3
maxtime_real=28800
numthreads=4
presolve=1
bar_refinement=1
debug=0

=======================================
           Academic License
       (NOT FOR COMMERCIAL USE)
         Artelys Knitro 14.2.0
=======================================

No start point provided -- Knitro computing one.

Knitro presolve eliminated 0 variables and 0 constraints.

algorithm                1
bar_initpt               3
bar_murule               6
bar_penaltyrule          2
bar_refinement           1
concurrent_evals         0
datacheck                0
feastol                  1e-05
findiff_numthreads       1
hessian_no_f             1
hessopt                  1
honorbnds                1
maxtime_real             28800
ms_enable                1
ms_maxsolves             50
ms_savetol               0.01
ms_terminate             1
numthreads               4
opttol                   1e-05
outlev                   3
scale                    3

Problem Characteristics                                 (   Presolved)
-----------------------
Objective goal:  Minimize
Objective type:  linear
Number of variables:                              25951 (       25951)
    bounded below only:                            1201 (        1201)
    bounded above only:                               0 (           0)
    bounded below and above:                          0 (           0)
    fixed:                                            0 (           0)
    free:                                         24750 (       24750)
Number of constraints:                            53200 (       53200)
    linear equalities:                                0 (           0)
    quadratic equalities:                          4950 (        4950)
    gen. nonlinear equalities:                      100 (         100)
    linear one-sided inequalities:                 7350 (        7350)
    quadratic one-sided inequalities:             40800 (       40800)
    gen. nonlinear one-sided inequalities:            0 (           0)
    linear two-sided inequalities:                    0 (           0)
    quadratic two-sided inequalities:                 0 (           0)
    gen. nonlinear two-sided inequalities:            0 (           0)
Number of nonzeros in Jacobian:                  315150 (      315150)
Number of nonzeros in Hessian:                   141450 (      141450)

Knitro parallel multistart will run with 4 threads.

Return codes description
------------------------
  0:  The final solution satisfies the termination conditions for verifying optimality.
  -100 to -199:  A feasible approximate solution was found.
  -200 to -299:  Knitro terminated at an infeasible point.
  -300 to -301:  The problem was determined to be unbounded.
  -400 to -499:  Knitro terminated because it reached a pre-defined limit.
    -400 to -409:  A feasible point was found.
    -410 to -419:  No feasible point was found.
  -500 to -599:  Knitro terminated with an input error or some non-standard error.
A more detailed description of individual return codes and their corresponding
termination messages is provided at
https://www.artelys.com/app/docs/knitro/3_referenceManual/returnCodes.html

 Solve #  ThreadID  Status     Objective      FeasError    OptError    Real Time 
--------  --------  ------  --------------   ----------   ----------  ----------
      0          0       0         2.45840  9.50526e-05  9.49522e-06      899.344
     15          1    -410         7817.83      350378.      7.19497      4913.11
     14          3    -410         5685.11  5.71005e+06      20.9156      5465.04
     13          2    -410         12573.7      165492.      18.5022      4779.10
      7          1    -410         6208.43      469596.      45.1081      6460.54
      5          3    -410         10486.0      15.1806      4.20037      6106.54
      9          3    -410         11939.1      214419.      3.68776      4833.48
     12          1    -410         11904.0      16.1634      1.00000      4132.27
      6          2    -410         5161.86      8.93913      1.99102      6195.16

MULTISTART: Best locally optimal solution is returned.
EXIT: Locally optimal solution found.

Final Statistics
----------------
Final objective value               =   2.45839950884304e+00
Final feasibility error (abs / rel) =   9.51e-05 / 5.24e-06
Final optimality error  (abs / rel) =   9.50e-06 / 9.50e-06
# of iterations                     =      81637 
# of CG iterations                  =          0 
# of function evaluations           =      82407
# of gradient evaluations           =      81758
# of Hessian evaluations            =      81664
Total program time (secs)           =   22623.92578 ( 84396.797 CPU time)

===============================================================================

Knitro 14.2.0: Locally optimal or satisfactory solution.
objective 2.458399509; feasibility error 9.51e-05
81637 iterations; 82407 function evaluations

suffix feaserror OUT;
suffix opterror OUT;
suffix numfcevals OUT;
suffix numiters OUT;
---------------------------- Container and geometric considerations  ----------------------------
Container type: cube
Structural conservation type: volume
---------------------------- Solution execution data ----------------------------
solve_result_num = 0
solve_result = solved

---------------------------- Solution data ----------------------------
card(figures) = 100

coords [*,*,1]
:        1         2         3         4       :=
1     20.8119   21.2292   21.2292   20.1297
2     18.7722   19.0538   19.9766   19.8485
3     19.9719   19.8819   19.3288   20.3309
4     18.7708   19.397    19.0533   18.7724
5     21.229    19.9146   20.0672   20.4406
6     19.8695   19.4583   19.4879   19.0685
7     21.2292   21.2292   21.2292   20.3814
8     21.2292   21.2292   21.2292   20.3792
9     20.0136   20.8415   20.2314   20.3724
10    18.7708   19.8964   19.1135   18.7708
11    18.772    19.4797   19.9323   19.4881
12    19.4879   19.0707   18.789    19.4809
13    20.1693   19.587    20.3778   20.0189
14    20.7406   19.9892   20.4147   19.7026
15    20.0992   21.2292   20.8608   20.0207
16    20.4821   19.7217   20.6858   20.3428
17    19.9664   19.064    19.7662   19.2577
18    19.6065   19.0679   18.8229   18.7708
19    18.7714   19.2441   19.4254   19.6432
20    21.2292   20.7566   21.2292   20.4163
21    20.3498   20.9096   20.2048   20.4991
22    18.7708   19.6431   18.7713   18.9819
23    19.7212   20.71     20.3396   19.761
24    19.6282   20.9291   20.0657   20.3189
25    20.6192   19.8651   20.1996   19.7941
26    20.6004   20.7549   20.3821   19.6856
27    20.6333   19.9815   19.5723   19.954
28    21.2279   21.2292   20.3637   21.2292
29    21.2292   21.2291   21.2288   20.373
30    19.6967   20.177    20.1451   20.5371
31    19.6431   18.7708   19.1562   19.506
32    19.2577   19.0637   19.9664   18.7708
33    21.229    20.811    20.0978   20.4163
34    20.3462   21.2185   20.4012   20.7343
35    19.6503   19.9322   18.7709   19.5602
36    19.892    18.8676   19.6418   18.7709
37    18.7709   18.7708   18.7708   19.8476
38    19.8449   18.7708   18.7708   18.7708
39    20.015    21.1661   20.7405   20.2267
40    18.7708   20.0204   19.6362   19.7252
41    19.8186   19.6874   20.0061   20.4742
42    19.3467   19.6929   19.0499   18.7708
43    20.7608   20.4822   20.4113   21.2291
44    21.2292   21.2292   21.2289   20.2688
45    19.7275   20.0398   19.5194   20.4755
46    19.972    19.0599   19.6911   19.5328
47    19.9514   19.8705   19.5148   20.2463
48    18.7708   18.8412   19.8921   18.7709
49    20.0293   20.2128   20.9559   20.0191
50    19.8164   18.7708   18.7709   18.7708
51    21.2292   21.2291   21.2292   20.3814
52    21.2291   20.8169   19.9741   20.2818
53    19.3946   20.3664   19.6146   19.6504
54    19.9338   18.7708   18.7709   19.0692
55    18.8548   18.7708   18.7708   19.7612
56    19.643    18.9819   18.7708   19.2693
57    21.2235   20.4157   20.0903   20.4181
58    18.7708   18.7713   18.7708   19.5421
59    19.5514   18.7708   18.7751   18.7708
60    19.9245   19.894    18.7708   19.3468
61    19.7788   20.3407   19.4324   19.5675
62    19.6503   20.1962   19.6185   20.3191
63    19.3964   20.4347   19.5086   20.3369
64    19.9853   20.8933   21.2292   20.4321
65    20.7928   21.1991   20.2913   21.2291
66    20.4992   20.9094   20.2072   21.1989
67    20.3289   19.6168   20.9176   20.2741
68    21.0578   20.4044   20.0208   20.3041
69    18.7708   19.4526   18.7708   18.7708
70    19.3804   18.7708   18.7708   18.7708
71    21.2291   21.0549   21.2292   20.2695
72    19.2359   19.6943   19.4949   20.04
73    19.8681   19.9718   19.4608   19.488
74    20.2892   20.3777   21.2292   20.7278
75    19.7309   19.9768   19.8171   19.0047
76    19.6452   20.7092   19.9552   19.9446
77    21.2292   21.2292   21.2292   20.1671
78    19.6503   19.3944   19.5164   18.7708
79    21.2292   21.2292   21.0458   20.126
80    19.3418   20.3619   20.1248   20.0993
81    19.8971   19.1141   18.7708   19.9532
82    20.0191   19.4254   19.2713   19.7074
83    19.9459   19.1328   18.7995   19.4807
84    19.3952   20.3372   20.4989   19.9722
85    21.221    20.3692   21.2291   20.5157
86    21.2292   21.2292   20.3894   21.2292
87    19.8688   18.7708   19.3468   18.7708
88    20.8046   21.2292   19.9966   21.2291
89    20.3107   21.2292   21.2292   21.2292
90    20.7344   21.2282   20.4127   21.2291
91    21.2292   21.2292   20.208    21.0614
92    19.5104   19.6601   20.0116   20.3321
93    20.0565   19.8719   21.1295   20.4175
94    18.7709   19.9764   18.9738   19.7613
95    21.215    20.6328   21.2291   20.0737
96    21.2292   21.2292   21.2292   20.3717
97    19.6517   20.7064   19.9265   20.4741
98    20.9559   20.0189   21.2292   20.207
99    21.1661   19.9232   21.2291   20.4163
100   20.0207   20.4044   21.0555   21.0577

 [*,*,2]
:        1         2         3         4       :=
1     21.2292   21.2291   20.8061   20.674
2     21.2286   20.3866   21.2278   20.4595
3     20.4219   20.5673   19.4427   20.1667
4     19.5741   19.6979   19.006    18.7708
5     21.2291   21.2292   20.7016   20.1888
6     19.6632   19.8612   18.7708   19.0445
7     20.1944   21.0139   19.7851   20.0882
8     21.0827   19.7857   20.8514   20.1208
9     21.2273   20.5485   20.5725   20.1453
10    19.3999   19.3698   18.9942   18.7708
11    18.7709   19.7558   18.7708   18.7708
12    18.7708   19.0332   18.7709   19.7876
13    20.7478   20.865    19.9559   21.2292
14    21.0068   20.3437   19.9606   20.1869
15    20.6587   21.2292   21.2292   21.2292
16    18.7708   18.7708   19.5246   18.7708
17    19.3683   19.1019   20.1096   20.0241
18    20.0048   19.5792   20.6765   19.5024
19    21.2292   20.1425   21.2292   21.2292
20    18.7708   19.6901   19.5605   18.895
21    20.1037   20.5433   20.5714   19.5253
22    21.2292   21.2292   21.2292   20.3343
23    18.7708   19.5374   18.7708   19.1422
24    19.722    19.4822   18.9866   19.4911
25    19.2626   20.0462   20.1051   19.2749
26    19.2843   19.8524   20.0071   20.2318
27    19.2627   20.0933   19.2781   18.7708
28    20.4331   20.8322   20.1368   19.6351
29    19.5936   19.4318   20.7546   20.0794
30    19.0134   20.1502   19.4586   19.4275
31    21.0892   20.9235   19.8592   20.0435
32    20.024    19.1019   19.3683   19.3999
33    20.8051   21.2275   20.6478   19.9649
34    20.1468   20.4206   19.4288   19.842
35    18.7708   18.7708   18.7709   19.6474
36    20.5271   20.4093   21.2292   21.2292
37    21.2287   19.9121   20.7618   20.4603
38    20.324    20.4359   19.5922   20.4202
39    21.2263   21.1876   20.6315   20.5839
40    18.7708   18.7708   19.3096   18.7708
41    20.2472   21.2292   21.2292   21.2292
42    19.6874   20.1546   19.0141   19.5421
43    19.6927   18.7708   18.9085   18.7708
44    19.624    18.7708   19.6681   19.3792
45    18.7708   18.7709   19.8377   19.2072
46    20.4221   19.6156   20.2118   20.8105
47    18.936    19.6626   19.8352   20.2149
48    20.4359   20.4147   20.5269   21.2291
49    21.2292   20.5686   21.2292   21.2292
50    20.434    20.3142   19.6767   20.7686
51    20.1944   20.7667   21.0139   20.0882
52    18.7708   19.9108   19.1583   18.7708
53    19.9113   19.5716   19.5123   18.7711
54    21.2292   21.2292   21.2292   20.3411
55    20.4064   21.2292   21.2292   21.2292
56    21.2292   20.3343   21.2291   20.0059
57    20.8025   19.9637   20.664    20.1848
58    19.575    18.7709   19.4401   19.84
59    19.6407   19.5805   18.7708   19.6023
60    20.4348   20.4973   20.4358   19.625
61    20.2704   20.2975   19.8029   19.3766
62    18.7708   18.7708   19.7251   19.4907
63    19.9114   19.5479   19.5489   20.1443
64    19.9984   19.6071   20.4201   20.6929
65    20.6313   20.3256   20.6323   21.229
66    19.5255   20.5433   20.5632   20.3255
67    19.4895   19.7227   19.4886   20.2437
68    19.5827   18.7709   18.7708   19.4555
69    20.3142   20.488    19.6435   19.5024
70    19.7941   19.5452   20.8082   20.6202
71    19.6682   18.7708   18.7708   19.3786
72    19.7163   20.6922   20.9093   20.4675
73    19.6614   18.7709   19.861    18.7709
74    19.1791   20.0721   19.5141   19.7465
75    21.2286   21.2291   20.244    20.4625
76    21.2292   20.9821   20.3179   20.3781
77    18.7708   18.7708   19.6678   18.8852
78    18.771    19.9112   19.5452   18.7709
79    18.7708   19.609    19.7672   19.1299
80    19.8221   20.1816   20.4967   20.9046
81    19.3701   18.9944   18.7708   18.7708
82    21.2292   21.2292   20.3036   21.2292
83    20.2871   19.6335   19.6822   20.5222
84    19.9119   20.1436   19.5255   20.4221
85    20.7595   20.0756   19.4367   20.0623
86    19.6776   20.4342   19.4129   19.624
87    20.4347   20.4357   19.625    19.697
88    19.9445   18.7708   19.1514   19.4856
89    20.0684   20.4653   19.5346   19.8382
90    19.8421   20.4322   19.443    19.6529
91    20.3184   21.2292   20.5631   21.2292
92    20.899    20.698    21.2292   20.1658
93    19.0021   20.0387   19.6289   19.665
94    21.2292   21.2291   20.438    21.2292
95    20.8045   20.4513   21.2291   20.6714
96    18.7708   18.7708   19.5605   18.7708
97    21.2292   20.9828   20.3335   21.2292
98    21.2292   21.2292   21.2292   20.5646
99    21.1876   21.2292   21.2292   20.2077
100   18.7708   18.7708   18.7708   19.5825

 [*,*,3]
:        1         2         3         4       :=
1     21.2291   20.0619   21.0475   20.4252
2     20.3609   19.7361   20.1566   20.3491
3     18.771    19.805    19.3853   19.63
4     20.0856   19.2059   20.2796   19.0347
5     20.0616   19.9545   20.4076   19.8466
6     20.7298   19.4882   19.9958   20.2995
7     20.5706   20.0562   19.8098   20.4735
8     20.0699   19.8097   19.3821   19.8282
9     19.9234   19.6756   18.7949   19.8503
10    21.2292   21.2282   20.2303   21.2292
11    18.9865   19.515    19.6194   19.9959
12    19.9957   20.2801   19.0145   19.5017
13    19.8097   18.7708   18.7708   18.7708
14    21.2291   20.3656   21.2292   21.2292
15    20.4353   20.0617   21.0891   20.0672
16    21.2292   21.0259   20.9899   19.9583
17    21.2292   20.3007   20.7919   21.2292
18    19.5983   18.7708   18.7709   19.3774
19    18.7709   19.3584   18.7708   19.7658
20    21.2292   21.1974   20.7322   20.1964
21    19.755    19.5079   18.7708   18.7708
22    19.6766   19.7657   18.7708   19.0508
23    21.0267   20.9758   19.9637   20.2655
24    19.6369   19.6438   19.3934   18.7715
25    21.2127   21.1128   20.2905   20.5985
26    21.2059   21.2292   20.1197   21.0911
27    21.2234   21.2292   20.4335   21.2292
28    18.8676   19.3898   19.8243   19.8699
29    20.6047   21.2292   21.2291   20.4797
30    20.7176   20.2411   19.7872   21.0322
31    18.7708   18.8104   18.7708   19.4699
32    21.2291   20.3007   21.2292   21.2292
33    21.0467   21.2292   20.3875   21.2292
34    19.8171   18.8896   18.7882   19.944
35    18.7709   19.6193   18.9858   19.5432
36    21.2292   20.4328   20.9706   21.2292
37    20.3609   20.4883   19.9073   20.3494
38    20.4651   21.2292   20.7097   20.4392
39    19.9229   19.5203   19.7059   18.8129
40    20.1012   19.918    20.451    21.0116
41    20.3984   21.2026   20.0509   20.6188
42    19.2772   20.4652   20.2762   20.116
43    21.2051   21.2292   20.1987   21.2292
44    18.7708   18.7708   19.6339   18.7709
45    18.9257   19.9831   19.6617   19.9256
46    18.7708   18.7708   19.7689   18.7708
47    19.9288   20.7325   19.6592   20.0939
48    21.2292   20.4341   21.2292   21.2292
49    19.9232   18.792    19.65     18.7711
50    20.3605   19.5939   20.6492   19.9026
51    20.5706   21.2292   20.0563   20.4736
52    20.1847   20.1574   20.3378   19.7663
53    18.7708   18.7708   19.4633   18.7708
54    20.1647   19.6766   20.3613   19.7024
55    20.4338   21.2291   20.3613   20.9352
56    19.7657   19.0508   19.6766   19.7486
57    21.0359   21.2292   20.3675   20.1876
58    20.0868   19.0365   18.7708   19.1499
59    20.4438   20.1131   20.2006   21.2291
60    21.2292   20.5401   21.2292   20.3572
61    20.7594   20.2308   19.5713   20.7822
62    18.7708   19.3186   19.6487   18.7708
63    18.7709   18.7708   19.4644   19.6715
64    19.7811   20.0129   19.937    20.5586
65    19.8055   18.7708   18.8488   19.5661
66    18.7708   19.5077   18.7708   18.7708
67    18.7708   19.6248   19.6792   19.8562
68    19.6244   18.8096   19.7481   18.8197
69    19.5939   19.9366   20.6928   19.3775
70    19.5792   19.3543   19.7478   18.7708
71    19.6341   19.4858   18.7708   18.7708
72    19.6917   19.1688   19.8992   20.4258
73    20.7262   19.7535   19.4953   19.996
74    20.441    20.063    20.6671   21.2292
75    21.045    20.1565   20.4029   20.4919
76    21.2286   21.2292   20.3789   21.2292
77    20.1847   19.4425   19.6341   19.7311
78    18.7708   18.7708   19.4663   18.984
79    20.1847   19.6702   20.2717   19.5663
80    19.7645   19.6267   20.5902   19.829
81    21.2292   20.2313   21.2292   21.2292
82    18.773    18.7708   19.273    20.0585
83    20.4022   19.5888   20.6664   19.9046
84    18.7709   19.6704   18.7708   18.7708
85    21.2225   20.4764   21.2292   21.2292
86    19.8164   18.8674   18.8291   18.7708
87    21.2292   21.2292   20.3574   21.2292
88    20.1567   20.1848   20.3351   20.6803
89    20.4453   21.0737   20.573    19.909
90    19.944    18.8685   18.828    19.8473
91    18.7708   18.7708   18.7708   19.5311
92    19.9499   18.7708   19.9136   19.6296
93    19.3988   19.774    19.7562   20.2673
94    20.3613   20.1575   20.5018   20.9352
95    21.0391   19.905    20.0616   20.3839
96    21.2291   20.1849   20.7322   20.2218
97    21.2292   21.2292   20.3806   20.6189
98    19.65     18.7708   18.7708   18.7855
99    19.5204   19.9552   20.0616   19.8473
100   19.7486   18.8096   19.4864   19.6244
;

side = 2.4584
softness = 0.75

---------------------------- Solution coords data ----------------------------
distances [*,1,*]
:     1   2   3   4    :=
1     0   1   0   1
2     0   1   0   1
3     0   1   0   1
4     0   1   0   1
5     0   1   0   1
6     0   1   0   1
7     0   1   0   1
8     0   1   0   1
9     0   1   0   1
10    0   1   0   1
11    0   1   0   1
12    0   1   0   1
13    0   1   0   1
14    0   1   0   1
15    0   1   0   1
16    0   1   0   1
17    0   1   0   1
18    0   1   0   1
19    0   1   0   1
20    0   1   0   1
21    0   1   0   1
22    0   1   0   1
23    0   1   0   1
24    0   1   0   1
25    0   1   0   1
26    0   1   0   1
27    0   1   0   1
28    0   1   0   1
29    0   1   0   1
30    0   1   0   1
31    0   1   0   1
32    0   1   0   1
33    0   1   0   1
34    0   1   0   1
35    0   1   0   1
36    0   1   0   1
37    0   1   0   1
38    0   1   0   1
39    0   1   0   1
40    0   1   0   1
41    0   1   0   1
42    0   1   0   1
43    0   1   0   1
44    0   1   0   1
45    0   1   0   1
46    0   1   0   1
47    0   1   0   1
48    0   1   0   1
49    0   1   0   1
50    0   1   0   1
51    0   1   0   1
52    0   1   0   1
53    0   1   0   1
54    0   1   0   1
55    0   1   0   1
56    0   1   0   1
57    0   1   0   1
58    0   1   0   1
59    0   1   0   1
60    0   1   0   1
61    0   1   0   1
62    0   1   0   1
63    0   1   0   1
64    0   1   0   1
65    0   1   0   1
66    0   1   0   1
67    0   1   0   1
68    0   1   0   1
69    0   1   0   1
70    0   1   0   1
71    0   1   0   1
72    0   1   0   1
73    0   1   0   1
74    0   1   0   1
75    0   1   0   1
76    0   1   0   1
77    0   1   0   1
78    0   1   0   1
79    0   1   0   1
80    0   1   0   1
81    0   1   0   1
82    0   1   0   1
83    0   1   0   1
84    0   1   0   1
85    0   1   0   1
86    0   1   0   1
87    0   1   0   1
88    0   1   0   1
89    0   1   0   1
90    0   1   0   1
91    0   1   0   1
92    0   1   0   1
93    0   1   0   1
94    0   1   0   1
95    0   1   0   1
96    0   1   0   1
97    0   1   0   1
98    0   1   0   1
99    0   1   0   1
100   0   1   0   1

 [*,2,*]
:     1   2   3   4    :=
1     0   0   1   1
2     0   0   1   1
3     0   0   1   1
4     0   0   1   1
5     0   0   1   1
6     0   0   1   1
7     0   0   1   1
8     0   0   1   1
9     0   0   1   1
10    0   0   1   1
11    0   0   1   1
12    0   0   1   1
13    0   0   1   1
14    0   0   1   1
15    0   0   1   1
16    0   0   1   1
17    0   0   1   1
18    0   0   1   1
19    0   0   1   1
20    0   0   1   1
21    0   0   1   1
22    0   0   1   1
23    0   0   1   1
24    0   0   1   1
25    0   0   1   1
26    0   0   1   1
27    0   0   1   1
28    0   0   1   1
29    0   0   1   1
30    0   0   1   1
31    0   0   1   1
32    0   0   1   1
33    0   0   1   1
34    0   0   1   1
35    0   0   1   1
36    0   0   1   1
37    0   0   1   1
38    0   0   1   1
39    0   0   1   1
40    0   0   1   1
41    0   0   1   1
42    0   0   1   1
43    0   0   1   1
44    0   0   1   1
45    0   0   1   1
46    0   0   1   1
47    0   0   1   1
48    0   0   1   1
49    0   0   1   1
50    0   0   1   1
51    0   0   1   1
52    0   0   1   1
53    0   0   1   1
54    0   0   1   1
55    0   0   1   1
56    0   0   1   1
57    0   0   1   1
58    0   0   1   1
59    0   0   1   1
60    0   0   1   1
61    0   0   1   1
62    0   0   1   1
63    0   0   1   1
64    0   0   1   1
65    0   0   1   1
66    0   0   1   1
67    0   0   1   1
68    0   0   1   1
69    0   0   1   1
70    0   0   1   1
71    0   0   1   1
72    0   0   1   1
73    0   0   1   1
74    0   0   1   1
75    0   0   1   1
76    0   0   1   1
77    0   0   1   1
78    0   0   1   1
79    0   0   1   1
80    0   0   1   1
81    0   0   1   1
82    0   0   1   1
83    0   0   1   1
84    0   0   1   1
85    0   0   1   1
86    0   0   1   1
87    0   0   1   1
88    0   0   1   1
89    0   0   1   1
90    0   0   1   1
91    0   0   1   1
92    0   0   1   1
93    0   0   1   1
94    0   0   1   1
95    0   0   1   1
96    0   0   1   1
97    0   0   1   1
98    0   0   1   1
99    0   0   1   1
100   0   0   1   1

 [*,3,*]
:     1   2   3   4    :=
1     1   0   0   1
2     1   0   0   1
3     1   0   0   1
4     1   0   0   1
5     1   0   0   1
6     1   0   0   1
7     1   0   0   1
8     1   0   0   1
9     1   0   0   1
10    1   0   0   1
11    1   0   0   1
12    1   0   0   1
13    1   0   0   1
14    1   0   0   1
15    1   0   0   1
16    1   0   0   1
17    1   0   0   1
18    1   0   0   1
19    1   0   0   1
20    1   0   0   1
21    1   0   0   1
22    1   0   0   1
23    1   0   0   1
24    1   0   0   1
25    1   0   0   1
26    1   0   0   1
27    1   0   0   1
28    1   0   0   1
29    1   0   0   1
30    1   0   0   1
31    1   0   0   1
32    1   0   0   1
33    1   0   0   1
34    1   0   0   1
35    1   0   0   1
36    1   0   0   1
37    1   0   0   1
38    1   0   0   1
39    1   0   0   1
40    1   0   0   1
41    1   0   0   1
42    1   0   0   1
43    1   0   0   1
44    1   0   0   1
45    1   0   0   1
46    1   0   0   1
47    1   0   0   1
48    1   0   0   1
49    1   0   0   1
50    1   0   0   1
51    1   0   0   1
52    1   0   0   1
53    1   0   0   1
54    1   0   0   1
55    1   0   0   1
56    1   0   0   1
57    1   0   0   1
58    1   0   0   1
59    1   0   0   1
60    1   0   0   1
61    1   0   0   1
62    1   0   0   1
63    1   0   0   1
64    1   0   0   1
65    1   0   0   1
66    1   0   0   1
67    1   0   0   1
68    1   0   0   1
69    1   0   0   1
70    1   0   0   1
71    1   0   0   1
72    1   0   0   1
73    1   0   0   1
74    1   0   0   1
75    1   0   0   1
76    1   0   0   1
77    1   0   0   1
78    1   0   0   1
79    1   0   0   1
80    1   0   0   1
81    1   0   0   1
82    1   0   0   1
83    1   0   0   1
84    1   0   0   1
85    1   0   0   1
86    1   0   0   1
87    1   0   0   1
88    1   0   0   1
89    1   0   0   1
90    1   0   0   1
91    1   0   0   1
92    1   0   0   1
93    1   0   0   1
94    1   0   0   1
95    1   0   0   1
96    1   0   0   1
97    1   0   0   1
98    1   0   0   1
99    1   0   0   1
100   1   0   0   1

 [*,4,*]
:     1   2   3   4    :=
1     1   1   1   0
2     1   1   1   0
3     1   1   1   0
4     1   1   1   0
5     1   1   1   0
6     1   1   1   0
7     1   1   1   0
8     1   1   1   0
9     1   1   1   0
10    1   1   1   0
11    1   1   1   0
12    1   1   1   0
13    1   1   1   0
14    1   1   1   0
15    1   1   1   0
16    1   1   1   0
17    1   1   1   0
18    1   1   1   0
19    1   1   1   0
20    1   1   1   0
21    1   1   1   0
22    1   1   1   0
23    1   1   1   0
24    1   1   1   0
25    1   1   1   0
26    1   1   1   0
27    1   1   1   0
28    1   1   1   0
29    1   1   1   0
30    1   1   1   0
31    1   1   1   0
32    1   1   1   0
33    1   1   1   0
34    1   1   1   0
35    1   1   1   0
36    1   1   1   0
37    1   1   1   0
38    1   1   1   0
39    1   1   1   0
40    1   1   1   0
41    1   1   1   0
42    1   1   1   0
43    1   1   1   0
44    1   1   1   0
45    1   1   1   0
46    1   1   1   0
47    1   1   1   0
48    1   1   1   0
49    1   1   1   0
50    1   1   1   0
51    1   1   1   0
52    1   1   1   0
53    1   1   1   0
54    1   1   1   0
55    1   1   1   0
56    1   1   1   0
57    1   1   1   0
58    1   1   1   0
59    1   1   1   0
60    1   1   1   0
61    1   1   1   0
62    1   1   1   0
63    1   1   1   0
64    1   1   1   0
65    1   1   1   0
66    1   1   1   0
67    1   1   1   0
68    1   1   1   0
69    1   1   1   0
70    1   1   1   0
71    1   1   1   0
72    1   1   1   0
73    1   1   1   0
74    1   1   1   0
75    1   1   1   0
76    1   1   1   0
77    1   1   1   0
78    1   1   1   0
79    1   1   1   0
80    1   1   1   0
81    1   1   1   0
82    1   1   1   0
83    1   1   1   0
84    1   1   1   0
85    1   1   1   0
86    1   1   1   0
87    1   1   1   0
88    1   1   1   0
89    1   1   1   0
90    1   1   1   0
91    1   1   1   0
92    1   1   1   0
93    1   1   1   0
94    1   1   1   0
95    1   1   1   0
96    1   1   1   0
97    1   1   1   0
98    1   1   1   0
99    1   1   1   0
100   1   1   1   0
;

---------------------------- Solution stats data ----------------------------
_ampl_time = 0.276175
_total_solve_time = 84397.7
_ampl_elapsed_time = 0.271678
_ampl_user_time = 0.228323

Total time elapsed: $84397.65.
_total_solve_time = 84397.7

---------------------------- Solution miscs data ----------------------------
tetrahedron_volume [*] :=
  1 0.117851    21 0.117851    41 0.117851    61 0.117851    81 0.117851
  2 0.117851    22 0.117851    42 0.117851    62 0.117851    82 0.117851
  3 0.117851    23 0.117851    43 0.117851    63 0.117851    83 0.117851
  4 0.117851    24 0.117851    44 0.117851    64 0.117851    84 0.117851
  5 0.117851    25 0.117851    45 0.117851    65 0.117851    85 0.117851
  6 0.117851    26 0.117851    46 0.117851    66 0.117851    86 0.117851
  7 0.117851    27 0.117851    47 0.117851    67 0.117851    87 0.117851
  8 0.117851    28 0.117851    48 0.117851    68 0.117851    88 0.117851
  9 0.117851    29 0.117851    49 0.117851    69 0.117851    89 0.117851
 10 0.117851    30 0.117851    50 0.117851    70 0.117851    90 0.117851
 11 0.117851    31 0.117851    51 0.117851    71 0.117851    91 0.117851
 12 0.117851    32 0.117851    52 0.117851    72 0.117851    92 0.117851
 13 0.117851    33 0.117851    53 0.117851    73 0.117851    93 0.117851
 14 0.117851    34 0.117851    54 0.117851    74 0.117851    94 0.117851
 15 0.117851    35 0.117851    55 0.117851    75 0.117851    95 0.117851
 16 0.117851    36 0.117851    56 0.117851    76 0.117851    96 0.117851
 17 0.117851    37 0.117851    57 0.117851    77 0.117851    97 0.117851
 18 0.117851    38 0.117851    58 0.117851    78 0.117851    98 0.117851
 19 0.117851    39 0.117851    59 0.117851    79 0.117851    99 0.117851
 20 0.117851    40 0.117851    60 0.117851    80 0.117851   100 0.117851
;

---------------------------- Solution miscs data ----------------------------
tetrahedron_surface_area [*] :=
  1 0    11 0    21 0    31 0    41 0    51 0    61 0    71 0    81 0    91 0
  2 0    12 0    22 0    32 0    42 0    52 0    62 0    72 0    82 0    92 0
  3 0    13 0    23 0    33 0    43 0    53 0    63 0    73 0    83 0    93 0
  4 0    14 0    24 0    34 0    44 0    54 0    64 0    74 0    84 0    94 0
  5 0    15 0    25 0    35 0    45 0    55 0    65 0    75 0    85 0    95 0
  6 0    16 0    26 0    36 0    46 0    56 0    66 0    76 0    86 0    96 0
  7 0    17 0    27 0    37 0    47 0    57 0    67 0    77 0    87 0    97 0
  8 0    18 0    28 0    38 0    48 0    58 0    68 0    78 0    88 0    98 0
  9 0    19 0    29 0    39 0    49 0    59 0    69 0    79 0    89 0    99 0
 10 0    20 0    30 0    40 0    50 0    60 0    70 0    80 0    90 0   100 0
;

