Error at _cmdno 5 executing "solve" command
(file amplin, line 1977, offset 37909):
error processing param distances:
	4000 invalid subscripts discarded:
	distances[51,1,1]
	distances[51,1,2]
	distances[51,1,3]
	and 3997 more.
##### This license is only intended for use by NEOS. #####
##### License is valid until Jan 16, 2026 #####
riables.
Adjusted problem:
6726 variables:
	4275 nonlinear variables
	2451 linear variables
14100 constraints; 81325 nonzeros
	11675 nonlinear constraints
	2425 linear constraints
	1275 equality constraints
	12825 inequality constraints
1 linear objective; 1 nonzero.

Artelys Knitro 14.2.0: threads=4
algorithm=1
ms_enable=1
ms_maxsolves=10
feastol=1e-5
opttol=1e-5
honorbnds=1
bar_initpt=3
bar_murule=4
scale=1
outlev=2
maxtime_real=1200
WARNING:  Option 'threads' is deprecated, please use 'numthreads'.

=======================================
           Academic License
       (NOT FOR COMMERCIAL USE)
         Artelys Knitro 14.2.0
=======================================

No start point provided -- Knitro computing one.

Knitro presolve eliminated 0 variables and 0 constraints.

algorithm                1
bar_initpt               3
bar_murule               4
concurrent_evals         0
datacheck                0
feastol                  1e-05
findiff_numthreads       1
hessian_no_f             1
hessopt                  1
honorbnds                1
maxtime_real             1200
ms_enable                1
ms_maxsolves             10
numthreads               4
opttol                   1e-05

Problem Characteristics                                 (   Presolved)
-----------------------
Objective goal:  Minimize
Objective type:  linear
Number of variables:                               6726 (        6726)
    bounded below only:                             601 (         601)
    bounded above only:                               0 (           0)
    bounded below and above:                          0 (           0)
    fixed:                                            0 (           0)
    free:                                          6125 (        6125)
Number of constraints:                            14100 (       14100)
    linear equalities:                                0 (           0)
    quadratic equalities:                          1225 (        1225)
    gen. nonlinear equalities:                       50 (          50)
    linear one-sided inequalities:                 2425 (        2425)
    quadratic one-sided inequalities:             10400 (       10400)
    gen. nonlinear one-sided inequalities:            0 (           0)
    linear two-sided inequalities:                    0 (           0)
    quadratic two-sided inequalities:                 0 (           0)
    gen. nonlinear two-sided inequalities:            0 (           0)
Number of nonzeros in Jacobian:                   81325 (       81325)
Number of nonzeros in Hessian:                    36975 (       36975)

Knitro parallel multistart will run with 4 threads.

Return codes description
------------------------
  0:  The final solution satisfies the termination conditions for verifying optimality.
  -100 to -199:  A feasible approximate solution was found.
  -200 to -299:  Knitro terminated at an infeasible point.
  -300 to -301:  The problem was determined to be unbounded.
  -400 to -499:  Knitro terminated because it reached a pre-defined limit.
    -400 to -409:  A feasible point was found.
    -410 to -419:  No feasible point was found.
  -500 to -599:  Knitro terminated with an input error or some non-standard error.
A more detailed description of individual return codes and their corresponding
termination messages is provided at
https://www.artelys.com/app/docs/knitro/3_referenceManual/returnCodes.html

 Solve #  ThreadID  Status     Objective      FeasError    OptError    Real Time 
--------  --------  ------  --------------   ----------   ----------  ----------
      0          0       0         2.22468  1.43740e-04  4.61782e-06      939.252
      1          3    -202         11484.9      6.59967     0.999967      1576.75
      2          2    -410         402.087  2.26394e-02     0.277060      3284.86
      8          0    -410         413.519  2.86944e-03  1.81817e-02      2455.74
      7          1    -410         2514.70  6.41150e-02  2.17572e-02      3042.58
      6          2    -410         7503.28      11.9208      6.18908      3381.69
      9          3    -410         2932.68     0.173499     0.136528      2363.51
      4          0    -410         23932.5      1.95214     0.111735      3919.93
      5          3    -410         2848.33  1.94389e-02     0.728540      3781.72
      3          1    -410         10544.8  8.04788e-03      19.0833      3546.86

MULTISTART: Best locally optimal solution is returned.
EXIT: Locally optimal solution found.

Final Statistics
----------------
Final objective value               =   2.22467864083924e+00
Final feasibility error (abs / rel) =   1.44e-04 / 7.86e-06
Final optimality error  (abs / rel) =   4.62e-06 / 4.62e-06
# of iterations                     =      87767 
# of CG iterations                  =          0 
# of function evaluations           =     134270
# of gradient evaluations           =      87997
# of Hessian evaluations            =      87852
Total program time (secs)           =    7723.77246 ( 19008.525 CPU time)

===============================================================================

Knitro 14.2.0: Locally optimal or satisfactory solution.
objective 2.224678641; feasibility error 0.000144
87767 iterations; 134270 function evaluations

suffix feaserror OUT;
suffix opterror OUT;
suffix numfcevals OUT;
suffix numiters OUT;
---------------------------- Container and geometric considerations  ----------------------------
Container type: cube
Structural conservation type: volume & surface
---------------------------- Solution execution data ----------------------------
solve_result_num = 0
solve_result = solved

---------------------------- Solution data ----------------------------
card(figures) = 50

coords [*,*,1]
:       1         2         3         4       :=
1    20.2903   19.7639   19.5368   20.3624
2    20.9031   21.1123   21.1123   20.2551
3    18.8877   18.8877   19.7181   18.8877
4    19.7195   18.8877   18.8877   19.3082
5    20.6779   20.3711   19.7138   20.2996
6    19.6475   20.6722   20.1111   20.1824
7    20.4617   20.9658   20.1383   20.0817
8    21.1123   20.3084   21.1123   21.1123
9    20.7473   21.1123   21.0736   20.194
10   19.716    18.8877   18.8877   18.8877
11   20.423    20.0343   20.1228   19.4294
12   18.9852   19.726    19.2952   19.8698
13   19.2268   19.6382   19.4393   20.1617
14   20.1582   20.277    20.666    21.0574
15   18.8877   18.9757   19.7053   18.8877
16   20.2795   21.1123   20.8839   21.1123
17   19.8034   18.8877   19.5123   19.0308
18   20.218    20.1761   20.5245   21.0719
19   20.9772   19.971    20.4659   20.6819
20   20.3866   20.5569   20.0526   19.62
21   19.8718   20.1882   19.2452   19.709
22   18.8877   19.6444   19.0421   19.6781
23   21.1123   20.3728   20.4891   21.1123
24   20.4982   19.5235   19.9595   20.0145
25   21.1123   20.2584   20.6874   21.1123
26   19.6622   19.7786   19.1422   18.9221
27   19.1086   18.8877   18.8877   19.749
28   19.7554   18.8877   19.5426   19.7313
29   19.8056   20.3261   20.8099   20.4083
30   21.1123   20.7054   20.3002   21.1123
31   19.7934   19.5605   18.9221   19.7083
32   19.8737   20.2773   19.2803   19.679
33   20.726    20.1696   19.8229   20.5329
34   18.8877   18.8898   19.7761   19.1872
35   19.6318   18.9297   19.6602   18.8877
36   19.6963   18.8954   18.8877   19.4859
37   19.0188   19.5312   19.5503   20.0435
38   20.2272   19.7739   20.5072   19.6578
39   20.5393   19.7903   19.7888   19.6638
40   18.8877   19.697    18.8877   18.9075
41   20.3241   20.7964   19.8264   20.1785
42   19.8252   19.7193   20.6301   20.0026
43   21.1123   21.1123   20.2422   20.8759
44   19.5162   18.9026   19.9024   19.5428
45   19.574    20.1178   19.5274   20.3094
46   20.1597   21.1123   20.48     20.5786
47   21.1022   20.1003   20.4892   20.4077
48   19.7248   19.7338   20.5362   19.7542
49   20.2823   21.1123   21.1123   21.1123
50   19.4253   18.8877   19.7708   19.7214

 [*,*,2]
:       1         2         3         4       :=
1    20.5273   20.3059   21.1123   21.1123
2    20.1538   21.1123   20.5581   20.8495
3    19.7152   20.5825   20.0369   19.7073
4    20.037    19.7158   20.5831   20.53
5    20.045    21.0175   20.2384   20.5424
6    18.8877   18.8877   18.8877   19.6909
7    19.5462   20.2055   20.5178   19.965
8    20.4787   20.1492   19.5911   20.4211
9    20.3132   21.1123   21.1123   21.1123
10   19.3972   18.8877   19.7835   19.6426
11   19.6668   20.1098   20.5992   19.9151
12   19.748    19.1455   19.8566   20.0966
13   20.9139   20.4275   19.9115   20.6383
14   19.8405   18.8877   19.7141   19.3491
15   21.1123   20.2554   20.9749   21.1123
16   20.4175   20.9358   20.3747   19.9112
17   21.1123   21.075    20.266    20.677
18   18.8877   18.8902   19.6877   18.8877
19   20.3497   20.2138   19.5523   19.6072
20   18.8877   19.6625   19.7952   19.2577
21   19.3426   20.2022   19.9311   20.2778
22   19.7153   19.8911   19.0758   19.0632
23   21.1123   21.1123   20.3035   20.4573
24   18.8877   18.8877   18.8877   19.7188
25   19.1751   18.8877   19.7422   18.8877
26   19.4715   18.8877   19.6251   18.8877
27   19.4973   20.0097   18.985    19.5338
28   19.6678   19.877    19.2417   20.1977
29   20.2391   21.0469   20.3661   20.165
30   18.8877   19.7677   18.94     19.322
31   21.1123   20.2774   21.0789   21.1123
32   20.1265   19.7011   19.9379   19.1765
33   18.9518   19.7274   19.0461   19.6748
34   18.8877   18.8877   18.8877   19.6643
35   20.1183   20.8646   20.7799   20.1122
36   20.1741   20.1894   20.7404   21.0158
37   21.1123   21.1123   20.282    21.1123
38   19.7696   20.2369   19.6428   19.2307
39   20.8477   21.1123   20.1695   20.9283
40   19.7157   20.2194   20.7404   20.1825
41   20.5801   20.2949   20.1502   21.1123
42   19.5218   20.2547   19.9103   20.4572
43   19.3771   19.9112   19.7004   20.3742
44   19.6903   18.8877   18.8877   18.8877
45   20.3047   21.1123   21.1123   20.5313
46   20.0405   20.2028   20.6268   19.6602
47   21.1123   21.1123   20.3115   21.1123
48   19.504    20.1429   19.6628   19.1232
49   19.8401   19.7227   20.2921   19.318
50   20.6741   19.938    20.2275   19.6964

 [*,*,3]
:       1         2         3         4       :=
1    21.1123   20.3225   20.9124   20.3054
2    18.8877   18.8877   19.7495   19.2698
3    20.7807   20.235    20.3078   19.806
4    20.3137   20.7803   20.2346   21.1123
5    20.3598   20.2597   20.3239   21.1078
6    21.1123   21.1123   20.2549   20.8576
7    21.1119   20.59     21.0757   20.2573
8    20.3674   19.8242   19.8553   19.3443
9    19.8376   19.3102   20.2904   19.7648
10   19.7208   19.6553   19.2575   20.2718
11   21.1123   20.2741   21.1123   21.078
12   20.114    20.4857   21.0846   20.3285
13   21.1123   20.3097   21.1123   21.1123
14   18.8877   19.2455   19.71     18.8877
15   20.2583   19.7484   19.7459   19.2336
16   21.1123   21.1123   20.2859   21.1123
17   20.6926   20.2342   20.3066   21.1123
18   20.4182   19.4124   19.9534   19.8519
19   20.2336   20.0956   20.6244   19.6756
20   19.3596   19.9259   19.0768   19.8344
21   19.3471   18.8877   18.8877   19.7331
22   18.8877   19.4762   19.6261   18.8877
23   20.7748   20.1358   20.7203   19.9868
24   18.8877   18.8877   19.7594   19.1625
25   20.7632   20.3914   20.023    19.8251
26   21.0731   20.2391   20.2035   20.8017
27   20.3132   21.1123   21.1123   21.1123
28   19.4012   19.7927   20.2589   20.2779
29   20.2065   19.8507   20.3651   19.4441
30   19.8245   19.7245   19.2765   18.8964
31   20.6877   20.242    20.2522   19.6666
32   20.3244   21.1123   21.1074   20.5494
33   20.6678   20.8753   20.1929   19.9678
34   20.6791   19.6544   20.1686   20.1627
35   20.3283   20.3267   19.6132   19.6988
36   19.1621   19.7415   18.8877   19.6062
37   18.8877   19.7168   19.1167   18.8877
38   20.8945   20.1605   19.917    20.3154
39   20.0858   20.6505   20.2493   19.6504
40   18.8877   19.0909   18.8877   19.7431
41   19.6911   18.8877   18.9054   18.8877
42   19.4481   20.1564   19.8371   19.2395
43   20.2931   21.1123   20.727    20.286
44   19.49     19.6612   19.8859   18.9263
45   19.094    18.8877   19.7229   19.6922
46   18.8877   19.0559   19.6646   19.742
47   20.8972   21.1123   20.7155   20.1659
48   19.3861   20.1872   19.9027   20.2865
49   19.1851   19.7744   18.9224   18.8877
50   19.5306   19.8935   20.3251   19.4502
;

side = 2.22468
softness = 0.05

---------------------------- Solution coords data ----------------------------
distances [*,1,*]
:    1   2   3   4    :=
1    0   1   0   1
2    0   1   0   1
3    0   1   0   1
4    0   1   0   1
5    0   1   0   1
6    0   1   0   1
7    0   1   0   1
8    0   1   0   1
9    0   1   0   1
10   0   1   0   1
11   0   1   0   1
12   0   1   0   1
13   0   1   0   1
14   0   1   0   1
15   0   1   0   1
16   0   1   0   1
17   0   1   0   1
18   0   1   0   1
19   0   1   0   1
20   0   1   0   1
21   0   1   0   1
22   0   1   0   1
23   0   1   0   1
24   0   1   0   1
25   0   1   0   1
26   0   1   0   1
27   0   1   0   1
28   0   1   0   1
29   0   1   0   1
30   0   1   0   1
31   0   1   0   1
32   0   1   0   1
33   0   1   0   1
34   0   1   0   1
35   0   1   0   1
36   0   1   0   1
37   0   1   0   1
38   0   1   0   1
39   0   1   0   1
40   0   1   0   1
41   0   1   0   1
42   0   1   0   1
43   0   1   0   1
44   0   1   0   1
45   0   1   0   1
46   0   1   0   1
47   0   1   0   1
48   0   1   0   1
49   0   1   0   1
50   0   1   0   1

 [*,2,*]
:    1   2   3   4    :=
1    0   0   1   1
2    0   0   1   1
3    0   0   1   1
4    0   0   1   1
5    0   0   1   1
6    0   0   1   1
7    0   0   1   1
8    0   0   1   1
9    0   0   1   1
10   0   0   1   1
11   0   0   1   1
12   0   0   1   1
13   0   0   1   1
14   0   0   1   1
15   0   0   1   1
16   0   0   1   1
17   0   0   1   1
18   0   0   1   1
19   0   0   1   1
20   0   0   1   1
21   0   0   1   1
22   0   0   1   1
23   0   0   1   1
24   0   0   1   1
25   0   0   1   1
26   0   0   1   1
27   0   0   1   1
28   0   0   1   1
29   0   0   1   1
30   0   0   1   1
31   0   0   1   1
32   0   0   1   1
33   0   0   1   1
34   0   0   1   1
35   0   0   1   1
36   0   0   1   1
37   0   0   1   1
38   0   0   1   1
39   0   0   1   1
40   0   0   1   1
41   0   0   1   1
42   0   0   1   1
43   0   0   1   1
44   0   0   1   1
45   0   0   1   1
46   0   0   1   1
47   0   0   1   1
48   0   0   1   1
49   0   0   1   1
50   0   0   1   1

 [*,3,*]
:    1   2   3   4    :=
1    1   0   0   1
2    1   0   0   1
3    1   0   0   1
4    1   0   0   1
5    1   0   0   1
6    1   0   0   1
7    1   0   0   1
8    1   0   0   1
9    1   0   0   1
10   1   0   0   1
11   1   0   0   1
12   1   0   0   1
13   1   0   0   1
14   1   0   0   1
15   1   0   0   1
16   1   0   0   1
17   1   0   0   1
18   1   0   0   1
19   1   0   0   1
20   1   0   0   1
21   1   0   0   1
22   1   0   0   1
23   1   0   0   1
24   1   0   0   1
25   1   0   0   1
26   1   0   0   1
27   1   0   0   1
28   1   0   0   1
29   1   0   0   1
30   1   0   0   1
31   1   0   0   1
32   1   0   0   1
33   1   0   0   1
34   1   0   0   1
35   1   0   0   1
36   1   0   0   1
37   1   0   0   1
38   1   0   0   1
39   1   0   0   1
40   1   0   0   1
41   1   0   0   1
42   1   0   0   1
43   1   0   0   1
44   1   0   0   1
45   1   0   0   1
46   1   0   0   1
47   1   0   0   1
48   1   0   0   1
49   1   0   0   1
50   1   0   0   1

 [*,4,*]
:    1   2   3   4    :=
1    1   1   1   0
2    1   1   1   0
3    1   1   1   0
4    1   1   1   0
5    1   1   1   0
6    1   1   1   0
7    1   1   1   0
8    1   1   1   0
9    1   1   1   0
10   1   1   1   0
11   1   1   1   0
12   1   1   1   0
13   1   1   1   0
14   1   1   1   0
15   1   1   1   0
16   1   1   1   0
17   1   1   1   0
18   1   1   1   0
19   1   1   1   0
20   1   1   1   0
21   1   1   1   0
22   1   1   1   0
23   1   1   1   0
24   1   1   1   0
25   1   1   1   0
26   1   1   1   0
27   1   1   1   0
28   1   1   1   0
29   1   1   1   0
30   1   1   1   0
31   1   1   1   0
32   1   1   1   0
33   1   1   1   0
34   1   1   1   0
35   1   1   1   0
36   1   1   1   0
37   1   1   1   0
38   1   1   1   0
39   1   1   1   0
40   1   1   1   0
41   1   1   1   0
42   1   1   1   0
43   1   1   1   0
44   1   1   1   0
45   1   1   1   0
46   1   1   1   0
47   1   1   1   0
48   1   1   1   0
49   1   1   1   0
50   1   1   1   0
;

---------------------------- Solution stats data ----------------------------
_ampl_time = 0.11715
_total_solve_time = 19008.9
_ampl_elapsed_time = 0.244892
_ampl_user_time = 0.099147

Total time elapsed: $19008.85.
_total_solve_time = 19008.9

---------------------------- Solution miscs data ----------------------------
tetrahedron_volume [*] :=
 1 0    6 0   11 0   16 0   21 0   26 0   31 0   36 0   41 0   46 0
 2 0    7 0   12 0   17 0   22 0   27 0   32 0   37 0   42 0   47 0
 3 0    8 0   13 0   18 0   23 0   28 0   33 0   38 0   43 0   48 0
 4 0    9 0   14 0   19 0   24 0   29 0   34 0   39 0   44 0   49 0
 5 0   10 0   15 0   20 0   25 0   30 0   35 0   40 0   45 0   50 0
;

---------------------------- Solution miscs data ----------------------------
tetrahedron_surface_area [*] :=
 1 1.73205   10 1.73205   19 1.73205   28 1.73205   37 1.73205   46 1.73205
 2 1.73205   11 1.73205   20 1.73205   29 1.73205   38 1.73205   47 1.73205
 3 1.73205   12 1.73205   21 1.73205   30 1.73205   39 1.73205   48 1.73205
 4 1.73205   13 1.73205   22 1.73205   31 1.73205   40 1.73205   49 1.73205
 5 1.73205   14 1.73205   23 1.73205   32 1.73205   41 1.73205   50 1.73205
 6 1.73205   15 1.73205   24 1.73205   33 1.73205   42 1.73205
 7 1.73205   16 1.73205   25 1.73205   34 1.73205   43 1.73205
 8 1.73205   17 1.73205   26 1.73205   35 1.73205   44 1.73205
 9 1.73205   18 1.73205   27 1.73205   36 1.73205   45 1.73205
;

