Error at _cmdno 5 executing "solve" command
(file amplin, line 1961, offset 37058):
error processing param distances:
	3680 invalid subscripts discarded:
	distances[71,1,1]
	distances[71,1,2]
	distances[71,1,3]
	and 3677 more.
##### This license is only intended for use by NEOS. #####
##### License is valid until Jan 16, 2026 #####
ariables.
Substitution eliminates 1 variable.
Adjusted problem:
12918 variables:
	8088 nonlinear variables
	4830 linear variables
25903 constraints; 155161 nonzeros
	22925 nonlinear constraints
	2978 linear constraints
	2486 equality constraints
	23417 inequality constraints
1 nonlinear objective; 3 nonzeros.

Artelys Knitro 14.2.0: threads=4
algorithm=1
ms_enable=1
ms_maxsolves=10
feastol=1e-5
opttol=1e-5
honorbnds=1
bar_initpt=3
bar_murule=4
scale=1
outlev=2
maxtime_real=1200
WARNING:  Option 'threads' is deprecated, please use 'numthreads'.
WARNING: 1 constraint is constant or undefined and will be ignored.

=======================================
           Academic License
       (NOT FOR COMMERCIAL USE)
         Artelys Knitro 14.2.0
=======================================

No start point provided -- Knitro computing one.

Knitro presolve eliminated 0 variables and 1 constraint.

algorithm                1
bar_initpt               3
bar_murule               4
concurrent_evals         0
datacheck                0
feastol                  1e-05
findiff_numthreads       1
hessian_no_f             1
hessopt                  1
honorbnds                1
maxtime_real             1200
ms_enable                1
ms_maxsolves             10
numthreads               4
opttol                   1e-05

Problem Characteristics                                 (   Presolved)
-----------------------
Objective goal:  Minimize
Objective type:  general
Number of variables:                              12918 (       12918)
    bounded below only:                               1 (           1)
    bounded above only:                               0 (           0)
    bounded below and above:                          0 (           0)
    fixed:                                            0 (           0)
    free:                                         12917 (       12917)
Number of constraints:                            25903 (       25902)
    linear equalities:                                1 (           0)
    quadratic equalities:                          2415 (        2415)
    gen. nonlinear equalities:                       70 (          70)
    linear one-sided inequalities:                 2977 (        2977)
    quadratic one-sided inequalities:             20440 (       20440)
    gen. nonlinear one-sided inequalities:            0 (           0)
    linear two-sided inequalities:                    0 (           0)
    quadratic two-sided inequalities:                 0 (           0)
    gen. nonlinear two-sided inequalities:            0 (           0)
Number of nonzeros in Jacobian:                  155161 (      155161)
Number of nonzeros in Hessian:                    70668 (       70668)

Knitro parallel multistart will run with 4 threads.

Return codes description
------------------------
  0:  The final solution satisfies the termination conditions for verifying optimality.
  -100 to -199:  A feasible approximate solution was found.
  -200 to -299:  Knitro terminated at an infeasible point.
  -300 to -301:  The problem was determined to be unbounded.
  -400 to -499:  Knitro terminated because it reached a pre-defined limit.
    -400 to -409:  A feasible point was found.
    -410 to -419:  No feasible point was found.
  -500 to -599:  Knitro terminated with an input error or some non-standard error.
A more detailed description of individual return codes and their corresponding
termination messages is provided at
https://www.artelys.com/app/docs/knitro/3_referenceManual/returnCodes.html

 Solve #  ThreadID  Status     Objective      FeasError    OptError    Real Time 
--------  --------  ------  --------------   ----------   ----------  ----------
      0          0       0         3.29006  4.44664e-06  3.81831e-06      446.686
      7          2    -410     6.92404e+08  9.16680e+06      554.099      2323.46
      3          3    -410     1.17887e+11      187975.      41313.9      2073.07
      2          1    -410     2.95233e+11      591874.      34850.2      2088.82
      1          2    -410     1.14539e+11  5.09138e+06      21202.6      2120.32
      5          3    -410     7.05438e+10      767003.      14924.1      2238.61
      6          1    -410     8.83732e+10      1691.14      25528.2      2294.53
      4          0    -410     4.41364e+13  3.20293e+06  2.75698e+06      2151.68
      8          0    -410     7.68196e+11      97468.0      205994.      2242.66
      9          3    -410     4.72690e+08      81027.7      767.021      2026.34

MULTISTART: Best locally optimal solution is returned.
EXIT: Locally optimal solution found.

Final Statistics
----------------
Final objective value               =   3.29006337228211e+00
Final feasibility error (abs / rel) =   4.45e-06 / 8.06e-07
Final optimality error  (abs / rel) =   3.82e-06 / 6.36e-07
# of iterations                     =      92403 
# of CG iterations                  =          0 
# of function evaluations           =      93638
# of gradient evaluations           =      92441
# of Hessian evaluations            =      92428
Total program time (secs)           =    6338.29248 ( 19935.348 CPU time)

===============================================================================

Knitro 14.2.0: Locally optimal or satisfactory solution.
objective 3.290063372; feasibility error 4.45e-06
92403 iterations; 93638 function evaluations

suffix feaserror OUT;
suffix opterror OUT;
suffix numfcevals OUT;
suffix numiters OUT;
---------------------------- Solver Status Report ----------------------------
solve_result_num = 0
solve_result = solved
solve_message = 'Knitro 14.2.0: Locally optimal or satisfactory solution.\
objective 3.290063372; feasibility error 4.45e-06\
92403 iterations; 93638 function evaluations'


---------------------------- Problem Dimensions ----------------------------
Variables: 25414
Constraints: 25974
---------------------------- Container and geometric considerations  ----------------------------
Container type: cylinder
Structural conservation type: volume & surface
---------------------------- Solution execution data ----------------------------
solve_result_num = 0
solve_result = solved

---------------------------- Solution data ----------------------------
card(figures) = 70

coords [*,*,1]
:         1             2              3             4         :=
1    -0.856864     -1.07251       -0.956462      0.100459
2     0.505569      0.997234       0.520813      0.237733
3     1.01601      -0.00400913     1.04516       1.01383
4     0.505843      0.995629       0.514838      1.07155
5     0.59977       0.215821       0.675431     -0.169465
6     0.663891      1.0958         0.654953      0.0353293
7     0.0196634    -0.384587       0.471002     -0.219942
8    -0.216614      0.0250857     -0.787298     -0.761945
9     0.513864      0.268709       0.553549      1.07433
10    0.708743     -0.169925       0.0883231     0.773462
11   -0.363239      0.034361      -0.957397     -0.219943
12    0.341003      0.569128      -0.0530803    -0.0042561
13   -1.09298      -1.09488       -0.0332046    -0.866395
14   -0.856856      0.32051        0.237642     -0.420148
15    0.545087     -0.219942       0.594059      0.122923
16    1.09485       1.04382        0.231941      0.987356
17   -0.501113      0.485266      -0.773249      0.0691384
18   -1.03685      -0.381818      -1.01842      -0.44159
19   -0.229764      0.675431       0.215824      0.0263953
20   -1.08195      -0.729859       0.135685     -0.856856
21    0.0922884    -1.08632        0.0194338    -0.395701
22    1.01346       0.460649      -0.00431841    1.01602
23   -0.292057     -1.0483         0.0609922    -0.875168
24   -0.844485     -0.517474      -0.213995     -0.129152
25   -0.00401937    1.04516        1.07836       1.01383
26   -0.495549     -1.06194       -0.146197      0.00606883
27   -0.81616      -0.866394      -0.17662      -0.414539
28   -0.761949     -0.000651153    0.0267209    -0.216619
29    0.545083      0.122922      -0.219942      0.0230071
30   -0.500398     -0.084126       0.503852      0.351296
31    1.09485       1.04382        0.23194       0.652749
32   -1.05429      -0.737189       0.136178     -0.394813
33    0.102359      1.07227        0.341061     -0.0122198
34    0.08832      -0.176612       0.773462     -0.169933
35   -1.09031       0.109767      -0.3957        0.0721808
36    0.0361229    -0.000651085   -0.76195       0.026721
37   -0.45916      -0.761951      -1.09366      -0.788632
38   -0.498198     -0.235806      -0.967206      0.019995
39    0.494803     -0.114802       0.108181      0.553612
40    0.0380853     1.01601        1.04204       0.698152
41    0.0361201    -0.76195       -1.09298      -1.01768
42    0.0899497     0.00606719    -0.146199     -1.06195
43   -0.403477     -1.08697       -0.918546     -1.01864
44    0.284071     -0.411316       0.10047      -0.856864
45   -0.516065      0.0885152     -0.212635      0.105765
46    0.654036      0.674862       0.0353166     0.227569
47    0.0899331    -0.515309      -0.214005     -0.129172
48    0.545086      0.594059       0.122922      1.07227
49    0.100452     -0.956462      -0.596437     -1.08603
50    0.414713      0.237733      -0.420148      0.512397
51    0.0300585    -0.0195322      0.673225      0.0267212
52   -0.789622     -0.459811       0.0221227    -0.76195
53    0.0361073    -0.703355       0.0725525    -0.76195
54    1.09485       0.987356       0.574148      0.548171
55    0.351297     -0.500399       0.504867      0.415139
56    0.375255      0.604428      -0.0530799     0.569129
57    0.108615      0.554053       1.07433       0.281935
58   -0.170164      0.088042       0.0243894     0.708742
59   -0.0364676     0.260455      -0.498198     -0.234531
60    0.243765      0.0880575      0.0268282     0.708742
61    0.222959      0.652797       1.07448       0.676097
62   -0.499101     -0.36324       -0.958295      0.0392212
63    0.12292      -0.219943      -0.957353      0.0343453
64    0.0813715     0.00967201    -0.396011      0.485266
65    0.545084      0.0388809      0.12292       1.07224
66    0.346245      0.547382       0.574148      1.01917
67    0.773463      0.679475       1.0958        0.044523
68    0.396987     -0.46988       -0.0366232     0.097549
69   -0.350847     -0.866395      -1.09562      -0.862236
70   -0.866394      0.0885146     -0.414539     -0.176613

 [*,*,2]
:         1             2            3             4         :=
1     0.683148      0.225017     -0.534872    -0.168136
2     0.972269      0.454347      0.112459     1.06976
3    -0.410638     -0.305064      0.329469    -0.416003
4     0.972127      0.457854      0.111646     0.229535
5     0.91716       0.317858      0.862959     1.08267
6    -0.218283      0.0118194     0.878603     0.102421
7    -0.0813472    -1.02616      -0.989477    -1.07356
8     1.07424       0.215248      0.762201     0.787621
9     0.967911      0.38585       0.119842     0.21616
10   -0.397636     -1.08148       0.0478281   -0.776314
11   -1.03391      -0.0785375    -0.533196    -1.07356
12   -1.04145      -0.0609531    -1.09457     -0.305165
13    0.0794079     0.0456325     0.0113629   -0.67102
14    0.683159      0.50983       1.06978      1.01212
15   -0.950677     -1.07356      -0.92087     -0.160336
16   -0.0469469     0.333694      0.30183     -0.475432
17    0.973509      0.98256       0.776526    -0.0473224
18   -0.354742     -1.02719      -0.404643    -0.177736
19    1.0715        0.86296       0.317862     0.0536479
20    0.17406       0.817443      0.531922     0.683158
21   -0.199181     -0.144297     -0.243928     1.02192
22   -0.416904     -0.994339     -0.305031    -0.410632
23   -0.164        -0.319347     -0.0451647    0.526631
24   -0.698392     -0.089281     -1.07476     -1.08822
25   -0.305064      0.32947       0.19503     -0.416004
26   -0.977414     -0.13199      -1.08606     -0.257869
27   -0.731293     -0.67102      -1.08153     -0.0681678
28    0.787617      0.395474      1.09553      1.07424
29   -0.950679     -0.160338     -1.07356     -0.0825619
30    0.97494       0.214612      0.97316      0.0202443
31   -0.0469461     0.333694      0.301831     0.880242
32    0.124794      0.810839      0.532114    -0.187615
33   -0.158908     -0.226127      0.727667    -0.0770106
34    0.0478161    -1.08153      -0.776314    -1.08148
35   -0.110138     -0.00411673    1.02192     -0.148865
36    0.00916437    0.395474      0.787616     1.09553
37   -0.104737      0.787615     -0.0693527    0.760898
38    0.976067     -0.21115       0.515188    -0.00732059
39    0.977792     -0.0722128    -0.313965     0.118909
40   -0.309421     -0.410639      0.33919      0.261887
41    0.00916506    0.787616      0.0794081    0.0425789
42   -0.193558     -0.257877     -1.08606     -0.131986
43   -0.1353        0.13933       0.597646    -0.404089
44    0.732568     -0.20998      -0.168145     0.683148
45   -0.0917431     0.0486493    -1.07216     -0.145912
46   -0.246184      0.863405      0.102403     0.295925
47   -0.193615     -0.0941668    -1.07476     -1.08817
48   -0.950673     -0.92087      -0.160334    -0.226129
49   -0.168138     -0.534872     -0.257285     0.146453
50    0.445945      1.06976       1.01212      0.968688
51    0.0900299     1.09568       0.864682     1.09553
52    0.759871     -0.102818      0.217402     0.787616
53    0.00917867   -0.264642      0.25091      0.787616
54   -0.0469523    -0.475432     -0.933414    -0.0762921
55    0.0202443     0.97494       0.972633     0.445757
56   -1.02961      -0.914097     -1.09457     -0.06095
57   -0.313555      0.11937       0.216163     0.373498
58   -1.08257       0.0467368    -0.506445    -0.397636
59    0.0998269     0.428289      0.976067    -0.216915
60    0.331363      0.0467264    -0.506058    -0.397635
61    0.297666      0.880206      0.215401     0.862438
62   -0.18922      -1.03391      -0.531576    -0.0668598
63   -0.160343     -1.07356      -0.533275    -0.0786003
64   -0.0756598    -0.207599      1.0218       0.98256
65   -0.950679     -0.0746802    -0.160334    -0.226125
66   -1.03972      -0.050299     -0.933414    -0.402734
67   -0.776313     -0.226391      0.0118191    0.101635
68   -1.02142      -0.99001      -0.0810185   -1.09151
69    0.0216156    -0.67102       0.0230701   -0.676355
70   -0.67102       0.0486486    -0.0681673   -1.08153

 [*,*,3]
:        1            2            3            4         :=
1     0.846168     0.280856     0.846168     0.846168
2    -0.450502     0.70709      0.603295     0.846168
3     0.658398    -0.233681     0.10868     -0.27204
4    -0.450035     0.701117     0.597802    -0.637579
5    -1.73469     -1.68194     -0.523654    -0.625238
6    -1.08927     -1.89348     -1.89348     -1.89348
7    -0.0436932   -0.040346    -0.0619707    0.846168
8    -0.680836    -1.22657     -0.648088    -1.89346
9    -0.460511    -0.791212     0.511902    -0.734747
10   -1.32564     -1.18075     -1.89348     -1.89348
11    0.077894     0.0209844    0.833203     0.846168
12   -0.232446    -0.71439     -1.33576     -0.233488
13   -1.89348     -0.987434    -1.83695     -1.89348
14    0.846168     0.624791     0.846168    -0.184648
15   -0.177122     0.846168     0.846168     0.846168
16   -1.84203     -0.934095    -0.850196    -0.555623
17   -0.0619153   -0.515244    -0.650425    -0.402707
18    0.680522     0.104931    -0.678584    -0.525671
19   -0.641028    -0.523652    -1.68193     -1.02609
20    0.229231    -0.299972     0.697086     0.846168
21   -0.878048    -0.753808    -0.377234    -0.639886
22   -0.428104    -0.288815    -0.233495     0.659681
23    0.302063    -0.723916    -0.383072    -0.670027
24   -0.687182    -0.945119    -1.8321      -0.576264
25   -0.233683     0.108679    -0.886937    -0.272042
26    0.008222    -0.894188    -0.576148    -0.226559
27   -0.745296    -1.89348     -1.89348     -1.09756
28   -1.89347     -1.07096     -1.89348     -0.680847
29   -0.177119     0.846168     0.846168    -0.0471194
30   -0.0621342   -0.312067    -0.52451      0.39957
31   -1.84203     -0.934095    -0.850195    -1.84431
32    0.311596    -0.307544     0.697215     0.169259
33    0.846168     0.846162     0.846168     0.0389222
34   -1.89348     -1.89348     -1.89348     -1.18074
35   -0.748094    -1.37592     -0.639887    -0.868235
36   -1.89348     -1.07096     -1.89348     -1.89348
37   -1.09754     -1.89348     -0.890696    -0.583005
38   -0.0551192    0.34965     -0.537754    -0.426007
39   -0.539981    -0.0168293   -0.697002     0.513044
40   -0.196865     0.6584       0.0986835    0.846168
41   -1.89348     -1.89348     -1.89348     -1.03418
42   -0.93429     -0.226562    -0.576149    -0.894188
43    0.13938      0.319271    -0.746726    -0.663391
44    0.844259     0.152853     0.846168     0.846168
45   -0.93693     -1.89348     -1.82952     -0.885756
46   -1.07798     -1.86435     -1.89348     -0.83994
47   -0.934267    -0.939136    -1.83225     -0.576281
48   -0.177114     0.846168     0.846168     0.846168
49    0.846168     0.846168    -0.182859     0.333047
50    0.727741     0.846167    -0.184649    -0.482119
51   -1.71757     -0.803129    -1.8717      -1.89348
52   -0.5339      -1.09925     -1.22909     -1.89348
53   -1.89348     -1.03364     -1.24267     -1.89348
54   -1.84202     -0.555624    -1.60059     -0.596916
55    0.399571    -0.0621336   -0.522764     0.727975
56   -0.437389    -1.77311     -1.33576     -0.714391
57   -0.695813     0.514211    -0.734767    -0.730706
58   -1.18006     -1.8928      -0.651857    -1.32564
59   -0.385592     0.846168    -0.0551191    0.351615
60   -0.70046     -1.89278     -0.654256    -1.32564
61   -0.842816    -1.84425     -0.735096    -0.484416
62   -0.414004     0.077895     0.819663     0.0202883
63    0.846168     0.846168     0.833317     0.0210366
64   -1.06985     -0.396857    -0.637892    -0.515244
65   -0.177126    -0.0251763    0.846168     0.846167
66   -0.26389     -0.566474    -1.60059     -0.429976
67   -1.89348     -1.06886     -1.89348     -1.89348
68   -0.0603134   -0.0378956   -0.0422506   -0.935305
69   -1.58278     -1.89348     -1.00987     -0.533349
70   -1.89348     -1.89348     -1.09756     -1.89348
;

radius = 1.09586
height = 2.73965
softness = 0.85

---------------------------- Solution coords data ----------------------------
distances [*,1,*]
:    1   2   3   4    :=
1    0   1   0   1
2    0   1   0   1
3    0   1   0   1
4    0   1   0   1
5    0   1   0   1
6    0   1   0   1
7    0   1   0   1
8    0   1   0   1
9    0   1   0   1
10   0   1   0   1
11   0   1   0   1
12   0   1   0   1
13   0   1   0   1
14   0   1   0   1
15   0   1   0   1
16   0   1   0   1
17   0   1   0   1
18   0   1   0   1
19   0   1   0   1
20   0   1   0   1
21   0   1   0   1
22   0   1   0   1
23   0   1   0   1
24   0   1   0   1
25   0   1   0   1
26   0   1   0   1
27   0   1   0   1
28   0   1   0   1
29   0   1   0   1
30   0   1   0   1
31   0   1   0   1
32   0   1   0   1
33   0   1   0   1
34   0   1   0   1
35   0   1   0   1
36   0   1   0   1
37   0   1   0   1
38   0   1   0   1
39   0   1   0   1
40   0   1   0   1
41   0   1   0   1
42   0   1   0   1
43   0   1   0   1
44   0   1   0   1
45   0   1   0   1
46   0   1   0   1
47   0   1   0   1
48   0   1   0   1
49   0   1   0   1
50   0   1   0   1
51   0   1   0   1
52   0   1   0   1
53   0   1   0   1
54   0   1   0   1
55   0   1   0   1
56   0   1   0   1
57   0   1   0   1
58   0   1   0   1
59   0   1   0   1
60   0   1   0   1
61   0   1   0   1
62   0   1   0   1
63   0   1   0   1
64   0   1   0   1
65   0   1   0   1
66   0   1   0   1
67   0   1   0   1
68   0   1   0   1
69   0   1   0   1
70   0   1   0   1

 [*,2,*]
:    1   2   3   4    :=
1    0   0   1   1
2    0   0   1   1
3    0   0   1   1
4    0   0   1   1
5    0   0   1   1
6    0   0   1   1
7    0   0   1   1
8    0   0   1   1
9    0   0   1   1
10   0   0   1   1
11   0   0   1   1
12   0   0   1   1
13   0   0   1   1
14   0   0   1   1
15   0   0   1   1
16   0   0   1   1
17   0   0   1   1
18   0   0   1   1
19   0   0   1   1
20   0   0   1   1
21   0   0   1   1
22   0   0   1   1
23   0   0   1   1
24   0   0   1   1
25   0   0   1   1
26   0   0   1   1
27   0   0   1   1
28   0   0   1   1
29   0   0   1   1
30   0   0   1   1
31   0   0   1   1
32   0   0   1   1
33   0   0   1   1
34   0   0   1   1
35   0   0   1   1
36   0   0   1   1
37   0   0   1   1
38   0   0   1   1
39   0   0   1   1
40   0   0   1   1
41   0   0   1   1
42   0   0   1   1
43   0   0   1   1
44   0   0   1   1
45   0   0   1   1
46   0   0   1   1
47   0   0   1   1
48   0   0   1   1
49   0   0   1   1
50   0   0   1   1
51   0   0   1   1
52   0   0   1   1
53   0   0   1   1
54   0   0   1   1
55   0   0   1   1
56   0   0   1   1
57   0   0   1   1
58   0   0   1   1
59   0   0   1   1
60   0   0   1   1
61   0   0   1   1
62   0   0   1   1
63   0   0   1   1
64   0   0   1   1
65   0   0   1   1
66   0   0   1   1
67   0   0   1   1
68   0   0   1   1
69   0   0   1   1
70   0   0   1   1

 [*,3,*]
:    1   2   3   4    :=
1    1   0   0   1
2    1   0   0   1
3    1   0   0   1
4    1   0   0   1
5    1   0   0   1
6    1   0   0   1
7    1   0   0   1
8    1   0   0   1
9    1   0   0   1
10   1   0   0   1
11   1   0   0   1
12   1   0   0   1
13   1   0   0   1
14   1   0   0   1
15   1   0   0   1
16   1   0   0   1
17   1   0   0   1
18   1   0   0   1
19   1   0   0   1
20   1   0   0   1
21   1   0   0   1
22   1   0   0   1
23   1   0   0   1
24   1   0   0   1
25   1   0   0   1
26   1   0   0   1
27   1   0   0   1
28   1   0   0   1
29   1   0   0   1
30   1   0   0   1
31   1   0   0   1
32   1   0   0   1
33   1   0   0   1
34   1   0   0   1
35   1   0   0   1
36   1   0   0   1
37   1   0   0   1
38   1   0   0   1
39   1   0   0   1
40   1   0   0   1
41   1   0   0   1
42   1   0   0   1
43   1   0   0   1
44   1   0   0   1
45   1   0   0   1
46   1   0   0   1
47   1   0   0   1
48   1   0   0   1
49   1   0   0   1
50   1   0   0   1
51   1   0   0   1
52   1   0   0   1
53   1   0   0   1
54   1   0   0   1
55   1   0   0   1
56   1   0   0   1
57   1   0   0   1
58   1   0   0   1
59   1   0   0   1
60   1   0   0   1
61   1   0   0   1
62   1   0   0   1
63   1   0   0   1
64   1   0   0   1
65   1   0   0   1
66   1   0   0   1
67   1   0   0   1
68   1   0   0   1
69   1   0   0   1
70   1   0   0   1

 [*,4,*]
:    1   2   3   4    :=
1    1   1   1   0
2    1   1   1   0
3    1   1   1   0
4    1   1   1   0
5    1   1   1   0
6    1   1   1   0
7    1   1   1   0
8    1   1   1   0
9    1   1   1   0
10   1   1   1   0
11   1   1   1   0
12   1   1   1   0
13   1   1   1   0
14   1   1   1   0
15   1   1   1   0
16   1   1   1   0
17   1   1   1   0
18   1   1   1   0
19   1   1   1   0
20   1   1   1   0
21   1   1   1   0
22   1   1   1   0
23   1   1   1   0
24   1   1   1   0
25   1   1   1   0
26   1   1   1   0
27   1   1   1   0
28   1   1   1   0
29   1   1   1   0
30   1   1   1   0
31   1   1   1   0
32   1   1   1   0
33   1   1   1   0
34   1   1   1   0
35   1   1   1   0
36   1   1   1   0
37   1   1   1   0
38   1   1   1   0
39   1   1   1   0
40   1   1   1   0
41   1   1   1   0
42   1   1   1   0
43   1   1   1   0
44   1   1   1   0
45   1   1   1   0
46   1   1   1   0
47   1   1   1   0
48   1   1   1   0
49   1   1   1   0
50   1   1   1   0
51   1   1   1   0
52   1   1   1   0
53   1   1   1   0
54   1   1   1   0
55   1   1   1   0
56   1   1   1   0
57   1   1   1   0
58   1   1   1   0
59   1   1   1   0
60   1   1   1   0
61   1   1   1   0
62   1   1   1   0
63   1   1   1   0
64   1   1   1   0
65   1   1   1   0
66   1   1   1   0
67   1   1   1   0
68   1   1   1   0
69   1   1   1   0
70   1   1   1   0
;

---------------------------- Solution stats data ----------------------------
_ampl_time = 0.109319
_total_solve_time = 19935.6
_ampl_elapsed_time = 0.105961
_ampl_user_time = 0.084283

Total time elapsed: $19935.61.
_total_solve_time = 19935.6

---------------------------- Solution miscs data ----------------------------
tetrahedron_volume [*] :=
 1 0.117851   15 0.117851   29 0.117851   43 0.117851   57 0.117851
 2 0.117851   16 0.117851   30 0.117851   44 0.117851   58 0.117851
 3 0.117851   17 0.117851   31 0.117851   45 0.117851   59 0.117851
 4 0.117851   18 0.117851   32 0.117851   46 0.117851   60 0.117851
 5 0.117851   19 0.117851   33 0.117851   47 0.117851   61 0.117851
 6 0.117851   20 0.117851   34 0.117851   48 0.117851   62 0.117851
 7 0.117851   21 0.117851   35 0.117851   49 0.117851   63 0.117851
 8 0.117851   22 0.117851   36 0.117851   50 0.117851   64 0.117851
 9 0.117851   23 0.117851   37 0.117851   51 0.117851   65 0.117851
10 0.117851   24 0.117851   38 0.117851   52 0.117851   66 0.117851
11 0.117851   25 0.117851   39 0.117851   53 0.117851   67 0.117851
12 0.117851   26 0.117851   40 0.117851   54 0.117851   68 0.117851
13 0.117851   27 0.117851   41 0.117851   55 0.117851   69 0.117851
14 0.117851   28 0.117851   42 0.117851   56 0.117851   70 0.117851
;

---------------------------- Solution miscs data ----------------------------
tetrahedron_surface_area [*] :=
 1 0    8 0   15 0   22 0   29 0   36 0   43 0   50 0   57 0   64 0
 2 0    9 0   16 0   23 0   30 0   37 0   44 0   51 0   58 0   65 0
 3 0   10 0   17 0   24 0   31 0   38 0   45 0   52 0   59 0   66 0
 4 0   11 0   18 0   25 0   32 0   39 0   46 0   53 0   60 0   67 0
 5 0   12 0   19 0   26 0   33 0   40 0   47 0   54 0   61 0   68 0
 6 0   13 0   20 0   27 0   34 0   41 0   48 0   55 0   62 0   69 0
 7 0   14 0   21 0   28 0   35 0   42 0   49 0   56 0   63 0   70 0
;

