Error at _cmdno 5 executing "solve" command
(file amplin, line 1961, offset 37058):
error processing param distances:
	3440 invalid subscripts discarded:
	distances[86,1,1]
	distances[86,1,2]
	distances[86,1,3]
	and 3437 more.
##### This license is only intended for use by NEOS. #####
##### License is valid until Jan 16, 2026 #####
ariables.
Substitution eliminates 1 variable.
Adjusted problem:
18873 variables:
	11733 nonlinear variables
	7140 linear variables
37828 constraints; 227296 nonzeros
	33575 nonlinear constraints
	4253 linear constraints
	3656 equality constraints
	34172 inequality constraints
1 nonlinear objective; 3 nonzeros.

Artelys Knitro 14.2.0: threads=4
algorithm=1
ms_enable=1
ms_maxsolves=10
feastol=1e-5
opttol=1e-5
honorbnds=1
bar_initpt=3
bar_murule=4
scale=1
outlev=2
maxtime_real=1200
WARNING:  Option 'threads' is deprecated, please use 'numthreads'.
WARNING: 1 constraint is constant or undefined and will be ignored.

=======================================
           Academic License
       (NOT FOR COMMERCIAL USE)
         Artelys Knitro 14.2.0
=======================================

No start point provided -- Knitro computing one.

Knitro presolve eliminated 0 variables and 1 constraint.

algorithm                1
bar_initpt               3
bar_murule               4
concurrent_evals         0
datacheck                0
feastol                  1e-05
findiff_numthreads       1
hessian_no_f             1
hessopt                  1
honorbnds                1
maxtime_real             1200
ms_enable                1
ms_maxsolves             10
numthreads               4
opttol                   1e-05

Problem Characteristics                                 (   Presolved)
-----------------------
Objective goal:  Minimize
Objective type:  general
Number of variables:                              18873 (       18873)
    bounded below only:                               1 (           1)
    bounded above only:                               0 (           0)
    bounded below and above:                          0 (           0)
    fixed:                                            0 (           0)
    free:                                         18872 (       18872)
Number of constraints:                            37828 (       37827)
    linear equalities:                                1 (           0)
    quadratic equalities:                          3570 (        3570)
    gen. nonlinear equalities:                       85 (          85)
    linear one-sided inequalities:                 4252 (        4252)
    quadratic one-sided inequalities:             29920 (       29920)
    gen. nonlinear one-sided inequalities:            0 (           0)
    linear two-sided inequalities:                    0 (           0)
    quadratic two-sided inequalities:                 0 (           0)
    gen. nonlinear two-sided inequalities:            0 (           0)
Number of nonzeros in Jacobian:                  227296 (      227296)
Number of nonzeros in Hessian:                   103023 (      103023)

Knitro parallel multistart will run with 4 threads.

Return codes description
------------------------
  0:  The final solution satisfies the termination conditions for verifying optimality.
  -100 to -199:  A feasible approximate solution was found.
  -200 to -299:  Knitro terminated at an infeasible point.
  -300 to -301:  The problem was determined to be unbounded.
  -400 to -499:  Knitro terminated because it reached a pre-defined limit.
    -400 to -409:  A feasible point was found.
    -410 to -419:  No feasible point was found.
  -500 to -599:  Knitro terminated with an input error or some non-standard error.
A more detailed description of individual return codes and their corresponding
termination messages is provided at
https://www.artelys.com/app/docs/knitro/3_referenceManual/returnCodes.html

 Solve #  ThreadID  Status     Objective      FeasError    OptError    Real Time 
--------  --------  ------  --------------   ----------   ----------  ----------
      0          0       0         4.52207  8.83277e-06  5.13885e-08      1317.23
      5          1    -410     3.02897e+12  2.91467e+06      175254.      6522.51
      3          1    -410     2.90184e+09  5.95190e+06      1158.60      4251.70
      1          3    -410     1.65207e+11  2.81481e+06      15696.4      4375.78
      2          2    -410     2.72209e+13  1.08030e+06  1.82296e+06      4843.26
      4          0    -410     3.67028e+12  1.38294e+06      475006.      5667.56
      6          3    -410     1.06575e+12  1.93639e+06      201475.      6703.13
      7          2    -410     1.84174e+12  1.53654e+06      135992.      6595.17
      8          0    -410     9.91269e+11      141494.      57121.3      7424.41
      9          1    -410     1.64117e+12      232241.      424779.      7106.07

MULTISTART: Best locally optimal solution is returned.
EXIT: Locally optimal solution found.

Final Statistics
----------------
Final objective value               =   4.52206932771723e+00
Final feasibility error (abs / rel) =   8.83e-06 / 1.68e-06
Final optimality error  (abs / rel) =   5.14e-08 / 6.92e-09
# of iterations                     =      93686 
# of CG iterations                  =          0 
# of function evaluations           =      94707
# of gradient evaluations           =      93752
# of Hessian evaluations            =      93706
Total program time (secs)           =   17880.56250 ( 54537.375 CPU time)

===============================================================================

Knitro 14.2.0: Locally optimal or satisfactory solution.
objective 4.522069328; feasibility error 8.83e-06
93686 iterations; 94707 function evaluations

suffix feaserror OUT;
suffix opterror OUT;
suffix numfcevals OUT;
suffix numiters OUT;
---------------------------- Solver Status Report ----------------------------
solve_result_num = 0
solve_result = solved
solve_message = 'Knitro 14.2.0: Locally optimal or satisfactory solution.\
objective 4.522069328; feasibility error 8.83e-06\
93686 iterations; 94707 function evaluations'


---------------------------- Problem Dimensions ----------------------------
Variables: 37234
Constraints: 37914
---------------------------- Container and geometric considerations  ----------------------------
Container type: cylinder
Structural conservation type: volume & surface
---------------------------- Solution execution data ----------------------------
solve_result_num = 0
solve_result = solved

---------------------------- Solution data ----------------------------
card(figures) = 85

coords [*,*,1]
:         1            2             3             4         :=
1     1.16485       0.926251     0.457376      1.2098
2     0.650005     -0.0779515    0.0527317     0.862723
3     0.538637      0.176987     0.667271      1.04735
4     1.1           0.531998     1.16703       0.672308
5    -1.17582      -0.824652    -1.21297      -0.293566
6    -0.058138     -0.0889539   -0.294355     -1.10842
7    -0.29924      -0.0314247   -1.15016      -0.596851
8     0.0538682    -0.0999147    0.487995     -0.450914
9     1.06211       0.410893     0.848602      1.21646
10   -0.774558      0.0290311   -1.00775      -0.301771
11   -1.11151      -1.19196     -0.817084     -0.35597
12    0.993633      0.233301     1.19354       0.790738
13   -1.11151      -1.21803     -1.14952      -0.302551
14    0.790738      0.993633     0.233301      0.39654
15   -0.55029      -0.0079122   -0.561035     -1.15526
16    0.891176     -0.0500639    0.926251      0.229702
17    0.0448201    -0.0318616    0.403903     -0.378146
18    0.229495      0.789        0.124489      1.18651
19   -0.469731      0.0131976   -0.0727808     0.5575
20   -0.843828     -0.450914     0.0538682    -0.116069
21    0.114515      0.0967704   -0.0213516    -0.707571
22    0.813176      1.20555      0.866579      0.124692
23    0.233301      0.0644101    0.803836      0.322012
24   -0.520537     -0.485268    -0.137718     -0.954537
25   -1.15264      -0.738471    -0.53662      -0.0216909
26   -0.0754598    -0.823954    -0.380638      0.0511964
27    0.070906      1.08815      0.772875      0.059804
28   -0.568266     -0.98218     -0.292719     -1.18148
29   -1.00862       0.0312793   -0.764439     -0.828279
30   -0.0813801    -1.08849     -0.469473     -0.25117
31    0.322882     -0.487169    -0.176641     -0.10592
32    1.15033       0.997614     0.2408        1.19344
33    1.19751       0.170557     1.2098        0.810602
34   -0.344241      0.411623     0.00319288    0.246508
35    0.0979916     0.125495     0.746358     -0.137718
36   -0.299527     -1.1447      -1.21451      -1.01217
37   -0.351472     -1.11151     -0.187787     -0.310811
38   -1.18709      -0.677864    -0.664757     -0.0785895
39    0.385242      0.239816    -0.00404289    0.969091
40   -0.725071      0.3484      -0.555694     -0.280146
41   -0.00178933    0.275199     0.0227409     1.02132
42   -0.00404785    0.239816     0.397513      0.969094
43   -1.01217      -0.299527    -0.629418     -1.15052
44    0.10391      -0.738471    -0.416835      0.21249
45    0.113027      0.34601      0.801662      1.14335
46   -0.229095     -0.094827    -0.19747       0.722943
47   -0.333878     -1.11151     -0.302551     -1.14395
48    0.977571      0.24431      0.103592      0.546814
49    0.354016     -0.549979    -0.00461142   -0.564292
50    0.0680854     0.527658    -0.158559     -0.192083
51    0.218131     -0.654987    -0.745645      0.18553
52   -0.0362151    -1.18709     -0.711324     -0.417191
53   -1.21042      -1.21659     -0.315032     -1.02302
54   -0.515926     -0.117867    -0.137718      0.322882
55    0.0511964    -0.380638    -0.562278     -0.823954
56    0.738605      0.1808       1.21001       1.1899
57   -1.07913      -0.395276    -0.0532453     0.0325466
58    1.21655       1.21593      0.411203      0.790738
59    0.977571      0.493987     0.0965638     0.249509
60   -0.191631     -0.159954    -0.914464      0.0378573
61   -0.509053      0.631023     0.127144      0.426555
62   -0.27884       0.786031     0.361576      0.0501264
63    0.810602      0.169807     1.19165       0.718734
64   -0.827052     -0.164951    -1.19115      -0.360731
65   -0.283405     -0.300128    -0.0744878    -1.15526
66   -0.0590653    -0.415406    -0.603953      0.429526
67   -0.353997      0.186389    -0.056838      0.454299
68    0.808918     -0.322641     0.364846      0.507965
69    0.0396383    -0.203612    -0.567026     -1.02597
70    0.106613      0.209601     1.18114       0.481298
71   -0.714946     -1.04286     -0.395062     -1.21688
72    1.2151        1.21418      0.22658       1.04684
73    0.495161      0.810602     0.0187515    -0.0727808
74   -0.0779931     0.0566083   -0.254272     -0.825075
75    0.977386      0.944167     0.391621      0.00146767
76    0.0479586     0.7847       0.415685      1.09432
77    0.87282      -0.163172     0.216068     -0.0629331
78    0.892259      0.357158     0.150068      1.18794
79   -0.196757     -0.0459857   -0.603953      0.364846
80    0.380753      0.0939096   -0.309307     -0.452798
81   -0.229095      0.46098     -0.094827      0.722943
82   -0.0577958     0.44141      0.0355729    -0.350301
83   -0.817084     -1.11151     -0.309902     -0.558217
84   -1.12218      -0.954537    -1.18148      -0.331568
85   -0.137718      0.322882     0.889406      0.0979915

 [*,*,2]
:        1            2             3            4         :=
1    -0.357318     0.586406    -0.128456      0.144731
2     1.03056      1.21593      0.472301      0.86039
3    -0.952853    -0.170518     0.00864792   -0.622587
4    -0.523984    -1.08123     -0.350152      0.059453
5    -0.319381    -0.896945    -0.115212     -0.320548
6    -0.331582     0.453789    -0.477138     -0.098751
7    -0.0317742    0.70797      0.400888      1.06223
8    -1.21723     -0.447574    -1.11643      -1.13192
9    -0.597069     0.0380013   -0.874321      0.0691709
10    0.940543     0.457316    -0.066382     -0.0314266
11   -0.499095    -0.0346502   -0.903844     -0.208004
12    0.705163     0.130161     0.245003      0.926982
13   -0.499095    -0.0309794    0.403951     -0.0318923
14    0.926982     0.705163     0.130161      1.15209
15   -0.105208     0.537348     0.865595      0.387212
16   -0.340446     0.287825     0.586406     -0.0790525
17   -0.128934    -1.21801     -0.40586      -0.296344
18   -0.0920027    0.821635     0.554761      0.199209
19   -0.689782    -0.12958     -1.21625      -0.642344
20   -0.878929    -1.13192     -1.21723      -0.366725
21    1.21303      0.468198     1.21824       0.99192
22    0.907362     0.176644     0.856506      0.554693
23    0.130161     1.21672      0.915647      1.1751
24   -0.165835    -1.11762     -1.21062      -0.757245
25    0.394959     0.969135     1.09389       0.637994
26   -0.357031    -0.897586    -0.366791     -1.21735
27    0.170042     0.548176    -0.0515527     0.671962
28    0.875132     0.176081    -0.253617      0.297769
29   -0.0223807    0.453494     0.948786      0.893597
30    0.431871    -0.145706     0.329398     -0.495161
31   -0.143918    -0.377175    -0.741009      0.292403
32   -0.401623     0.69952      0.123269      0.245493
33   -0.224783    -0.25594      0.144731     -0.909662
34   -0.253118    -0.0318188   -0.591038     -1.17848
35   -0.362294    -1.21195     -0.963074     -1.21062
36   -0.0316291    0.417409    -0.0975738     0.678283
37   -0.343014    -0.499095    -1.20387      -0.103663
38   -0.274568    -0.917506     0.18338      -0.44816
39   -1.15592     -1.19459     -0.508863     -0.738529
40   -0.111573     0.169728     0.823629     -0.30512
41    0.370684     0.0687759    1.15356       0.661991
42   -0.508849    -1.19459     -0.0483755    -0.738524
43    0.678283    -0.0316291    1.04326       0.401071
44    0.47394      0.969135     1.14491       1.19975
45    0.548718    -0.0475399    0.901464      0.103324
46   -0.193535     0.318923    -0.703616     -0.452448
47   -0.304089    -0.499095    -0.0318923     0.401086
48   -0.727266    -1.19368     -0.357444     -1.08883
49    0.210961    -0.0894817    0.538054      0.85885
50    0.297563     1.09824      1.20806       1.20319
51    0.39713      0.80487      0.963626      1.20422
52   -0.434243    -0.274569    -0.930686     -1.14478
53   -0.139426    -0.0668728    0.346135      0.661803
54   -0.368149    -0.74189     -1.21062      -0.143918
55   -1.21735     -0.366791    -1.08093      -0.897586
56    0.900544    -0.0612326    0.142994      0.193909
57   -0.0972629   -0.210271     0.443656     -0.410216
58   -0.0676591    0.078013    -0.0850673     0.926982
59   -0.727266    -0.0649219   -0.35447      -1.1926
60    1.20326      1.20788      0.805181      0.442834
61    0.818174     1.04229      0.417934      0.129234
62    0.94         0.930976    -0.0172552     0.496982
63   -0.909662    -0.263345    -0.254053     -0.983861
64   -0.894733    -0.380902    -0.0348193    -0.215188
65   -0.322441    -0.0335402    0.528636      0.387212
66    0.335586    -0.310624     0.505931      0.220385
67   -0.286786    -0.0729014    0.636623     -0.136552
68    0.91116      1.17493      0.238256      1.06393
69    0.438869     1.20129      0.33356       0.657231
70    0.552402    -0.0943414    0.116435     -0.126352
71    0.986617     0.63009     -0.0759507    -0.0612653
72    0.0899929   -0.101674    -0.193479     -0.623446
73   -0.699107    -0.909662    -0.0593843    -1.21625
74    0.640253     0.438083    -0.115064      0.896556
75   -0.302235    -0.770137    -0.0300116    -0.649328
76    0.294604     0.932098     1.14532       0.53575
77   -0.330944    -0.595667    -0.0741601     0.292293
78   -0.82972     -0.238786     0.0642329     0.141354
79    1.18661      0.331497     0.505931      0.238256
80   -1.15741     -1.2148      -0.307371     -1.13117
81   -0.193535     0.273585     0.318923     -0.452448
82    0.638072    -0.138845     0.330636     -0.287237
83   -0.903844    -0.499095    -0.190255     -1.08303
84   -0.202969    -0.757245     0.297769     -0.229384
85   -1.21062     -0.143918    -0.832777     -0.362294

 [*,*,3]
:        1            2            3            4         :=
1    -0.330937    -0.416519    -1.20337     -1.30454
2     0.588755     1.31814      1.03541      1.71826
3     1.42416      0.644954     1.25938      0.433133
4     0.594668     1.42497      1.74153      1.25421
5    -1.15834     -0.213305    -0.0291944   -0.402286
6    -0.208002    -0.387564    -1.05178     -0.314135
7     0.270026     0.976704     0.912465     0.524162
8    -0.100386    -0.406992    -1.08439     -1.14342
9    -0.47924      0.093569     0.611211     0.10301
10    0.167705    -0.334258    -0.305417     0.268507
11    0.839565    -0.0353856   -0.209001     0.571267
12   -0.504698     0.159582     0.259309     0.617635
13    0.839565    -0.0511394    0.82987      0.268661
14    0.617635    -0.504698     0.159582    -0.198538
15    1.10323      0.794315     1.74153      0.899434
16   -0.685679    -0.428076    -0.416519     0.233084
17    1.2027       0.96019      0.252713     0.415214
18    1.3985       1.65171      0.928748     0.943197
19   -0.78406     -1.30454     -1.30454     -0.514993
20   -0.247902    -1.14342     -0.100386    -0.4392
21    0.111092     0.992803     1.265        0.359773
22    0.623394     0.919835     1.74153      0.928751
23    0.159582     0.534895     0.64716     -0.340642
24    1.40705      0.741571     1.74153      1.74153
25    0.915761     1.74153      0.604123     1.02484
26   -0.442408    -0.240221     0.549323    -0.100382
27   -0.466626    -0.589673    -1.30454     -1.11616
28    1.74153      0.910865     1.74153      1.74153
29   -0.281419    -0.336995     0.169113    -0.632685
30   -0.409669    -0.36342     -1.13862     -1.08922
31    1.74153      1.71043      0.878998     0.840767
32   -0.309391    -0.494888     0.17232      0.258528
33   -0.575715    -1.11829     -1.30454     -1.30454
34    0.40593      0.233601    -0.504514     0.322506
35    0.987417     0.791481     1.74153      1.74153
36    0.270242     0.858078    -0.181113    -0.096822
37    1.37325      0.839565     0.844413     0.527945
38   -1.30454     -0.524       -0.895322    -1.27754
39   -0.838775     0.313334    -0.55633      0.0354702
40    1.07317      1.41745      1.74153      1.74153
41   -0.553088     0.16321     -0.167703    -0.501172
42   -0.556348     0.313334     0.206941     0.0354663
43   -0.096822     0.270242     0.547641     0.912737
44    1.1129       1.74153      0.766366     1.74153
45    0.933925     0.136797     0.6285       0.968358
46   -1.30454     -0.397206    -0.680984    -0.690869
47    1.25202      0.839565     0.268661     0.82618
48    0.655689     0.310333     0.991105     1.42382
49    1.44666      1.11292      0.790375     1.74153
50   -0.631651    -0.493784    -0.032926    -1.19433
51    0.0760926   -0.573072     0.392667     0.122667
52   -1.30454     -1.30454     -0.499692    -1.30454
53   -0.157004    -1.30454     -0.699044    -0.477455
54    1.74153      0.848125     1.74153      1.74153
55   -0.100382     0.549323     0.876878    -0.240221
56    1.74153      1.45352      1.74153      0.937164
57   -0.312984     0.513985    -0.383453    -0.185573
58    1.04116      0.168648     0.203835     0.617635
59    0.655689     0.173581     0.993802     0.309821
60   -1.17862     -0.0810718   -0.727286    -0.338306
61    1.74153      1.74153      1.03096      1.74153
62    0.304923     0.671808     0.151525     0.942901
63   -1.30454     -1.07272     -0.602027    -0.34503
64   -0.212267    -0.455686    -0.0347939    0.56321
65    1.19313      0.268396     0.800415     0.899434
66   -0.409524    -1.30454     -1.30454     -1.30454
67    0.460175     1.46627      0.670596     0.413377
68   -1.30454     -1.30454     -1.30454     -0.499692
69   -0.333932    -1.17627     -1.14013     -0.561676
70    0.934894     1.40512      1.00788      0.275896
71   -1.30454     -0.515421    -1.17259     -1.30454
72    0.0959855    1.24196      0.636796     0.431686
73   -0.593084    -1.30454     -1.30454     -1.30454
74    0.786268    -0.349958     0.270562     0.242098
75   -0.670463    -0.0147464    0.219225    -0.68312
76   -0.595243    -1.22834     -0.207234    -0.570259
77   -0.66939     -0.653111     0.254049    -0.407669
78    1.74153      1.02369      1.74153      1.74153
79   -1.16008     -0.38804     -1.30454     -1.30454
80    0.79081     -0.182037     0.40189      0.839783
81   -1.30454     -1.23368     -0.397206    -0.690869
82    0.671078     0.41415     -0.445509     0.459662
83   -0.209001     0.839565     0.554908     0.893243
84    0.835162     1.74153      1.74153      1.68618
85    1.74153      1.74153      1.65454      0.987417
;

radius = 1.21843
height = 3.04606
softness = 0.35

---------------------------- Solution coords data ----------------------------
distances [*,1,*]
:    1   2   3   4    :=
1    0   1   0   1
2    0   1   0   1
3    0   1   0   1
4    0   1   0   1
5    0   1   0   1
6    0   1   0   1
7    0   1   0   1
8    0   1   0   1
9    0   1   0   1
10   0   1   0   1
11   0   1   0   1
12   0   1   0   1
13   0   1   0   1
14   0   1   0   1
15   0   1   0   1
16   0   1   0   1
17   0   1   0   1
18   0   1   0   1
19   0   1   0   1
20   0   1   0   1
21   0   1   0   1
22   0   1   0   1
23   0   1   0   1
24   0   1   0   1
25   0   1   0   1
26   0   1   0   1
27   0   1   0   1
28   0   1   0   1
29   0   1   0   1
30   0   1   0   1
31   0   1   0   1
32   0   1   0   1
33   0   1   0   1
34   0   1   0   1
35   0   1   0   1
36   0   1   0   1
37   0   1   0   1
38   0   1   0   1
39   0   1   0   1
40   0   1   0   1
41   0   1   0   1
42   0   1   0   1
43   0   1   0   1
44   0   1   0   1
45   0   1   0   1
46   0   1   0   1
47   0   1   0   1
48   0   1   0   1
49   0   1   0   1
50   0   1   0   1
51   0   1   0   1
52   0   1   0   1
53   0   1   0   1
54   0   1   0   1
55   0   1   0   1
56   0   1   0   1
57   0   1   0   1
58   0   1   0   1
59   0   1   0   1
60   0   1   0   1
61   0   1   0   1
62   0   1   0   1
63   0   1   0   1
64   0   1   0   1
65   0   1   0   1
66   0   1   0   1
67   0   1   0   1
68   0   1   0   1
69   0   1   0   1
70   0   1   0   1
71   0   1   0   1
72   0   1   0   1
73   0   1   0   1
74   0   1   0   1
75   0   1   0   1
76   0   1   0   1
77   0   1   0   1
78   0   1   0   1
79   0   1   0   1
80   0   1   0   1
81   0   1   0   1
82   0   1   0   1
83   0   1   0   1
84   0   1   0   1
85   0   1   0   1

 [*,2,*]
:    1   2   3   4    :=
1    0   0   1   1
2    0   0   1   1
3    0   0   1   1
4    0   0   1   1
5    0   0   1   1
6    0   0   1   1
7    0   0   1   1
8    0   0   1   1
9    0   0   1   1
10   0   0   1   1
11   0   0   1   1
12   0   0   1   1
13   0   0   1   1
14   0   0   1   1
15   0   0   1   1
16   0   0   1   1
17   0   0   1   1
18   0   0   1   1
19   0   0   1   1
20   0   0   1   1
21   0   0   1   1
22   0   0   1   1
23   0   0   1   1
24   0   0   1   1
25   0   0   1   1
26   0   0   1   1
27   0   0   1   1
28   0   0   1   1
29   0   0   1   1
30   0   0   1   1
31   0   0   1   1
32   0   0   1   1
33   0   0   1   1
34   0   0   1   1
35   0   0   1   1
36   0   0   1   1
37   0   0   1   1
38   0   0   1   1
39   0   0   1   1
40   0   0   1   1
41   0   0   1   1
42   0   0   1   1
43   0   0   1   1
44   0   0   1   1
45   0   0   1   1
46   0   0   1   1
47   0   0   1   1
48   0   0   1   1
49   0   0   1   1
50   0   0   1   1
51   0   0   1   1
52   0   0   1   1
53   0   0   1   1
54   0   0   1   1
55   0   0   1   1
56   0   0   1   1
57   0   0   1   1
58   0   0   1   1
59   0   0   1   1
60   0   0   1   1
61   0   0   1   1
62   0   0   1   1
63   0   0   1   1
64   0   0   1   1
65   0   0   1   1
66   0   0   1   1
67   0   0   1   1
68   0   0   1   1
69   0   0   1   1
70   0   0   1   1
71   0   0   1   1
72   0   0   1   1
73   0   0   1   1
74   0   0   1   1
75   0   0   1   1
76   0   0   1   1
77   0   0   1   1
78   0   0   1   1
79   0   0   1   1
80   0   0   1   1
81   0   0   1   1
82   0   0   1   1
83   0   0   1   1
84   0   0   1   1
85   0   0   1   1

 [*,3,*]
:    1   2   3   4    :=
1    1   0   0   1
2    1   0   0   1
3    1   0   0   1
4    1   0   0   1
5    1   0   0   1
6    1   0   0   1
7    1   0   0   1
8    1   0   0   1
9    1   0   0   1
10   1   0   0   1
11   1   0   0   1
12   1   0   0   1
13   1   0   0   1
14   1   0   0   1
15   1   0   0   1
16   1   0   0   1
17   1   0   0   1
18   1   0   0   1
19   1   0   0   1
20   1   0   0   1
21   1   0   0   1
22   1   0   0   1
23   1   0   0   1
24   1   0   0   1
25   1   0   0   1
26   1   0   0   1
27   1   0   0   1
28   1   0   0   1
29   1   0   0   1
30   1   0   0   1
31   1   0   0   1
32   1   0   0   1
33   1   0   0   1
34   1   0   0   1
35   1   0   0   1
36   1   0   0   1
37   1   0   0   1
38   1   0   0   1
39   1   0   0   1
40   1   0   0   1
41   1   0   0   1
42   1   0   0   1
43   1   0   0   1
44   1   0   0   1
45   1   0   0   1
46   1   0   0   1
47   1   0   0   1
48   1   0   0   1
49   1   0   0   1
50   1   0   0   1
51   1   0   0   1
52   1   0   0   1
53   1   0   0   1
54   1   0   0   1
55   1   0   0   1
56   1   0   0   1
57   1   0   0   1
58   1   0   0   1
59   1   0   0   1
60   1   0   0   1
61   1   0   0   1
62   1   0   0   1
63   1   0   0   1
64   1   0   0   1
65   1   0   0   1
66   1   0   0   1
67   1   0   0   1
68   1   0   0   1
69   1   0   0   1
70   1   0   0   1
71   1   0   0   1
72   1   0   0   1
73   1   0   0   1
74   1   0   0   1
75   1   0   0   1
76   1   0   0   1
77   1   0   0   1
78   1   0   0   1
79   1   0   0   1
80   1   0   0   1
81   1   0   0   1
82   1   0   0   1
83   1   0   0   1
84   1   0   0   1
85   1   0   0   1

 [*,4,*]
:    1   2   3   4    :=
1    1   1   1   0
2    1   1   1   0
3    1   1   1   0
4    1   1   1   0
5    1   1   1   0
6    1   1   1   0
7    1   1   1   0
8    1   1   1   0
9    1   1   1   0
10   1   1   1   0
11   1   1   1   0
12   1   1   1   0
13   1   1   1   0
14   1   1   1   0
15   1   1   1   0
16   1   1   1   0
17   1   1   1   0
18   1   1   1   0
19   1   1   1   0
20   1   1   1   0
21   1   1   1   0
22   1   1   1   0
23   1   1   1   0
24   1   1   1   0
25   1   1   1   0
26   1   1   1   0
27   1   1   1   0
28   1   1   1   0
29   1   1   1   0
30   1   1   1   0
31   1   1   1   0
32   1   1   1   0
33   1   1   1   0
34   1   1   1   0
35   1   1   1   0
36   1   1   1   0
37   1   1   1   0
38   1   1   1   0
39   1   1   1   0
40   1   1   1   0
41   1   1   1   0
42   1   1   1   0
43   1   1   1   0
44   1   1   1   0
45   1   1   1   0
46   1   1   1   0
47   1   1   1   0
48   1   1   1   0
49   1   1   1   0
50   1   1   1   0
51   1   1   1   0
52   1   1   1   0
53   1   1   1   0
54   1   1   1   0
55   1   1   1   0
56   1   1   1   0
57   1   1   1   0
58   1   1   1   0
59   1   1   1   0
60   1   1   1   0
61   1   1   1   0
62   1   1   1   0
63   1   1   1   0
64   1   1   1   0
65   1   1   1   0
66   1   1   1   0
67   1   1   1   0
68   1   1   1   0
69   1   1   1   0
70   1   1   1   0
71   1   1   1   0
72   1   1   1   0
73   1   1   1   0
74   1   1   1   0
75   1   1   1   0
76   1   1   1   0
77   1   1   1   0
78   1   1   1   0
79   1   1   1   0
80   1   1   1   0
81   1   1   1   0
82   1   1   1   0
83   1   1   1   0
84   1   1   1   0
85   1   1   1   0
;

---------------------------- Solution stats data ----------------------------
_ampl_time = 0.148271
_total_solve_time = 54537.8
_ampl_elapsed_time = 0.145139
_ampl_user_time = 0.123425

Total time elapsed: $54537.76.
_total_solve_time = 54537.8

---------------------------- Solution miscs data ----------------------------
tetrahedron_volume [*] :=
 1 0.117851   18 0.117851   35 0.117851   52 0.117851   69 0.117851
 2 0.117851   19 0.117851   36 0.117851   53 0.117851   70 0.117851
 3 0.117851   20 0.117851   37 0.117851   54 0.117851   71 0.117851
 4 0.117851   21 0.117851   38 0.117851   55 0.117851   72 0.117851
 5 0.117851   22 0.117851   39 0.117851   56 0.117851   73 0.117851
 6 0.117851   23 0.117851   40 0.117851   57 0.117851   74 0.117851
 7 0.117851   24 0.117851   41 0.117851   58 0.117851   75 0.117851
 8 0.117851   25 0.117851   42 0.117851   59 0.117851   76 0.117851
 9 0.117851   26 0.117851   43 0.117851   60 0.117851   77 0.117851
10 0.117851   27 0.117851   44 0.117851   61 0.117851   78 0.117851
11 0.117851   28 0.117851   45 0.117851   62 0.117851   79 0.117851
12 0.117851   29 0.117851   46 0.117851   63 0.117851   80 0.117851
13 0.117851   30 0.117851   47 0.117851   64 0.117851   81 0.117851
14 0.117851   31 0.117851   48 0.117851   65 0.117851   82 0.117851
15 0.117851   32 0.117851   49 0.117851   66 0.117851   83 0.117851
16 0.117851   33 0.117851   50 0.117851   67 0.117851   84 0.117851
17 0.117851   34 0.117851   51 0.117851   68 0.117851   85 0.117851
;

---------------------------- Solution miscs data ----------------------------
tetrahedron_surface_area [*] :=
 1 0    9 0   17 0   25 0   33 0   41 0   49 0   57 0   65 0   73 0   81 0
 2 0   10 0   18 0   26 0   34 0   42 0   50 0   58 0   66 0   74 0   82 0
 3 0   11 0   19 0   27 0   35 0   43 0   51 0   59 0   67 0   75 0   83 0
 4 0   12 0   20 0   28 0   36 0   44 0   52 0   60 0   68 0   76 0   84 0
 5 0   13 0   21 0   29 0   37 0   45 0   53 0   61 0   69 0   77 0   85 0
 6 0   14 0   22 0   30 0   38 0   46 0   54 0   62 0   70 0   78 0
 7 0   15 0   23 0   31 0   39 0   47 0   55 0   63 0   71 0   79 0
 8 0   16 0   24 0   32 0   40 0   48 0   56 0   64 0   72 0   80 0
;

