Error at _cmdno 5 executing "solve" command
(file amplin, line 1961, offset 37058):
error processing param distances:
	3680 invalid subscripts discarded:
	distances[71,1,1]
	distances[71,1,2]
	distances[71,1,3]
	and 3677 more.
##### This license is only intended for use by NEOS. #####
##### License is valid until Jan 16, 2026 #####
ariables.
Substitution eliminates 1 variable.
Adjusted problem:
12918 variables:
	8088 nonlinear variables
	4830 linear variables
25903 constraints; 155161 nonzeros
	22925 nonlinear constraints
	2978 linear constraints
	2486 equality constraints
	23417 inequality constraints
1 nonlinear objective; 3 nonzeros.

Artelys Knitro 14.2.0: threads=4
algorithm=1
ms_enable=1
ms_maxsolves=10
feastol=1e-5
opttol=1e-5
honorbnds=1
bar_initpt=3
bar_murule=4
scale=1
outlev=2
maxtime_real=1200
WARNING:  Option 'threads' is deprecated, please use 'numthreads'.
WARNING: 1 constraint is constant or undefined and will be ignored.

=======================================
           Academic License
       (NOT FOR COMMERCIAL USE)
         Artelys Knitro 14.2.0
=======================================

No start point provided -- Knitro computing one.

Knitro presolve eliminated 0 variables and 1 constraint.

algorithm                1
bar_initpt               3
bar_murule               4
concurrent_evals         0
datacheck                0
feastol                  1e-05
findiff_numthreads       1
hessian_no_f             1
hessopt                  1
honorbnds                1
maxtime_real             1200
ms_enable                1
ms_maxsolves             10
numthreads               4
opttol                   1e-05

Problem Characteristics                                 (   Presolved)
-----------------------
Objective goal:  Minimize
Objective type:  general
Number of variables:                              12918 (       12918)
    bounded below only:                               1 (           1)
    bounded above only:                               0 (           0)
    bounded below and above:                          0 (           0)
    fixed:                                            0 (           0)
    free:                                         12917 (       12917)
Number of constraints:                            25903 (       25902)
    linear equalities:                                1 (           0)
    quadratic equalities:                          2415 (        2415)
    gen. nonlinear equalities:                       70 (          70)
    linear one-sided inequalities:                 2977 (        2977)
    quadratic one-sided inequalities:             20440 (       20440)
    gen. nonlinear one-sided inequalities:            0 (           0)
    linear two-sided inequalities:                    0 (           0)
    quadratic two-sided inequalities:                 0 (           0)
    gen. nonlinear two-sided inequalities:            0 (           0)
Number of nonzeros in Jacobian:                  155161 (      155161)
Number of nonzeros in Hessian:                    70668 (       70668)

Knitro parallel multistart will run with 4 threads.

Return codes description
------------------------
  0:  The final solution satisfies the termination conditions for verifying optimality.
  -100 to -199:  A feasible approximate solution was found.
  -200 to -299:  Knitro terminated at an infeasible point.
  -300 to -301:  The problem was determined to be unbounded.
  -400 to -499:  Knitro terminated because it reached a pre-defined limit.
    -400 to -409:  A feasible point was found.
    -410 to -419:  No feasible point was found.
  -500 to -599:  Knitro terminated with an input error or some non-standard error.
A more detailed description of individual return codes and their corresponding
termination messages is provided at
https://www.artelys.com/app/docs/knitro/3_referenceManual/returnCodes.html

 Solve #  ThreadID  Status     Objective      FeasError    OptError    Real Time 
--------  --------  ------  --------------   ----------   ----------  ----------
      0          0       0         4.93037  1.43542e-05  1.28736e-06      441.793
      5          2    -410     1.31145e+11      705986.      22829.1      2633.40
      1          2    -410     2.46896e+10  2.83154e+06      7006.86      2662.60
      3          1    -410     8.58908e+11      565382.      151506.      2792.93
      2          3    -410     2.16632e+12      380979.      124530.      2808.42
      7          3    -410     2.27125e+12  1.79139e+06      122771.      2617.13
      4          0    -410     6.15728e+13  1.74048e+06  3.42220e+06      2823.59
      6          1    -410     1.92671e+12      46851.7      205413.      2604.59
      8          0    -410     4.40770e+13  2.01600e+06  2.95941e+06      2446.42
      9          2    -410     7.98147e+09  1.51611e+06      3802.06      2208.11

MULTISTART: Best locally optimal solution is returned.
EXIT: Locally optimal solution found.

Final Statistics
----------------
Final objective value               =   4.93037265162783e+00
Final feasibility error (abs / rel) =   1.44e-05 / 2.60e-06
Final optimality error  (abs / rel) =   1.29e-06 / 1.47e-07
# of iterations                     =      91884 
# of CG iterations                  =          0 
# of function evaluations           =      92155
# of gradient evaluations           =      91950
# of Hessian evaluations            =      91907
Total program time (secs)           =    7504.47656 ( 23959.045 CPU time)

===============================================================================

Knitro 14.2.0: Locally optimal or satisfactory solution.
objective 4.930372652; feasibility error 1.44e-05
91884 iterations; 92155 function evaluations

suffix feaserror OUT;
suffix opterror OUT;
suffix numfcevals OUT;
suffix numiters OUT;
---------------------------- Solver Status Report ----------------------------
solve_result_num = 0
solve_result = solved
solve_message = 'Knitro 14.2.0: Locally optimal or satisfactory solution.\
objective 4.930372652; feasibility error 1.44e-05\
91884 iterations; 92155 function evaluations'


---------------------------- Problem Dimensions ----------------------------
Variables: 25414
Constraints: 25974
---------------------------- Container and geometric considerations  ----------------------------
Container type: cylinder
Structural conservation type: volume & surface
---------------------------- Solution execution data ----------------------------
solve_result_num = 0
solve_result = solved

---------------------------- Solution data ----------------------------
card(figures) = 70

coords [*,*,1]
:         1              2            3            4         :=
1     0.167604      -0.0354498    -0.732484     0.0144671
2     0.750988       0.900865      0.197277     1.12812
3     0.780437       0.208409      1.1255       0.994661
4     0.945309       0.177864      1.11724      0.905093
5     1.04316        0.328371      0.192562     0.948913
6     0.071184       0.244206      0.0859487    0.934459
7    -1.07904       -0.82624      -0.424486    -0.144085
8    -1.10059       -0.774763     -0.236745    -1.0708
9     1.12717        1.11838       0.277054     0.524045
10    0.220018       0.327425      0.433926     1.12788
11   -1.03836       -0.753984     -0.198022    -0.200488
12    0.0572339     -0.275256     -0.0231374    0.698047
13   -0.237461      -1.08468      -1.12048     -0.926609
14   -0.261343      -0.088403     -0.0937477    0.654087
15   -0.755172       0.181176     -0.162542    -0.527607
16    0.623773       0.123807      0.506787     1.12682
17   -0.202566       0.0743003     0.737827     0.29486
18   -0.949727      -0.7178       -1.08849     -0.135387
19    0.209144       0.970947      0.527122     0.105813
20    0.295106       0.0623229    -0.659651    -0.20258
21    0.158358       0.00277885   -0.250059    -0.759038
22    0.804869       0.0742021     0.875034     0.137507
23   -0.75623       -1.12294      -0.237617    -1.08486
24   -0.794382       0.181584     -0.0938059   -0.280727
25    0.184919       1.12828       0.913199     0.706997
26   -0.7673         0.0486224     0.0381009   -0.569095
27   -0.426219      -0.490878      0.405843    -0.0832578
28   -1.1205        -0.171496     -0.945252    -0.597748
29   -0.939439      -0.208972     -0.543693    -1.12308
30   -0.382053       0.250213     -0.692519    -0.15863
31    1.08571        0.204354      0.942175     1.0385
32    0.111181      -0.798709     -0.128206    -0.0263748
33    0.0194138     -0.655204      0.178284     0.176817
34    0.177043       0.98156       0.181601     0.614427
35   -0.135369      -0.717714     -0.949725    -0.115061
36   -0.0324384     -0.202607     -0.711252    -0.936058
37   -1.10015       -0.624659     -0.224967    -1.11839
38   -0.777069       0.115002     -0.192389    -0.615258
39    0.0816425      0.944735      0.199157     0.706211
40    0.11318        0.855722     -0.0140415    0.580345
41   -0.489879      -1.10879      -0.128794    -0.749395
42    0.685029      -0.105644     -0.130338    -0.125737
43   -0.89818       -0.215472     -1.09552     -1.11272
44   -0.196339      -0.240452     -0.801993    -0.970559
45    0.049584      -0.71931       0.077464     0.188124
46    0.131095       0.557374      0.857898     1.12639
47    0.192676      -0.732684     -0.0791277   -0.039054
48    0.213278       0.335121      1.04002      0.98156
49   -0.758267      -1.09923      -0.527667    -0.152039
50    0.319799      -0.00129453    0.101584     0.930013
51    0.131094       1.12795       0.85788      0.73784
52   -0.486926      -1.09781      -0.608121    -0.108138
53   -0.198014      -0.237544      0.221681    -0.790323
54    1.12756        0.911742      0.79522      0.161171
55    0.190745       0.752246      0.898143     0.0322187
56   -0.149817      -0.873376     -0.424487     0.0413645
57    1.10994        0.855734      0.11322      0.61879
58   -0.425174       0.0352032     0.547452     0.0394158
59    0.0145964      0.245548      0.0117051    0.870374
60    0.0995924      0.922706      0.191392     0.053064
61    0.167671       0.165848      0.962895     0.0850311
62   -0.227764      -1.04025      -1.11512     -0.989527
63   -1.07964       -0.490377     -0.0887155   -0.426286
64   -0.000383234   -0.590747      0.34148      0.12896
65    0.054792       0.924772      0.0819099    0.443645
66    0.0239744      0.865065      0.0592197    0.5446
67    0.685679       0.909731      0.0683948    0.0865071
68    0.0610449      0.0838544    -0.568956     0.4436
69   -0.195997      -1.11539      -0.794393    -1.06844
70   -0.0859545     -0.448226      0.374841     0.403152

 [*,*,2]
:         1             2             3             4         :=
1     1.11606        1.12798      0.85856        0.241851
2     0.842438       0.679798     0.177913      -0.0322186
3    -0.815232      -0.181048     0.0832975     -0.533222
4    -0.61649       -0.190372     0.159554      -0.674154
5     0.43049        1.07975      0.130359       0.610937
6     0.456087      -0.549152     0.0637128      0.098555
7    -0.330688      -0.692132    -1.04571       -0.154944
8     0.249758       0.595677    -0.101711      -0.356466
9    -0.0558839      0.151349    -0.240584       0.68622
10    0.00495359     0.482276    -0.536863       0.0395029
11   -0.442148       0.441834    -0.396425      -0.0322166
12   -0.160277      -0.158879    -1.04677       -0.392432
13   -0.000522816    0.310774    -0.134911      -0.644261
14    1.0979         1.12504      0.238497       0.919662
15   -0.838653      -1.11394     -0.200178      -0.997657
16   -0.94053       -0.145838    -0.25454       -0.062198
17    1.11025        0.239968     0.853985       1.08932
18    0.346414      -0.587643    -0.298107      -0.0408551
19    0.149246       0.575284     0.997912       1.00983
20    1.0893         0.248874     0.826647       1.11025
21    1.06369        0.167386     0.30717        0.821236
22   -0.79112       -1.06534     -0.492877      -0.154396
23    0.837656      -0.112661    -0.000337527    0.310942
24   -0.801652      -1.11387     -0.133358      -0.843163
25   -0.192916      -0.0260474   -0.547798       0.449547
26   -0.525018      -1.12752     -0.228408      -0.974583
27   -1.045         -0.551289    -0.892952      -0.132657
28    0.134756       0.115704     0.616587       0.957278
29   -0.625386      -0.0639844   -0.888531      -0.111178
30    1.06194        1.10048      0.891124       0.219287
31   -0.308055       0.136999     0.62128        0.441816
32    1.12309        0.797276     0.277902       0.251116
33    0.517246      -0.187711    -0.431888      -0.0889814
34   -0.164525      -0.556984    -1.11386       -0.946659
35   -0.0408018     -0.587496     0.346417       0.177235
36    0.271996       1.11024      0.876247       0.394678
37   -0.251683      -0.727955     0.114871       0.151259
38    0.818447       0.649121     0.23105       -0.0697084
39   -0.170101      -0.481654    -0.211671       0.451976
40    0.0296746      0.735809     0.974647       0.269097
41    0.960362       0.210426     0.00908375     0.451949
42    0.0628144     -0.100684     0.562902      -0.390559
43    0.68334        0.092091    -0.271123       0.188383
44    1.11133        0.122676     0.794037       0.575932
45   -1.09111       -0.498097    -0.18561       -0.245004
46    0.253544      -0.179667     0.733259       0.019202
47   -0.394992      -0.343809    -1.0347        -0.0418661
48    0.0519739     -0.634022     0.10538       -0.556973
49   -0.835785      -0.255695    -0.99761       -0.177489
50    1.08232        0.261944     1.124          0.639343
51    0.25353        0.0375165    0.733299       0.85398
52    1.01813        0.261712     0.530388       0.0759517
53   -0.396423       0.105561     0.483271       0.396586
54    0.0478614     -0.665144    -0.800681      -0.228523
55    0.17328        0.841234     0.683387       1.12811
56   -0.194508      -0.714774    -1.0457        -1.12351
57   -0.204186       0.735802     0.029666       0.256692
58   -1.04542       -0.225141    -0.986904      -1.12788
59    0.129371      -0.196728     0.758207       0.480542
60   -0.174349      -0.645757    -0.224982      -1.07455
61    0.147009       1.11633      0.588653       0.591162
62    0.0893482     -0.437679     0.173762       0.514311
63   -0.328727      -0.549912    -0.0779152     -1.04497
64    0.179125       0.771116     1.04159        0.191343
65   -1.12725       -0.646902    -0.22944       -1.03772
66   -1.09208       -0.600366    -0.216801      -0.988484
67   -0.713858      -0.667872    -1.1265        -0.155664
68   -1.12692       -0.233868    -0.97465       -1.03774
69   -0.116058       0.171476    -0.801637      -0.363493
70   -0.12846       -0.581985     0.0283765     -0.888752

 [*,*,3]
:        1             2            3            4         :=
1    -0.481155     0.491167     -0.209923    -0.0209175
2     1.23664      0.236108      0.687336     0.885883
3     1.17777      0.672103      1.02418      0.216236
4    -0.918254    -0.389674     -0.354161     0.104022
5    -0.696747    -0.384518     -0.210548     0.256451
6     0.732871     0.819162      1.62497      1.05162
7    -1.43952     -0.514637     -1.33796     -1.05877
8     1.68732      0.832328      1.35595      0.871577
9    -1.31402     -0.35964      -0.772568    -0.945904
10   -1.3406      -2.18359      -2.18359     -1.8145
11   -1.69192     -1.9881       -2.1836      -1.26775
12    0.819758    -0.0964632     0.348586     0.122917
13   -0.384331    -0.8694        0.052571    -0.755516
14    1.42432      0.465479      0.978877     1.14105
15    0.14871      0.460897      0.646513     1.11977
16   -1.20597     -1.46771      -0.52352     -1.27547
17   -2.18359     -1.81919      -2.18359     -1.29012
18   -0.794527    -0.639478     -1.5124      -1.2812
19   -1.3631      -0.929328     -1.75054     -0.816555
20   -1.28961     -1.81228      -1.37078     -2.18359
21   -0.45359      0.0180386    -0.912847    -0.187132
22    1.06285      0.40667       0.122189     0.74784
23   -0.104088     0.0073572    -0.384582    -0.869642
24    1.68733      1.68733       1.57501      0.860006
25    0.656376     0.881024      0.0289578    0.14187
26   -0.58851     -0.484984     -0.0288026    0.253289
27   -1.33823     -2.18359      -1.82423     -1.34181
28   -0.058979     0.327028      0.77469     -0.0730357
29   -0.721552    -0.321732      0.18624      0.0858474
30   -1.42038     -0.658362     -0.458913    -0.984456
31    0.0574632   -0.206778      0.313881    -0.639285
32    0.501204     0.374899      0.949934    -0.0190551
33    1.39832      1.08539       1.55297      0.58736
34    1.30167      1.68733       1.68732      0.81362
35   -1.28121     -0.639574     -0.794513    -0.32023
36   -1.71625     -2.18359      -1.34564     -2.18359
37    0.854489     0.149383      0.467628    -0.0328147
38    1.31676      1.68733       0.80374      1.68732
39   -0.37217     -0.00413951    0.644847     0.142358
40    1.68733      1.68732       1.31206      0.866082
41   -1.10621     -1.0387       -1.22735     -1.91197
42   -0.584015    -0.0339276    -0.814331    -1.01656
43    0.900161     0.513479      0.892359     0.0289878
44    1.06547      0.799729      0.370815     1.35773
45   -0.465828    -0.550438      0.0130099   -0.953552
46   -1.71311     -0.951122     -1.1731      -1.77977
47    1.44522      1.14339       0.761919     0.511626
48    1.57768      0.896024      0.97466      1.68732
49    0.134331     0.849561      1.11952      0.63342
50   -0.390605     0.0264203     0.570729     0.226994
51   -1.71313     -1.81121      -1.17314     -2.18359
52   -1.11186     -1.04363      -0.244856    -1.01524
53   -2.1836      -1.34906      -2.18358     -2.16127
54   -1.80318     -1.17464      -2.18359     -1.61738
55    0.691556     1.22872       0.256363     0.576347
56   -0.873127    -0.478303     -1.33794     -0.48531
57    1.6445       1.68732       1.68732      0.872266
58   -1.33935     -0.971081     -1.36344     -0.486481
59   -0.148786     0.740221      0.660252     0.292013
60    0.0044168   -0.383203     -0.964615    -0.482887
61   -0.199063    -0.301673     -0.670818    -1.11879
62   -1.36126     -1.69606      -0.940704    -1.89896
63   -1.43937     -2.18359      -1.36758     -1.33847
64   -0.889746    -1.41316      -1.3248      -1.85574
65   -0.512099    -0.384138     -0.0230786    0.39698
66   -0.481603    -0.509761     -1.01324     -1.35808
67   -2.14126     -1.19379      -1.44069     -1.5253
68   -0.497971    -0.0207981     0.253163     0.396966
69    1.33802      1.68732       1.68733      0.860926
70   -1.33916     -2.18359      -2.1836      -1.82157
;

radius = 1.12858
height = 3.87093
softness = 0.05

---------------------------- Solution coords data ----------------------------
distances [*,1,*]
:    1   2   3   4    :=
1    0   1   0   1
2    0   1   0   1
3    0   1   0   1
4    0   1   0   1
5    0   1   0   1
6    0   1   0   1
7    0   1   0   1
8    0   1   0   1
9    0   1   0   1
10   0   1   0   1
11   0   1   0   1
12   0   1   0   1
13   0   1   0   1
14   0   1   0   1
15   0   1   0   1
16   0   1   0   1
17   0   1   0   1
18   0   1   0   1
19   0   1   0   1
20   0   1   0   1
21   0   1   0   1
22   0   1   0   1
23   0   1   0   1
24   0   1   0   1
25   0   1   0   1
26   0   1   0   1
27   0   1   0   1
28   0   1   0   1
29   0   1   0   1
30   0   1   0   1
31   0   1   0   1
32   0   1   0   1
33   0   1   0   1
34   0   1   0   1
35   0   1   0   1
36   0   1   0   1
37   0   1   0   1
38   0   1   0   1
39   0   1   0   1
40   0   1   0   1
41   0   1   0   1
42   0   1   0   1
43   0   1   0   1
44   0   1   0   1
45   0   1   0   1
46   0   1   0   1
47   0   1   0   1
48   0   1   0   1
49   0   1   0   1
50   0   1   0   1
51   0   1   0   1
52   0   1   0   1
53   0   1   0   1
54   0   1   0   1
55   0   1   0   1
56   0   1   0   1
57   0   1   0   1
58   0   1   0   1
59   0   1   0   1
60   0   1   0   1
61   0   1   0   1
62   0   1   0   1
63   0   1   0   1
64   0   1   0   1
65   0   1   0   1
66   0   1   0   1
67   0   1   0   1
68   0   1   0   1
69   0   1   0   1
70   0   1   0   1

 [*,2,*]
:    1   2   3   4    :=
1    0   0   1   1
2    0   0   1   1
3    0   0   1   1
4    0   0   1   1
5    0   0   1   1
6    0   0   1   1
7    0   0   1   1
8    0   0   1   1
9    0   0   1   1
10   0   0   1   1
11   0   0   1   1
12   0   0   1   1
13   0   0   1   1
14   0   0   1   1
15   0   0   1   1
16   0   0   1   1
17   0   0   1   1
18   0   0   1   1
19   0   0   1   1
20   0   0   1   1
21   0   0   1   1
22   0   0   1   1
23   0   0   1   1
24   0   0   1   1
25   0   0   1   1
26   0   0   1   1
27   0   0   1   1
28   0   0   1   1
29   0   0   1   1
30   0   0   1   1
31   0   0   1   1
32   0   0   1   1
33   0   0   1   1
34   0   0   1   1
35   0   0   1   1
36   0   0   1   1
37   0   0   1   1
38   0   0   1   1
39   0   0   1   1
40   0   0   1   1
41   0   0   1   1
42   0   0   1   1
43   0   0   1   1
44   0   0   1   1
45   0   0   1   1
46   0   0   1   1
47   0   0   1   1
48   0   0   1   1
49   0   0   1   1
50   0   0   1   1
51   0   0   1   1
52   0   0   1   1
53   0   0   1   1
54   0   0   1   1
55   0   0   1   1
56   0   0   1   1
57   0   0   1   1
58   0   0   1   1
59   0   0   1   1
60   0   0   1   1
61   0   0   1   1
62   0   0   1   1
63   0   0   1   1
64   0   0   1   1
65   0   0   1   1
66   0   0   1   1
67   0   0   1   1
68   0   0   1   1
69   0   0   1   1
70   0   0   1   1

 [*,3,*]
:    1   2   3   4    :=
1    1   0   0   1
2    1   0   0   1
3    1   0   0   1
4    1   0   0   1
5    1   0   0   1
6    1   0   0   1
7    1   0   0   1
8    1   0   0   1
9    1   0   0   1
10   1   0   0   1
11   1   0   0   1
12   1   0   0   1
13   1   0   0   1
14   1   0   0   1
15   1   0   0   1
16   1   0   0   1
17   1   0   0   1
18   1   0   0   1
19   1   0   0   1
20   1   0   0   1
21   1   0   0   1
22   1   0   0   1
23   1   0   0   1
24   1   0   0   1
25   1   0   0   1
26   1   0   0   1
27   1   0   0   1
28   1   0   0   1
29   1   0   0   1
30   1   0   0   1
31   1   0   0   1
32   1   0   0   1
33   1   0   0   1
34   1   0   0   1
35   1   0   0   1
36   1   0   0   1
37   1   0   0   1
38   1   0   0   1
39   1   0   0   1
40   1   0   0   1
41   1   0   0   1
42   1   0   0   1
43   1   0   0   1
44   1   0   0   1
45   1   0   0   1
46   1   0   0   1
47   1   0   0   1
48   1   0   0   1
49   1   0   0   1
50   1   0   0   1
51   1   0   0   1
52   1   0   0   1
53   1   0   0   1
54   1   0   0   1
55   1   0   0   1
56   1   0   0   1
57   1   0   0   1
58   1   0   0   1
59   1   0   0   1
60   1   0   0   1
61   1   0   0   1
62   1   0   0   1
63   1   0   0   1
64   1   0   0   1
65   1   0   0   1
66   1   0   0   1
67   1   0   0   1
68   1   0   0   1
69   1   0   0   1
70   1   0   0   1

 [*,4,*]
:    1   2   3   4    :=
1    1   1   1   0
2    1   1   1   0
3    1   1   1   0
4    1   1   1   0
5    1   1   1   0
6    1   1   1   0
7    1   1   1   0
8    1   1   1   0
9    1   1   1   0
10   1   1   1   0
11   1   1   1   0
12   1   1   1   0
13   1   1   1   0
14   1   1   1   0
15   1   1   1   0
16   1   1   1   0
17   1   1   1   0
18   1   1   1   0
19   1   1   1   0
20   1   1   1   0
21   1   1   1   0
22   1   1   1   0
23   1   1   1   0
24   1   1   1   0
25   1   1   1   0
26   1   1   1   0
27   1   1   1   0
28   1   1   1   0
29   1   1   1   0
30   1   1   1   0
31   1   1   1   0
32   1   1   1   0
33   1   1   1   0
34   1   1   1   0
35   1   1   1   0
36   1   1   1   0
37   1   1   1   0
38   1   1   1   0
39   1   1   1   0
40   1   1   1   0
41   1   1   1   0
42   1   1   1   0
43   1   1   1   0
44   1   1   1   0
45   1   1   1   0
46   1   1   1   0
47   1   1   1   0
48   1   1   1   0
49   1   1   1   0
50   1   1   1   0
51   1   1   1   0
52   1   1   1   0
53   1   1   1   0
54   1   1   1   0
55   1   1   1   0
56   1   1   1   0
57   1   1   1   0
58   1   1   1   0
59   1   1   1   0
60   1   1   1   0
61   1   1   1   0
62   1   1   1   0
63   1   1   1   0
64   1   1   1   0
65   1   1   1   0
66   1   1   1   0
67   1   1   1   0
68   1   1   1   0
69   1   1   1   0
70   1   1   1   0
;

---------------------------- Solution stats data ----------------------------
_ampl_time = 0.140424
_total_solve_time = 23959.4
_ampl_elapsed_time = 0.136936
_ampl_user_time = 0.111366

Total time elapsed: $23959.39.
_total_solve_time = 23959.4

---------------------------- Solution miscs data ----------------------------
tetrahedron_volume [*] :=
 1 0.117851   15 0.117851   29 0.117851   43 0.117851   57 0.117851
 2 0.117851   16 0.117851   30 0.117851   44 0.117851   58 0.117851
 3 0.117851   17 0.117851   31 0.117851   45 0.117851   59 0.117851
 4 0.117851   18 0.117851   32 0.117851   46 0.117851   60 0.117851
 5 0.117851   19 0.117851   33 0.117851   47 0.117851   61 0.117851
 6 0.117851   20 0.117851   34 0.117851   48 0.117851   62 0.117851
 7 0.117851   21 0.117851   35 0.117851   49 0.117851   63 0.117851
 8 0.117851   22 0.117851   36 0.117851   50 0.117851   64 0.117851
 9 0.117851   23 0.117851   37 0.117851   51 0.117851   65 0.117851
10 0.117851   24 0.117851   38 0.117851   52 0.117851   66 0.117851
11 0.117851   25 0.117851   39 0.117851   53 0.117851   67 0.117851
12 0.117851   26 0.117851   40 0.117851   54 0.117851   68 0.117851
13 0.117851   27 0.117851   41 0.117851   55 0.117851   69 0.117851
14 0.117851   28 0.117851   42 0.117851   56 0.117851   70 0.117851
;

---------------------------- Solution miscs data ----------------------------
tetrahedron_surface_area [*] :=
 1 0    8 0   15 0   22 0   29 0   36 0   43 0   50 0   57 0   64 0
 2 0    9 0   16 0   23 0   30 0   37 0   44 0   51 0   58 0   65 0
 3 0   10 0   17 0   24 0   31 0   38 0   45 0   52 0   59 0   66 0
 4 0   11 0   18 0   25 0   32 0   39 0   46 0   53 0   60 0   67 0
 5 0   12 0   19 0   26 0   33 0   40 0   47 0   54 0   61 0   68 0
 6 0   13 0   20 0   27 0   34 0   41 0   48 0   55 0   62 0   69 0
 7 0   14 0   21 0   28 0   35 0   42 0   49 0   56 0   63 0   70 0
;

