Error at _cmdno 5 executing "solve" command
(file amplin, line 1977, offset 37909):
error processing param distances:
	3600 invalid subscripts discarded:
	distances[76,1,1]
	distances[76,1,2]
	distances[76,1,3]
	and 3597 more.
##### This license is only intended for use by NEOS. #####
##### License is valid until Jan 16, 2026 #####
ariables.
Adjusted problem:
14776 variables:
	9225 nonlinear variables
	5551 linear variables
30525 constraints; 179175 nonzeros
	25950 nonlinear constraints
	4575 linear constraints
	2850 equality constraints
	27675 inequality constraints
1 linear objective; 1 nonzero.

Artelys Knitro 14.2.0: threads=4
algorithm=1
ms_enable=1
ms_maxsolves=10
feastol=1e-5
opttol=1e-5
honorbnds=1
bar_initpt=3
bar_murule=4
scale=1
outlev=2
maxtime_real=1200
WARNING:  Option 'threads' is deprecated, please use 'numthreads'.

=======================================
           Academic License
       (NOT FOR COMMERCIAL USE)
         Artelys Knitro 14.2.0
=======================================

No start point provided -- Knitro computing one.

Knitro presolve eliminated 0 variables and 0 constraints.

algorithm                1
bar_initpt               3
bar_murule               4
concurrent_evals         0
datacheck                0
feastol                  1e-05
findiff_numthreads       1
hessian_no_f             1
hessopt                  1
honorbnds                1
maxtime_real             1200
ms_enable                1
ms_maxsolves             10
numthreads               4
opttol                   1e-05

Problem Characteristics                                 (   Presolved)
-----------------------
Objective goal:  Minimize
Objective type:  linear
Number of variables:                              14776 (       14776)
    bounded below only:                             901 (         901)
    bounded above only:                               0 (           0)
    bounded below and above:                          0 (           0)
    fixed:                                            0 (           0)
    free:                                         13875 (       13875)
Number of constraints:                            30525 (       30525)
    linear equalities:                                0 (           0)
    quadratic equalities:                          2775 (        2775)
    gen. nonlinear equalities:                       75 (          75)
    linear one-sided inequalities:                 4575 (        4575)
    quadratic one-sided inequalities:             23100 (       23100)
    gen. nonlinear one-sided inequalities:            0 (           0)
    linear two-sided inequalities:                    0 (           0)
    quadratic two-sided inequalities:                 0 (           0)
    gen. nonlinear two-sided inequalities:            0 (           0)
Number of nonzeros in Jacobian:                  179175 (      179175)
Number of nonzeros in Hessian:                    80775 (       80775)

Knitro parallel multistart will run with 4 threads.

Return codes description
------------------------
  0:  The final solution satisfies the termination conditions for verifying optimality.
  -100 to -199:  A feasible approximate solution was found.
  -200 to -299:  Knitro terminated at an infeasible point.
  -300 to -301:  The problem was determined to be unbounded.
  -400 to -499:  Knitro terminated because it reached a pre-defined limit.
    -400 to -409:  A feasible point was found.
    -410 to -419:  No feasible point was found.
  -500 to -599:  Knitro terminated with an input error or some non-standard error.
A more detailed description of individual return codes and their corresponding
termination messages is provided at
https://www.artelys.com/app/docs/knitro/3_referenceManual/returnCodes.html

 Solve #  ThreadID  Status     Objective      FeasError    OptError    Real Time 
--------  --------  ------  --------------   ----------   ----------  ----------
      7          1    -202         11510.0      24.3171      1.00000      1082.19
      0          0       0         2.36224  8.41521e-05  7.99894e-06      1635.97
      9          0    -202         3763.13      54657.6      1.13581      1571.28
      4          0    -410         1109.10  1.59987e-03     0.155203      6720.16
      8          1    -410         2525.80  2.33586e-02      1.70249      3633.93
      6          3    -410         681.373  1.37930e-02     0.405572      4894.15
      5          2    -410         2195.81  1.18771e-03     0.200536      4930.35
      2          2    -410         4307.44  2.66513e-02      1.31786      6739.88
      1          3    -410         4902.91  1.28741e-02      1.04510      6759.94
      3          1    -410         6500.05     0.168993      2.25992      7131.42

MULTISTART: Best locally optimal solution is returned.
EXIT: Locally optimal solution found.

Final Statistics
----------------
Final objective value               =   2.36223579714672e+00
Final feasibility error (abs / rel) =   8.42e-05 / 4.65e-06
Final optimality error  (abs / rel) =   8.00e-06 / 8.00e-06
# of iterations                     =      78537 
# of CG iterations                  =          0 
# of function evaluations           =     103025
# of gradient evaluations           =      78804
# of Hessian evaluations            =      78608
Total program time (secs)           =   11850.00977 ( 38013.566 CPU time)

===============================================================================

Knitro 14.2.0: Locally optimal or satisfactory solution.
objective 2.362235797; feasibility error 8.42e-05
78537 iterations; 103025 function evaluations

suffix feaserror OUT;
suffix opterror OUT;
suffix numfcevals OUT;
suffix numiters OUT;
---------------------------- Container and geometric considerations  ----------------------------
Container type: cube
Structural conservation type: volume & surface
---------------------------- Solution execution data ----------------------------
solve_result_num = 0
solve_result = solved

---------------------------- Solution data ----------------------------
card(figures) = 75

coords [*,*,1]
:       1         2         3         4       :=
1    20.6719   20.0211   19.7052   20.54
2    20.489    21.1811   21.0994   20.329
3    20.2953   21.0126   20.1563   20.6053
4    20.2385   19.3741   19.8388   19.4734
5    20.2226   21.1811   21.1289   21.0872
6    18.9679   19.5311   18.9211   19.8727
7    19.9759   20.8996   20.1537   20.0045
8    20.0058   20.2853   20.5254   19.6849
9    21.1811   21.1811   21.1811   20.5502
10   19.6039   18.8189   18.8471   18.8189
11   18.8189   18.8189   19.6156   18.8189
12   18.8505   18.8203   19.6053   19.5158
13   18.8189   18.8189   18.8189   19.5623
14   20.2372   19.5901   19.5388   19.9978
15   20.572    19.6882   19.8057   19.5906
16   20.4434   21.1094   20.0157   20.9465
17   19.8209   18.8189   18.9979   19.3187
18   18.8189   19.7104   18.8189   19.3265
19   19.4444   19.9279   20.3375   20.1365
20   20.1122   20.5289   19.9163   20.7842
21   19.8336   19.6155   18.8189   19.3804
22   18.8189   19.7695   19.0467   18.9865
23   21.1811   20.3334   20.6362   21.1698
24   19.6514   19.9276   20.737    19.9368
25   21.1811   20.3672   21.1811   21.1811
26   20.1534   19.7518   19.4448   19.2067
27   18.8189   18.8189   19.0631   19.6335
28   21.1811   20.5089   21.1811   21.1811
29   19.4134   19.9599   20.151    19.9719
30   20.006    20.5586   19.7257   20.6313
31   20.7652   19.9935   21.1022   20.5178
32   18.8189   18.8189   18.8189   19.578
33   21.1811   20.2275   21.1811   21.0828
34   20.0873   19.9502   19.3382   20.1716
35   19.0641   19.5748   19.5682   18.8273
36   19.8308   19.6722   18.8699   19.231
37   20.2517   19.412    19.9538   19.2118
38   20.174    20.6753   19.9097   19.9059
39   19.7447   20.48     19.422    19.8336
40   19.6534   19.5719   18.8189   18.8189
41   18.8189   18.8189   18.8189   19.5623
42   20.8466   19.9368   20.4631   19.9285
43   21.1811   20.418    20.1016   20.5586
44   20.2953   19.9293   20.1567   20.7106
45   19.8436   19.0999   18.8189   19.575
46   20.3373   20.6331   21.1658   20.4581
47   20.473    19.7395   19.5241   20.2755
48   20.2687   21.1594   21.0105   21.1811
49   20.3562   21.0637   21.1811   20.3538
50   18.8189   18.845    19.5967   18.8189
51   21.1162   20.5876   20.4925   21.1811
52   20.0173   19.6595   19.2664   19.9296
53   21.1811   21.1196   20.615    20.2202
54   21.1811   21.1811   21.1811   20.4251
55   19.5755   20.0227   19.2152   19.3637
56   19.956    19.5348   20.3208   19.3592
57   19.9825   20.5254   20.3633   21.0753
58   21.1811   20.4038   20.6553   20.0734
59   19.8208   19.9694   19.0914   19.2412
60   19.5987   18.8615   19.9786   19.5631
61   19.9103   20.0949   20.3026   19.349
62   21.1811   21.1545   20.3749   21.1183
63   18.8189   19.68     19.6414   19.2793
64   20.2953   20.6014   21.1811   21.0126
65   21.1811   21.1811   20.3334   21.1811
66   21.0739   19.9625   20.6897   20.3495
67   20.2047   20.7134   19.9067   20.4524
68   20.3626   20.1861   20.4564   19.4379
69   18.8189   18.8189   18.8189   19.5399
70   18.8189   19.4597   19.3236   19.6849
71   20.0045   20.7445   20.8812   19.959
72   19.3236   20.2242   19.6849   19.4471
73   20.4073   20.2953   19.7425   19.4731
74   21.1811   20.8732   20.5646   20.1066
75   18.8189   19.2402   19.5739   19.4916

 [*,*,2]
:       1         2         3         4       :=
1    21.1811   20.3314   21.1195   20.4074
2    20.7486   20.8787   19.9931   20.164
3    18.8189   19.6765   19.7841   19.2841
4    18.8712   18.8189   18.8189   19.5669
5    20.6407   21.1811   20.321    20.9584
6    20.1877   19.5947   19.2361   19.8229
7    21.1811   21.1248   21.1811   20.4554
8    21.1811   20.3601   21.1811   21.1811
9    20.0058   20.9091   21.028    20.5893
10   19.5761   19.7178   18.8189   19.1896
11   21.1811   20.5532   20.4002   20.0651
12   18.8189   19.2315   19.5783   18.8189
13   21.1166   20.4817   20.0957   20.2817
14   20.3669   21.1811   20.4513   21.1811
15   20.3801   20.4806   21.0338   19.9367
16   20.4281   21.1811   21.1811   21.1811
17   19.2232   18.9928   19.9776   19.6781
18   20.6689   20.0716   19.8744   20.2801
19   19.5519   20.4394   20.1802   19.6216
20   19.8219   19.794    19.2128   19.2516
21   18.8189   19.3406   18.912    19.8409
22   21.1811   21.1811   20.4963   21.1811
23   20.4572   20.4758   19.7919   19.8573
24   18.8189   18.8189   18.8189   19.5696
25   19.9067   19.5603   20.1605   19.278
26   19.7098   20.4731   19.6167   20.0914
27   19.717    20.0886   19.3099   20.1467
28   20.3747   20.4961   19.9132   21.0312
29   20.8621   20.2353   21.1811   21.1811
30   18.8906   19.7146   19.0508   18.8686
31   20.8      19.9996   20.0439   19.8636
32   19.8563   18.8189   18.8469   19.4459
33   18.8189   18.8189   18.8189   19.5318
34   19.9134   18.9624   19.6169   19.7778
35   20.4832   21.1811   20.3441   21.1811
36   21.1785   20.3528   21.1316   20.3799
37   20.1763   19.5327   20.4184   20.2937
38   20.3241   20.6913   21.0906   19.9874
39   19.0913   19.3918   19.7514   18.8189
40   19.3589   20.3338   19.7115   20.0916
41   20.0957   20.4817   19.4622   20.2817
42   18.9201   19.5696   19.7055   18.8189
43   20.2958   19.5741   20.494    20.1917
44   18.8189   18.8189   19.7977   19.1311
45   18.8189   18.8189   18.9992   19.4657
46   20.4728   19.7973   19.8603   19.3614
47   19.3942   19.0886   19.7167   19.7651
48   19.2601   19.9261   18.8189   19.2733
49   20.3841   21.1811   20.9252   21.1811
50   19.8563   19.6906   19.4741   18.8189
51   19.7549   20.4328   19.6403   20.3798
52   19.8818   18.9243   19.5887   18.8379
53   18.8189   19.8276   19.4778   19.1635
54   19.1785   20.2933   19.8961   19.527
55   20.4749   19.7885   19.6548   20.6903
56   21.0931   20.0578   20.1211   20.6197
57   21.1811   21.1811   20.3929   21.1811
58   19.6534   19.7359   20.4761   19.8052
59   19.2233   20.1648   19.8922   19.7482
60   20.3627   21.1811   21.1811   21.1811
61   20.4819   19.7384   19.9657   19.6216
62   18.8189   18.8189   18.8189   19.5682
63   18.8189   18.8932   18.8189   19.5689
64   18.8189   19.2784   18.8189   19.6765
65   19.8331   20.4572   20.4758   20.9252
66   20.356    20.3743   20.9174   20.1251
67   20.3627   20.4799   19.9884   19.5411
68   20.2397   19.7594   19.377    19.7112
69   20.7123   21.0803   19.9623   20.3125
70   21.1811   20.9489   20.2811   21.1811
71   20.4898   20.376    21.1811   21.1361
72   20.2811   20.2602   21.1811   20.887
73   19.7595   18.8189   19.3112   19.5765
74   20.0319   19.1237   19.7148   19.8822
75   20.9843   20.0347   20.3856   21.1171

 [*,*,3]
:       1         2         3         4       :=
1    20.8152   20.4919   21.1811   21.1811
2    19.6965   19.1924   19.8699   19.0779
3    21.1811   21.1811   20.8576   20.2978
4    21.1811   21.1811   20.1642   20.7562
5    20.5349   20.337    20.251    21.1686
6    21.1811   20.4188   21.1811   21.1811
7    19.9308   20.5583   21.0347   20.5863
8    19.8899   19.283    19.0277   18.8189
9    19.8767   19.218    20.3297   19.7693
10   20.462    20.1248   20.1405   21.0846
11   21.1811   20.3979   21.1672   21.1133
12   20.1424   21.1811   20.4645   20.8711
13   20.0342   19.4277   20.477    20.0467
14   19.1353   19.099    19.9444   19.8631
15   21.1811   20.5038   21.1811   21.1811
16   19.9212   19.6894   19.9216   20.5409
17   19.6539   20.0931   19.5951   20.3417
18   20.2284   20.1163   20.573    21.1455
19   19.1679   19.6459   18.9282   19.8756
20   20.3691   19.3591   19.5514   20.255
21   18.8189   19.4855   18.8285   18.8189
22   21.1801   20.8728   20.6015   20.0747
23   19.5475   18.8189   19.6499   18.8371
24   19.4772   20.3973   19.7442   19.9585
25   21.0341   20.3503   19.9453   20.4385
26   21.1811   20.4827   20.3922   21.1811
27   20.1262   21.1807   20.8909   20.4171
28   20.2761   21.0729   21.1811   21.1811
29   20.6957   20.4537   21.0184   19.9148
30   18.8189   19.3343   19.6225   19.7454
31   19.9874   20.1047   20.2417   19.429
32   19.7092   19.2924   20.158    19.6365
33   19.8311   19.2475   18.8189   19.3493
34   19.9694   20.3418   20.2873   21.0149
35   20.6282   20.6743   19.9332   19.9124
36   20.9388   21.1811   21.1811   20.4364
37   18.8189   19.1804   19.5952   18.8189
38   19.1797   19.8403   19.9071   20.0886
39   19.6626   18.882    18.9171   18.8189
40   19.474    19.1996   18.8189   19.6033
41   20.477    19.4277   19.8865   20.0468
42   19.9387   19.9585   20.6358   20.3966
43   20.1828   20.2835   19.9826   20.874
44   21.1811   20.3962   20.8373   20.1912
45   19.0784   19.9133   18.9091   19.5878
46   18.8189   19.6443   18.837    18.8189
47   18.8822   19.6688   18.9137   19.7402
48   19.7979   19.6839   19.7266   20.4438
49   19.3448   19.6825   18.8189   18.8189
50   19.7092   18.8189   19.6177   19.2924
51   21.1811   21.0759   20.4123   20.266
52   20.0005   19.5475   20.3172   20.3913
53   18.8189   18.8189   19.5227   18.8189
54   19.7471   19.662    18.8924   19.5084
55   19.1532   19.9141   19.5701   19.9648
56   19.9225   19.9506   20.3087   20.5858
57   19.9286   19.0277   19.3477   19.6967
58   21.1811   20.3818   21.1811   21.1811
59   19.6537   20.238    19.6019   20.4528
60   19.9806   19.9472   19.9026   20.6624
61   20.663    21.1047   20.0888   20.2801
62   20.0019   21.1197   20.3183   20.687
63   20.1243   19.4813   20.5962   20.2768
64   21.1811   20.3086   21.147    21.1811
65   18.8189   19.5475   18.8189   18.8189
66   20.2909   20.3771   21.0299   21.1107
67   19.0754   19.7668   20.0859   19.2187
68   18.8189   19.6419   18.8189   18.8189
69   19.648    18.8189   18.8189   19.194
70   18.8189   19.7051   18.8189   18.8189
71   20.556    20.1018   20.4974   19.8669
72   18.8189   19.1197   18.8189   19.6229
73   21.1811   21.1811   20.402    21.1811
74   20.013    20.3914   19.4939   20.2096
75   19.3903   19.8034   19.0854   19.9269
;

side = 2.36224
softness = 0.25

---------------------------- Solution coords data ----------------------------
distances [*,1,*]
:    1   2   3   4    :=
1    0   1   0   1
2    0   1   0   1
3    0   1   0   1
4    0   1   0   1
5    0   1   0   1
6    0   1   0   1
7    0   1   0   1
8    0   1   0   1
9    0   1   0   1
10   0   1   0   1
11   0   1   0   1
12   0   1   0   1
13   0   1   0   1
14   0   1   0   1
15   0   1   0   1
16   0   1   0   1
17   0   1   0   1
18   0   1   0   1
19   0   1   0   1
20   0   1   0   1
21   0   1   0   1
22   0   1   0   1
23   0   1   0   1
24   0   1   0   1
25   0   1   0   1
26   0   1   0   1
27   0   1   0   1
28   0   1   0   1
29   0   1   0   1
30   0   1   0   1
31   0   1   0   1
32   0   1   0   1
33   0   1   0   1
34   0   1   0   1
35   0   1   0   1
36   0   1   0   1
37   0   1   0   1
38   0   1   0   1
39   0   1   0   1
40   0   1   0   1
41   0   1   0   1
42   0   1   0   1
43   0   1   0   1
44   0   1   0   1
45   0   1   0   1
46   0   1   0   1
47   0   1   0   1
48   0   1   0   1
49   0   1   0   1
50   0   1   0   1
51   0   1   0   1
52   0   1   0   1
53   0   1   0   1
54   0   1   0   1
55   0   1   0   1
56   0   1   0   1
57   0   1   0   1
58   0   1   0   1
59   0   1   0   1
60   0   1   0   1
61   0   1   0   1
62   0   1   0   1
63   0   1   0   1
64   0   1   0   1
65   0   1   0   1
66   0   1   0   1
67   0   1   0   1
68   0   1   0   1
69   0   1   0   1
70   0   1   0   1
71   0   1   0   1
72   0   1   0   1
73   0   1   0   1
74   0   1   0   1
75   0   1   0   1

 [*,2,*]
:    1   2   3   4    :=
1    0   0   1   1
2    0   0   1   1
3    0   0   1   1
4    0   0   1   1
5    0   0   1   1
6    0   0   1   1
7    0   0   1   1
8    0   0   1   1
9    0   0   1   1
10   0   0   1   1
11   0   0   1   1
12   0   0   1   1
13   0   0   1   1
14   0   0   1   1
15   0   0   1   1
16   0   0   1   1
17   0   0   1   1
18   0   0   1   1
19   0   0   1   1
20   0   0   1   1
21   0   0   1   1
22   0   0   1   1
23   0   0   1   1
24   0   0   1   1
25   0   0   1   1
26   0   0   1   1
27   0   0   1   1
28   0   0   1   1
29   0   0   1   1
30   0   0   1   1
31   0   0   1   1
32   0   0   1   1
33   0   0   1   1
34   0   0   1   1
35   0   0   1   1
36   0   0   1   1
37   0   0   1   1
38   0   0   1   1
39   0   0   1   1
40   0   0   1   1
41   0   0   1   1
42   0   0   1   1
43   0   0   1   1
44   0   0   1   1
45   0   0   1   1
46   0   0   1   1
47   0   0   1   1
48   0   0   1   1
49   0   0   1   1
50   0   0   1   1
51   0   0   1   1
52   0   0   1   1
53   0   0   1   1
54   0   0   1   1
55   0   0   1   1
56   0   0   1   1
57   0   0   1   1
58   0   0   1   1
59   0   0   1   1
60   0   0   1   1
61   0   0   1   1
62   0   0   1   1
63   0   0   1   1
64   0   0   1   1
65   0   0   1   1
66   0   0   1   1
67   0   0   1   1
68   0   0   1   1
69   0   0   1   1
70   0   0   1   1
71   0   0   1   1
72   0   0   1   1
73   0   0   1   1
74   0   0   1   1
75   0   0   1   1

 [*,3,*]
:    1   2   3   4    :=
1    1   0   0   1
2    1   0   0   1
3    1   0   0   1
4    1   0   0   1
5    1   0   0   1
6    1   0   0   1
7    1   0   0   1
8    1   0   0   1
9    1   0   0   1
10   1   0   0   1
11   1   0   0   1
12   1   0   0   1
13   1   0   0   1
14   1   0   0   1
15   1   0   0   1
16   1   0   0   1
17   1   0   0   1
18   1   0   0   1
19   1   0   0   1
20   1   0   0   1
21   1   0   0   1
22   1   0   0   1
23   1   0   0   1
24   1   0   0   1
25   1   0   0   1
26   1   0   0   1
27   1   0   0   1
28   1   0   0   1
29   1   0   0   1
30   1   0   0   1
31   1   0   0   1
32   1   0   0   1
33   1   0   0   1
34   1   0   0   1
35   1   0   0   1
36   1   0   0   1
37   1   0   0   1
38   1   0   0   1
39   1   0   0   1
40   1   0   0   1
41   1   0   0   1
42   1   0   0   1
43   1   0   0   1
44   1   0   0   1
45   1   0   0   1
46   1   0   0   1
47   1   0   0   1
48   1   0   0   1
49   1   0   0   1
50   1   0   0   1
51   1   0   0   1
52   1   0   0   1
53   1   0   0   1
54   1   0   0   1
55   1   0   0   1
56   1   0   0   1
57   1   0   0   1
58   1   0   0   1
59   1   0   0   1
60   1   0   0   1
61   1   0   0   1
62   1   0   0   1
63   1   0   0   1
64   1   0   0   1
65   1   0   0   1
66   1   0   0   1
67   1   0   0   1
68   1   0   0   1
69   1   0   0   1
70   1   0   0   1
71   1   0   0   1
72   1   0   0   1
73   1   0   0   1
74   1   0   0   1
75   1   0   0   1

 [*,4,*]
:    1   2   3   4    :=
1    1   1   1   0
2    1   1   1   0
3    1   1   1   0
4    1   1   1   0
5    1   1   1   0
6    1   1   1   0
7    1   1   1   0
8    1   1   1   0
9    1   1   1   0
10   1   1   1   0
11   1   1   1   0
12   1   1   1   0
13   1   1   1   0
14   1   1   1   0
15   1   1   1   0
16   1   1   1   0
17   1   1   1   0
18   1   1   1   0
19   1   1   1   0
20   1   1   1   0
21   1   1   1   0
22   1   1   1   0
23   1   1   1   0
24   1   1   1   0
25   1   1   1   0
26   1   1   1   0
27   1   1   1   0
28   1   1   1   0
29   1   1   1   0
30   1   1   1   0
31   1   1   1   0
32   1   1   1   0
33   1   1   1   0
34   1   1   1   0
35   1   1   1   0
36   1   1   1   0
37   1   1   1   0
38   1   1   1   0
39   1   1   1   0
40   1   1   1   0
41   1   1   1   0
42   1   1   1   0
43   1   1   1   0
44   1   1   1   0
45   1   1   1   0
46   1   1   1   0
47   1   1   1   0
48   1   1   1   0
49   1   1   1   0
50   1   1   1   0
51   1   1   1   0
52   1   1   1   0
53   1   1   1   0
54   1   1   1   0
55   1   1   1   0
56   1   1   1   0
57   1   1   1   0
58   1   1   1   0
59   1   1   1   0
60   1   1   1   0
61   1   1   1   0
62   1   1   1   0
63   1   1   1   0
64   1   1   1   0
65   1   1   1   0
66   1   1   1   0
67   1   1   1   0
68   1   1   1   0
69   1   1   1   0
70   1   1   1   0
71   1   1   1   0
72   1   1   1   0
73   1   1   1   0
74   1   1   1   0
75   1   1   1   0
;

---------------------------- Solution stats data ----------------------------
_ampl_time = 0.241601
_total_solve_time = 38014.2
_ampl_elapsed_time = 0.307615
_ampl_user_time = 0.203812

Total time elapsed: $38014.22.
_total_solve_time = 38014.2

---------------------------- Solution miscs data ----------------------------
tetrahedron_volume [*] :=
 1 0    8 0   15 0   22 0   29 0   36 0   43 0   50 0   57 0   64 0   71 0
 2 0    9 0   16 0   23 0   30 0   37 0   44 0   51 0   58 0   65 0   72 0
 3 0   10 0   17 0   24 0   31 0   38 0   45 0   52 0   59 0   66 0   73 0
 4 0   11 0   18 0   25 0   32 0   39 0   46 0   53 0   60 0   67 0   74 0
 5 0   12 0   19 0   26 0   33 0   40 0   47 0   54 0   61 0   68 0   75 0
 6 0   13 0   20 0   27 0   34 0   41 0   48 0   55 0   62 0   69 0
 7 0   14 0   21 0   28 0   35 0   42 0   49 0   56 0   63 0   70 0
;

---------------------------- Solution miscs data ----------------------------
tetrahedron_surface_area [*] :=
 1 1.73205   14 1.73205   27 1.73205   40 1.73205   53 1.73205   66 1.73205
 2 1.73205   15 1.73205   28 1.73205   41 1.73205   54 1.73205   67 1.73205
 3 1.73205   16 1.73205   29 1.73205   42 1.73205   55 1.73205   68 1.73205
 4 1.73205   17 1.73205   30 1.73205   43 1.73205   56 1.73205   69 1.73205
 5 1.73205   18 1.73205   31 1.73205   44 1.73205   57 1.73205   70 1.73205
 6 1.73205   19 1.73205   32 1.73205   45 1.73205   58 1.73205   71 1.73205
 7 1.73205   20 1.73205   33 1.73205   46 1.73205   59 1.73205   72 1.73205
 8 1.73205   21 1.73205   34 1.73205   47 1.73205   60 1.73205   73 1.73205
 9 1.73205   22 1.73205   35 1.73205   48 1.73205   61 1.73205   74 1.73205
10 1.73205   23 1.73205   36 1.73205   49 1.73205   62 1.73205   75 1.73205
11 1.73205   24 1.73205   37 1.73205   50 1.73205   63 1.73205
12 1.73205   25 1.73205   38 1.73205   51 1.73205   64 1.73205
13 1.73205   26 1.73205   39 1.73205   52 1.73205   65 1.73205
;

