Error at _cmdno 5 executing "solve" command
(file amplin, line 1977, offset 37909):
error processing param distances:
	4000 invalid subscripts discarded:
	distances[51,1,1]
	distances[51,1,2]
	distances[51,1,3]
	and 3997 more.
##### This license is only intended for use by NEOS. #####
##### License is valid until Jan 16, 2026 #####
riables.
Adjusted problem:
6726 variables:
	4275 nonlinear variables
	2451 linear variables
14100 constraints; 81325 nonzeros
	11675 nonlinear constraints
	2425 linear constraints
	1275 equality constraints
	12825 inequality constraints
1 linear objective; 1 nonzero.

Artelys Knitro 14.2.0: threads=4
algorithm=1
ms_enable=1
ms_maxsolves=10
feastol=1e-5
opttol=1e-5
honorbnds=1
bar_initpt=3
bar_murule=4
scale=1
outlev=2
maxtime_real=1200
WARNING:  Option 'threads' is deprecated, please use 'numthreads'.

=======================================
           Academic License
       (NOT FOR COMMERCIAL USE)
         Artelys Knitro 14.2.0
=======================================

No start point provided -- Knitro computing one.

Knitro presolve eliminated 0 variables and 0 constraints.

algorithm                1
bar_initpt               3
bar_murule               4
concurrent_evals         0
datacheck                0
feastol                  1e-05
findiff_numthreads       1
hessian_no_f             1
hessopt                  1
honorbnds                1
maxtime_real             1200
ms_enable                1
ms_maxsolves             10
numthreads               4
opttol                   1e-05

Problem Characteristics                                 (   Presolved)
-----------------------
Objective goal:  Minimize
Objective type:  linear
Number of variables:                               6726 (        6726)
    bounded below only:                             601 (         601)
    bounded above only:                               0 (           0)
    bounded below and above:                          0 (           0)
    fixed:                                            0 (           0)
    free:                                          6125 (        6125)
Number of constraints:                            14100 (       14100)
    linear equalities:                                0 (           0)
    quadratic equalities:                          1225 (        1225)
    gen. nonlinear equalities:                       50 (          50)
    linear one-sided inequalities:                 2425 (        2425)
    quadratic one-sided inequalities:             10400 (       10400)
    gen. nonlinear one-sided inequalities:            0 (           0)
    linear two-sided inequalities:                    0 (           0)
    quadratic two-sided inequalities:                 0 (           0)
    gen. nonlinear two-sided inequalities:            0 (           0)
Number of nonzeros in Jacobian:                   81325 (       81325)
Number of nonzeros in Hessian:                    36975 (       36975)

Knitro parallel multistart will run with 4 threads.

Return codes description
------------------------
  0:  The final solution satisfies the termination conditions for verifying optimality.
  -100 to -199:  A feasible approximate solution was found.
  -200 to -299:  Knitro terminated at an infeasible point.
  -300 to -301:  The problem was determined to be unbounded.
  -400 to -499:  Knitro terminated because it reached a pre-defined limit.
    -400 to -409:  A feasible point was found.
    -410 to -419:  No feasible point was found.
  -500 to -599:  Knitro terminated with an input error or some non-standard error.
A more detailed description of individual return codes and their corresponding
termination messages is provided at
https://www.artelys.com/app/docs/knitro/3_referenceManual/returnCodes.html

 Solve #  ThreadID  Status     Objective      FeasError    OptError    Real Time 
--------  --------  ------  --------------   ----------   ----------  ----------
      2          2    -202         3514.24      53574.6     0.999998      447.544
      0          0       0         1.60873  8.67201e-06  3.76628e-06      519.368
      1          1    -410         280.436  4.37666e-03  5.26814e-02      2729.93
      8          2    -410         326.560     0.248043  7.34130e-02      2520.80
      6          1    -410         118.900  1.97233e-03     0.123727      2486.59
      9          0    -410         946.479  7.73794e-03     0.858617      2595.29
      4          2    -410         20445.9      7.99874      1.07887      2822.32
      3          3    -410         741.249  8.62332e-03     0.152003      2759.88
      7          3    -410         4225.43  9.50845e-02     0.115129      3006.97
      5          0    -410         32526.4  1.59970e-02      98.1349      3069.85

MULTISTART: Best locally optimal solution is returned.
EXIT: Locally optimal solution found.

Final Statistics
----------------
Final objective value               =   1.60872886086855e+00
Final feasibility error (abs / rel) =   8.67e-06 / 4.74e-07
Final optimality error  (abs / rel) =   3.77e-06 / 3.77e-06
# of iterations                     =      82999 
# of CG iterations                  =          0 
# of function evaluations           =     120515
# of gradient evaluations           =      83309
# of Hessian evaluations            =      83060
Total program time (secs)           =    6188.21533 ( 17715.656 CPU time)

===============================================================================

Knitro 14.2.0: Locally optimal or satisfactory solution.
objective 1.608728861; feasibility error 8.67e-06
82999 iterations; 120515 function evaluations

suffix feaserror OUT;
suffix opterror OUT;
suffix numfcevals OUT;
suffix numiters OUT;
---------------------------- Container and geometric considerations  ----------------------------
Container type: cube
Structural conservation type: volume & surface
---------------------------- Solution execution data ----------------------------
solve_result_num = 0
solve_result = solved

---------------------------- Solution data ----------------------------
card(figures) = 50

coords [*,*,1]
:       1         2         3         4       :=
1    20.2613   19.205    19.6102   19.1956
2    20.5365   19.9127   20.2846   19.4591
3    19.2014   19.6102   19.8647   19.4101
4    20.428    19.3031   20.0121   20.3971
5    19.8647   19.9908   19.3902   19.6102
6    20.8044   20.6402   20.8044   20.8044
7    19.6934   20.7951   20.2005   20.6442
8    20.1614   19.7993   20.8044   20.4311
9    19.1956   19.5955   19.8379   19.2314
10   20.6374   20.1904   19.4867   19.8168
11   20.5454   20.0348   20.7643   20.7871
12   19.1956   19.3903   19.9792   20.2222
13   19.1956   19.928    19.1956   19.1956
14   20.7775   19.6583   20.7834   20.2039
15   19.1956   19.1956   20.252    19.1956
16   19.8905   20.796    20.8044   20.5628
17   19.1956   19.1956   19.1956   19.6102
18   20.0642   20.8044   20.0565   20.7453
19   20.1119   19.4074   19.698    19.6305
20   19.4107   19.6979   19.6305   19.1962
21   20.2493   19.2288   20.4083   20.16
22   19.6102   19.1956   19.1956   19.2329
23   20.6466   20.1263   20.0517   19.7412
24   20.8044   20.2368   20.8044   19.7792
25   20.6641   19.6668   20.1885   20.6557
26   20.5468   20.0565   20.0652   19.3826
27   19.5631   20.5468   19.3826   20.0652
28   20.4223   19.6555   19.8417   20.7143
29   20.2845   20.1062   20.5365   19.4591
30   20.8044   20.8044   20.1936   20.8044
31   19.1956   19.5158   19.6097   20.1333
32   20.8044   19.8638   19.8348   20.1864
33   19.929    19.716    19.267    19.1956
34   20.4482   19.3088   20.211    20.4505
35   19.2      19.6102   19.7287   19.2667
36   20.2673   19.2484   20.1713   19.1956
37   19.1956   19.1956   19.247    20.1596
38   19.6355   20.6339   20.7545   20.1913
39   19.7396   19.6102   19.2654   19.9421
40   19.1956   19.7952   19.9538   19.6493
41   19.1998   20.1402   19.1981   19.1974
42   20.8044   20.8018   20.8044   20.1212
43   20.1448   20.7958   20.3637   19.6438
44   19.2341   20.1856   19.4662   19.9132
45   19.8448   20.1673   20.597    20.781
46   19.7785   20.6772   20.2857   19.5858
47   19.8404   20.1779   19.8113   20.8044
48   20.1913   20.3939   19.6355   19.3154
49   20.8044   20.8044   19.83     20.8044
50   19.6494   20.5493   20.0264   19.9943

 [*,*,2]
:       1         2         3         4       :=
1    20.8044   20.8044   19.8288   20.152
2    20.8044   20.5766   20.7733   20.1937
3    19.637    19.8288   20.7014   19.5039
4    19.6343   19.23     19.3349   19.9394
5    20.7014   20.2914   19.4909   19.8288
6    20.2649   19.1956   19.1956   19.8764
7    19.4934   20.1288   19.9909   19.6242
8    20.7813   19.9501   20.7806   20.5088
9    19.7944   20.2375   20.3048   19.1956
10   19.7251   19.2272   19.2055   19.8191
11   19.4757   19.3585   20.033    19.1956
12   19.2001   19.2866   19.2895   19.8259
13   19.1956   19.6352   19.2575   20.0815
14   19.7989   20.3497   20.3394   19.2122
15   20.8044   20.8044   20.8044   20.0413
16   19.8778   20.8044   20.4406   20.7613
17   20.5635   20.152    19.2623   19.8288
18   19.1956   19.1956   19.1956   20.0158
19   20.3301   19.2632   19.9842   20.3092
20   19.2889   19.9841   20.3092   19.1963
21   19.9997   19.1956   19.5518   19.1956
22   19.8288   20.5635   19.2623   19.8395
23   20.778    20.3378   20.6685   19.8577
24   19.9087   20.1284   20.2773   19.5865
25   20.8044   20.02     20.8044   20.5312
26   19.7806   19.1956   19.1956   19.1956
27   19.2115   19.7806   19.1956   19.1956
28   19.6219   19.3625   19.9512   20.0589
29   20.7732   20.3923   20.8044   20.1937
30   19.1956   19.1956   19.1956   20.0422
31   19.1956   19.2514   19.5958   20.0594
32   20.6395   19.9954   19.769    19.6501
33   20.8044   20.3767   19.7439   20.8044
34   19.3897   19.1987   19.8971   19.8258
35   20.8008   19.8288   20.3662   19.7421
36   20.8044   20.0211   20.7776   20.8044
37   19.9264   20.8044   20.0409   20.8044
38   20.3271   20.2366   19.7753   19.1956
39   20.4159   19.8288   19.7418   20.7886
40   19.1956   20.1355   19.9376   19.6341
41   20.8028   20.803    20.8021   19.9789
42   19.8815   20.4804   20.7903   19.6816
43   19.7486   20.4246   20.8044   19.814
44   19.1956   19.2258   19.1956   19.7937
45   20.0158   19.6705   19.9711   20.6589
46   20.28     20.7276   20.8044   20.2142
47   19.7978   20.5487   20.1898   20.6675
48   19.1956   19.8381   20.3271   19.1956
49   19.7267   20.8044   20.2304   20.8014
50   19.793    20.6424   20.3554   19.8207

 [*,*,3]
:       1         2         3         4       :=
1    20.8044   20.0401   20.8044   20.6504
2    19.1956   19.1956   20.4297   19.6035
3    19.5812   20.8044   19.8695   20.1131
4    20.2835   20.8044   19.7151   20.8044
5    19.8695   20.8044   19.9685   20.8044
6    20.7658   20.038    20.6623   19.5503
7    20.5171   20.8044   20.8044   19.6345
8    20.7413   19.8042   19.7897   19.4951
9    19.1956   19.1956   20.209    19.8899
10   19.5378   19.2145   19.2125   20.3145
11   19.531    19.741    20.5852   20.7813
12   20.2998   20.8044   19.6411   20.8044
13   20.8044   20.8044   19.7939   20.8044
14   19.5904   19.2112   19.5015   19.1956
15   20.8044   20.0333   20.7976   20.7551
16   20.1206   19.9733   19.5639   20.8044
17   19.8834   20.6504   19.7999   20.8044
18   19.8126   20.8044   20.8044   20.5633
19   19.4968   19.2408   20.2876   19.1956
20   19.2227   20.2877   19.1956   19.7181
21   20.2181   20.1082   19.6818   19.1956
22   20.8044   19.8834   19.7999   19.5564
23   19.5609   19.4569   20.7159   19.7432
24   19.6513   20.8044   20.8044   20.3897
25   20.4429   20.1428   20.7516   19.5654
26   20.7545   20.8044   19.6934   20.8044
27   20.1155   20.7545   20.8044   19.6934
28   19.4639   19.4356   20.584    19.7421
29   20.4297   19.1956   19.1956   19.6035
30   19.1956   20.3476   19.1956   19.356
31   19.7179   19.2642   20.5182   19.4446
32   20.0272   20.66     19.9812   19.4448
33   19.8974   20.6163   19.6103   20.0333
34   19.4486   20.0529   20.6259   19.9947
35   20.0382   20.8043   20.6306   19.609
36   19.8347   19.7209   19.1956   20.0333
37   19.1956   20.0333   19.7288   19.1956
38   19.1956   19.844    19.5745   19.1956
39   20.6145   20.8044   19.6043   19.9866
40   19.7181   20.3942   19.3639   20.5949
41   20.0017   19.1979   19.1979   19.1985
42   19.5657   20.7238   20.1836   20.1201
43   20.0713   20.8044   20.8044   20.8044
44   20.1031   19.2122   19.1956   20.2631
45   20.7318   19.5166   19.6829   20.1052
46   20.1522   19.3203   20.5616   19.6333
47   19.7933   20.8044   20.3707   19.6738
48   19.1956   19.5478   19.1956   19.1956
49   19.1956   19.7434   19.1956   19.1956
50   20.7578   20.3474   20.6895   19.5008
;

side = 1.60873
softness = 0.7

---------------------------- Solution coords data ----------------------------
distances [*,1,*]
:    1   2   3   4    :=
1    0   1   0   1
2    0   1   0   1
3    0   1   0   1
4    0   1   0   1
5    0   1   0   1
6    0   1   0   1
7    0   1   0   1
8    0   1   0   1
9    0   1   0   1
10   0   1   0   1
11   0   1   0   1
12   0   1   0   1
13   0   1   0   1
14   0   1   0   1
15   0   1   0   1
16   0   1   0   1
17   0   1   0   1
18   0   1   0   1
19   0   1   0   1
20   0   1   0   1
21   0   1   0   1
22   0   1   0   1
23   0   1   0   1
24   0   1   0   1
25   0   1   0   1
26   0   1   0   1
27   0   1   0   1
28   0   1   0   1
29   0   1   0   1
30   0   1   0   1
31   0   1   0   1
32   0   1   0   1
33   0   1   0   1
34   0   1   0   1
35   0   1   0   1
36   0   1   0   1
37   0   1   0   1
38   0   1   0   1
39   0   1   0   1
40   0   1   0   1
41   0   1   0   1
42   0   1   0   1
43   0   1   0   1
44   0   1   0   1
45   0   1   0   1
46   0   1   0   1
47   0   1   0   1
48   0   1   0   1
49   0   1   0   1
50   0   1   0   1

 [*,2,*]
:    1   2   3   4    :=
1    0   0   1   1
2    0   0   1   1
3    0   0   1   1
4    0   0   1   1
5    0   0   1   1
6    0   0   1   1
7    0   0   1   1
8    0   0   1   1
9    0   0   1   1
10   0   0   1   1
11   0   0   1   1
12   0   0   1   1
13   0   0   1   1
14   0   0   1   1
15   0   0   1   1
16   0   0   1   1
17   0   0   1   1
18   0   0   1   1
19   0   0   1   1
20   0   0   1   1
21   0   0   1   1
22   0   0   1   1
23   0   0   1   1
24   0   0   1   1
25   0   0   1   1
26   0   0   1   1
27   0   0   1   1
28   0   0   1   1
29   0   0   1   1
30   0   0   1   1
31   0   0   1   1
32   0   0   1   1
33   0   0   1   1
34   0   0   1   1
35   0   0   1   1
36   0   0   1   1
37   0   0   1   1
38   0   0   1   1
39   0   0   1   1
40   0   0   1   1
41   0   0   1   1
42   0   0   1   1
43   0   0   1   1
44   0   0   1   1
45   0   0   1   1
46   0   0   1   1
47   0   0   1   1
48   0   0   1   1
49   0   0   1   1
50   0   0   1   1

 [*,3,*]
:    1   2   3   4    :=
1    1   0   0   1
2    1   0   0   1
3    1   0   0   1
4    1   0   0   1
5    1   0   0   1
6    1   0   0   1
7    1   0   0   1
8    1   0   0   1
9    1   0   0   1
10   1   0   0   1
11   1   0   0   1
12   1   0   0   1
13   1   0   0   1
14   1   0   0   1
15   1   0   0   1
16   1   0   0   1
17   1   0   0   1
18   1   0   0   1
19   1   0   0   1
20   1   0   0   1
21   1   0   0   1
22   1   0   0   1
23   1   0   0   1
24   1   0   0   1
25   1   0   0   1
26   1   0   0   1
27   1   0   0   1
28   1   0   0   1
29   1   0   0   1
30   1   0   0   1
31   1   0   0   1
32   1   0   0   1
33   1   0   0   1
34   1   0   0   1
35   1   0   0   1
36   1   0   0   1
37   1   0   0   1
38   1   0   0   1
39   1   0   0   1
40   1   0   0   1
41   1   0   0   1
42   1   0   0   1
43   1   0   0   1
44   1   0   0   1
45   1   0   0   1
46   1   0   0   1
47   1   0   0   1
48   1   0   0   1
49   1   0   0   1
50   1   0   0   1

 [*,4,*]
:    1   2   3   4    :=
1    1   1   1   0
2    1   1   1   0
3    1   1   1   0
4    1   1   1   0
5    1   1   1   0
6    1   1   1   0
7    1   1   1   0
8    1   1   1   0
9    1   1   1   0
10   1   1   1   0
11   1   1   1   0
12   1   1   1   0
13   1   1   1   0
14   1   1   1   0
15   1   1   1   0
16   1   1   1   0
17   1   1   1   0
18   1   1   1   0
19   1   1   1   0
20   1   1   1   0
21   1   1   1   0
22   1   1   1   0
23   1   1   1   0
24   1   1   1   0
25   1   1   1   0
26   1   1   1   0
27   1   1   1   0
28   1   1   1   0
29   1   1   1   0
30   1   1   1   0
31   1   1   1   0
32   1   1   1   0
33   1   1   1   0
34   1   1   1   0
35   1   1   1   0
36   1   1   1   0
37   1   1   1   0
38   1   1   1   0
39   1   1   1   0
40   1   1   1   0
41   1   1   1   0
42   1   1   1   0
43   1   1   1   0
44   1   1   1   0
45   1   1   1   0
46   1   1   1   0
47   1   1   1   0
48   1   1   1   0
49   1   1   1   0
50   1   1   1   0
;

---------------------------- Solution stats data ----------------------------
_ampl_time = 0.10178
_total_solve_time = 17716
_ampl_elapsed_time = 0.163571
_ampl_user_time = 0.080621

Total time elapsed: $17715.95.
_total_solve_time = 17716

---------------------------- Solution miscs data ----------------------------
tetrahedron_volume [*] :=
 1 0    6 0   11 0   16 0   21 0   26 0   31 0   36 0   41 0   46 0
 2 0    7 0   12 0   17 0   22 0   27 0   32 0   37 0   42 0   47 0
 3 0    8 0   13 0   18 0   23 0   28 0   33 0   38 0   43 0   48 0
 4 0    9 0   14 0   19 0   24 0   29 0   34 0   39 0   44 0   49 0
 5 0   10 0   15 0   20 0   25 0   30 0   35 0   40 0   45 0   50 0
;

---------------------------- Solution miscs data ----------------------------
tetrahedron_surface_area [*] :=
 1 1.73205   10 1.73205   19 1.73205   28 1.73205   37 1.73205   46 1.73205
 2 1.73205   11 1.73205   20 1.73205   29 1.73205   38 1.73205   47 1.73205
 3 1.73205   12 1.73205   21 1.73205   30 1.73205   39 1.73205   48 1.73205
 4 1.73205   13 1.73205   22 1.73205   31 1.73205   40 1.73205   49 1.73205
 5 1.73205   14 1.73205   23 1.73205   32 1.73205   41 1.73205   50 1.73205
 6 1.73205   15 1.73205   24 1.73205   33 1.73205   42 1.73205
 7 1.73205   16 1.73205   25 1.73205   34 1.73205   43 1.73205
 8 1.73205   17 1.73205   26 1.73205   35 1.73205   44 1.73205
 9 1.73205   18 1.73205   27 1.73205   36 1.73205   45 1.73205
;

