Error at _cmdno 5 executing "solve" command
(file amplin, line 1977, offset 37900):
error processing param distances:
	3600 invalid subscripts discarded:
	distances[76,1,1]
	distances[76,1,2]
	distances[76,1,3]
	and 3597 more.
##### This license is only intended for use by NEOS. #####
##### License is valid until Jan 16, 2026 #####
ariables.
Adjusted problem:
14776 variables:
	9225 nonlinear variables
	5551 linear variables
30525 constraints; 179175 nonzeros
	25950 nonlinear constraints
	4575 linear constraints
	2850 equality constraints
	27675 inequality constraints
1 linear objective; 1 nonzero.

Artelys Knitro 14.2.0: threads=4
algorithm=1
ms_enable=1
ms_maxsolves=10
feastol=1e-5
opttol=1e-5
honorbnds=1
bar_initpt=3
bar_murule=4
scale=1
outlev=2
maxtime_real=1200
WARNING:  Option 'threads' is deprecated, please use 'numthreads'.

=======================================
           Academic License
       (NOT FOR COMMERCIAL USE)
         Artelys Knitro 14.2.0
=======================================

No start point provided -- Knitro computing one.

Knitro presolve eliminated 0 variables and 0 constraints.

algorithm                1
bar_initpt               3
bar_murule               4
concurrent_evals         0
datacheck                0
feastol                  1e-05
findiff_numthreads       1
hessian_no_f             1
hessopt                  1
honorbnds                1
maxtime_real             1200
ms_enable                1
ms_maxsolves             10
numthreads               4
opttol                   1e-05

Problem Characteristics                                 (   Presolved)
-----------------------
Objective goal:  Minimize
Objective type:  linear
Number of variables:                              14776 (       14776)
    bounded below only:                             901 (         901)
    bounded above only:                               0 (           0)
    bounded below and above:                          0 (           0)
    fixed:                                            0 (           0)
    free:                                         13875 (       13875)
Number of constraints:                            30525 (       30525)
    linear equalities:                                0 (           0)
    quadratic equalities:                          2775 (        2775)
    gen. nonlinear equalities:                       75 (          75)
    linear one-sided inequalities:                 4575 (        4575)
    quadratic one-sided inequalities:             23100 (       23100)
    gen. nonlinear one-sided inequalities:            0 (           0)
    linear two-sided inequalities:                    0 (           0)
    quadratic two-sided inequalities:                 0 (           0)
    gen. nonlinear two-sided inequalities:            0 (           0)
Number of nonzeros in Jacobian:                  179175 (      179175)
Number of nonzeros in Hessian:                    80775 (       80775)

Knitro parallel multistart will run with 4 threads.

Return codes description
------------------------
  0:  The final solution satisfies the termination conditions for verifying optimality.
  -100 to -199:  A feasible approximate solution was found.
  -200 to -299:  Knitro terminated at an infeasible point.
  -300 to -301:  The problem was determined to be unbounded.
  -400 to -499:  Knitro terminated because it reached a pre-defined limit.
    -400 to -409:  A feasible point was found.
    -410 to -419:  No feasible point was found.
  -500 to -599:  Knitro terminated with an input error or some non-standard error.
A more detailed description of individual return codes and their corresponding
termination messages is provided at
https://www.artelys.com/app/docs/knitro/3_referenceManual/returnCodes.html

 Solve #  ThreadID  Status     Objective      FeasError    OptError    Real Time 
--------  --------  ------  --------------   ----------   ----------  ----------
      7          1    -202         3038.40      40293.9     0.999952      208.287
      9          0    -202         4521.22      63877.8      126.336      1058.03
      0          0       0         2.22148  2.40661e-05  5.99956e-06      1507.71
      6          2    -410         498.767  6.87046e-02     0.546444      2301.22
      4          0    -410         1250.78     0.106054     0.577176      2888.25
      5          3    -410         2729.29  2.75945e-02     0.328476      2445.71
      8          1    -410         1285.45  8.00607e-03     0.203931      2396.05
      3          3    -410         6341.42     0.137754      7.25068      3242.03
      2          2    -410         5390.10     0.463602     0.370562      3276.77
      1          1    -410         16686.1  3.30693e-02     0.999189      3515.87

MULTISTART: Best locally optimal solution is returned.
EXIT: Locally optimal solution found.

Final Statistics
----------------
Final objective value               =   2.22147807305115e+00
Final feasibility error (abs / rel) =   2.41e-05 / 1.33e-06
Final optimality error  (abs / rel) =   6.00e-06 / 6.00e-06
# of iterations                     =      80207 
# of CG iterations                  =          0 
# of function evaluations           =     107260
# of gradient evaluations           =      80406
# of Hessian evaluations            =      80275
Total program time (secs)           =    6121.59326 ( 22763.654 CPU time)

===============================================================================

Knitro 14.2.0: Locally optimal or satisfactory solution.
objective 2.221478073; feasibility error 2.41e-05
80207 iterations; 107260 function evaluations

suffix feaserror OUT;
suffix opterror OUT;
suffix numfcevals OUT;
suffix numiters OUT;
---------------------------- Container and geometric considerations  ----------------------------
Container type: cube
Structural conservation type: surface
---------------------------- Solution execution data ----------------------------
solve_result_num = 0
solve_result = solved

---------------------------- Solution data ----------------------------
card(figures) = 75

coords [*,*,1]
:       1         2         3         4       :=
1    19.6963   19.8592   19.364    20.175
2    21.1107   21.1107   21.0568   20.2145
3    19.5806   20.0764   19.2176   19.667
4    19.5762   20.2589   19.5196   19.5791
5    21.1107   21.1107   20.4926   20.7824
6    19.5705   18.8893   18.8893   18.8893
7    19.5867   20.2519   20.1729   20.5418
8    21.0762   20.2428   20.4067   19.9054
9    21.0762   19.912    20.2905   20.4445
10   19.9953   18.9453   19.0105   19.6639
11   19.6566   18.9167   20.0404   19.1671
12   20.2547   19.2962   19.6639   20.3377
13   19.6963   18.9861   19.3979   19.8592
14   20.1537   20.5178   21.1038   21.082
15   19.3828   19.5189   20.1356   20.3148
16   20.325    21.1107   20.4076   21.1107
17   18.8893   19.5809   18.8893   19.6065
18   19.5209   18.8893   18.8893   18.8893
19   19.9081   19.6195   20.0676   20.2699
20   20.6252   20.3289   21.0506   19.9016
21   21.1107   21.1107   21.1107   20.4461
22   18.8893   19.6435   18.9273   19.3008
23   21.1107   20.5229   20.5656   19.9825
24   21.1099   20.1217   20.9053   20.5888
25   21.1107   20.3025   20.8736   20.3395
26   20.3148   20.2624   19.5748   19.5966
27   18.8898   18.8893   18.9453   19.6639
28   18.8893   19.1598   18.8893   19.8012
29   21.1107   20.503    21.1107   21.1107
30   20.3174   21.0821   20.1888   19.9335
31   20.1113   18.9573   19.5735   19.1618
32   18.8893   19.5823   18.8893   18.8893
33   21.1107   21.1107   20.4108   21.1107
34   20.6188   20.3271   21.1107   20.2845
35   19.1133   19.172    20.0263   19.7418
36   19.8254   20.0906   20.1108   19.2826
37   18.9833   19.4903   19.4665   18.8893
38   20.7297   19.9099   20.2704   20.0697
39   19.8779   20.6877   20.0204   20.7736
40   18.9095   19.7764   19.0985   19.6804
41   19.2071   19.6562   19.3221   18.8893
42   18.8893   19.6174   18.8893   18.8893
43   20.3816   20.9597   20.0406   20.19
44   19.6428   18.8893   18.8893   19.3051
45   19.9487   18.8893   19.387    19.7965
46   21.1107   21.1107   21.0835   20.4386
47   20.2586   20.6481   19.9113   20.0628
48   21.1042   21.0732   20.3835   21.1107
49   19.8895   21.0604   20.203    20.8056
50   20.45     19.387    19.9762   19.6943
51   21.1107   20.8988   20.5908   20.2793
52   19.5638   18.9602   19.5227   19.5306
53   19.9318   20.1741   19.2226   20.3174
54   21.1107   20.8193   21.1107   20.4228
55   19.701    18.8893   18.8893   19.7877
56   18.8893   18.8893   18.8893   19.4443
57   20.9797   21.0483   20.2178   20.403
58   19.7345   20.4199   20.4683   20.8724
59   19.6186   19.3932   19.5152   20.3148
60   19.7582   19.1724   19.928    20.0268
61   21.1107   20.5051   20.0564   20.4957
62   19.8685   18.9104   19.7348   20.0911
63   19.8779   20.2715   20.4992   21.0551
64   18.8893   18.8894   19.8302   18.8893
65   20.3459   21.1107   21.1107   21.1107
66   19.6459   19.3858   20.4461   20.2278
67   21.1107   21.0239   20.9769   20.2676
68   20.3009   20.3884   21.1107   21.1107
69   19.7301   18.9184   19.8087   19.8548
70   20.9966   20.0753   20.6719   19.8548
71   19.9475   19.8048   20.6363   19.4641
72   20.4481   19.3883   20.4739   20.0679
73   19.5451   20.1686   20.0705   20.5648
74   20.5627   19.5601   20.3482   20.4077
75   19.8548   20.574    19.9195   19.7948

 [*,*,2]
:       1         2         3         4       :=
1    21.1107   21.1107   20.1204   20.5489
2    20.4182   21.1107   21.1107   20.5312
3    19.7269   20.2864   20.261    19.1991
4    19.6844   19.2194   19.0022   20.1074
5    20.3977   19.3963   19.4733   20.0978
6    20.5281   20.0077   21.1107   20.8988
7    19.8196   20.3309   19.2949   19.4472
8    21.1107   20.4993   20.5131   21.1107
9    21.1107   21.1107   21.1107   20.5468
10   19.0132   18.8893   19.4838   18.8893
11   19.316    20.2391   19.9876   20.0381
12   18.8893   19.3473   18.8893   19.2705
13   21.1107   21.1107   20.176    21.1107
14   20.5539   20.0679   20.4173   21.1079
15   21.1107   20.3372   21.1107   20.3818
16   21.1107   21.1107   20.4919   21.0674
17   19.9835   19.3669   19.7156   20.5498
18   19.8869   19.4504   19.9264   20.6059
19   20.5581   19.4215   20.0011   19.4622
20   19.7444   19.7651   19.0994   18.8893
21   19.6209   20.1366   19.044    19.9418
22   21.1107   21.0515   21.1107   20.1014
23   20.4054   20.1511   19.6738   20.0923
24   18.8893   18.8893   18.8893   19.4874
25   20.0652   20.3262   21.0659   20.0113
26   20.3818   19.2148   19.8302   20.0917
27   19.771    18.8893   18.8893   18.8893
28   19.9075   19.7175   18.8893   19.3748
29   21.0674   20.263    20.0637   20.4999
30   18.8893   18.8893   19.4737   18.8893
31   19.3684   19.6009   19.173    18.8893
32   20.0077   20.5217   20.8988   19.7156
33   19.8851   18.8893   19.7483   20.0254
34   19.5855   18.8893   18.8893   19.5859
35   20.2196   20.9907   20.2812   20.4689
36   20.1125   19.9757   20.9303   20.1587
37   20.4803   20.699    19.5643   19.9075
38   20.0843   20.5507   19.461    19.9955
39   20.705    20.1692   20.0964   20.3099
40   20.5254   20.1048   19.4199   20.4502
41   20.026    21.1107   20.1574   21.1107
42   20.2714   19.37     19.4505   19.7459
43   19.9917   21.024    20.8021   21.1107
44   19.2614   19.5596   18.8893   18.8893
45   18.8893   18.8893   19.9306   19.4325
46   20.0704   19.9553   20.7493   19.7665
47   20.4165   20.6207   20.0285   21.1107
48   19.0529   19.6595   19.7132   18.8916
49   21.1107   21.1107   20.521    21.1107
50   19.6359   19.9304   20.593    19.4464
51   18.8949   20.0568   19.6346   19.5904
52   19.4689   19.5095   20.376    19.2273
53   18.8893   19.4407   18.8893   18.8893
54   19.8851   19.1678   18.8893   19.7506
55   21.1107   20.8458   21.1107   20.4221
56   21.1107   20.706    19.9877   20.5908
57   20.0827   21.0892   20.481    20.5238
58   19.2136   19.4156   19.6346   18.8893
59   20.0493   21.1095   20.3166   20.3818
60   20.4534   20.9903   21.1107   20.2808
61   20.4054   20.0023   20.3136   19.5852
62   19.4516   18.8893   19.1261   18.8893
63   18.8893   18.8893   19.4152   18.8893
64   18.8893   19.4446   19.3551   19.4889
65   19.8649   20.4353   20.7677   19.5844
66   19.3232   20.2338   19.8375   19.833
67   21.1107   20.9475   20.3525   20.3803
68   18.9049   19.7092   18.9285   19.044
69   21.1107   21.1107   20.3371   21.1107
70   21.1107   21.056    20.352    21.1107
71   18.8918   19.4349   19.7584   19.92
72   19.6474   19.9291   20.3995   20.699
73   19.8133   19.2931   18.8893   19.4567
74   19.6624   19.2052   20.0541   19.4078
75   21.1107   20.4429   20.8856   20.1053

 [*,*,3]
:       1         2         3         4       :=
1    20.5845   19.8272   20.0722   20.8195
2    19.6095   18.8893   19.9523   19.4
3    19.2186   20.1358   19.6463   19.9118
4    20.2635   21.1107   21.0321   21.0921
5    20.3167   20.947    19.9887   20.951
6    21.1107   20.3323   20.3385   21.1107
7    20.3833   21.048    21.0144   20.3505
8    19.9674   19.3916   20.3664   19.7966
9    19.9674   19.7976   20.852    20.3438
10   20.206    20.1707   20.6629   21.1107
11   19.9048   19.883    20.1236   20.6637
12   20.0856   20.5303   21.1107   21.0866
13   20.5849   19.6429   20.0299   19.8276
14   19.3701   18.8893   19.6097   18.8893
15   21.102    20.2703   20.9194   21.1107
16   20.8132   19.9285   20.3529   21.1107
17   20.3749   21.1107   21.1107   21.1107
18   19.9733   19.6875   18.9735   19.9422
19   19.4305   19.5884   20.1743   19.1697
20   18.8893   19.6046   18.9443   18.9335
21   19.9213   19.3433   18.8893   18.9965
22   20.3385   20.5048   19.5648   19.8883
23   20.2984   19.3374   20.4193   20.1279
24   19.6563   19.9352   20.8217   20.3293
25   21.1107   20.287    21.0127   21.0632
26   21.1107   21.1107   20.3705   21.1107
27   20.9578   21.1107   20.1707   21.1107
28   18.8893   19.6898   18.8893   19.4228
29   21.1107   20.4914   21.1107   20.0736
30   18.8893   19.6641   19.3811   19.9483
31   19.4432   19.5632   19.997    18.9246
32   20.3323   21.1107   21.1107   21.1107
33   20.6393   20.0004   19.6952   19.8775
34   20.3412   20.1675   21.054    21.1107
35   19.7662   19.7207   20.1291   19.0435
36   20.9008   20.186    20.0948   19.8504
37   19.9203   19.3376   19.3481   18.8893
38   19.1864   19.4535   19.1664   20.1644
39   19.5642   19.0981   20.0725   20.2287
40   18.8893   19.5759   18.8893   18.8893
41   20.6881   20.5409   19.9249   20.3385
42   19.8685   19.9393   19.6875   20.7929
43   21.1107   21.1107   20.3995   21.1107
44   20.2334   19.3935   20.1917   19.1622
45   18.8893   18.8893   18.8893   19.4201
46   19.4175   20.5951   19.7895   19.654
47   19.9356   21.034    20.6714   20.2178
48   18.8903   19.9057   19.5572   20.0001
49   19.7943   19.9651   19.4019   19.0454
50   19.0853   18.8895   19.3967   19.4737
51   21.0389   21.1107   20.2757   21.1107
52   20.0592   20.5495   20.8178   21.1017
53   19.9529   19.414    19.0058   18.8893
54   20.6393   20.6618   20.0003   19.7114
55   19.7501   19.6171   18.8893   18.9743
56   18.8893   20.0011   19.0609   19.2015
57   19.3866   19.9569   19.3736   20.2548
58   19.7223   19.3733   20.4947   19.7171
59   20.9606   21.1107   20.241    21.1107
60   19.0145   19.7209   19.8422   20.1293
61   20.2984   21.1107   20.0611   20.4576
62   20.5802   20.173    19.4505   20.0962
63   21.1107   20.1046   21.1107   20.9911
64   20.1918   19.5305   20.2423   20.7128
65   18.8893   19.5889   18.8893   18.8893
66   19.9624   20.6513   20.6662   19.923
67   19.907    21.0131   19.9915   20.3015
68   18.8893   19.5493   19.7349   18.8893
69   19.781    18.9202   18.8893   18.8893
70   18.8893   19.6298   18.8893   18.8893
71   18.8893   19.4688   18.8893   18.8893
72   19.0903   18.8893   18.8893   19.477
73   20.434    21.0222   19.9144   20.3091
74   20.4498   20.0189   19.778    19.3553
75   18.8893   18.8893   19.7699   18.8893
;

side = 2.22148
softness = 0.4

---------------------------- Solution coords data ----------------------------
distances [*,1,*]
:    1   2   3   4    :=
1    0   1   0   1
2    0   1   0   1
3    0   1   0   1
4    0   1   0   1
5    0   1   0   1
6    0   1   0   1
7    0   1   0   1
8    0   1   0   1
9    0   1   0   1
10   0   1   0   1
11   0   1   0   1
12   0   1   0   1
13   0   1   0   1
14   0   1   0   1
15   0   1   0   1
16   0   1   0   1
17   0   1   0   1
18   0   1   0   1
19   0   1   0   1
20   0   1   0   1
21   0   1   0   1
22   0   1   0   1
23   0   1   0   1
24   0   1   0   1
25   0   1   0   1
26   0   1   0   1
27   0   1   0   1
28   0   1   0   1
29   0   1   0   1
30   0   1   0   1
31   0   1   0   1
32   0   1   0   1
33   0   1   0   1
34   0   1   0   1
35   0   1   0   1
36   0   1   0   1
37   0   1   0   1
38   0   1   0   1
39   0   1   0   1
40   0   1   0   1
41   0   1   0   1
42   0   1   0   1
43   0   1   0   1
44   0   1   0   1
45   0   1   0   1
46   0   1   0   1
47   0   1   0   1
48   0   1   0   1
49   0   1   0   1
50   0   1   0   1
51   0   1   0   1
52   0   1   0   1
53   0   1   0   1
54   0   1   0   1
55   0   1   0   1
56   0   1   0   1
57   0   1   0   1
58   0   1   0   1
59   0   1   0   1
60   0   1   0   1
61   0   1   0   1
62   0   1   0   1
63   0   1   0   1
64   0   1   0   1
65   0   1   0   1
66   0   1   0   1
67   0   1   0   1
68   0   1   0   1
69   0   1   0   1
70   0   1   0   1
71   0   1   0   1
72   0   1   0   1
73   0   1   0   1
74   0   1   0   1
75   0   1   0   1

 [*,2,*]
:    1   2   3   4    :=
1    0   0   1   1
2    0   0   1   1
3    0   0   1   1
4    0   0   1   1
5    0   0   1   1
6    0   0   1   1
7    0   0   1   1
8    0   0   1   1
9    0   0   1   1
10   0   0   1   1
11   0   0   1   1
12   0   0   1   1
13   0   0   1   1
14   0   0   1   1
15   0   0   1   1
16   0   0   1   1
17   0   0   1   1
18   0   0   1   1
19   0   0   1   1
20   0   0   1   1
21   0   0   1   1
22   0   0   1   1
23   0   0   1   1
24   0   0   1   1
25   0   0   1   1
26   0   0   1   1
27   0   0   1   1
28   0   0   1   1
29   0   0   1   1
30   0   0   1   1
31   0   0   1   1
32   0   0   1   1
33   0   0   1   1
34   0   0   1   1
35   0   0   1   1
36   0   0   1   1
37   0   0   1   1
38   0   0   1   1
39   0   0   1   1
40   0   0   1   1
41   0   0   1   1
42   0   0   1   1
43   0   0   1   1
44   0   0   1   1
45   0   0   1   1
46   0   0   1   1
47   0   0   1   1
48   0   0   1   1
49   0   0   1   1
50   0   0   1   1
51   0   0   1   1
52   0   0   1   1
53   0   0   1   1
54   0   0   1   1
55   0   0   1   1
56   0   0   1   1
57   0   0   1   1
58   0   0   1   1
59   0   0   1   1
60   0   0   1   1
61   0   0   1   1
62   0   0   1   1
63   0   0   1   1
64   0   0   1   1
65   0   0   1   1
66   0   0   1   1
67   0   0   1   1
68   0   0   1   1
69   0   0   1   1
70   0   0   1   1
71   0   0   1   1
72   0   0   1   1
73   0   0   1   1
74   0   0   1   1
75   0   0   1   1

 [*,3,*]
:    1   2   3   4    :=
1    1   0   0   1
2    1   0   0   1
3    1   0   0   1
4    1   0   0   1
5    1   0   0   1
6    1   0   0   1
7    1   0   0   1
8    1   0   0   1
9    1   0   0   1
10   1   0   0   1
11   1   0   0   1
12   1   0   0   1
13   1   0   0   1
14   1   0   0   1
15   1   0   0   1
16   1   0   0   1
17   1   0   0   1
18   1   0   0   1
19   1   0   0   1
20   1   0   0   1
21   1   0   0   1
22   1   0   0   1
23   1   0   0   1
24   1   0   0   1
25   1   0   0   1
26   1   0   0   1
27   1   0   0   1
28   1   0   0   1
29   1   0   0   1
30   1   0   0   1
31   1   0   0   1
32   1   0   0   1
33   1   0   0   1
34   1   0   0   1
35   1   0   0   1
36   1   0   0   1
37   1   0   0   1
38   1   0   0   1
39   1   0   0   1
40   1   0   0   1
41   1   0   0   1
42   1   0   0   1
43   1   0   0   1
44   1   0   0   1
45   1   0   0   1
46   1   0   0   1
47   1   0   0   1
48   1   0   0   1
49   1   0   0   1
50   1   0   0   1
51   1   0   0   1
52   1   0   0   1
53   1   0   0   1
54   1   0   0   1
55   1   0   0   1
56   1   0   0   1
57   1   0   0   1
58   1   0   0   1
59   1   0   0   1
60   1   0   0   1
61   1   0   0   1
62   1   0   0   1
63   1   0   0   1
64   1   0   0   1
65   1   0   0   1
66   1   0   0   1
67   1   0   0   1
68   1   0   0   1
69   1   0   0   1
70   1   0   0   1
71   1   0   0   1
72   1   0   0   1
73   1   0   0   1
74   1   0   0   1
75   1   0   0   1

 [*,4,*]
:    1   2   3   4    :=
1    1   1   1   0
2    1   1   1   0
3    1   1   1   0
4    1   1   1   0
5    1   1   1   0
6    1   1   1   0
7    1   1   1   0
8    1   1   1   0
9    1   1   1   0
10   1   1   1   0
11   1   1   1   0
12   1   1   1   0
13   1   1   1   0
14   1   1   1   0
15   1   1   1   0
16   1   1   1   0
17   1   1   1   0
18   1   1   1   0
19   1   1   1   0
20   1   1   1   0
21   1   1   1   0
22   1   1   1   0
23   1   1   1   0
24   1   1   1   0
25   1   1   1   0
26   1   1   1   0
27   1   1   1   0
28   1   1   1   0
29   1   1   1   0
30   1   1   1   0
31   1   1   1   0
32   1   1   1   0
33   1   1   1   0
34   1   1   1   0
35   1   1   1   0
36   1   1   1   0
37   1   1   1   0
38   1   1   1   0
39   1   1   1   0
40   1   1   1   0
41   1   1   1   0
42   1   1   1   0
43   1   1   1   0
44   1   1   1   0
45   1   1   1   0
46   1   1   1   0
47   1   1   1   0
48   1   1   1   0
49   1   1   1   0
50   1   1   1   0
51   1   1   1   0
52   1   1   1   0
53   1   1   1   0
54   1   1   1   0
55   1   1   1   0
56   1   1   1   0
57   1   1   1   0
58   1   1   1   0
59   1   1   1   0
60   1   1   1   0
61   1   1   1   0
62   1   1   1   0
63   1   1   1   0
64   1   1   1   0
65   1   1   1   0
66   1   1   1   0
67   1   1   1   0
68   1   1   1   0
69   1   1   1   0
70   1   1   1   0
71   1   1   1   0
72   1   1   1   0
73   1   1   1   0
74   1   1   1   0
75   1   1   1   0
;

---------------------------- Solution stats data ----------------------------
_ampl_time = 0.154834
_total_solve_time = 22764.2
_ampl_elapsed_time = 0.151083
_ampl_user_time = 0.129012

Total time elapsed: $22764.20.
_total_solve_time = 22764.2

---------------------------- Solution miscs data ----------------------------
tetrahedron_volume [*] :=
 1 0    8 0   15 0   22 0   29 0   36 0   43 0   50 0   57 0   64 0   71 0
 2 0    9 0   16 0   23 0   30 0   37 0   44 0   51 0   58 0   65 0   72 0
 3 0   10 0   17 0   24 0   31 0   38 0   45 0   52 0   59 0   66 0   73 0
 4 0   11 0   18 0   25 0   32 0   39 0   46 0   53 0   60 0   67 0   74 0
 5 0   12 0   19 0   26 0   33 0   40 0   47 0   54 0   61 0   68 0   75 0
 6 0   13 0   20 0   27 0   34 0   41 0   48 0   55 0   62 0   69 0
 7 0   14 0   21 0   28 0   35 0   42 0   49 0   56 0   63 0   70 0
;

---------------------------- Solution miscs data ----------------------------
tetrahedron_surface_area [*] :=
 1 1.73205   14 1.73205   27 1.73205   40 1.73205   53 1.73205   66 1.73205
 2 1.73205   15 1.73205   28 1.73205   41 1.73205   54 1.73205   67 1.73205
 3 1.73205   16 1.73205   29 1.73205   42 1.73205   55 1.73205   68 1.73205
 4 1.73205   17 1.73205   30 1.73205   43 1.73205   56 1.73205   69 1.73205
 5 1.73205   18 1.73205   31 1.73205   44 1.73205   57 1.73205   70 1.73205
 6 1.73205   19 1.73205   32 1.73205   45 1.73205   58 1.73205   71 1.73205
 7 1.73205   20 1.73205   33 1.73205   46 1.73205   59 1.73205   72 1.73205
 8 1.73205   21 1.73205   34 1.73205   47 1.73205   60 1.73205   73 1.73205
 9 1.73205   22 1.73205   35 1.73205   48 1.73205   61 1.73205   74 1.73205
10 1.73205   23 1.73205   36 1.73205   49 1.73205   62 1.73205   75 1.73205
11 1.73205   24 1.73205   37 1.73205   50 1.73205   63 1.73205
12 1.73205   25 1.73205   38 1.73205   51 1.73205   64 1.73205
13 1.73205   26 1.73205   39 1.73205   52 1.73205   65 1.73205
;

