Error at _cmdno 5 executing "solve" command
(file amplin, line 1967, offset 38012):
error processing param distances:
	3200 invalid subscripts discarded:
	distances[101,1,1]
	distances[101,1,2]
	distances[101,1,3]
	and 3197 more.
##### This license is only intended for use by NEOS. #####
##### License is valid until Jan 16, 2026 #####
iables.
Substitution eliminates 1 variable.
Adjusted problem:
25953 variables:
	16053 nonlinear variables
	9900 linear variables
52003 constraints; 313156 nonzeros
	46250 nonlinear constraints
	5753 linear constraints
	5051 equality constraints
	46952 inequality constraints
1 nonlinear objective; 3 nonzeros.

Artelys Knitro 14.2.0: threads=4
algorithm=1
ms_enable=1
ms_maxsolves=10
feastol=1e-5
opttol=1e-5
honorbnds=1
bar_initpt=3
bar_murule=4
scale=1
outlev=2
maxtime_real=1200
WARNING:  Option 'threads' is deprecated, please use 'numthreads'.
WARNING: 1 constraint is constant or undefined and will be ignored.

=======================================
           Academic License
       (NOT FOR COMMERCIAL USE)
         Artelys Knitro 14.2.0
=======================================

No start point provided -- Knitro computing one.

Knitro presolve eliminated 0 variables and 1 constraint.

algorithm                1
bar_initpt               3
bar_murule               4
concurrent_evals         0
datacheck                0
feastol                  1e-05
findiff_numthreads       1
hessian_no_f             1
hessopt                  1
honorbnds                1
maxtime_real             1200
ms_enable                1
ms_maxsolves             10
numthreads               4
opttol                   1e-05

Problem Characteristics                                 (   Presolved)
-----------------------
Objective goal:  Minimize
Objective type:  general
Number of variables:                              25953 (       25953)
    bounded below only:                               1 (           1)
    bounded above only:                               0 (           0)
    bounded below and above:                          0 (           0)
    fixed:                                            0 (           0)
    free:                                         25952 (       25952)
Number of constraints:                            52003 (       52002)
    linear equalities:                                1 (           0)
    quadratic equalities:                          4950 (        4950)
    gen. nonlinear equalities:                      100 (         100)
    linear one-sided inequalities:                 5752 (        5752)
    quadratic one-sided inequalities:             41200 (       41200)
    gen. nonlinear one-sided inequalities:            0 (           0)
    linear two-sided inequalities:                    0 (           0)
    quadratic two-sided inequalities:                 0 (           0)
    gen. nonlinear two-sided inequalities:            0 (           0)
Number of nonzeros in Jacobian:                  313156 (      313156)
Number of nonzeros in Hessian:                   141453 (      141453)

Knitro parallel multistart will run with 4 threads.

Return codes description
------------------------
  0:  The final solution satisfies the termination conditions for verifying optimality.
  -100 to -199:  A feasible approximate solution was found.
  -200 to -299:  Knitro terminated at an infeasible point.
  -300 to -301:  The problem was determined to be unbounded.
  -400 to -499:  Knitro terminated because it reached a pre-defined limit.
    -400 to -409:  A feasible point was found.
    -410 to -419:  No feasible point was found.
  -500 to -599:  Knitro terminated with an input error or some non-standard error.
A more detailed description of individual return codes and their corresponding
termination messages is provided at
https://www.artelys.com/app/docs/knitro/3_referenceManual/returnCodes.html

 Solve #  ThreadID  Status     Objective      FeasError    OptError    Real Time 
--------  --------  ------  --------------   ----------   ----------  ----------
      0          0       0        0.712346  1.19208e-05  1.91174e-05      898.418
      2          3    -410     1.89639e+09      466485.      3067.74      4864.64
      4          0    -410     7.86757e+08  1.34110e+06      885.012      4796.43
      5          1    -410     6.41129e+08  1.00851e+06      798.525      4860.98
      7          3    -410     5.31411e+08  1.01478e+06      1375.80      4745.35
      3          2    -410     2.78654e+08      76.9706      334.271      4715.47
      8          0    -410     2.19379e+08      11.3643      1457.23      4626.16
      1          1    -410     1.34993e+09     0.495626      230.669      4260.01
      6          2    -410     6.12351e+07  4.67655e-03      11.8037      4176.59
      9          2    -410     3.80734e+10      12.9744      27152.3      4499.70

MULTISTART: Best locally optimal solution is returned.
EXIT: Locally optimal solution found.

Final Statistics
----------------
Final objective value               =   7.12345954629123e-01
Final feasibility error (abs / rel) =   1.19e-05 / 2.05e-06
Final optimality error  (abs / rel) =   1.91e-05 / 8.83e-06
# of iterations                     =      92588 
# of CG iterations                  =          0 
# of function evaluations           =      94358
# of gradient evaluations           =      92738
# of Hessian evaluations            =      92626
Total program time (secs)           =   13392.23242 ( 42282.227 CPU time)

===============================================================================

Knitro 14.2.0: Locally optimal or satisfactory solution.
objective 0.7123459546; feasibility error 1.19e-05
92588 iterations; 94358 function evaluations

suffix feaserror OUT;
suffix opterror OUT;
suffix numfcevals OUT;
suffix numiters OUT;
---------------------------- Solver Status Report ----------------------------
solve_result_num = 0
solve_result = solved
solve_message = 'Knitro 14.2.0: Locally optimal or satisfactory solution.\
objective 0.7123459546; feasibility error 1.19e-05\
92588 iterations; 94358 function evaluations'


---------------------------- Problem Dimensions ----------------------------
Variables: 51304
Constraints: 52104
---------------------------- Container and geometric considerations  ----------------------------
Container type: cylinder
Structural conservation type: surface
---------------------------- Solution execution data ----------------------------
solve_result_num = 0
solve_result = solved

---------------------------- Solution data ----------------------------
card(figures) = 100

coords [*,*,1]
:          1            2             3            4         :=
1      0.144406      0.420317    -0.441762      0.545229
2     -0.141591      0.38507      0.572761     -0.447761
3      0.654844      0.180452     0.308463      0.650554
4      0.40972      -0.271211    -0.56201       0.290421
5     -0.0404113     0.610126     0.378465     -0.448709
6      0.291071      0.409542    -0.27008      -0.561843
7     -0.338672      0.202433    -0.494868      0.312742
8     -0.635318     -0.657731     0.0572026     0.420175
9      0.478545     -0.451666     0.451677     -0.478545
10    -0.611388      0.418953    -0.637442     -0.0635723
11    -0.634859      0.415434    -0.492986     -0.0909986
12    -0.551271      0.0640091   -0.362415      0.519946
13     0.309969      0.398356     0.0458163     0.611136
14     0.115699      0.646773     0.657786      0.0557596
15     0.606676      0.306486     0.454043     -0.448385
16     0.480282     -0.523466    -0.643157      0.420017
17     0.545106      0.144333     0.420264     -0.441994
18    -0.518383      0.415086    -0.635298     -0.0795288
19    -0.494894      0.313307    -0.342756      0.211862
20     0.439179     -0.43374      0.546784     -0.186499
21     0.650663      0.65485      0.308727      0.1831
22     0.308754     -0.494728     0.192397     -0.333935
23     0.508716     -0.417383     0.417411     -0.50874
24     0.0464841     0.343769     0.611203      0.520147
25    -0.622072      0.419634    -0.651934     -0.0644309
26    -0.549857     -0.366345     0.0648578     0.519884
27     0.610939      0.309303     0.0453938     0.399781
28     0.451672     -0.47855      0.478552     -0.451656
29     0.519565      0.420176    -0.281391     -0.65773
30    -0.404981     -0.451833    -0.562316     -0.587525
31     0.308332      0.399322     0.610877      0.0452162
32     0.00951488    0.536108    -0.656501      0.419146
33     0.650522      0.185474     0.308055      0.654828
34    -0.451661     -0.478546     0.478547      0.451676
35     0.0623442    -0.139978     0.51369      -0.656861
36     0.417406     -0.508736     0.508718     -0.417384
37    -0.355016      0.312963    -0.451073      0.220134
38    -0.0119402    -0.147564    -0.54477      -0.494822
39     0.61083       0.39763      0.0450627     0.306581
40     0.451688     -0.478542    -0.451657      0.478544
41     0.545432     -0.441446     0.4204        0.144558
42    -0.651025      0.105389     0.652         0.15534
43    -0.063554      0.419675    -0.651987     -0.622239
44     0.654977      0.303669     0.193796      0.650065
45     0.419337     -0.648856    -0.0640953    -0.61982
46    -0.635541     -0.0801826    0.415065     -0.534795
47     0.610299     -0.45181     -0.223698      0.115921
48     0.43341       0.542908    -0.198668     -0.441821
49     0.651552      0.107036    -0.650884      0.153468
50     0.144488      0.420364    -0.441579      0.545343
51    -0.562257     -0.451823    -0.587036     -0.404927
52     0.415662     -0.6362      -0.540782     -0.0742462
53    -0.434919     -0.199744     0.57847       0.436002
54     0.399217      0.0457084    0.310236      0.611079
55    -0.0873923     0.415607    -0.503353     -0.634842
56    -0.202094     -0.434927     0.428906      0.57914
57    -0.0763691    -0.527275    -0.63516       0.415696
58     0.58554       0.43939     -0.43633      -0.192304
59     0.409534     -0.274984    -0.561682      0.289669
60    -0.127002      0.414422     0.591845     -0.447092
61     0.195099      0.30381      0.650155      0.655101
62    -0.621554      0.419522    -0.651251     -0.0641456
63     0.545489      0.420423    -0.441362      0.144602
64     0.308569      0.399147     0.610907      0.0453251
65     0.610603     -0.447526     0.473875      0.108433
66     0.650385      0.188252     0.307256      0.654854
67    -0.495026     -0.539174    -0.398014      0.108394
68     0.0203181     0.290881    -0.539043      0.452712
69     0.417407     -0.508732    -0.417387      0.508717
70    -0.0553399    -0.508682     0.417435     -0.511286
71     0.0642538    -0.36227      0.519909     -0.550948
72    -0.508744      0.417412    -0.417379      0.508717
73     0.611029      0.309816     0.399137      0.0456262
74     0.416212     -0.657535    -0.00517094    0.53601
75     0.30382       0.650251     0.196163      0.655225
76    -0.362848     -0.550608     0.0651779     0.519872
77     0.0452684     0.311675     0.610731      0.397427
78     0.61082       0.208954    -0.448947      0.499731
79    -0.635398     -0.0805236   -0.526202      0.415581
80     0.187405     -0.451388     0.313257      0.456589
81    -0.635404      0.41556     -0.527043     -0.0803038
82     0.0943154     0.610098    -0.248393     -0.451739
83     0.423352     -0.441582     0.571485     -0.212596
84     0.30745       0.610785     0.397255      0.0450714
85     0.610854      0.397797     0.30714       0.0451653
86     0.47415       0.610545    -0.448313      0.107968
87     0.47854      -0.451668     0.451684     -0.478539
88    -0.188229      0.580253     0.420605     -0.421606
89    -0.65208      -0.0644187   -0.622442      0.419732
90     0.313608      0.220282    -0.494897     -0.34578
91     0.191788      0.650043     0.303733      0.654884
92    -0.451844     -0.562322    -0.587538     -0.405008
93    -0.442385      0.420228     0.544956      0.144225
94     0.473906      0.610633    -0.447648      0.10839
95     0.0574289     0.11686      0.420236      0.544904
96    -0.561858      0.409738     0.291495     -0.270856
97     0.41959      -0.621881    -0.0638546    -0.651733
98     0.411485      0.28993     -0.556161     -0.283496
99     0.308953      0.0455238    0.610984      0.398845
100    0.474209     -0.448608     0.610353      0.107896

 [*,*,2]
:         1            2            3            4         :=
1     -0.641985     0.506299     0.303617    -0.368371
2     -0.642553    -0.533531    -0.267388    -0.481863
3     -0.0638711    0.63274      0.56605      0.0985125
4     -0.437695     0.580994     0.336916     0.479873
5     -0.65679     -0.246463    -0.538305    -0.481307
6      0.47856     -0.437546     0.581594     0.336734
7     -0.564169    -0.446703    -0.230363     0.424836
8      0.17141     -0.0199604    0.621409     0.506422
9     -0.451672    -0.478551     0.47854      0.451672
10     0.243278     0.507418     0.162959     0.650763
11     0.172924     0.510272     0.418714     0.644546
12     0.280949     0.616623    -0.533043    -0.40324
13     0.437797    -0.435491     0.656434    -0.24397
14    -0.596791     0.121223     0.0180701    0.655667
15    -0.240816     0.418316    -0.395339    -0.468608
16    -0.449809    -0.398715     0.13902      0.506311
17    -0.368537    -0.642003     0.506344     0.30345
18     0.388117     0.510572     0.171372     0.65006
19    -0.230503     0.426723    -0.561704    -0.448356
20    -0.450929    -0.47018     -0.273387    -0.615522
21     0.0980059   -0.0641954    0.567622     0.632001
22     0.434594    -0.230353    -0.436805    -0.566975
23    -0.417397    -0.508728     0.508705     0.417369
24     0.656385     0.495509    -0.243798    -0.402999
25     0.214532     0.506867     0.0886307    0.652986
26     0.281537    -0.533229     0.614689    -0.403307
27    -0.244459     0.437261     0.656462    -0.43956
28     0.478544     0.451666    -0.451665    -0.47856
29    -0.40381      0.506411    -0.594835    -0.0199795
30    -0.518651    -0.478389     0.341772     0.296348
31     0.438812    -0.43885     -0.244612     0.656474
32    -0.657916    -0.381502     0.0443385    0.505506
33     0.098565     0.631239     0.571228    -0.0638267
34    -0.478555     0.451671    -0.451669     0.478541
35     0.605675    -0.619273    -0.410344     0.0301696
36     0.508709     0.417374    -0.417395    -0.508727
37    -0.554007     0.424219    -0.464499    -0.454036
38    -0.448897     0.62564      0.368499    -0.224048
39    -0.244708    -0.436852     0.656482     0.440918
40     0.47853      0.451675    -0.478559    -0.451673
41    -0.368077     0.303842     0.50623     -0.64195
42     0.0387804   -0.549462    -0.0761638    0.614789
43     0.653399     0.50683      0.0884609    0.214036
44    -0.0613716    0.583115     0.628617     0.10088
45     0.507112     0.109207     0.653339     0.220955
46     0.170479     0.650569     0.51059      0.374157
47    -0.246059    -0.47841     -0.618846    -0.622962
48    -0.463657    -0.274248    -0.625092    -0.479698
49    -0.0787579   -0.550101     0.0382238    0.614879
50    -0.641966     0.506259     0.303747    -0.368208
51     0.341598    -0.478366     0.297304    -0.518687
52     0.510096     0.167961     0.366099     0.652492
53    -0.470203    -0.603447    -0.260553    -0.452312
54    -0.438586     0.65644      0.435752    -0.244109
55     0.645802     0.51012      0.408026     0.173025
56    -0.602846    -0.470317    -0.457922    -0.262133
57     0.651264     0.380405     0.171924     0.510083
58    -0.258471    -0.44771     -0.469967    -0.603659
59    -0.438144     0.57974      0.336681     0.481486
60    -0.645588    -0.511042    -0.264248    -0.482431
61     0.628289     0.583471     0.100794    -0.0606419
62     0.21604      0.506961     0.0930014    0.653228
63    -0.367994     0.506211     0.303901    -0.64194
64     0.438144    -0.438867    -0.244539     0.656466
65    -0.245268    -0.470593    -0.456556    -0.561992
66     0.0992811    0.630384     0.574996    -0.0633336
67    -0.230314     0.377204    -0.524017    -0.572949
68    -0.326006     0.47792      0.377413    -0.399484
69     0.508709     0.417378    -0.508725    -0.417397
70     0.655705     0.417437     0.508684     0.414245
71     0.61618     -0.533817    -0.403282     0.280822
72     0.417363     0.508704    -0.508731    -0.417396
73    -0.244235     0.43622     -0.438723     0.656445
74     0.499733     0.0209203   -0.657848    -0.381494
75     0.583645     0.100677     0.62806     -0.0602073
76    -0.535183     0.281118     0.614083    -0.403324
77     0.656465     0.431221    -0.244727    -0.438573
78    -0.244756    -0.554026    -0.481093    -0.42811
79     0.171032     0.649192     0.381561     0.510174
80    -0.494382    -0.470269     0.406736    -0.395323
81     0.171011     0.510191     0.380731     0.649526
82    -0.584151    -0.246558    -0.609354    -0.478208
83    -0.471136    -0.479498    -0.271953    -0.620836
84     0.440698    -0.244717    -0.435205     0.656478
85    -0.244665    -0.436988     0.440193     0.656476
86    -0.456256    -0.245069    -0.470345    -0.561761
87    -0.451677    -0.478549     0.478533     0.451678
88    -0.60675     -0.257666    -0.469484    -0.481746
89     0.0877948    0.652875     0.213431     0.50678
90     0.426802    -0.451933    -0.230643    -0.559851
91     0.629198     0.100724     0.581948    -0.0620978
92    -0.478381     0.341768     0.296326    -0.518631
93     0.303176     0.506374    -0.368714    -0.642029
94    -0.45652     -0.245175    -0.470561    -0.561914
95     0.654075    -0.607667     0.506372    -0.191442
96     0.336753    -0.436546     0.477641     0.581363
97     0.506905     0.215096     0.653326     0.0894969
98    -0.438733     0.481589     0.332032     0.576796
99     0.437803     0.656452    -0.244345    -0.438072
100   -0.456181    -0.470274    -0.245025    -0.561718

 [*,*,3]
:          1              2             3             4          :=
1      0.349228       0.71989       -0.0312143    0.719959
2      0.164401       0.201129      -0.863278    -0.919247
3     -0.854339      -0.671077       0.359116     0.546627
4      0.112287      -0.586683      -0.0435599   -0.925046
5      0.159331      -0.924729       0.216468    -0.924747
6     -0.925062       0.11073       -0.58886     -0.043857
7     -0.260133       0.184811      -0.924979    -0.918895
8      0.0988415      0.719903      -0.286161     0.719934
9     -0.925064      -0.92509       -0.925041    -0.925039
10     0.111343       0.718999       0.605623    -0.587128
11     0.58956        0.709828      -0.23819     -0.599864
12    -0.00105957    -0.285095       0.378471     0.148815
13    -0.923564       0.180764      -0.302       -0.92511
14     0.323168       0.719968      -0.0909155   -0.303061
15    -0.923946      -0.923984      -0.110247    -0.923563
16     0.70056        0.267548       0.196602     0.719831
17     0.71996        0.349413       0.719909    -0.0310746
18    -0.146591       0.707354       0.5951      -0.606326
19    -0.924924      -0.922969      -0.281092     0.178795
20     0.066328      -0.910556      -0.842048     0.251797
21     0.541353      -0.859681       0.352984    -0.677572
22    -0.921697      -0.924744       0.181476    -0.240424
23     0.719902       0.7199         0.719962     0.719961
24    -0.302061      -0.924312      -0.925108     0.148794
25     0.133711       0.71877        0.553553    -0.598108
26    -0.000863539    0.379378      -0.284218     0.148937
27    -0.92511       -0.92248       -0.302119     0.178875
28    -0.92508       -0.92508       -0.925092    -0.925103
29     0.719835       0.719932       0.363269     0.719858
30     0.211775      -0.925116       0.0229286   -0.925083
31    -0.922061       0.178583      -0.92511     -0.302239
32     0.466479       0.719913       0.172936     0.719263
33     0.539117      -0.681131       0.348955    -0.861449
34    -0.925113      -0.925104      -0.925109    -0.925104
35    -0.278999       0.381786       0.153872     0.14745
36     0.719968       0.719968       0.719941     0.71994
37    -0.325947      -0.921646      -0.924732     0.17833
38     0.141385      -0.762039      -0.157222    -0.916926
39    -0.925108       0.180973      -0.302418    -0.919576
40    -0.924977      -0.924867      -0.925075    -0.925005
41     0.719958      -0.0314218      0.719848     0.348912
42     0.142542       0.300873      -0.0419209   -0.300903
43    -0.598455       0.718694       0.552441     0.134014
44    -0.871202       0.331632      -0.696974     0.528365
45     0.718888       0.564505      -0.598229     0.128856
46     0.592513      -0.609898       0.703505    -0.113157
47    -0.924047      -0.925057       0.150875     0.342254
48     0.0865226     -0.848006       0.21713     -0.904643
49    -0.0404883      0.300986       0.142955    -0.300557
50     0.349054       0.71987       -0.0313327    0.719958
51     0.0228566     -0.925097      -0.925002     0.211212
52     0.705651       0.58953       -0.0906704   -0.609484
53    -0.910747       0.164958      -0.8762       0.0714346
54     0.181048      -0.302016      -0.922401    -0.925109
55    -0.599818       0.711053      -0.208305     0.589333
56     0.15823       -0.910591       0.0951114   -0.866793
57    -0.607056      -0.127618       0.590654     0.707422
58    -0.87748        0.0498979     -0.911675     0.176647
59     0.115061      -0.581574      -0.0430433   -0.92504
60     0.193733       0.125104      -0.859057    -0.917206
61    -0.703206       0.327025       0.52297     -0.877109
62     0.132496       0.718861       0.555752    -0.598129
63     0.719958       0.719829      -0.0314794    0.348816
64    -0.921551       0.179644      -0.925109    -0.302208
65    -0.924883      -0.92377        0.144274     0.306644
66     0.535908      -0.686084       0.34395     -0.864266
67    -0.925116      -0.126615       0.381034     0.303079
68     0.202051      -0.925105      -0.126088    -0.0851689
69     0.719972       0.719972       0.719966     0.719966
70    -0.594467       0.719953       0.719891    -0.246149
71    -0.284814       0.378995       0.14899     -0.000208447
72     0.719953       0.719955       0.719862     0.719866
73    -0.925109      -0.921991       0.18095     -0.302082
74     0.716942       0.153933       0.441946     0.719355
75     0.323447       0.519174      -0.707732    -0.881366
76     0.379942      -0.000307554   -0.283862     0.149086
77    -0.303718      -0.923142      -0.925105     0.184143
78    -0.925115       0.386381      -0.859334     0.183335
79     0.595917      -0.604204      -0.130548     0.708982
80     0.181263      -0.924727      -0.896743    -0.107559
81     0.595391       0.707857      -0.12844     -0.605386
82     0.348128      -0.920724       0.138216    -0.925055
83     0.116474      -0.905311      -0.825397     0.175942
84    -0.922704      -0.925104       0.179431    -0.302747
85    -0.925109       0.180862      -0.92019     -0.302419
86     0.143577      -0.924528      -0.923491     0.305659
87    -0.925118      -0.925119      -0.925117    -0.925117
88     0.198256      -0.892197       0.152322    -0.827227
89     0.552979      -0.598237       0.134647     0.718623
90    -0.923811       0.175765      -0.924928    -0.297833
91    -0.689861       0.534268       0.336649    -0.865173
92    -0.925118       0.0229611     -0.925102     0.21179
93    -0.0308456      0.719934       0.719961     0.349658
94     0.144429      -0.92484       -0.923469     0.306471
95    -0.298584       0.329476       0.719671     0.71997
96    -0.0443638      0.105133      -0.925066    -0.595307
97     0.718823       0.13317       -0.598236     0.553494
98     0.11898       -0.925102      -0.0392833   -0.570712
99    -0.921726      -0.302085      -0.925108     0.180429
100    0.14336       -0.923404      -0.924501     0.30552
;

radius = 0.658037
height = 1.64509
softness = 0.99

---------------------------- Solution coords data ----------------------------
distances [*,1,*]
:     1   2   3   4    :=
1     0   1   0   1
2     0   1   0   1
3     0   1   0   1
4     0   1   0   1
5     0   1   0   1
6     0   1   0   1
7     0   1   0   1
8     0   1   0   1
9     0   1   0   1
10    0   1   0   1
11    0   1   0   1
12    0   1   0   1
13    0   1   0   1
14    0   1   0   1
15    0   1   0   1
16    0   1   0   1
17    0   1   0   1
18    0   1   0   1
19    0   1   0   1
20    0   1   0   1
21    0   1   0   1
22    0   1   0   1
23    0   1   0   1
24    0   1   0   1
25    0   1   0   1
26    0   1   0   1
27    0   1   0   1
28    0   1   0   1
29    0   1   0   1
30    0   1   0   1
31    0   1   0   1
32    0   1   0   1
33    0   1   0   1
34    0   1   0   1
35    0   1   0   1
36    0   1   0   1
37    0   1   0   1
38    0   1   0   1
39    0   1   0   1
40    0   1   0   1
41    0   1   0   1
42    0   1   0   1
43    0   1   0   1
44    0   1   0   1
45    0   1   0   1
46    0   1   0   1
47    0   1   0   1
48    0   1   0   1
49    0   1   0   1
50    0   1   0   1
51    0   1   0   1
52    0   1   0   1
53    0   1   0   1
54    0   1   0   1
55    0   1   0   1
56    0   1   0   1
57    0   1   0   1
58    0   1   0   1
59    0   1   0   1
60    0   1   0   1
61    0   1   0   1
62    0   1   0   1
63    0   1   0   1
64    0   1   0   1
65    0   1   0   1
66    0   1   0   1
67    0   1   0   1
68    0   1   0   1
69    0   1   0   1
70    0   1   0   1
71    0   1   0   1
72    0   1   0   1
73    0   1   0   1
74    0   1   0   1
75    0   1   0   1
76    0   1   0   1
77    0   1   0   1
78    0   1   0   1
79    0   1   0   1
80    0   1   0   1
81    0   1   0   1
82    0   1   0   1
83    0   1   0   1
84    0   1   0   1
85    0   1   0   1
86    0   1   0   1
87    0   1   0   1
88    0   1   0   1
89    0   1   0   1
90    0   1   0   1
91    0   1   0   1
92    0   1   0   1
93    0   1   0   1
94    0   1   0   1
95    0   1   0   1
96    0   1   0   1
97    0   1   0   1
98    0   1   0   1
99    0   1   0   1
100   0   1   0   1

 [*,2,*]
:     1   2   3   4    :=
1     0   0   1   1
2     0   0   1   1
3     0   0   1   1
4     0   0   1   1
5     0   0   1   1
6     0   0   1   1
7     0   0   1   1
8     0   0   1   1
9     0   0   1   1
10    0   0   1   1
11    0   0   1   1
12    0   0   1   1
13    0   0   1   1
14    0   0   1   1
15    0   0   1   1
16    0   0   1   1
17    0   0   1   1
18    0   0   1   1
19    0   0   1   1
20    0   0   1   1
21    0   0   1   1
22    0   0   1   1
23    0   0   1   1
24    0   0   1   1
25    0   0   1   1
26    0   0   1   1
27    0   0   1   1
28    0   0   1   1
29    0   0   1   1
30    0   0   1   1
31    0   0   1   1
32    0   0   1   1
33    0   0   1   1
34    0   0   1   1
35    0   0   1   1
36    0   0   1   1
37    0   0   1   1
38    0   0   1   1
39    0   0   1   1
40    0   0   1   1
41    0   0   1   1
42    0   0   1   1
43    0   0   1   1
44    0   0   1   1
45    0   0   1   1
46    0   0   1   1
47    0   0   1   1
48    0   0   1   1
49    0   0   1   1
50    0   0   1   1
51    0   0   1   1
52    0   0   1   1
53    0   0   1   1
54    0   0   1   1
55    0   0   1   1
56    0   0   1   1
57    0   0   1   1
58    0   0   1   1
59    0   0   1   1
60    0   0   1   1
61    0   0   1   1
62    0   0   1   1
63    0   0   1   1
64    0   0   1   1
65    0   0   1   1
66    0   0   1   1
67    0   0   1   1
68    0   0   1   1
69    0   0   1   1
70    0   0   1   1
71    0   0   1   1
72    0   0   1   1
73    0   0   1   1
74    0   0   1   1
75    0   0   1   1
76    0   0   1   1
77    0   0   1   1
78    0   0   1   1
79    0   0   1   1
80    0   0   1   1
81    0   0   1   1
82    0   0   1   1
83    0   0   1   1
84    0   0   1   1
85    0   0   1   1
86    0   0   1   1
87    0   0   1   1
88    0   0   1   1
89    0   0   1   1
90    0   0   1   1
91    0   0   1   1
92    0   0   1   1
93    0   0   1   1
94    0   0   1   1
95    0   0   1   1
96    0   0   1   1
97    0   0   1   1
98    0   0   1   1
99    0   0   1   1
100   0   0   1   1

 [*,3,*]
:     1   2   3   4    :=
1     1   0   0   1
2     1   0   0   1
3     1   0   0   1
4     1   0   0   1
5     1   0   0   1
6     1   0   0   1
7     1   0   0   1
8     1   0   0   1
9     1   0   0   1
10    1   0   0   1
11    1   0   0   1
12    1   0   0   1
13    1   0   0   1
14    1   0   0   1
15    1   0   0   1
16    1   0   0   1
17    1   0   0   1
18    1   0   0   1
19    1   0   0   1
20    1   0   0   1
21    1   0   0   1
22    1   0   0   1
23    1   0   0   1
24    1   0   0   1
25    1   0   0   1
26    1   0   0   1
27    1   0   0   1
28    1   0   0   1
29    1   0   0   1
30    1   0   0   1
31    1   0   0   1
32    1   0   0   1
33    1   0   0   1
34    1   0   0   1
35    1   0   0   1
36    1   0   0   1
37    1   0   0   1
38    1   0   0   1
39    1   0   0   1
40    1   0   0   1
41    1   0   0   1
42    1   0   0   1
43    1   0   0   1
44    1   0   0   1
45    1   0   0   1
46    1   0   0   1
47    1   0   0   1
48    1   0   0   1
49    1   0   0   1
50    1   0   0   1
51    1   0   0   1
52    1   0   0   1
53    1   0   0   1
54    1   0   0   1
55    1   0   0   1
56    1   0   0   1
57    1   0   0   1
58    1   0   0   1
59    1   0   0   1
60    1   0   0   1
61    1   0   0   1
62    1   0   0   1
63    1   0   0   1
64    1   0   0   1
65    1   0   0   1
66    1   0   0   1
67    1   0   0   1
68    1   0   0   1
69    1   0   0   1
70    1   0   0   1
71    1   0   0   1
72    1   0   0   1
73    1   0   0   1
74    1   0   0   1
75    1   0   0   1
76    1   0   0   1
77    1   0   0   1
78    1   0   0   1
79    1   0   0   1
80    1   0   0   1
81    1   0   0   1
82    1   0   0   1
83    1   0   0   1
84    1   0   0   1
85    1   0   0   1
86    1   0   0   1
87    1   0   0   1
88    1   0   0   1
89    1   0   0   1
90    1   0   0   1
91    1   0   0   1
92    1   0   0   1
93    1   0   0   1
94    1   0   0   1
95    1   0   0   1
96    1   0   0   1
97    1   0   0   1
98    1   0   0   1
99    1   0   0   1
100   1   0   0   1

 [*,4,*]
:     1   2   3   4    :=
1     1   1   1   0
2     1   1   1   0
3     1   1   1   0
4     1   1   1   0
5     1   1   1   0
6     1   1   1   0
7     1   1   1   0
8     1   1   1   0
9     1   1   1   0
10    1   1   1   0
11    1   1   1   0
12    1   1   1   0
13    1   1   1   0
14    1   1   1   0
15    1   1   1   0
16    1   1   1   0
17    1   1   1   0
18    1   1   1   0
19    1   1   1   0
20    1   1   1   0
21    1   1   1   0
22    1   1   1   0
23    1   1   1   0
24    1   1   1   0
25    1   1   1   0
26    1   1   1   0
27    1   1   1   0
28    1   1   1   0
29    1   1   1   0
30    1   1   1   0
31    1   1   1   0
32    1   1   1   0
33    1   1   1   0
34    1   1   1   0
35    1   1   1   0
36    1   1   1   0
37    1   1   1   0
38    1   1   1   0
39    1   1   1   0
40    1   1   1   0
41    1   1   1   0
42    1   1   1   0
43    1   1   1   0
44    1   1   1   0
45    1   1   1   0
46    1   1   1   0
47    1   1   1   0
48    1   1   1   0
49    1   1   1   0
50    1   1   1   0
51    1   1   1   0
52    1   1   1   0
53    1   1   1   0
54    1   1   1   0
55    1   1   1   0
56    1   1   1   0
57    1   1   1   0
58    1   1   1   0
59    1   1   1   0
60    1   1   1   0
61    1   1   1   0
62    1   1   1   0
63    1   1   1   0
64    1   1   1   0
65    1   1   1   0
66    1   1   1   0
67    1   1   1   0
68    1   1   1   0
69    1   1   1   0
70    1   1   1   0
71    1   1   1   0
72    1   1   1   0
73    1   1   1   0
74    1   1   1   0
75    1   1   1   0
76    1   1   1   0
77    1   1   1   0
78    1   1   1   0
79    1   1   1   0
80    1   1   1   0
81    1   1   1   0
82    1   1   1   0
83    1   1   1   0
84    1   1   1   0
85    1   1   1   0
86    1   1   1   0
87    1   1   1   0
88    1   1   1   0
89    1   1   1   0
90    1   1   1   0
91    1   1   1   0
92    1   1   1   0
93    1   1   1   0
94    1   1   1   0
95    1   1   1   0
96    1   1   1   0
97    1   1   1   0
98    1   1   1   0
99    1   1   1   0
100   1   1   1   0
;

---------------------------- Solution stats data ----------------------------
_ampl_time = 0.292343
_total_solve_time = 42283
_ampl_elapsed_time = 0.288809
_ampl_user_time = 0.241678

Total time elapsed: $42283.02.
_total_solve_time = 42283

---------------------------- Solution miscs data ----------------------------
tetrahedron_volume [*] :=
  1 0    11 0    21 0    31 0    41 0    51 0    61 0    71 0    81 0    91 0
  2 0    12 0    22 0    32 0    42 0    52 0    62 0    72 0    82 0    92 0
  3 0    13 0    23 0    33 0    43 0    53 0    63 0    73 0    83 0    93 0
  4 0    14 0    24 0    34 0    44 0    54 0    64 0    74 0    84 0    94 0
  5 0    15 0    25 0    35 0    45 0    55 0    65 0    75 0    85 0    95 0
  6 0    16 0    26 0    36 0    46 0    56 0    66 0    76 0    86 0    96 0
  7 0    17 0    27 0    37 0    47 0    57 0    67 0    77 0    87 0    97 0
  8 0    18 0    28 0    38 0    48 0    58 0    68 0    78 0    88 0    98 0
  9 0    19 0    29 0    39 0    49 0    59 0    69 0    79 0    89 0    99 0
 10 0    20 0    30 0    40 0    50 0    60 0    70 0    80 0    90 0   100 0
;

---------------------------- Solution miscs data ----------------------------
tetrahedron_surface_area [*] :=
  1 1.73205    21 1.73205    41 1.73205    61 1.73205    81 1.73205
  2 1.73205    22 1.73205    42 1.73205    62 1.73205    82 1.73205
  3 1.73205    23 1.73205    43 1.73205    63 1.73205    83 1.73205
  4 1.73205    24 1.73205    44 1.73205    64 1.73205    84 1.73205
  5 1.73205    25 1.73205    45 1.73205    65 1.73205    85 1.73205
  6 1.73205    26 1.73205    46 1.73205    66 1.73205    86 1.73205
  7 1.73205    27 1.73205    47 1.73205    67 1.73205    87 1.73205
  8 1.73205    28 1.73205    48 1.73205    68 1.73205    88 1.73205
  9 1.73205    29 1.73205    49 1.73205    69 1.73205    89 1.73205
 10 1.73205    30 1.73205    50 1.73205    70 1.73205    90 1.73205
 11 1.73205    31 1.73205    51 1.73205    71 1.73205    91 1.73205
 12 1.73205    32 1.73205    52 1.73205    72 1.73205    92 1.73205
 13 1.73205    33 1.73205    53 1.73205    73 1.73205    93 1.73205
 14 1.73205    34 1.73205    54 1.73205    74 1.73205    94 1.73205
 15 1.73205    35 1.73205    55 1.73205    75 1.73205    95 1.73205
 16 1.73205    36 1.73205    56 1.73205    76 1.73205    96 1.73205
 17 1.73205    37 1.73205    57 1.73205    77 1.73205    97 1.73205
 18 1.73205    38 1.73205    58 1.73205    78 1.73205    98 1.73205
 19 1.73205    39 1.73205    59 1.73205    79 1.73205    99 1.73205
 20 1.73205    40 1.73205    60 1.73205    80 1.73205   100 1.73205
;

