Error at _cmdno 5 executing "solve" command
(file amplin, line 1945, offset 37257):
error processing param distances:
	4000 invalid subscripts discarded:
	distances[51,1,1]
	distances[51,1,2]
	distances[51,1,3]
	and 3997 more.
##### This license is only intended for use by NEOS. #####
##### License is valid until Jan 16, 2026 #####
riables.
Adjusted problem:
6726 variables:
	4276 nonlinear variables
	2450 linear variables
13100 constraints; 79725 nonzeros
	11875 nonlinear constraints
	1225 linear constraints
	1275 equality constraints
	11825 inequality constraints
1 linear objective; 1 nonzero.

Artelys Knitro 14.2.0: threads=4
algorithm=1
ms_enable=1
ms_maxsolves=10
feastol=1e-5
opttol=1e-5
honorbnds=1
bar_initpt=3
bar_murule=4
scale=1
outlev=2
maxtime_real=3600
WARNING:  Option 'threads' is deprecated, please use 'numthreads'.

=======================================
           Academic License
       (NOT FOR COMMERCIAL USE)
         Artelys Knitro 14.2.0
=======================================

No start point provided -- Knitro computing one.

Knitro presolve eliminated 0 variables and 0 constraints.

algorithm                1
bar_initpt               3
bar_murule               4
concurrent_evals         0
datacheck                0
feastol                  1e-05
findiff_numthreads       1
hessian_no_f             1
hessopt                  1
honorbnds                1
maxtime_real             3600
ms_enable                1
ms_maxsolves             10
numthreads               4
opttol                   1e-05

Problem Characteristics                                 (   Presolved)
-----------------------
Objective goal:  Minimize
Objective type:  linear
Number of variables:                               6726 (        6726)
    bounded below only:                             601 (         601)
    bounded above only:                               0 (           0)
    bounded below and above:                          0 (           0)
    fixed:                                            0 (           0)
    free:                                          6125 (        6125)
Number of constraints:                            13100 (       13100)
    linear equalities:                                0 (           0)
    quadratic equalities:                          1225 (        1225)
    gen. nonlinear equalities:                       50 (          50)
    linear one-sided inequalities:                 1225 (        1225)
    quadratic one-sided inequalities:             10600 (       10600)
    gen. nonlinear one-sided inequalities:            0 (           0)
    linear two-sided inequalities:                    0 (           0)
    quadratic two-sided inequalities:                 0 (           0)
    gen. nonlinear two-sided inequalities:            0 (           0)
Number of nonzeros in Jacobian:                   79725 (       79725)
Number of nonzeros in Hessian:                    36976 (       36976)

Knitro parallel multistart will run with 4 threads.

Return codes description
------------------------
  0:  The final solution satisfies the termination conditions for verifying optimality.
  -100 to -199:  A feasible approximate solution was found.
  -200 to -299:  Knitro terminated at an infeasible point.
  -300 to -301:  The problem was determined to be unbounded.
  -400 to -499:  Knitro terminated because it reached a pre-defined limit.
    -400 to -409:  A feasible point was found.
    -410 to -419:  No feasible point was found.
  -500 to -599:  Knitro terminated with an input error or some non-standard error.
A more detailed description of individual return codes and their corresponding
termination messages is provided at
https://www.artelys.com/app/docs/knitro/3_referenceManual/returnCodes.html

 Solve #  ThreadID  Status     Objective      FeasError    OptError    Real Time 
--------  --------  ------  --------------   ----------   ----------  ----------
      2          3    -202         1526.80      56343.0      95.9138      151.263
      5          0    -202         1078.57      36193.7      8.90614      115.882
      7          2    -202         3955.06      64612.5      29.0865      626.200
      0          0       0         1.19988  3.59429e-04  8.47000e-06      196.265
      3          1    -410         62.2113  1.95633e-02  7.20172e-04      2721.06
      8          1    -410         14398.3  2.84589e-02      1.00000      2931.79
      6          0    -410         381.452  1.13566e-02  2.48210e-02      2502.73
      1          2    -410         3030.44  8.35652e-02     0.389860      2377.99
      9          0    -410         12183.1  2.12251e-02     0.999998      2880.64
      4          3    -410         2375.59     0.137883      10.7849      2850.15

MULTISTART: Best locally optimal solution is returned.
EXIT: Locally optimal solution found.

Final Statistics
----------------
Final objective value               =   1.19987970387600e+00
Final feasibility error (abs / rel) =   3.59e-04 / 3.35e-07
Final optimality error  (abs / rel) =   8.47e-06 / 8.47e-06
# of iterations                     =      65157 
# of CG iterations                  =          0 
# of function evaluations           =      87785
# of gradient evaluations           =      65492
# of Hessian evaluations            =      65212
Total program time (secs)           =    5696.10645 ( 15497.462 CPU time)

===============================================================================

Knitro 14.2.0: Locally optimal or satisfactory solution.
objective 1.199879704; feasibility error 0.000359
65157 iterations; 87785 function evaluations

suffix feaserror OUT;
suffix opterror OUT;
suffix numfcevals OUT;
suffix numiters OUT;
---------------------------- Container and geometric considerations  ----------------------------
Container type: sphere
Structural conservation type: surface
---------------------------- Solution execution data ----------------------------
solve_result_num = 0
solve_result = solved

---------------------------- Solution data ----------------------------
card(figures) = 50

coords [*,*,1]
:       1         2         3         4       :=
1    19.4366   19.6906   18.9858   20.0368
2    20.063    21.0826   20.7691   20.628
3    19.3022   18.9127   20.0494   18.8717
4    19.2818   20.1393   19.2182   18.9886
5    18.8166   20.0461   19.5876   19.9682
6    19.1979   19.3074   19.7869   20.1939
7    20.5703   20.6976   20.3432   20.0698
8    21.0483   20.0611   20.1667   20.7518
9    20.8864   20.743    20.3625   20.8206
10   20.0184   19.912    20.5106   20.2932
11   18.9886   18.9409   19.2818   20.1393
12   19.9489   19.5623   20.6922   20.3763
13   20.1455   19.2472   19.0069   19.5828
14   20.7673   20.9082   20.8208   21.0959
15   19.4467   20.0408   19.9748   20.5323
16   19.7446   20.1101   20.3123   19.82
17   19.2641   18.8062   19.4103   20.0236
18   19.4908   18.9886   19.2135   20.1363
19   20.0492   20.7554   19.7665   20.5266
20   19.339    20.2721   19.9123   20.0546
21   18.9628   19.9688   20.0408   19.3947
22   20.5113   20.1172   19.653    20.7609
23   20.1147   20.2846   19.8128   20.6072
24   20.9587   20.6976   20.5106   20.9267
25   20.1119   19.8556   21.0212   19.9303
26   20.4441   19.3147   19.6888   19.7273
27   20.443    20.4283   20.9358   20.2337
28   20.3177   20.1139   20.4085   19.8127
29   20.3406   20.1788   21.046    19.9619
30   20.1807   20.5129   20.157    20.6976
31   21.0162   19.9303   20.0124   20.3795
32   19.1952   20.081    18.8894   18.9855
33   20.1531   19.8856   20.4483   19.2242
34   20.1887   20.6976   20.5105   20.9267
35   20.0259   20.0473   19.5819   19.0042
36   20.1386   19.2067   19.6162   20.2788
37   20.0546   20.2733   19.8149   19.3455
38   20.1055   19.5338   19.0063   18.8891
39   20.4484   19.8928   19.252    19.7245
40   19.7437   20.0575   18.8985   19.8639
41   19.0089   20.0525   18.9271   19.3207
42   19.7333   20.4707   20.1573   19.3877
43   19.3603   20.2322   20.443    19.7869
44   20.1598   19.815    19.3636   19.4525
45   19.8149   19.4558   19.7797   20.0427
46   19.9161   20.1654   20.4188   21.0143
47   19.6618   18.8461   19.1969   20.0748
48   20.6976   20.3861   20.9561   20.5693
49   20.3868   20.6587   20.1997   20.9079
50   20.0231   19.509    18.9631   18.8641

 [*,*,2]
:       1         2         3         4       :=
1    19.3469   19.8415   19.7648   20.3115
2    19.8421   20.5161   20.5074   19.9007
3    20.1906   20.2856   19.9294   19.5947
4    19.057    19.882    19.216    19.9385
5    20.0096   20.1641   19.5609   19.592
6    19.72     19.0588   19.7866   19.7279
7    19.8818   19.3152   19.9492   18.9092
8    20.5375   20.2966   20.4264   20.9006
9    19.1913   20.2788   19.618    20.0765
10   18.8421   19.4159   19.7187   19.7656
11   19.9385   19.6143   19.057    19.882
12   19.8605   20.4006   20.7386   20.2663
13   20.3788   20.8861   20.106    20.0195
14   20.4169   19.2162   20.0742   20.4131
15   20.6492   21.1054   20.2973   20.712
16   19.5787   19.8345   19.9307   18.9546
17   19.0702   19.8874   19.3362   19.6287
18   20.2868   19.9379   19.2223   19.8503
19   19.8291   20.4944   19.8623   19.9532
20   19.2063   19.7447   19.4336   18.8132
21   20.4939   20.3003   21.1054   20.5833
22   20.7366   20.3526   21.1486   20.9064
23   19.8475   19.8651   18.9445   19.8985
24   20.3525   19.3152   20.0491   19.241
25   20.3128   20.3754   20.5512   20.0053
26   20.6242   20.1823   20.1766   20.7098
27   19.6816   20.3523   20.6228   19.7221
28   19.2369   18.8421   19.9494   18.9444
29   20.1762   19.7581   20.5825   20.0395
30   18.8646   20.052    19.0673   19.3152
31   20.5453   20.2669   19.8103   20.2917
32   19.6636   20.3386   20.4535   19.7641
33   19.7227   20.1636   19.8088   19.7438
34   18.8587   19.3152   20.0491   19.241
35   21.104    20.3018   21.1168   20.5507
36   19.7274   19.7263   20.3669   20.2985
37   18.8132   19.7498   18.9391   19.1993
38   20.3446   21.099    20.1103   20.4528
39   20.6375   21.1615   20.8949   20.1018
40   19.7077   20.2952   19.9225   20.3343
41   20.5633   20.3202   19.8091   20.9882
42   21.1071   20.3919   20.2405   20.1773
43   19.2257   19.7224   19.6816   19.7866
44   19.7145   18.9391   19.0335   19.3863
45   18.9392   19.3938   20.0004   20.0289
46   21.1434   20.2328   20.6866   20.5583
47   20.0199   20.2308   19.6625   20.3428
48   19.3152   19.8232   20.5183   19.8948
49   19.5181   20.0104   18.8587   19.2179
50   20.2841   20.5701   20.4941   19.9114

 [*,*,3]
:       1         2         3         4       :=
1    19.2269   18.8516   19.875    19.7363
2    20.0116   19.9645   19.2314   18.9824
3    20.9573   20.4194   20.1778   19.9525
4    19.8138   20.1708   20.4624   20.6426
5    20.1977   20.3171   19.3292   19.9756
6    20.8473   20.2724   21.1614   20.1003
7    21.0316   20.6958   19.8094   20.4369
8    19.7721   19.4105   20.6441   20.252
9    20.0009   19.9393   18.9552   19.128
10   20.3142   21.0444   21.0487   19.912
11   20.6426   19.9658   19.8138   20.1708
12   20.1683   21.0429   20.6442   21.1078
13   19.7582   19.7036   19.3351   18.8751
14   20.3237   20.0259   19.128    19.7388
15   20.8439   20.4648   19.7728   20.8059
16   18.9059   20.0682   18.8435   19.4393
17   19.8164   20.0434   19.1929   20.0755
18   21.0479   20.6425   20.465    20.1682
19   20.0268   19.2466   18.8311   18.9229
20   20.5979   19.9739   21.0541   20.1683
21   20.3464   19.784    20.4648   20.8518
22   20.7973   19.6805   19.9951   20.1982
23   20.0754   18.8422   19.461    19.5547
24   20.6296   20.6958   19.7076   20.0696
25   19.4886   20.7053   20.3048   20.0564
26   20.6865   20.9679   19.8038   20.9282
27   21.0687   21.064    20.4196   20.0081
28   19.1303   20.2933   19.8912   19.4611
29   20.8621   20.2531   19.9201   19.684
30   19.6567   19.712    20.3856   20.6958
31   19.9391   19.3974   19.9876   18.8997
32   19.1761   19.7327   19.9769   19.8735
33   20.05     21.1832   21.0964   20.8788
34   19.6814   20.6958   19.7078   20.0696
35   20.4694   19.7481   19.8669   20.3805
36   20.0719   20.8576   21.0036   21.1282
37   20.1683   19.9728   19.4709   20.5943
38   19.7334   19.879    19.3366   19.9757
39   19.9469   19.7187   19.7184   19.0873
40   19.5643   19.721    19.9814   20.6333
41   20.3744   19.7405   19.8903   19.9595
42   19.6219   19.5588   18.835    18.9834
43   20.6565   20.0005   21.0687   21.1614
44   20.0969   19.4708   20.317    19.1264
45   19.4707   19.1324   18.8205   20.028
46   19.6462   18.8346   19.9659   19.6851
47   18.849    19.7656   19.1748   19.7375
48   20.6958   19.8216   20.5068   21.051
49   18.9715   19.8016   19.688    20.0616
50   19.7287   20.8259   20.3471   19.9891
;

radius = 1.19988
softness = 0.55

---------------------------- Solution coords data ----------------------------
distances [*,1,*]
:    1   2   3   4    :=
1    0   1   0   1
2    0   1   0   1
3    0   1   0   1
4    0   1   0   1
5    0   1   0   1
6    0   1   0   1
7    0   1   0   1
8    0   1   0   1
9    0   1   0   1
10   0   1   0   1
11   0   1   0   1
12   0   1   0   1
13   0   1   0   1
14   0   1   0   1
15   0   1   0   1
16   0   1   0   1
17   0   1   0   1
18   0   1   0   1
19   0   1   0   1
20   0   1   0   1
21   0   1   0   1
22   0   1   0   1
23   0   1   0   1
24   0   1   0   1
25   0   1   0   1
26   0   1   0   1
27   0   1   0   1
28   0   1   0   1
29   0   1   0   1
30   0   1   0   1
31   0   1   0   1
32   0   1   0   1
33   0   1   0   1
34   0   1   0   1
35   0   1   0   1
36   0   1   0   1
37   0   1   0   1
38   0   1   0   1
39   0   1   0   1
40   0   1   0   1
41   0   1   0   1
42   0   1   0   1
43   0   1   0   1
44   0   1   0   1
45   0   1   0   1
46   0   1   0   1
47   0   1   0   1
48   0   1   0   1
49   0   1   0   1
50   0   1   0   1

 [*,2,*]
:    1   2   3   4    :=
1    0   0   1   1
2    0   0   1   1
3    0   0   1   1
4    0   0   1   1
5    0   0   1   1
6    0   0   1   1
7    0   0   1   1
8    0   0   1   1
9    0   0   1   1
10   0   0   1   1
11   0   0   1   1
12   0   0   1   1
13   0   0   1   1
14   0   0   1   1
15   0   0   1   1
16   0   0   1   1
17   0   0   1   1
18   0   0   1   1
19   0   0   1   1
20   0   0   1   1
21   0   0   1   1
22   0   0   1   1
23   0   0   1   1
24   0   0   1   1
25   0   0   1   1
26   0   0   1   1
27   0   0   1   1
28   0   0   1   1
29   0   0   1   1
30   0   0   1   1
31   0   0   1   1
32   0   0   1   1
33   0   0   1   1
34   0   0   1   1
35   0   0   1   1
36   0   0   1   1
37   0   0   1   1
38   0   0   1   1
39   0   0   1   1
40   0   0   1   1
41   0   0   1   1
42   0   0   1   1
43   0   0   1   1
44   0   0   1   1
45   0   0   1   1
46   0   0   1   1
47   0   0   1   1
48   0   0   1   1
49   0   0   1   1
50   0   0   1   1

 [*,3,*]
:    1   2   3   4    :=
1    1   0   0   1
2    1   0   0   1
3    1   0   0   1
4    1   0   0   1
5    1   0   0   1
6    1   0   0   1
7    1   0   0   1
8    1   0   0   1
9    1   0   0   1
10   1   0   0   1
11   1   0   0   1
12   1   0   0   1
13   1   0   0   1
14   1   0   0   1
15   1   0   0   1
16   1   0   0   1
17   1   0   0   1
18   1   0   0   1
19   1   0   0   1
20   1   0   0   1
21   1   0   0   1
22   1   0   0   1
23   1   0   0   1
24   1   0   0   1
25   1   0   0   1
26   1   0   0   1
27   1   0   0   1
28   1   0   0   1
29   1   0   0   1
30   1   0   0   1
31   1   0   0   1
32   1   0   0   1
33   1   0   0   1
34   1   0   0   1
35   1   0   0   1
36   1   0   0   1
37   1   0   0   1
38   1   0   0   1
39   1   0   0   1
40   1   0   0   1
41   1   0   0   1
42   1   0   0   1
43   1   0   0   1
44   1   0   0   1
45   1   0   0   1
46   1   0   0   1
47   1   0   0   1
48   1   0   0   1
49   1   0   0   1
50   1   0   0   1

 [*,4,*]
:    1   2   3   4    :=
1    1   1   1   0
2    1   1   1   0
3    1   1   1   0
4    1   1   1   0
5    1   1   1   0
6    1   1   1   0
7    1   1   1   0
8    1   1   1   0
9    1   1   1   0
10   1   1   1   0
11   1   1   1   0
12   1   1   1   0
13   1   1   1   0
14   1   1   1   0
15   1   1   1   0
16   1   1   1   0
17   1   1   1   0
18   1   1   1   0
19   1   1   1   0
20   1   1   1   0
21   1   1   1   0
22   1   1   1   0
23   1   1   1   0
24   1   1   1   0
25   1   1   1   0
26   1   1   1   0
27   1   1   1   0
28   1   1   1   0
29   1   1   1   0
30   1   1   1   0
31   1   1   1   0
32   1   1   1   0
33   1   1   1   0
34   1   1   1   0
35   1   1   1   0
36   1   1   1   0
37   1   1   1   0
38   1   1   1   0
39   1   1   1   0
40   1   1   1   0
41   1   1   1   0
42   1   1   1   0
43   1   1   1   0
44   1   1   1   0
45   1   1   1   0
46   1   1   1   0
47   1   1   1   0
48   1   1   1   0
49   1   1   1   0
50   1   1   1   0
;

---------------------------- Solution stats data ----------------------------
_ampl_time = 0.12137
_total_solve_time = 15497.8
_ampl_elapsed_time = 0.116141
_ampl_user_time = 0.097474

Total time elapsed: $15497.79.
_total_solve_time = 15497.8

---------------------------- Solution miscs data ----------------------------
tetrahedron_volume [*] :=
 1 0    6 0   11 0   16 0   21 0   26 0   31 0   36 0   41 0   46 0
 2 0    7 0   12 0   17 0   22 0   27 0   32 0   37 0   42 0   47 0
 3 0    8 0   13 0   18 0   23 0   28 0   33 0   38 0   43 0   48 0
 4 0    9 0   14 0   19 0   24 0   29 0   34 0   39 0   44 0   49 0
 5 0   10 0   15 0   20 0   25 0   30 0   35 0   40 0   45 0   50 0
;

---------------------------- Solution miscs data ----------------------------
tetrahedron_surface_area [*] :=
 1 1.73205   10 1.73205   19 1.73205   28 1.73205   37 1.73205   46 1.73205
 2 1.73205   11 1.73205   20 1.73205   29 1.73205   38 1.73205   47 1.73205
 3 1.73205   12 1.73205   21 1.73205   30 1.73205   39 1.73205   48 1.73205
 4 1.73205   13 1.73205   22 1.73205   31 1.73205   40 1.73205   49 1.73205
 5 1.73205   14 1.73205   23 1.73205   32 1.73205   41 1.73205   50 1.73205
 6 1.73205   15 1.73205   24 1.73205   33 1.73205   42 1.73205
 7 1.73205   16 1.73205   25 1.73205   34 1.73205   43 1.73205
 8 1.73205   17 1.73205   26 1.73205   35 1.73205   44 1.73205
 9 1.73205   18 1.73205   27 1.73205   36 1.73205   45 1.73205
;

