Error at _cmdno 5 executing "solve" command
(file amplin, line 1961, offset 37059):
error processing param distances:
	3200 invalid subscripts discarded:
	distances[101,1,1]
	distances[101,1,2]
	distances[101,1,3]
	and 3197 more.
##### This license is only intended for use by NEOS. #####
##### License is valid until Jan 16, 2026 #####
iables.
Substitution eliminates 1 variable.
Adjusted problem:
25953 variables:
	16053 nonlinear variables
	9900 linear variables
52003 constraints; 313156 nonzeros
	46250 nonlinear constraints
	5753 linear constraints
	5051 equality constraints
	46952 inequality constraints
1 nonlinear objective; 3 nonzeros.

Artelys Knitro 14.2.0: threads=4
algorithm=1
ms_enable=1
ms_maxsolves=10
feastol=1e-5
opttol=1e-5
honorbnds=1
bar_initpt=3
bar_murule=4
scale=1
outlev=2
maxtime_real=1200
WARNING:  Option 'threads' is deprecated, please use 'numthreads'.
WARNING: 1 constraint is constant or undefined and will be ignored.

=======================================
           Academic License
       (NOT FOR COMMERCIAL USE)
         Artelys Knitro 14.2.0
=======================================

No start point provided -- Knitro computing one.

Knitro presolve eliminated 0 variables and 1 constraint.

algorithm                1
bar_initpt               3
bar_murule               4
concurrent_evals         0
datacheck                0
feastol                  1e-05
findiff_numthreads       1
hessian_no_f             1
hessopt                  1
honorbnds                1
maxtime_real             1200
ms_enable                1
ms_maxsolves             10
numthreads               4
opttol                   1e-05

Problem Characteristics                                 (   Presolved)
-----------------------
Objective goal:  Minimize
Objective type:  general
Number of variables:                              25953 (       25953)
    bounded below only:                               1 (           1)
    bounded above only:                               0 (           0)
    bounded below and above:                          0 (           0)
    fixed:                                            0 (           0)
    free:                                         25952 (       25952)
Number of constraints:                            52003 (       52002)
    linear equalities:                                1 (           0)
    quadratic equalities:                          4950 (        4950)
    gen. nonlinear equalities:                      100 (         100)
    linear one-sided inequalities:                 5752 (        5752)
    quadratic one-sided inequalities:             41200 (       41200)
    gen. nonlinear one-sided inequalities:            0 (           0)
    linear two-sided inequalities:                    0 (           0)
    quadratic two-sided inequalities:                 0 (           0)
    gen. nonlinear two-sided inequalities:            0 (           0)
Number of nonzeros in Jacobian:                  313156 (      313156)
Number of nonzeros in Hessian:                   141453 (      141453)

Knitro parallel multistart will run with 4 threads.

Return codes description
------------------------
  0:  The final solution satisfies the termination conditions for verifying optimality.
  -100 to -199:  A feasible approximate solution was found.
  -200 to -299:  Knitro terminated at an infeasible point.
  -300 to -301:  The problem was determined to be unbounded.
  -400 to -499:  Knitro terminated because it reached a pre-defined limit.
    -400 to -409:  A feasible point was found.
    -410 to -419:  No feasible point was found.
  -500 to -599:  Knitro terminated with an input error or some non-standard error.
A more detailed description of individual return codes and their corresponding
termination messages is provided at
https://www.artelys.com/app/docs/knitro/3_referenceManual/returnCodes.html

 Solve #  ThreadID  Status     Objective      FeasError    OptError    Real Time 
--------  --------  ------  --------------   ----------   ----------  ----------
      0          0       0         4.93189  5.37597e-05  4.26726e-05      1460.83
      4          0    -410     1.56053e+09  2.59934e+07      1397.13      6405.35
      3          3    -410     3.18523e+09      689393.      1695.90      6300.07
      2          2    -410     1.31912e+13  1.20551e+06  1.12825e+06      6336.83
      6          3    -410     2.30187e+12      143837.      351989.      5605.06
      7          2    -410     3.56652e+11  3.40710e+06      111804.      5942.73
      9          3    -410     2.60425e+09  1.17720e+06      4607.79      4976.59
      5          1    -410     5.47066e+12      87.1405      200516.      6088.35
      1          1    -410     1.44750e+09  8.83217e-04      278.868      6089.31
      8          0    -410     2.31244e+12      2.46331      700573.      5496.08

MULTISTART: Best locally optimal solution is returned.
EXIT: Locally optimal solution found.

Final Statistics
----------------
Final objective value               =   4.93188708759511e+00
Final feasibility error (abs / rel) =   5.38e-05 / 9.24e-06
Final optimality error  (abs / rel) =   4.27e-05 / 5.43e-06
# of iterations                     =      92849 
# of CG iterations                  =          0 
# of function evaluations           =      94666
# of gradient evaluations           =      93027
# of Hessian evaluations            =      92888
Total program time (secs)           =   16882.82422 ( 54404.887 CPU time)

===============================================================================

Knitro 14.2.0: Locally optimal or satisfactory solution.
objective 4.931887088; feasibility error 5.38e-05
92849 iterations; 94666 function evaluations

suffix feaserror OUT;
suffix opterror OUT;
suffix numfcevals OUT;
suffix numiters OUT;
---------------------------- Solver Status Report ----------------------------
solve_result_num = 0
solve_result = solved
solve_message = 'Knitro 14.2.0: Locally optimal or satisfactory solution.\
objective 4.931887088; feasibility error 5.38e-05\
92849 iterations; 94666 function evaluations'


---------------------------- Problem Dimensions ----------------------------
Variables: 51304
Constraints: 52104
---------------------------- Container and geometric considerations  ----------------------------
Container type: cylinder
Structural conservation type: volume & surface
---------------------------- Solution execution data ----------------------------
solve_result_num = 0
solve_result = solved

---------------------------- Solution data ----------------------------
card(figures) = 100

coords [*,*,1]
:          1              2            3             4          :=
1      1.15674        1.01534       0.154508     0.570399
2      1.13886        0.186862      0.675304     0.908554
3      0.827902       0.388062     -0.0551877   -0.103516
4      0.0764394     -0.372003     -1.05476     -0.658496
5      0.37176        0.311183      0.746854     1.21301
6     -0.803205      -0.384828     -1.04436     -1.2473
7     -0.246107       0.0674562    -0.915415    -0.253689
8     -0.743333      -0.597784     -0.187748    -1.14275
9      0.675304       0.188153      0.256681    -0.071166
10    -0.662552       0.12842      -0.354811    -0.470729
11     0.0749497     -0.484324      0.187811     0.635133
12     0.0479725     -0.288307      0.338951     0.579273
13     1.12811        0.187284      1.21907      0.753557
14     0.524968       0.805018     -0.0354931    0.000946519
15     1.00992        0.672025      0.0685652    0.306786
16    -1.07503       -1.25062      -0.272503    -0.415622
17     0.806202       0.0304491     1.00262      0.353226
18    -0.515072      -0.0490125    -0.807128     0.139765
19    -0.37081       -0.658551     -0.014429     0.0868288
20    -1.02416       -1.25361      -0.334083    -0.825103
21     1.213          0.353511      0.755262     0.363026
22    -1.16358       -1.23457      -0.0913697   -0.951577
23    -1.25308       -0.842966     -0.187747    -1.14275
24     1.2229         1.25015       1.18944      0.163582
25    -0.213489      -1.11564      -1.06195     -0.261464
26     0.3857         0.253064     -0.0554767   -0.610979
27     0.430322       0.126465      1.22164      0.632098
28     0.070318       0.64916       0.710442    -0.051735
29     0.000124936    0.314308      0.129621    -0.71405
30    -0.356518      -0.846099     -0.0327747    0.046314
31     1.21544        0.710442      1.09321      0.289965
32    -0.253561      -1.25411      -1.00481     -0.36903
33     0.256686       0.186862      0.908554     0.675304
34     0.306907       0.051816      0.673842    -0.00277631
35    -0.0775645     -0.519764     -0.0919127    0.397387
36    -0.375219      -0.275664     -0.662552    -1.07656
37     0.0847191     -1.00902      -0.331594    -0.776807
38    -0.182585       0.58189      -0.051735     0.0479733
39     0.149002      -0.0170114    -0.703481     0.0402404
40    -0.071679       0.286192     -0.100598    -0.500611
41     1.24861        0.13646       1.19013      0.919507
42    -0.694073      -0.951576     -0.0332671   -0.0201604
43     0.45015        0.258386      0.852792    -0.29026
44    -0.0118145      0.00534081    0.362546     0.804863
45    -0.356518      -1.15784      -0.846099     0.0463154
46    -0.396602       0.0693273    -0.281575     0.362147
47    -0.69366       -1.09887      -0.0282363   -0.946382
48    -0.267898       0.374578     -0.634537    -0.0382785
49    -0.41789       -0.252934     -0.322759     0.353987
50     1.18296        0.742688      0.408213     1.213
51    -0.38503       -1.04457      -0.803461    -0.399086
52     1.02721        0.71055       0.0984236    0.10918
53    -0.0517351     -0.278068      0.628726    -0.182585
54     0.265441       1.21301       1.20896      1.18296
55     0.363026       0.745259      0.366485    -0.24969
56    -0.915416      -0.794206      0.0502093   -0.23559
57    -0.463343      -0.700507     -0.806615    -0.0634822
58    -0.5001        -0.00652386   -1.10458     -0.479724
59    -0.426598      -0.322759     -0.252934    -1.0405
60     0.344528       0.164059     -0.151989     1.03172
61     1.13337        0.252136      1.21301      1.20897
62    -0.356518       0.524968     -0.0327746    0.0463156
63     1.00284        0.174779      1.21878      1.21593
64     1.21544        1.2161        0.258386     1.02758
65     0.378628      -0.0151032     0.098329    -0.29405
66     0.0975454      0.711014      0.0865658    0.108724
67    -0.794206      -0.0122519    -1.23457     -0.943862
68    -0.385523      -0.755413     -0.362597     0.440732
69    -0.367012      -1.15784      -0.790368    -1.23405
70    -1.25196       -0.426599     -0.114131    -1.10458
71    -0.360951       0.386494     -0.256863     0.346533
72    -0.821826      -1.2428       -1.2532      -0.377426
73     0.804519       1.21089       1.00262      0.0630287
74     0.0975278      0.108546     -0.741064    -0.64965
75     0.187777       1.13526       1.22283      0.886181
76    -0.158519       0.367738      0.717355     0.272875
77     1.16199        0.339698      0.920685     0.0500779
78     0.528226       0.509569     -0.556545     0.0298771
79     0.744212       0.367736     -0.143337    -0.251931
80    -0.151988       1.03172      -0.0679257    0.164059
81    -0.855326      -0.256487     -1.23457     -0.119739
82     1.21781        0.652407      0.113168     0.0349794
83    -0.0387567      0.338263     -0.478122    -0.500725
84     0.132555      -0.00734575    0.0504876    1.0589
85     0.710442       0.0121434     1.21544      0.289965
86    -0.0800367     -1.18105      -1.2479      -0.812939
87     0.659406       0.195303      0.710442     1.12046
88    -1.25412       -1.0251       -0.376336    -1.24218
89    -1.15784       -0.192299     -0.857336    -1.23457
90    -0.0517352      0.0502092    -0.235589    -0.794206
91     1.23151        0.934918      1.04323      0.25757
92    -1.13958       -1.2479       -0.442984    -1.16908
93     0.113544       0.845703      1.25035      1.22889
94    -0.101572      -0.0716793    -1.10458     -0.512222
95    -0.524162       0.108723      0.0975662    0.0865657
96    -1.05681       -0.158786     -0.0763999   -0.366695
97     0.524968      -0.0847094     1.05767      0.568878
98     0.38461        0.258386      1.02751      1.20808
99     0.841362       1.0312        0.136426     0.286844
100   -0.457674      -0.829651     -0.700342    -1.21202

 [*,*,2]
:         1            2            3            4         :=
1     -0.186707     0.736229    -0.133396     0.886938
2     -0.525311    -0.298152    -1.05684     -0.864569
3      0.942088     0.293357     0.300707     1.24989
4     -0.269961    -1.19773     -0.678554    -1.0674
5      0.26052     -0.124832     1.0045       0.318699
6     -0.96323     -0.0999103   -0.694453    -0.131173
7     -1.07947     -0.207071    -0.53252     -0.398813
8      1.01015      1.10255      0.484343     0.516789
9     -1.05684     -0.315293    -1.22763     -1.25215
10     1.06488      1.24758      0.143774     1.16248
11     0.079402     0.896881    -0.0351731    0.99626
12    -0.192259    -0.614601    -0.299578    -1.04616
13    -0.548016     0.23574      0.294643    -0.499941
14     1.13902      0.961716     1.22832      0.262438
15    -0.743649    -1.05893     -0.123329    -1.21607
16     0.643511     0.0942851    0.612784     0.0442942
17     0.960724     0.209494     0.753467     1.2034
18     0.215358     1.25322      0.878832     0.207887
19    -1.1981      -1.06736     -1.25409     -0.259893
20     0.192071    -0.0377102   -0.199229     0.922754
21     0.318705     0.270147     1.00126      1.20048
22    -0.468006    -0.22089     -0.281054     0.237315
23    -0.052373     0.928633     0.484343     0.516789
24     0.278328    -0.100401    -0.397738    -0.0286356
25    -1.23587     -0.572977    -0.667237    -0.400383
26    -0.276521    -0.82877      0.226902    -0.354267
27    -0.24235     -0.250887    -0.273991     0.74258
28    -0.26037     -1.02884     -1.03355     -1.25311
29     1.25417      1.21415      0.168885     1.03106
30     1.20243      0.925779     1.25375      0.322761
31    -0.309283    -1.03355     -0.614692    -0.257814
32     0.600671    -0.0121314   -0.0295882   -0.308268
33    -1.22763     -0.298151    -0.86457     -1.05684
34    -1.21604     -0.114521    -1.05778     -1.25417
35     1.1994       0.086524     0.508029     0.275212
36     0.0232545    0.611166     1.06488      0.643404
37     0.15935      0.247663    -0.209927     0.880915
38    -0.481823    -1.05037     -1.25311     -0.192261
39    -0.39343     -0.216131     0.0976477    0.445149
40    -1.25212     -0.853275    -0.165279    -1.14993
41    -0.117993    -0.0244811   -0.395641    -0.852912
42    -0.547722     0.237313    -0.245703    -0.315203
43     0.411731    -0.29071      0.59518      0.155371
44     0.167088     1.25416      1.20063      0.961846
45     1.20243      0.482041     0.925779     0.322759
46    -0.0287259    1.10393      0.57646      0.308526
47    -0.554181    -0.604511    -0.231195     0.234142
48     0.615287    -0.280146    -0.219433     0.240158
49    -0.39582      0.601199    -0.0523298   -0.251369
50     0.416589     1.01063     -0.128865     0.318716
51    -1.19361     -0.694139    -0.963017    -0.152291
52     0.719575     1.03348      1.20414      0.0928189
53    -1.25311     -1.22296     -1.0852      -0.481823
54    -0.229382     0.318699    -0.33371      0.416589
55     1.20048      1.00873      0.232369     1.16204
56    -0.532519    -0.970664    -0.186336    -1.08806
57     0.0978459    1.04031      0.877667     1.25257
58    -1.13036     -0.0846025   -0.594012    -0.494465
59    -0.44845     -0.0523314    0.601199    -0.0595285
60     0.300694    -0.357579    -0.398724    -0.713093
61    -0.537055    -0.233601     0.318699    -0.333684
62     1.20243      1.13902      1.25375      0.322759
63     0.753165     0.290253     0.295847    -0.307367
64    -0.309283    -0.277343    -0.29071      0.662361
65    -1.19566     -1.25408     -0.173507    -1.21922
66     1.25037      1.03316      1.25118      0.139981
67    -0.970664    -0.143842    -0.22089     -0.429696
68    -0.166111    -1.00115     -1.20061     -1.05894
69     0.148635     0.482041     0.973792     0.223793
70     0.0744381   -0.448449    -0.0990283   -0.594012
71    -0.0128802   -0.269966     0.587548     0.301585
72     0.947393     0.168524     0.0493375   -0.0631505
73     0.962134     0.294176     0.753467     0.227724
74     1.25038      0.207318     1.01182      1.0728
75    -0.235101    -0.533039    -0.278648    -0.887488
76     0.493874     0.234936     0.95154     -0.161056
77    -0.110711    -0.897641    -0.85164     -0.0191616
78    -0.348804     0.0639773   -0.0371217    0.436772
79     1.00659      0.234939     0.486404     1.16359
80    -0.398724    -0.713095    -1.25233     -0.357579
81     0.179703     0.269177    -0.22089     -0.279562
82     0.248223     1.01747     -0.072996     0.18492
83    -0.114855    -0.847832    -0.444488    -1.14988
84    -0.266615    -0.174181     0.366143    -0.328894
85    -1.03355     -0.285932    -0.309283    -0.257814
86    -0.162967    -0.422       -0.125273    -0.95503
87    -1.06683     -0.312762    -1.03355     -0.563487
88    -0.0121316   -0.722577    -0.305824     0.0744292
89     0.482041     0.301338     0.17758     -0.22089
90    -1.25311     -0.186336    -1.08806     -0.970664
91    -0.237331     0.83599      0.657913     0.0778598
92    -0.523744    -0.125272    -0.151252     0.281683
93    -0.0813274    0.889272    -0.0978616    0.250568
94    -0.128695    -1.25212     -0.594012    -1.14481
95     0.964786     0.139981     1.25037      1.25118
96     0.617235     0.976902     0.24679      0.0769195
97     1.13902      0.23446      0.67401      0.498662
98     0.171654    -0.29071      0.662416    -0.237378
99    -0.342858    -0.713846    -0.0244911   -1.12459
100    0.0612595    0.940548     1.04042      0.322431

 [*,*,3]
:         1            2            3            4         :=
1     -0.885208    -0.415799   -0.467934     -0.9443
2     -1.72955     -1.03929    -1.78045      -0.643458
3      0.608474     0.328931    1.16416       0.425769
4     -0.159888     0.502031   -0.00628709   -0.45885
5     -1.78045     -1.08046    -0.893897     -1.78045
6     -0.300902    -0.532401   -1.37593      -0.606852
7      0.489799     1.25166     0.752115      0.0854282
8     -0.26238     -1.47493    -0.500407     -1.26651
9     -1.78045     -1.03381    -0.742042     -1.77883
10    -1.78045     -1.78045    -1.56115      -0.891227
11    -0.0672852   -0.332175   -0.75586      -0.270012
12     1.16636      0.067025   -0.0184648     0.477949
13     0.63614      0.612167    0.620774     -0.186649
14     1.35498      0.594561    0.438407      1.19057
15    -0.107932    -0.701397   -0.26196       0.237201
16    -1.35268     -0.888981   -0.705124     -1.78045
17     0.597568     0.214578   -0.256285     -0.289473
18     0.212268     0.430192   -0.445881     -0.05444
19     0.487213    -0.459054   -0.683196     -0.153356
20     0.336688    -0.373884   -0.451078     -0.458285
21    -1.78045     -1.76701    -0.898609     -1.78045
22     0.530981     1.35498     0.91969       0.254996
23    -0.37328     -0.456819   -0.500406     -1.26651
24    -0.0183304   -0.887794    0.186156     -0.327239
25     0.555376     0.95384    -0.016232      0.0932608
26    -1.07656     -0.608783   -0.0699331    -0.795233
27    -1.19834     -0.421651   -0.887846     -0.928954
28     1.13898      0.381088    1.35498       1.35498
29     0.46554     -0.173301   -0.087071     -0.273079
30     1.35498      0.662681    0.424198      1.21604
31     1.35498      1.35498     0.414972      0.554451
32    -0.748709    -0.443008   -1.38373      -0.819039
33    -0.742055    -1.03929    -0.643458     -1.78045
34     0.236911    -0.23381    -0.706413     -0.646274
35     0.420657     0.163801    1.05257       0.327094
36    -1.78045     -0.710662   -1.78045      -1.35419
37     0.0258545    0.276205   -0.447669     -0.461091
38     0.412641     0.47456     1.35498       1.16636
39     0.0143989    1.21482     0.250295      0.856627
40    -1.78045     -0.67916    -1.61567      -1.20322
41    -0.825783    -0.321424    0.178378     -0.288166
42    -0.0462082    0.254994    0.90569      -0.317011
43     0.413668     1.35498     1.35498       1.35498
44     0.195153     0.455111   -0.273381      0.594551
45     1.35498      1.35498     0.66268       1.21604
46    -1.78045     -1.78045    -0.773562     -1.78045
47    -0.0505637    0.632613    0.922027      0.258348
48    -0.74138     -1.08003    -0.706237     -0.0510348
49    -0.858776    -0.748179   -1.78045      -1.06917
50    -0.771032    -0.885976   -1.18545      -1.78044
51    -1.13287     -1.37699    -0.301928     -0.488309
52    -0.391143    -0.939953   -0.183352     -0.697981
53     1.35498      0.234499    0.478353      0.412641
54    -1.26182     -1.78045    -0.904357     -0.771032
55    -1.78045     -0.921188   -1.73668      -1.23067
56     0.752116     1.35498     1.26363       0.485678
57     0.328837     0.632583   -0.444722      0.410894
58    -1.19052     -1.59398    -1.78045      -0.77237
59    -0.864614    -1.78045    -0.748179     -1.4139
60    -1.78045     -1.06185    -1.78045      -1.78045
61    -1.78045     -1.25921    -1.78045      -0.904391
62     1.35498      1.35498     0.424198      1.21604
63    -0.255668     0.144674    0.621546      0.167294
64     1.35498      0.591691    1.35498       1.3542
65     0.444071    -0.681064   -0.115827      0.227392
66    -0.161465    -0.940613   -1.19067      -0.676141
67     1.35498      1.35252     1.35498       0.610636
68    -0.519028    -0.404297   -1.17422      -0.661001
69     0.592387     1.35498     0.581296      0.234087
70    -1.6031      -0.864615   -1.78045      -1.78045
71    -1.78045     -1.04785    -0.773371     -1.78045
72    -1.78045     -0.934202   -1.78045      -1.76934
73     0.604008     0.620706   -0.256286      0.1988
74    -0.159553    -0.644268   -0.282408     -1.05873
75    -1.18746     -1.70692    -0.687782     -0.561355
76    -0.869433    -1.73398    -0.981262     -0.727166
77    -0.786501    -0.8135     -0.289399     -0.28126
78     0.349934    -0.223881   -0.125594      0.839567
79    -0.92344     -1.73398    -0.894375     -1.23037
80    -1.78045     -1.78045    -1.78045      -1.06185
81     0.328553     1.35498     1.35498       0.930493
82    -0.0870451   -0.287711   -0.429501      0.224233
83    -1.53973     -0.633861   -0.739506     -1.20336
84     0.141766     1.35498     0.777277      0.772588
85     1.35498      1.35498     1.35498       0.554451
86    -0.253831     0.215939   -0.608267     -0.305507
87     0.131751     0.714777    1.35498       0.316327
88    -0.443008    -1.414      -0.815936     -1.59422
89     1.35498      1.35498     0.333995      1.35498
90     1.35498      1.26363     0.485678      1.35498
91     0.631134     0.607668    1.35498       0.615871
92     0.502546    -0.608268   -0.363981      0.522223
93    -0.428504    -0.280582   -0.882104     -0.0835206
94    -1.61013     -1.78045    -1.78045      -1.18732
95    -0.973358    -0.676141   -0.159513     -1.19067
96     1.14228      0.391151    1.35498       0.638498
97     1.35498      1.35498     1.35498       0.431094
98     0.735384     1.35498     1.35429       0.624121
99     0.524948    -0.126003   -0.321453      0.195414
100    0.292395    -0.474732    0.633968      0.264086
;

radius = 1.25417
height = 3.13543
softness = 0.5

---------------------------- Solution coords data ----------------------------
distances [*,1,*]
:     1   2   3   4    :=
1     0   1   0   1
2     0   1   0   1
3     0   1   0   1
4     0   1   0   1
5     0   1   0   1
6     0   1   0   1
7     0   1   0   1
8     0   1   0   1
9     0   1   0   1
10    0   1   0   1
11    0   1   0   1
12    0   1   0   1
13    0   1   0   1
14    0   1   0   1
15    0   1   0   1
16    0   1   0   1
17    0   1   0   1
18    0   1   0   1
19    0   1   0   1
20    0   1   0   1
21    0   1   0   1
22    0   1   0   1
23    0   1   0   1
24    0   1   0   1
25    0   1   0   1
26    0   1   0   1
27    0   1   0   1
28    0   1   0   1
29    0   1   0   1
30    0   1   0   1
31    0   1   0   1
32    0   1   0   1
33    0   1   0   1
34    0   1   0   1
35    0   1   0   1
36    0   1   0   1
37    0   1   0   1
38    0   1   0   1
39    0   1   0   1
40    0   1   0   1
41    0   1   0   1
42    0   1   0   1
43    0   1   0   1
44    0   1   0   1
45    0   1   0   1
46    0   1   0   1
47    0   1   0   1
48    0   1   0   1
49    0   1   0   1
50    0   1   0   1
51    0   1   0   1
52    0   1   0   1
53    0   1   0   1
54    0   1   0   1
55    0   1   0   1
56    0   1   0   1
57    0   1   0   1
58    0   1   0   1
59    0   1   0   1
60    0   1   0   1
61    0   1   0   1
62    0   1   0   1
63    0   1   0   1
64    0   1   0   1
65    0   1   0   1
66    0   1   0   1
67    0   1   0   1
68    0   1   0   1
69    0   1   0   1
70    0   1   0   1
71    0   1   0   1
72    0   1   0   1
73    0   1   0   1
74    0   1   0   1
75    0   1   0   1
76    0   1   0   1
77    0   1   0   1
78    0   1   0   1
79    0   1   0   1
80    0   1   0   1
81    0   1   0   1
82    0   1   0   1
83    0   1   0   1
84    0   1   0   1
85    0   1   0   1
86    0   1   0   1
87    0   1   0   1
88    0   1   0   1
89    0   1   0   1
90    0   1   0   1
91    0   1   0   1
92    0   1   0   1
93    0   1   0   1
94    0   1   0   1
95    0   1   0   1
96    0   1   0   1
97    0   1   0   1
98    0   1   0   1
99    0   1   0   1
100   0   1   0   1

 [*,2,*]
:     1   2   3   4    :=
1     0   0   1   1
2     0   0   1   1
3     0   0   1   1
4     0   0   1   1
5     0   0   1   1
6     0   0   1   1
7     0   0   1   1
8     0   0   1   1
9     0   0   1   1
10    0   0   1   1
11    0   0   1   1
12    0   0   1   1
13    0   0   1   1
14    0   0   1   1
15    0   0   1   1
16    0   0   1   1
17    0   0   1   1
18    0   0   1   1
19    0   0   1   1
20    0   0   1   1
21    0   0   1   1
22    0   0   1   1
23    0   0   1   1
24    0   0   1   1
25    0   0   1   1
26    0   0   1   1
27    0   0   1   1
28    0   0   1   1
29    0   0   1   1
30    0   0   1   1
31    0   0   1   1
32    0   0   1   1
33    0   0   1   1
34    0   0   1   1
35    0   0   1   1
36    0   0   1   1
37    0   0   1   1
38    0   0   1   1
39    0   0   1   1
40    0   0   1   1
41    0   0   1   1
42    0   0   1   1
43    0   0   1   1
44    0   0   1   1
45    0   0   1   1
46    0   0   1   1
47    0   0   1   1
48    0   0   1   1
49    0   0   1   1
50    0   0   1   1
51    0   0   1   1
52    0   0   1   1
53    0   0   1   1
54    0   0   1   1
55    0   0   1   1
56    0   0   1   1
57    0   0   1   1
58    0   0   1   1
59    0   0   1   1
60    0   0   1   1
61    0   0   1   1
62    0   0   1   1
63    0   0   1   1
64    0   0   1   1
65    0   0   1   1
66    0   0   1   1
67    0   0   1   1
68    0   0   1   1
69    0   0   1   1
70    0   0   1   1
71    0   0   1   1
72    0   0   1   1
73    0   0   1   1
74    0   0   1   1
75    0   0   1   1
76    0   0   1   1
77    0   0   1   1
78    0   0   1   1
79    0   0   1   1
80    0   0   1   1
81    0   0   1   1
82    0   0   1   1
83    0   0   1   1
84    0   0   1   1
85    0   0   1   1
86    0   0   1   1
87    0   0   1   1
88    0   0   1   1
89    0   0   1   1
90    0   0   1   1
91    0   0   1   1
92    0   0   1   1
93    0   0   1   1
94    0   0   1   1
95    0   0   1   1
96    0   0   1   1
97    0   0   1   1
98    0   0   1   1
99    0   0   1   1
100   0   0   1   1

 [*,3,*]
:     1   2   3   4    :=
1     1   0   0   1
2     1   0   0   1
3     1   0   0   1
4     1   0   0   1
5     1   0   0   1
6     1   0   0   1
7     1   0   0   1
8     1   0   0   1
9     1   0   0   1
10    1   0   0   1
11    1   0   0   1
12    1   0   0   1
13    1   0   0   1
14    1   0   0   1
15    1   0   0   1
16    1   0   0   1
17    1   0   0   1
18    1   0   0   1
19    1   0   0   1
20    1   0   0   1
21    1   0   0   1
22    1   0   0   1
23    1   0   0   1
24    1   0   0   1
25    1   0   0   1
26    1   0   0   1
27    1   0   0   1
28    1   0   0   1
29    1   0   0   1
30    1   0   0   1
31    1   0   0   1
32    1   0   0   1
33    1   0   0   1
34    1   0   0   1
35    1   0   0   1
36    1   0   0   1
37    1   0   0   1
38    1   0   0   1
39    1   0   0   1
40    1   0   0   1
41    1   0   0   1
42    1   0   0   1
43    1   0   0   1
44    1   0   0   1
45    1   0   0   1
46    1   0   0   1
47    1   0   0   1
48    1   0   0   1
49    1   0   0   1
50    1   0   0   1
51    1   0   0   1
52    1   0   0   1
53    1   0   0   1
54    1   0   0   1
55    1   0   0   1
56    1   0   0   1
57    1   0   0   1
58    1   0   0   1
59    1   0   0   1
60    1   0   0   1
61    1   0   0   1
62    1   0   0   1
63    1   0   0   1
64    1   0   0   1
65    1   0   0   1
66    1   0   0   1
67    1   0   0   1
68    1   0   0   1
69    1   0   0   1
70    1   0   0   1
71    1   0   0   1
72    1   0   0   1
73    1   0   0   1
74    1   0   0   1
75    1   0   0   1
76    1   0   0   1
77    1   0   0   1
78    1   0   0   1
79    1   0   0   1
80    1   0   0   1
81    1   0   0   1
82    1   0   0   1
83    1   0   0   1
84    1   0   0   1
85    1   0   0   1
86    1   0   0   1
87    1   0   0   1
88    1   0   0   1
89    1   0   0   1
90    1   0   0   1
91    1   0   0   1
92    1   0   0   1
93    1   0   0   1
94    1   0   0   1
95    1   0   0   1
96    1   0   0   1
97    1   0   0   1
98    1   0   0   1
99    1   0   0   1
100   1   0   0   1

 [*,4,*]
:     1   2   3   4    :=
1     1   1   1   0
2     1   1   1   0
3     1   1   1   0
4     1   1   1   0
5     1   1   1   0
6     1   1   1   0
7     1   1   1   0
8     1   1   1   0
9     1   1   1   0
10    1   1   1   0
11    1   1   1   0
12    1   1   1   0
13    1   1   1   0
14    1   1   1   0
15    1   1   1   0
16    1   1   1   0
17    1   1   1   0
18    1   1   1   0
19    1   1   1   0
20    1   1   1   0
21    1   1   1   0
22    1   1   1   0
23    1   1   1   0
24    1   1   1   0
25    1   1   1   0
26    1   1   1   0
27    1   1   1   0
28    1   1   1   0
29    1   1   1   0
30    1   1   1   0
31    1   1   1   0
32    1   1   1   0
33    1   1   1   0
34    1   1   1   0
35    1   1   1   0
36    1   1   1   0
37    1   1   1   0
38    1   1   1   0
39    1   1   1   0
40    1   1   1   0
41    1   1   1   0
42    1   1   1   0
43    1   1   1   0
44    1   1   1   0
45    1   1   1   0
46    1   1   1   0
47    1   1   1   0
48    1   1   1   0
49    1   1   1   0
50    1   1   1   0
51    1   1   1   0
52    1   1   1   0
53    1   1   1   0
54    1   1   1   0
55    1   1   1   0
56    1   1   1   0
57    1   1   1   0
58    1   1   1   0
59    1   1   1   0
60    1   1   1   0
61    1   1   1   0
62    1   1   1   0
63    1   1   1   0
64    1   1   1   0
65    1   1   1   0
66    1   1   1   0
67    1   1   1   0
68    1   1   1   0
69    1   1   1   0
70    1   1   1   0
71    1   1   1   0
72    1   1   1   0
73    1   1   1   0
74    1   1   1   0
75    1   1   1   0
76    1   1   1   0
77    1   1   1   0
78    1   1   1   0
79    1   1   1   0
80    1   1   1   0
81    1   1   1   0
82    1   1   1   0
83    1   1   1   0
84    1   1   1   0
85    1   1   1   0
86    1   1   1   0
87    1   1   1   0
88    1   1   1   0
89    1   1   1   0
90    1   1   1   0
91    1   1   1   0
92    1   1   1   0
93    1   1   1   0
94    1   1   1   0
95    1   1   1   0
96    1   1   1   0
97    1   1   1   0
98    1   1   1   0
99    1   1   1   0
100   1   1   1   0
;

---------------------------- Solution stats data ----------------------------
_ampl_time = 0.292269
_total_solve_time = 54405.5
_ampl_elapsed_time = 0.288347
_ampl_user_time = 0.244492

Total time elapsed: $54405.49.
_total_solve_time = 54405.5

---------------------------- Solution miscs data ----------------------------
tetrahedron_volume [*] :=
  1 0.117851    21 0.117851    41 0.117851    61 0.117851    81 0.117851
  2 0.117851    22 0.117851    42 0.117851    62 0.117851    82 0.117851
  3 0.117851    23 0.117851    43 0.117851    63 0.117851    83 0.117851
  4 0.117851    24 0.117851    44 0.117851    64 0.117851    84 0.117851
  5 0.117851    25 0.117851    45 0.117851    65 0.117851    85 0.117851
  6 0.117851    26 0.117851    46 0.117851    66 0.117851    86 0.117851
  7 0.117851    27 0.117851    47 0.117851    67 0.117851    87 0.117851
  8 0.117851    28 0.117851    48 0.117851    68 0.117851    88 0.117851
  9 0.117851    29 0.117851    49 0.117851    69 0.117851    89 0.117851
 10 0.117851    30 0.117851    50 0.117851    70 0.117851    90 0.117851
 11 0.117851    31 0.117851    51 0.117851    71 0.117851    91 0.117851
 12 0.117851    32 0.117851    52 0.117851    72 0.117851    92 0.117851
 13 0.117851    33 0.117851    53 0.117851    73 0.117851    93 0.117851
 14 0.117851    34 0.117851    54 0.117851    74 0.117851    94 0.117851
 15 0.117851    35 0.117851    55 0.117851    75 0.117851    95 0.117851
 16 0.117851    36 0.117851    56 0.117851    76 0.117851    96 0.117851
 17 0.117851    37 0.117851    57 0.117851    77 0.117851    97 0.117851
 18 0.117851    38 0.117851    58 0.117851    78 0.117851    98 0.117851
 19 0.117851    39 0.117851    59 0.117851    79 0.117851    99 0.117851
 20 0.117851    40 0.117851    60 0.117851    80 0.117851   100 0.117851
;

---------------------------- Solution miscs data ----------------------------
tetrahedron_surface_area [*] :=
  1 0    11 0    21 0    31 0    41 0    51 0    61 0    71 0    81 0    91 0
  2 0    12 0    22 0    32 0    42 0    52 0    62 0    72 0    82 0    92 0
  3 0    13 0    23 0    33 0    43 0    53 0    63 0    73 0    83 0    93 0
  4 0    14 0    24 0    34 0    44 0    54 0    64 0    74 0    84 0    94 0
  5 0    15 0    25 0    35 0    45 0    55 0    65 0    75 0    85 0    95 0
  6 0    16 0    26 0    36 0    46 0    56 0    66 0    76 0    86 0    96 0
  7 0    17 0    27 0    37 0    47 0    57 0    67 0    77 0    87 0    97 0
  8 0    18 0    28 0    38 0    48 0    58 0    68 0    78 0    88 0    98 0
  9 0    19 0    29 0    39 0    49 0    59 0    69 0    79 0    89 0    99 0
 10 0    20 0    30 0    40 0    50 0    60 0    70 0    80 0    90 0   100 0
;

