Error at _cmdno 5 executing "solve" command
(file amplin, line 1967, offset 38012):
error processing param distances:
	3200 invalid subscripts discarded:
	distances[101,1,1]
	distances[101,1,2]
	distances[101,1,3]
	and 3197 more.
##### This license is only intended for use by NEOS. #####
##### License is valid until Jan 16, 2026 #####
iables.
Substitution eliminates 1 variable.
Adjusted problem:
25953 variables:
	16053 nonlinear variables
	9900 linear variables
52003 constraints; 313156 nonzeros
	46250 nonlinear constraints
	5753 linear constraints
	5051 equality constraints
	46952 inequality constraints
1 nonlinear objective; 3 nonzeros.

Artelys Knitro 14.2.0: threads=4
algorithm=1
ms_enable=1
ms_maxsolves=10
feastol=1e-5
opttol=1e-5
honorbnds=1
bar_initpt=3
bar_murule=4
scale=1
outlev=2
maxtime_real=1200
WARNING:  Option 'threads' is deprecated, please use 'numthreads'.
WARNING: 1 constraint is constant or undefined and will be ignored.

=======================================
           Academic License
       (NOT FOR COMMERCIAL USE)
         Artelys Knitro 14.2.0
=======================================

No start point provided -- Knitro computing one.

Knitro presolve eliminated 0 variables and 1 constraint.

algorithm                1
bar_initpt               3
bar_murule               4
concurrent_evals         0
datacheck                0
feastol                  1e-05
findiff_numthreads       1
hessian_no_f             1
hessopt                  1
honorbnds                1
maxtime_real             1200
ms_enable                1
ms_maxsolves             10
numthreads               4
opttol                   1e-05

Problem Characteristics                                 (   Presolved)
-----------------------
Objective goal:  Minimize
Objective type:  general
Number of variables:                              25953 (       25953)
    bounded below only:                               1 (           1)
    bounded above only:                               0 (           0)
    bounded below and above:                          0 (           0)
    fixed:                                            0 (           0)
    free:                                         25952 (       25952)
Number of constraints:                            52003 (       52002)
    linear equalities:                                1 (           0)
    quadratic equalities:                          4950 (        4950)
    gen. nonlinear equalities:                      100 (         100)
    linear one-sided inequalities:                 5752 (        5752)
    quadratic one-sided inequalities:             41200 (       41200)
    gen. nonlinear one-sided inequalities:            0 (           0)
    linear two-sided inequalities:                    0 (           0)
    quadratic two-sided inequalities:                 0 (           0)
    gen. nonlinear two-sided inequalities:            0 (           0)
Number of nonzeros in Jacobian:                  313156 (      313156)
Number of nonzeros in Hessian:                   141453 (      141453)

Knitro parallel multistart will run with 4 threads.

Return codes description
------------------------
  0:  The final solution satisfies the termination conditions for verifying optimality.
  -100 to -199:  A feasible approximate solution was found.
  -200 to -299:  Knitro terminated at an infeasible point.
  -300 to -301:  The problem was determined to be unbounded.
  -400 to -499:  Knitro terminated because it reached a pre-defined limit.
    -400 to -409:  A feasible point was found.
    -410 to -419:  No feasible point was found.
  -500 to -599:  Knitro terminated with an input error or some non-standard error.
A more detailed description of individual return codes and their corresponding
termination messages is provided at
https://www.artelys.com/app/docs/knitro/3_referenceManual/returnCodes.html

 Solve #  ThreadID  Status     Objective      FeasError    OptError    Real Time 
--------  --------  ------  --------------   ----------   ----------  ----------
      0          0       0         2.63995  9.28040e-06  4.84915e-05      1507.77
      3          1    -410     1.13453e+10      145625.      3720.52      5014.76
      2          3    -410     2.61723e+09      464784.      3803.93      5045.75
      4          0    -410     8.07662e+08  1.32435e+06      900.620      4952.81
      1          2    -410     2.80523e+09      61.0841      1109.92      4846.85
      5          2    -410     2.17804e+08      28.6475      208.993      4806.31
      7          3    -410     1.10950e+08      30.5937      484.185      4926.48
      9          2    -410     1.63795e+09     0.182260      3183.71      4501.22
      6          1    -410     9.26052e+10     0.142644      1247.45      4657.27
      8          0    -410     3.88720e+11     0.315178      563727.      4495.59

MULTISTART: Best locally optimal solution is returned.
EXIT: Locally optimal solution found.

Final Statistics
----------------
Final objective value               =   2.63994773985658e+00
Final feasibility error (abs / rel) =   9.28e-06 / 1.60e-06
Final optimality error  (abs / rel) =   4.85e-05 / 8.38e-06
# of iterations                     =      93640 
# of CG iterations                  =          0 
# of function evaluations           =      96955
# of gradient evaluations           =      93874
# of Hessian evaluations            =      93690
Total program time (secs)           =   14155.79004 ( 44576.941 CPU time)

===============================================================================

Knitro 14.2.0: Locally optimal or satisfactory solution.
objective 2.63994774; feasibility error 9.28e-06
93640 iterations; 96955 function evaluations

suffix feaserror OUT;
suffix opterror OUT;
suffix numfcevals OUT;
suffix numiters OUT;
---------------------------- Solver Status Report ----------------------------
solve_result_num = 0
solve_result = solved
solve_message = 'Knitro 14.2.0: Locally optimal or satisfactory solution.\
objective 2.63994774; feasibility error 9.28e-06\
93640 iterations; 96955 function evaluations'


---------------------------- Problem Dimensions ----------------------------
Variables: 51304
Constraints: 52104
---------------------------- Container and geometric considerations  ----------------------------
Container type: cylinder
Structural conservation type: surface
---------------------------- Solution execution data ----------------------------
solve_result_num = 0
solve_result = solved

---------------------------- Solution data ----------------------------
card(figures) = 100

coords [*,*,1]
:          1             2            3             4         :=
1      0.320891     -0.878357     -0.86076     -0.404567
2      0.274372     -0.466785      0.273862     0.823161
3      0.0975512    -0.317776     -0.855523    -0.822559
4     -0.0234967     0.819499     -0.0256845    0.493627
5      0.396127      0.589894     -0.318217    -0.261269
6      0.837909      0.600517      0.213443    -0.315767
7      0.263383     -0.360029     -0.222919     0.619372
8      0.160407     -0.282649     -0.0997794   -0.851644
9     -0.557038      0.394673     -0.831002    -0.850431
10    -0.0984379     0.891841      0.834741    -0.00706299
11     0.187621      0.293858      0.847959     0.13557
12    -0.560796     -0.112078      0.612057    -0.562631
13     0.792299     -0.31213       0.908173     0.403165
14    -0.908074     -0.727714      0.0721661   -0.177669
15    -0.178038      0.343282      0.630352    -0.472257
16    -0.80767      -0.887496      0.318823     0.0609395
17     0.489951      0.893357     -0.111321     0.653639
18    -0.20597      -0.470508     -0.90375     -0.631592
19     0.499729      0.617182     -0.362188    -0.00614413
20    -0.724538     -0.783016     -0.192917     0.421567
21    -0.464402     -0.903354     -0.85367     -0.246722
22    -0.884763     -0.118985     -0.196535    -0.869982
23    -0.251188     -0.783399      0.263344     0.438267
24     0.842419      0.854991      0.634699     0.308978
25    -0.742845      0.0709918    -0.617959     0.0370505
26     0.758121      0.805171      0.413721     0.261255
27    -0.616885     -0.0264721    -0.787821    -0.106545
28    -0.44362       0.212241      0.0356562    0.546464
29    -0.828626     -0.631035      0.097744     0.26528
30    -0.0965248     0.685593     -0.611626    -0.0431835
31     0.61903      -0.638326      0.2172       0.567854
32    -0.87381      -0.362119      0.20646     -0.884801
33    -0.0731029     0.503382     -0.0824087    0.881348
34     0.911857      0.473058      0.766739     0.530027
35     0.620511      0.822826      0.618258     0.407257
36    -0.20464       0.432489     -0.817897    -0.560796
37    -0.13087       0.841349      0.04915      0.696977
38    -0.901853      0.00209107   -0.318321    -0.0646359
39     0.141203     -0.907354      0.351532    -0.4382
40     0.383443     -0.209975      0.186268    -0.77627
41    -0.822559      0.284594     -0.860903    -0.279463
42    -0.61941       0.0979167    -0.788855     0.273197
43    -0.902013     -0.225772      0.0997714   -0.347361
44     0.175367      0.557457     -0.493757     0.809571
45     0.559767     -0.208608      0.256629    -0.643214
46     0.259989      0.19864       0.690021     0.731891
47     0.229243     -0.527215     -0.906002    -0.892512
48     0.905439      0.37396       0.885574    -0.277221
49    -0.190403     -0.900234     -0.653941    -0.203009
50     0.893355     -0.388868      0.60911      0.432799
51    -0.449278     -0.879405     -0.0619718    0.331191
52     0.697845      0.695947     -0.039393     0.0526441
53     0.765044      0.911862      0.207012     0.286368
54     0.753049      0.908493      0.561187     0.842395
55     0.822826      0.748993      0.620511     0.906966
56     0.199543     -0.40528      -0.717151    -0.91012
57     0.022251      0.705548      0.733897     0.675114
58     0.892823      0.11631       0.864384    -0.131574
59     0.244627     -0.0261372    -0.529466     0.598927
60     0.489951      0.0510693     0.743058     0.902611
61     0.82522      -0.0345959    -0.0819131   -0.319533
62     0.658968     -0.203374      0.87113     -0.0698098
63     0.0910068    -0.44301      -0.776571     0.465722
64    -0.00311939   -0.586011     -0.0909781    0.625936
65     0.522146     -0.0516701     0.211358     0.880029
66     0.859706     -0.26644      -0.140594    -0.321964
67     0.0559948     0.0116916    -0.908201    -0.189006
68     0.208679     -0.396127     -0.900987    -0.801411
69    -0.102762      0.160407     -0.576506    -0.889526
70     0.288741      0.213443      0.837908    -0.315767
71    -0.266825      0.301625      0.519783    -0.442002
72     0.538717      0.762411     -0.514521     0.293754
73     0.707741      0.285184      0.835991    -0.107622
74     0.218994     -0.885008     -0.415695    -0.909213
75     0.198091     -0.449564      0.690131     0.0715286
76    -0.903354      0.00577917   -0.20123     -0.227044
77     0.280906     -0.458135     -0.479349     0.616619
78    -0.740954     -0.294198     -0.62234     -0.0234088
79     0.229499      0.0444244    -0.0256696    0.749966
80    -0.425565      0.128149      0.774085     0.0615559
81     0.10302       0.0150924    -0.870458    -0.28151
82    -0.887664     -0.194539      0.0907714   -0.15981
83     0.199285     -0.789528     -0.911937    -0.501568
84    -0.740965     -0.894111     -0.60383     -0.199565
85    -0.620226      0.612191      0.232249    -0.394746
86    -0.092014     -0.442666     -0.889572    -0.861415
87    -0.859826     -0.905392     -0.199566    -0.463524
88    -0.911441     -0.28081      -0.225995    -0.911942
89     0.15423      -0.135279     -0.840734    -0.85908
90     0.70374      -0.316212      0.513488    -0.00837184
91    -0.63031       0.458516     -0.0850774    0.553735
92    -0.387563      0.438266      0.182101     0.896134
93     0.391164     -0.489878      0.0946938    0.779531
94    -0.117461     -0.6824        0.28145     -0.44675
95     0.225849      0.622818     -0.512687     0.784026
96     0.0274965     0.190492      0.911821     0.497032
97     0.015065     -0.11994       0.714557    -0.380323
98    -0.569075      0.0704844     0.676962     0.601105
99     0.70774       0.237249     -0.431157     0.0645476
100    0.214863     -0.102527     -0.472259     0.509236

 [*,*,2]
:          1            2             3             4         :=
1      0.0402822     0.245279     0.301273      0.309439
2      0.170762      0.0389956   -0.488809     -0.0541408
3      0.596374      0.854805     0.315838      0.393788
4     -0.34823       0.105719    -0.840813     -0.519363
5      0.604591      0.199045     0.854641      0.873733
6      0.2554       -0.238205    -0.131806     -0.352081
7     -0.873099     -0.553528    -0.796706      0.178164
8      0.897743      0.749891    -0.321979      0.325595
9     -0.722067      0.0464759    0.261594     -0.329302
10     0.704761      0.190506     0.367261     -0.0587116
11     0.583505      0.18173     -0.267563     -0.696331
12     0.719153      0.0470631    0.405784      0.594558
13    -0.451592     -0.318404     0.0830302    -0.818004
14     0.0841073     0.247512    -0.361603     -0.24623
15    -0.894414     -0.844885    -0.659037     -0.780158
16     0.423484     -0.11839      0.364105     -0.190835
17     0.769169      0.183267     0.886302      0.0309743
18     0.888397      0.781214    -0.122099      0.226293
19    -0.762852      0.176794    -0.555075     -0.91194
20     0.553822      0.212133     0.0414771     0.451091
21     0.784859     -0.124999     0.320814      0.877953
22    -0.221059     -0.904166    -0.467049     -0.273503
23     0.0516399     0.226461    -0.127522      0.452218
24     0.34929       0.128975    -0.592464     -0.553182
25     0.00547931    0.909194     0.670672      0.805097
26     0.294163     -0.341858     0.797165      0.392028
27    -0.362567     -0.76037      0.298079     -0.218561
28    -0.749503      0.368971    -0.911264     -0.673874
29     0.380857     -0.144179    -0.161608      0.180421
30     0.906838      0.601361     0.676452     -0.104318
31    -0.669683     -0.361552    -0.85426      -0.666516
32     0.261016     -0.035917    -0.238749     -0.22091
33     0.879668      0.718377     0.90823       0.234302
34    -0.0137675    -0.779673     0.179214     -0.742122
35     0.668311     -0.393231     0.670395      0.815975
36     0.0512638     0.451829     0.403382      0.719152
37     0.196451     -0.351858    -0.910636      0.176272
38    -0.0891211    -0.911959    -0.378188     -0.909668
39     0.284592      0.0915529   -0.0627452     0.144463
40    -0.659272     -0.887459     0.187424     -0.47862
41     0.393787      0.118572     0.300865      0.420452
42    -0.354378     -0.373613     0.039983     -0.545019
43    -0.134332      0.455867     0.6433        0.134645
44    -0.482884     -0.173174     0.069644      0.106136
45     0.719954      0.713647    -0.00377363    0.646489
46     0.874116      0.890065     0.596276     -0.265184
47     0.426491     -0.353378    -0.00267374   -0.187336
48     0.108873     -0.823551    -0.217787     -0.0544475
49     0.515575     -0.145782     0.191224      0.889079
50     0.183268      0.292456    -0.0643805     0.613056
51    -0.413433     -0.115155    -0.403426      0.369051
52    -0.148887      0.560865     0.0756405     0.895861
53     0.181423     -0.0134021   -0.888155      0.0556915
54    -0.514384      0.0794582   -0.718848      0.349347
55    -0.393231      0.520272     0.668311     -0.0953149
56     0.363408     -0.684187    -0.559165     -0.0579132
57     0.91169      -0.0401629    0.541102     -0.216476
58     0.130961     -0.0305825    0.29071       0.744915
59    -0.137529     -0.841249    -0.418453     -0.238459
60     0.769169      0.91053      0.47643       0.130252
61     0.267381      0.842555     0.908275      0.85415
62     0.575578      0.888995     0.269825     -0.1301
63     0.456553      0.483752     0.312549      0.0216327
64    -0.903559     -0.355275    -0.320422     -0.629213
65    -0.699499     -0.910496     0.364691     -0.239211
66     0.304268      0.460117     0.901059      0.853236
67    -0.91024      -0.790437    -0.0827261    -0.245202
68     0.379234     -0.668362    -0.0421059    -0.435217
69    -0.336109      0.897743     0.624961      0.201039
70     0.321734     -0.131806     0.255399     -0.352081
71     0.479296      0.716362    -0.0684336     0.797689
72     0.725437      0.500403     0.752955     -0.0203241
73    -0.575131     -0.536543    -0.0426354     0.0898833
74    -0.23571      -0.220078    -0.160185      0.070741
75    -0.528132      0.0159456   -0.580095     -0.36003
76    -0.124999      0.773035     0.889483      0.470098
77    -0.857061     -0.649363    -0.72289      -0.671903
78     0.233057     -0.863203    -0.34874      -0.762449
79     0.882612      0.910878    -0.131088      0.514459
80    -0.806577     -0.902912    -0.482147      0.278297
81     0.640694      0.776033    -0.119058      0.405032
82    -0.209108      0.474885     0.459953     -0.0198614
83     0.375728     -0.456418     0.00659713   -0.323671
84     0.233077      0.0546364   -0.414817     -0.889858
85    -0.546171     -0.67594     -0.852254     -0.541818
86    -0.907307     -0.797321    -0.200834     -0.299395
87    -0.303929      0.109266    -0.889858     -0.735818
88    -0.0307859    -0.867651    -0.457854      0.00588241
89     0.861235     -0.385508     0.353327      0.0488988
90     0.179661     -0.251782    -0.75366      -0.911923
91     0.382964      0.534678     0.566146     -0.0603293
92     0.370475      0.452218    -0.149805      0.169163
93    -0.112535      0.0489166    0.274431      0.197402
94    -0.904365     -0.604982     0.233207     -0.0208558
95    -0.107231     -0.105664     0.0896462     0.198613
96    -0.911546     -0.140033     0.0159196    -0.764612
97     0.911837     -0.18028      0.566641      0.828863
98    -0.377271     -0.909233    -0.61106      -0.685817
99    -0.575131     -0.533148     0.018507     -0.0505396
100    0.314101     -0.896501    -0.780157     -0.756539

 [*,*,3]
:         1             2            3             4         :=
1      0.763421     1.23223       0.27805      1.49945
2      1.49945      1.30902       0.374744     1.47444
3      1.31747      0.446254      0.473103     1.49945
4     -0.490202    -1.37524      -1.67481     -1.67481
5      1.49945      0.778121      0.43776      1.49945
6     -1.67481     -1.67481      -0.597723    -1.67481
7     -1.3304      -0.230746     -0.884392    -0.683958
8     -0.591764    -1.05572      -0.336235    -1.18202
9      0.0110283    0.432643      0.821802     0.524881
10    -1.62232     -0.94787      -1.4693      -0.569348
11     0.0787226    0.435501     -0.655877    -0.164813
12    -1.67481     -0.651605     -1.67481     -1.14145
13     0.346862     0.597243      0.374286    -0.361779
14     0.748741     1.48914       1.48391      0.415053
15    -0.0444777    1.14958      -0.108614     0.576648
16    -1.67481     -1.67481      -1.67481     -0.921068
17     1.49945      1.49945       1.05632      0.437249
18    -0.747212     0.496833     -0.337629     0.292242
19    -1.18567     -0.682669     -0.229677    -1.0378
20    -1.67481     -1.23665      -0.600155    -1.67469
21     0.472736    -0.351569      0.20112     -0.809429
22    -0.444265    -1.2486       -0.367307    -1.46686
23    -0.643215    -1.27913      -0.587011    -1.67481
24     0.414784     1.45899       1.29225      0.491242
25    -0.254782    -0.724856     -1.20526     -0.0859327
26     0.513288    -0.20036      -0.43313      0.72197
27     0.401501     1.49382       1.49945      1.49945
28     0.147765     0.0104225    -0.162254    -0.697229
29    -1.62667     -0.449688     -0.88669     -1.33921
30    -1.32221     -1.31988      -1.21225     -0.500793
31     0.571207     0.415926      1.26758      0.0258896
32    -1.29851     -1.27145      -0.76629     -0.0913682
33     0.263065    -0.0166827     1.13258      0.873415
34    -1.67481     -1.64832      -0.815079    -0.663026
35    -0.919381    -0.189862      0.384456    -0.436972
36    -0.613169    -1.67481      -1.30849     -1.67481
37    -0.0593254   -0.733228     -0.623201    -0.748569
38    -1.65877     -1.67481      -0.529198    -1.08801
39     1.49945      0.748942      0.446632     1.46319
40    -0.204371     0.0106142     0.633204     0.363458
41     1.49945      0.868207      0.272718     1.43359
42     0.410841     1.49945       0.964181     0.484787
43    -0.145094     0.800613     -0.447942    -0.457175
44     0.389397     0.630414      1.36253      1.36451
45    -1.67481     -1.62957      -0.645264    -1.17738
46    -0.491445     0.125599     -1.04582     -0.0680041
47     0.218307    -0.502509      0.694791    -0.0364123
48     0.388807    -0.351542     -0.0910008    0.475769
49     0.599185    -0.271876      0.354869    -0.649949
50     1.49945      1.28974       0.530324     1.49945
51    -1.5135      -1.67481      -0.700796    -1.67481
52    -0.523805    -1.01441      -0.0532505   -0.0853808
53    -0.805134    -1.67406      -1.29971     -0.532139
54     0.349152     1.49945       1.10722      0.414489
55    -0.189844     0.369659     -0.919363    -0.768804
56     0.136296    -0.350258      0.228674     0.67586
57    -0.0414888   -0.6134       -1.06922     -0.00967881
58    -1.15167     -0.656401     -1.67481     -1.67481
59    -0.666247    -1.67481      -1.67481     -1.67481
60     1.49945      0.665119      0.254365     1.27013
61     0.645958    -0.147698      1.14784      0.433263
62    -1.28995     -1.27312      -0.87054     -0.470868
63     1.38077      1.49945       0.418179     0.686647
64     1.49685      0.467473      1.49945      0.86262
65    -0.676036    -0.0584538     0.0101924   -0.675959
66     0.395119     1.03348      -0.187064     0.442988
67    -1.67481     -1.06167      -1.65576     -0.580415
68     0.143647    -0.342923      0.683196     0.0156324
69    -0.33325     -0.591764     -1.07616     -0.926795
70    -1.67481     -0.597723     -1.67481     -1.67481
71     0.986162    -0.163039      0.524229     0.36674
72    -1.67481     -1.22835      -1.30361     -0.633736
73     1.49945      0.425828      1.49945      1.49945
74    -0.788405    -0.0949089    -1.30988     -1.36567
75     0.212702     1.20493       1.41902      1.49945
76    -0.351569    -0.0927009    -0.643755     0.590526
77     1.2256       0.71723       0.174879    -0.0206016
78     1.49945      0.952987      0.417728     1.49945
79    -0.906527    -0.0722638    -0.268921    -1.09455
80    -0.365617    -0.524467     -0.76006      0.0235392
81    -0.539273    -0.0158686    -0.354411     0.684083
82    -0.0921954    0.774829     -0.497325    -0.413733
83     0.147972    -0.0245979     0.72149     -0.471205
84     1.49945      0.928894      0.376316     1.49945
85     0.301122     0.00426181    1.23899      0.821629
86    -0.915137    -0.333492     -0.163607    -1.46341
87     0.539897     1.12108       1.49945      0.231935
88    -0.898949    -1.67481      -0.438257    -1.44544
89    -0.583255    -0.33463      -0.949998    -0.467878
90    -0.763148    -0.0749954    -0.946613    -0.799774
91     0.684834     1.38586       1.49945      0.551059
92    -1.59809     -1.67481      -0.547003    -1.49041
93     0.290169     1.23764       1.49945      1.49562
94    -0.367083     0.12439      -0.137206     0.533462
95     0.361516     0.807519      1.41783      1.49945
96    -1.40663     -0.572116     -1.64699     -1.67481
97    -0.773134    -0.426521     -1.09415     -1.20999
98     0.49547      1.49945       0.384428     0.98073
99     1.49945      0.300592      1.27471      1.49945
100   -0.0135887   -0.379248      0.160952    -0.697016
;

radius = 0.911961
height = 3.17426
softness = 0.7

---------------------------- Solution coords data ----------------------------
distances [*,1,*]
:     1   2   3   4    :=
1     0   1   0   1
2     0   1   0   1
3     0   1   0   1
4     0   1   0   1
5     0   1   0   1
6     0   1   0   1
7     0   1   0   1
8     0   1   0   1
9     0   1   0   1
10    0   1   0   1
11    0   1   0   1
12    0   1   0   1
13    0   1   0   1
14    0   1   0   1
15    0   1   0   1
16    0   1   0   1
17    0   1   0   1
18    0   1   0   1
19    0   1   0   1
20    0   1   0   1
21    0   1   0   1
22    0   1   0   1
23    0   1   0   1
24    0   1   0   1
25    0   1   0   1
26    0   1   0   1
27    0   1   0   1
28    0   1   0   1
29    0   1   0   1
30    0   1   0   1
31    0   1   0   1
32    0   1   0   1
33    0   1   0   1
34    0   1   0   1
35    0   1   0   1
36    0   1   0   1
37    0   1   0   1
38    0   1   0   1
39    0   1   0   1
40    0   1   0   1
41    0   1   0   1
42    0   1   0   1
43    0   1   0   1
44    0   1   0   1
45    0   1   0   1
46    0   1   0   1
47    0   1   0   1
48    0   1   0   1
49    0   1   0   1
50    0   1   0   1
51    0   1   0   1
52    0   1   0   1
53    0   1   0   1
54    0   1   0   1
55    0   1   0   1
56    0   1   0   1
57    0   1   0   1
58    0   1   0   1
59    0   1   0   1
60    0   1   0   1
61    0   1   0   1
62    0   1   0   1
63    0   1   0   1
64    0   1   0   1
65    0   1   0   1
66    0   1   0   1
67    0   1   0   1
68    0   1   0   1
69    0   1   0   1
70    0   1   0   1
71    0   1   0   1
72    0   1   0   1
73    0   1   0   1
74    0   1   0   1
75    0   1   0   1
76    0   1   0   1
77    0   1   0   1
78    0   1   0   1
79    0   1   0   1
80    0   1   0   1
81    0   1   0   1
82    0   1   0   1
83    0   1   0   1
84    0   1   0   1
85    0   1   0   1
86    0   1   0   1
87    0   1   0   1
88    0   1   0   1
89    0   1   0   1
90    0   1   0   1
91    0   1   0   1
92    0   1   0   1
93    0   1   0   1
94    0   1   0   1
95    0   1   0   1
96    0   1   0   1
97    0   1   0   1
98    0   1   0   1
99    0   1   0   1
100   0   1   0   1

 [*,2,*]
:     1   2   3   4    :=
1     0   0   1   1
2     0   0   1   1
3     0   0   1   1
4     0   0   1   1
5     0   0   1   1
6     0   0   1   1
7     0   0   1   1
8     0   0   1   1
9     0   0   1   1
10    0   0   1   1
11    0   0   1   1
12    0   0   1   1
13    0   0   1   1
14    0   0   1   1
15    0   0   1   1
16    0   0   1   1
17    0   0   1   1
18    0   0   1   1
19    0   0   1   1
20    0   0   1   1
21    0   0   1   1
22    0   0   1   1
23    0   0   1   1
24    0   0   1   1
25    0   0   1   1
26    0   0   1   1
27    0   0   1   1
28    0   0   1   1
29    0   0   1   1
30    0   0   1   1
31    0   0   1   1
32    0   0   1   1
33    0   0   1   1
34    0   0   1   1
35    0   0   1   1
36    0   0   1   1
37    0   0   1   1
38    0   0   1   1
39    0   0   1   1
40    0   0   1   1
41    0   0   1   1
42    0   0   1   1
43    0   0   1   1
44    0   0   1   1
45    0   0   1   1
46    0   0   1   1
47    0   0   1   1
48    0   0   1   1
49    0   0   1   1
50    0   0   1   1
51    0   0   1   1
52    0   0   1   1
53    0   0   1   1
54    0   0   1   1
55    0   0   1   1
56    0   0   1   1
57    0   0   1   1
58    0   0   1   1
59    0   0   1   1
60    0   0   1   1
61    0   0   1   1
62    0   0   1   1
63    0   0   1   1
64    0   0   1   1
65    0   0   1   1
66    0   0   1   1
67    0   0   1   1
68    0   0   1   1
69    0   0   1   1
70    0   0   1   1
71    0   0   1   1
72    0   0   1   1
73    0   0   1   1
74    0   0   1   1
75    0   0   1   1
76    0   0   1   1
77    0   0   1   1
78    0   0   1   1
79    0   0   1   1
80    0   0   1   1
81    0   0   1   1
82    0   0   1   1
83    0   0   1   1
84    0   0   1   1
85    0   0   1   1
86    0   0   1   1
87    0   0   1   1
88    0   0   1   1
89    0   0   1   1
90    0   0   1   1
91    0   0   1   1
92    0   0   1   1
93    0   0   1   1
94    0   0   1   1
95    0   0   1   1
96    0   0   1   1
97    0   0   1   1
98    0   0   1   1
99    0   0   1   1
100   0   0   1   1

 [*,3,*]
:     1   2   3   4    :=
1     1   0   0   1
2     1   0   0   1
3     1   0   0   1
4     1   0   0   1
5     1   0   0   1
6     1   0   0   1
7     1   0   0   1
8     1   0   0   1
9     1   0   0   1
10    1   0   0   1
11    1   0   0   1
12    1   0   0   1
13    1   0   0   1
14    1   0   0   1
15    1   0   0   1
16    1   0   0   1
17    1   0   0   1
18    1   0   0   1
19    1   0   0   1
20    1   0   0   1
21    1   0   0   1
22    1   0   0   1
23    1   0   0   1
24    1   0   0   1
25    1   0   0   1
26    1   0   0   1
27    1   0   0   1
28    1   0   0   1
29    1   0   0   1
30    1   0   0   1
31    1   0   0   1
32    1   0   0   1
33    1   0   0   1
34    1   0   0   1
35    1   0   0   1
36    1   0   0   1
37    1   0   0   1
38    1   0   0   1
39    1   0   0   1
40    1   0   0   1
41    1   0   0   1
42    1   0   0   1
43    1   0   0   1
44    1   0   0   1
45    1   0   0   1
46    1   0   0   1
47    1   0   0   1
48    1   0   0   1
49    1   0   0   1
50    1   0   0   1
51    1   0   0   1
52    1   0   0   1
53    1   0   0   1
54    1   0   0   1
55    1   0   0   1
56    1   0   0   1
57    1   0   0   1
58    1   0   0   1
59    1   0   0   1
60    1   0   0   1
61    1   0   0   1
62    1   0   0   1
63    1   0   0   1
64    1   0   0   1
65    1   0   0   1
66    1   0   0   1
67    1   0   0   1
68    1   0   0   1
69    1   0   0   1
70    1   0   0   1
71    1   0   0   1
72    1   0   0   1
73    1   0   0   1
74    1   0   0   1
75    1   0   0   1
76    1   0   0   1
77    1   0   0   1
78    1   0   0   1
79    1   0   0   1
80    1   0   0   1
81    1   0   0   1
82    1   0   0   1
83    1   0   0   1
84    1   0   0   1
85    1   0   0   1
86    1   0   0   1
87    1   0   0   1
88    1   0   0   1
89    1   0   0   1
90    1   0   0   1
91    1   0   0   1
92    1   0   0   1
93    1   0   0   1
94    1   0   0   1
95    1   0   0   1
96    1   0   0   1
97    1   0   0   1
98    1   0   0   1
99    1   0   0   1
100   1   0   0   1

 [*,4,*]
:     1   2   3   4    :=
1     1   1   1   0
2     1   1   1   0
3     1   1   1   0
4     1   1   1   0
5     1   1   1   0
6     1   1   1   0
7     1   1   1   0
8     1   1   1   0
9     1   1   1   0
10    1   1   1   0
11    1   1   1   0
12    1   1   1   0
13    1   1   1   0
14    1   1   1   0
15    1   1   1   0
16    1   1   1   0
17    1   1   1   0
18    1   1   1   0
19    1   1   1   0
20    1   1   1   0
21    1   1   1   0
22    1   1   1   0
23    1   1   1   0
24    1   1   1   0
25    1   1   1   0
26    1   1   1   0
27    1   1   1   0
28    1   1   1   0
29    1   1   1   0
30    1   1   1   0
31    1   1   1   0
32    1   1   1   0
33    1   1   1   0
34    1   1   1   0
35    1   1   1   0
36    1   1   1   0
37    1   1   1   0
38    1   1   1   0
39    1   1   1   0
40    1   1   1   0
41    1   1   1   0
42    1   1   1   0
43    1   1   1   0
44    1   1   1   0
45    1   1   1   0
46    1   1   1   0
47    1   1   1   0
48    1   1   1   0
49    1   1   1   0
50    1   1   1   0
51    1   1   1   0
52    1   1   1   0
53    1   1   1   0
54    1   1   1   0
55    1   1   1   0
56    1   1   1   0
57    1   1   1   0
58    1   1   1   0
59    1   1   1   0
60    1   1   1   0
61    1   1   1   0
62    1   1   1   0
63    1   1   1   0
64    1   1   1   0
65    1   1   1   0
66    1   1   1   0
67    1   1   1   0
68    1   1   1   0
69    1   1   1   0
70    1   1   1   0
71    1   1   1   0
72    1   1   1   0
73    1   1   1   0
74    1   1   1   0
75    1   1   1   0
76    1   1   1   0
77    1   1   1   0
78    1   1   1   0
79    1   1   1   0
80    1   1   1   0
81    1   1   1   0
82    1   1   1   0
83    1   1   1   0
84    1   1   1   0
85    1   1   1   0
86    1   1   1   0
87    1   1   1   0
88    1   1   1   0
89    1   1   1   0
90    1   1   1   0
91    1   1   1   0
92    1   1   1   0
93    1   1   1   0
94    1   1   1   0
95    1   1   1   0
96    1   1   1   0
97    1   1   1   0
98    1   1   1   0
99    1   1   1   0
100   1   1   1   0
;

---------------------------- Solution stats data ----------------------------
_ampl_time = 0.295817
_total_solve_time = 44577.5
_ampl_elapsed_time = 0.292264
_ampl_user_time = 0.246038

Total time elapsed: $44577.54.
_total_solve_time = 44577.5

---------------------------- Solution miscs data ----------------------------
tetrahedron_volume [*] :=
  1 0    11 0    21 0    31 0    41 0    51 0    61 0    71 0    81 0    91 0
  2 0    12 0    22 0    32 0    42 0    52 0    62 0    72 0    82 0    92 0
  3 0    13 0    23 0    33 0    43 0    53 0    63 0    73 0    83 0    93 0
  4 0    14 0    24 0    34 0    44 0    54 0    64 0    74 0    84 0    94 0
  5 0    15 0    25 0    35 0    45 0    55 0    65 0    75 0    85 0    95 0
  6 0    16 0    26 0    36 0    46 0    56 0    66 0    76 0    86 0    96 0
  7 0    17 0    27 0    37 0    47 0    57 0    67 0    77 0    87 0    97 0
  8 0    18 0    28 0    38 0    48 0    58 0    68 0    78 0    88 0    98 0
  9 0    19 0    29 0    39 0    49 0    59 0    69 0    79 0    89 0    99 0
 10 0    20 0    30 0    40 0    50 0    60 0    70 0    80 0    90 0   100 0
;

---------------------------- Solution miscs data ----------------------------
tetrahedron_surface_area [*] :=
  1 1.73205    21 1.73205    41 1.73205    61 1.73205    81 1.73205
  2 1.73205    22 1.73205    42 1.73205    62 1.73205    82 1.73205
  3 1.73205    23 1.73205    43 1.73205    63 1.73205    83 1.73205
  4 1.73205    24 1.73205    44 1.73205    64 1.73205    84 1.73205
  5 1.73205    25 1.73205    45 1.73205    65 1.73205    85 1.73205
  6 1.73205    26 1.73205    46 1.73205    66 1.73205    86 1.73205
  7 1.73205    27 1.73205    47 1.73205    67 1.73205    87 1.73205
  8 1.73205    28 1.73205    48 1.73205    68 1.73205    88 1.73205
  9 1.73205    29 1.73205    49 1.73205    69 1.73205    89 1.73205
 10 1.73205    30 1.73205    50 1.73205    70 1.73205    90 1.73205
 11 1.73205    31 1.73205    51 1.73205    71 1.73205    91 1.73205
 12 1.73205    32 1.73205    52 1.73205    72 1.73205    92 1.73205
 13 1.73205    33 1.73205    53 1.73205    73 1.73205    93 1.73205
 14 1.73205    34 1.73205    54 1.73205    74 1.73205    94 1.73205
 15 1.73205    35 1.73205    55 1.73205    75 1.73205    95 1.73205
 16 1.73205    36 1.73205    56 1.73205    76 1.73205    96 1.73205
 17 1.73205    37 1.73205    57 1.73205    77 1.73205    97 1.73205
 18 1.73205    38 1.73205    58 1.73205    78 1.73205    98 1.73205
 19 1.73205    39 1.73205    59 1.73205    79 1.73205    99 1.73205
 20 1.73205    40 1.73205    60 1.73205    80 1.73205   100 1.73205
;

