Error at _cmdno 5 executing "solve" command
(file amplin, line 1945, offset 37257):
error processing param distances:
	4000 invalid subscripts discarded:
	distances[51,1,1]
	distances[51,1,2]
	distances[51,1,3]
	and 3997 more.
##### This license is only intended for use by NEOS. #####
##### License is valid until Jan 16, 2026 #####
riables.
Adjusted problem:
6726 variables:
	4276 nonlinear variables
	2450 linear variables
13100 constraints; 79725 nonzeros
	11875 nonlinear constraints
	1225 linear constraints
	1275 equality constraints
	11825 inequality constraints
1 linear objective; 1 nonzero.

Artelys Knitro 14.2.0: threads=4
algorithm=1
ms_enable=1
ms_maxsolves=10
feastol=1e-5
opttol=1e-5
honorbnds=1
bar_initpt=3
bar_murule=4
scale=1
outlev=2
maxtime_real=3600
WARNING:  Option 'threads' is deprecated, please use 'numthreads'.

=======================================
           Academic License
       (NOT FOR COMMERCIAL USE)
         Artelys Knitro 14.2.0
=======================================

No start point provided -- Knitro computing one.

Knitro presolve eliminated 0 variables and 0 constraints.

algorithm                1
bar_initpt               3
bar_murule               4
concurrent_evals         0
datacheck                0
feastol                  1e-05
findiff_numthreads       1
hessian_no_f             1
hessopt                  1
honorbnds                1
maxtime_real             3600
ms_enable                1
ms_maxsolves             10
numthreads               4
opttol                   1e-05

Problem Characteristics                                 (   Presolved)
-----------------------
Objective goal:  Minimize
Objective type:  linear
Number of variables:                               6726 (        6726)
    bounded below only:                             601 (         601)
    bounded above only:                               0 (           0)
    bounded below and above:                          0 (           0)
    fixed:                                            0 (           0)
    free:                                          6125 (        6125)
Number of constraints:                            13100 (       13100)
    linear equalities:                                0 (           0)
    quadratic equalities:                          1225 (        1225)
    gen. nonlinear equalities:                       50 (          50)
    linear one-sided inequalities:                 1225 (        1225)
    quadratic one-sided inequalities:             10600 (       10600)
    gen. nonlinear one-sided inequalities:            0 (           0)
    linear two-sided inequalities:                    0 (           0)
    quadratic two-sided inequalities:                 0 (           0)
    gen. nonlinear two-sided inequalities:            0 (           0)
Number of nonzeros in Jacobian:                   79725 (       79725)
Number of nonzeros in Hessian:                    36976 (       36976)

Knitro parallel multistart will run with 4 threads.

Return codes description
------------------------
  0:  The final solution satisfies the termination conditions for verifying optimality.
  -100 to -199:  A feasible approximate solution was found.
  -200 to -299:  Knitro terminated at an infeasible point.
  -300 to -301:  The problem was determined to be unbounded.
  -400 to -499:  Knitro terminated because it reached a pre-defined limit.
    -400 to -409:  A feasible point was found.
    -410 to -419:  No feasible point was found.
  -500 to -599:  Knitro terminated with an input error or some non-standard error.
A more detailed description of individual return codes and their corresponding
termination messages is provided at
https://www.artelys.com/app/docs/knitro/3_referenceManual/returnCodes.html

 Solve #  ThreadID  Status     Objective      FeasError    OptError    Real Time 
--------  --------  ------  --------------   ----------   ----------  ----------
      3          1    -202         326.934      25785.4      74.6543      129.307
      7          0    -202         1267.43      63700.9      140.641      155.925
      4          1    -202         1400.42      56088.3      3.84982      144.389
      0          0       0         1.27318  3.69096e-05  9.05700e-06      196.659
      5          0    -202         28241.7      1.39854     0.999997      433.795
      8          0    -202         2158.48      60385.5     0.999998      1049.23
      2          3    -202         8484.43      2.49852      1.00000      998.961
      9          3    -410         11035.8      1.63480     0.999990      2040.58
      6          1    -410         436.200  2.53879e-02     0.420659      1661.39
      1          2    -410         2408.76     0.654132      1.45805      1747.75

MULTISTART: Best locally optimal solution is returned.
EXIT: Locally optimal solution found.

Final Statistics
----------------
Final objective value               =   1.27318414129346e+00
Final feasibility error (abs / rel) =   3.69e-05 / 3.44e-08
Final optimality error  (abs / rel) =   9.06e-06 / 9.06e-06
# of iterations                     =      49367 
# of CG iterations                  =          0 
# of function evaluations           =      61809
# of gradient evaluations           =      49681
# of Hessian evaluations            =      49408
Total program time (secs)           =    3040.91138 (  8455.082 CPU time)

===============================================================================

Knitro 14.2.0: Locally optimal or satisfactory solution.
objective 1.273184141; feasibility error 3.69e-05
49367 iterations; 61809 function evaluations

suffix feaserror OUT;
suffix opterror OUT;
suffix numfcevals OUT;
suffix numiters OUT;
---------------------------- Container and geometric considerations  ----------------------------
Container type: sphere
Structural conservation type: surface
---------------------------- Solution execution data ----------------------------
solve_result_num = 0
solve_result = solved

---------------------------- Solution data ----------------------------
card(figures) = 50

coords [*,*,1]
:       1         2         3         4       :=
1    19.8995   18.958    19.4969   19.5701
2    20.1439   20.8779   20.1466   20.2681
3    20.3031   19.5123   19.9586   20.4012
4    20.6607   20.6363   19.9213   19.8744
5    20.2718   20.5103   19.7928   20.5101
6    20.4427   20.2255   19.9683   19.6957
7    20.1082   20.241    19.5268   20.4662
8    20.1051   20.1457   20.9842   20.2832
9    20.9002   21.1525   20.1843   20.3521
10   20.9249   20.3199   20.3687   19.9717
11   20.6199   20.3553   20.5327   21.1916
12   19.2015   18.7634   19.3689   19.7856
13   20.0817   20.1524   19.6137   20.2986
14   20.1532   20.9008   21.1526   21.2333
15   20.3991   19.9393   19.4334   20.0461
16   20.1949   20.7265   21.2369   20.5114
17   19.0279   19.8793   19.5345   20.0164
18   19.3668   19.3066   20.1598   19.9025
19   20.751    21.1173   20.1757   21.2052
20   19.2015   19.5357   18.8833   19.8078
21   19.6421   19.9873   20.4642   19.4867
22   20.4089   19.9872   19.9105   20.717
23   20.1532   20.3064   19.8951   19.6439
24   21.2323   21.076    20.2439   21.0818
25   19.6915   18.7536   18.8946   19.1583
26   18.7527   19.87     19.4345   19.1933
27   19.5139   19.6957   20.2255   19.9683
28   20.2667   20.3307   20.1559   20.9931
29   19.7332   19.9327   19.5362   20.2456
30   21.0749   21.0171   20.762    20.2757
31   19.5712   18.966    19.9006   19.6137
32   18.8322   19.6137   19.8763   19.0417
33   19.1779   19.9564   19.4048   19.9839
34   21.0182   20.7429   20.3131   20.3148
35   18.8789   18.7481   19.7034   19.088
36   19.9378   19.3314   19.8744   20.466
37   20.1608   20.0875   20.6484   19.7383
38   19.3818   19.9551   19.4355   18.8322
39   20.0263   19.3884   19.6137   20.2032
40   21.2201   20.5473   20.4868   20.1775
41   19.0879   19.707    18.7529   19.7194
42   19.4571   19.9924   20.2091   19.3957
43   19.6122   19.9859   18.8696   19.5108
44   19.7799   19.1945   18.7795   18.8707
45   21.0182   20.0637   20.3131   20.3148
46   19.4358   20.5748   19.993    19.9705
47   19.6137   18.8322   19.3818   19.9551
48   20.3254   20.3265   21.0833   20.9129
49   21.1082   20.1278   20.967    20.4744
50   19.707    19.969    19.0879   19.7194

 [*,*,2]
:       1         2         3         4       :=
1    19.4961   19.5651   18.9015   19.9518
2    20.0672   20.7931   20.9355   20.1988
3    18.7636   18.8613   19.8358   19.0848
4    20.7419   19.6557   20.0449   20.4957
5    19.8499   19.5708   20.2735   20.5746
6    19.8965   18.9748   19.8655   19.5226
7    19.29     19.8377   18.9567   18.8178
8    20.1261   20.9354   20.7946   21.2404
9    20.0069   19.5272   20.0443   19.3965
10   19.2264   18.7687   19.3504   19.8007
11   19.6201   19.6229   20.6193   20.3017
12   19.6342   20.1435   20.7561   19.8689
13   20.2498   20.9104   20.3023   19.818
14   20.0532   20.0063   19.5259   20.3116
15   20.7447   21.2239   20.7582   20.1592
16   20.421    21.0422   20.1824   20.7939
17   19.4409   20.1049   19.0296   19.636
18   20.7522   19.9224   20.6787   19.9004
19   21.0238   20.1818   20.0784   20.3359
20   19.6342   18.9462   19.4427   19.8778
21   18.893    19.7545   18.8171   18.8754
22   20.6746   20.1792   21.2342   21.0315
23   20.0386   19.799    19.249    20.2982
24   20.3153   19.7186   20.0015   19.4058
25   20.0308   19.9506   19.9848   19.1581
26   20.0906   20.1513   20.7756   20.9831
27   18.8609   19.5226   18.9748   19.8655
28   20.1981   19.381    20.0361   20.1964
29   20.2802   19.3756   19.7501   20.193
30   19.7201   19.3946   19.0251   19.978
31   19.9503   19.5611   19.4945   20.3023
32   20.3696   20.3023   20.231    19.682
33   19.8606   19.887    19.1053   19.8879
34   19.4347   19.0148   18.8903   19.9628
35   19.9828   19.9509   20.0466   20.8863
36   19.8863   19.8658   20.4957   19.9043
37   19.8428   19.9967   19.0232   19.1376
38   20.9663   20.2206   21.1045   20.3696
39   20.1478   20.9105   20.3023   21.0986
40   20.1857   20.7596   19.7687   20.4261
41   20.8863   20.0417   20.0903   20.0186
42   21.117    20.2173   21.1044   20.9147
43   18.8662   19.6072   19.4378   18.987
44   20.0102   19.6298   20.0893   19.4347
45   19.4347   19.4459   18.8903   19.9628
46   21.105    21.1113   20.2349   21.2247
47   20.3023   20.3696   20.9663   20.2206
48   19.3668   19.6687   20.1202   19.2259
49   20.1171   20.0515   20.8106   20.4011
50   20.0417   20.9278   20.8863   20.0186

 [*,*,3]
:       1         2         3         4       :=
1    18.8391   19.4117   19.5985   19.831
2    19.853    19.5296   19.1489   18.7714
3    19.9818   20.2941   20.1596   20.789
4    20.7963   21.0477   20.457    21.166
5    19.805    20.8845   20.3446   20.6524
6    21.1893   20.7205   20.1529   21.1404
7    18.9487   19.5671   19.4496   19.9228
8    19.791    19.1487   19.8552   19.9541
9    19.0997   19.737    19.8588   18.9357
10   20.4088   20.0516   21.0311   20.1607
11   21.0452   20.2129   20.738    20.3319
12   20.9217   20.2671   20.8069   20.3706
13   19.8635   19.1231   18.8251   18.8307
14   19.8779   19.1003   19.7396   20.0531
15   20.9525   20.3456   20.8516   20.0993
16   19.844    20.0844   20.2407   20.8539
17   19.9492   20.3154   20.4729   19.6362
18   20.8088   21.065    21.0653   20.2728
19   20.0931   19.4173   19.819    20.2361
20   20.9217   20.543    19.8437   20.3496
21   19.4827   20.1451   19.9212   20.3047
22   20.9411   20.0047   20.2997   20.2071
23   19.8761   18.7807   19.2584   18.8896
24   20.0545   20.6198   19.8934   19.6877
25   20.0526   20.2551   19.3685   19.5485
26   20.2315   20.4503   20.8364   20.0626
27   20.2954   21.1404   20.7205   20.1529
28   18.7709   18.939    19.8557   19.2278
29   19.066    19.35     20.056    20.0808
30   20.6222   19.531    20.2771   19.8826
31   19.8276   19.4006   18.8357   18.8251
32   19.6526   18.8251   19.774    19.2244
33   20.9621   21.2674   20.6828   20.1788
34   19.4856   20.3139   19.4601   19.8469
35   19.3969   20.2265   19.6116   20.0601
36   20.2075   21.0751   21.166    21.181
37   19.514    20.3331   20.1389   19.6697
38   19.4476   19.7831   20.2818   19.6526
39   19.8484   19.3536   18.8251   19.3894
40   20.2334   20.8154   20.2545   19.8395
41   20.0601   19.609    20.2314   20.4453
42   20.259    19.8075   19.4021   19.3526
43   19.5697   19.6764   19.8354   20.507
44   20.0126   20.9138   20.3511   19.8381
45   19.4856   18.8621   19.4601   19.8469
46   20.2855   20.2356   19.8036   19.6533
47   18.8251   19.6526   19.4476   19.7831
48   21.0555   19.956    20.6581   20.4341
49   19.3843   19.8269   19.8304   18.8887
50   19.609    20.2771   20.0601   20.4453
;

radius = 1.27318
softness = 0.3

---------------------------- Solution coords data ----------------------------
distances [*,1,*]
:    1   2   3   4    :=
1    0   1   0   1
2    0   1   0   1
3    0   1   0   1
4    0   1   0   1
5    0   1   0   1
6    0   1   0   1
7    0   1   0   1
8    0   1   0   1
9    0   1   0   1
10   0   1   0   1
11   0   1   0   1
12   0   1   0   1
13   0   1   0   1
14   0   1   0   1
15   0   1   0   1
16   0   1   0   1
17   0   1   0   1
18   0   1   0   1
19   0   1   0   1
20   0   1   0   1
21   0   1   0   1
22   0   1   0   1
23   0   1   0   1
24   0   1   0   1
25   0   1   0   1
26   0   1   0   1
27   0   1   0   1
28   0   1   0   1
29   0   1   0   1
30   0   1   0   1
31   0   1   0   1
32   0   1   0   1
33   0   1   0   1
34   0   1   0   1
35   0   1   0   1
36   0   1   0   1
37   0   1   0   1
38   0   1   0   1
39   0   1   0   1
40   0   1   0   1
41   0   1   0   1
42   0   1   0   1
43   0   1   0   1
44   0   1   0   1
45   0   1   0   1
46   0   1   0   1
47   0   1   0   1
48   0   1   0   1
49   0   1   0   1
50   0   1   0   1

 [*,2,*]
:    1   2   3   4    :=
1    0   0   1   1
2    0   0   1   1
3    0   0   1   1
4    0   0   1   1
5    0   0   1   1
6    0   0   1   1
7    0   0   1   1
8    0   0   1   1
9    0   0   1   1
10   0   0   1   1
11   0   0   1   1
12   0   0   1   1
13   0   0   1   1
14   0   0   1   1
15   0   0   1   1
16   0   0   1   1
17   0   0   1   1
18   0   0   1   1
19   0   0   1   1
20   0   0   1   1
21   0   0   1   1
22   0   0   1   1
23   0   0   1   1
24   0   0   1   1
25   0   0   1   1
26   0   0   1   1
27   0   0   1   1
28   0   0   1   1
29   0   0   1   1
30   0   0   1   1
31   0   0   1   1
32   0   0   1   1
33   0   0   1   1
34   0   0   1   1
35   0   0   1   1
36   0   0   1   1
37   0   0   1   1
38   0   0   1   1
39   0   0   1   1
40   0   0   1   1
41   0   0   1   1
42   0   0   1   1
43   0   0   1   1
44   0   0   1   1
45   0   0   1   1
46   0   0   1   1
47   0   0   1   1
48   0   0   1   1
49   0   0   1   1
50   0   0   1   1

 [*,3,*]
:    1   2   3   4    :=
1    1   0   0   1
2    1   0   0   1
3    1   0   0   1
4    1   0   0   1
5    1   0   0   1
6    1   0   0   1
7    1   0   0   1
8    1   0   0   1
9    1   0   0   1
10   1   0   0   1
11   1   0   0   1
12   1   0   0   1
13   1   0   0   1
14   1   0   0   1
15   1   0   0   1
16   1   0   0   1
17   1   0   0   1
18   1   0   0   1
19   1   0   0   1
20   1   0   0   1
21   1   0   0   1
22   1   0   0   1
23   1   0   0   1
24   1   0   0   1
25   1   0   0   1
26   1   0   0   1
27   1   0   0   1
28   1   0   0   1
29   1   0   0   1
30   1   0   0   1
31   1   0   0   1
32   1   0   0   1
33   1   0   0   1
34   1   0   0   1
35   1   0   0   1
36   1   0   0   1
37   1   0   0   1
38   1   0   0   1
39   1   0   0   1
40   1   0   0   1
41   1   0   0   1
42   1   0   0   1
43   1   0   0   1
44   1   0   0   1
45   1   0   0   1
46   1   0   0   1
47   1   0   0   1
48   1   0   0   1
49   1   0   0   1
50   1   0   0   1

 [*,4,*]
:    1   2   3   4    :=
1    1   1   1   0
2    1   1   1   0
3    1   1   1   0
4    1   1   1   0
5    1   1   1   0
6    1   1   1   0
7    1   1   1   0
8    1   1   1   0
9    1   1   1   0
10   1   1   1   0
11   1   1   1   0
12   1   1   1   0
13   1   1   1   0
14   1   1   1   0
15   1   1   1   0
16   1   1   1   0
17   1   1   1   0
18   1   1   1   0
19   1   1   1   0
20   1   1   1   0
21   1   1   1   0
22   1   1   1   0
23   1   1   1   0
24   1   1   1   0
25   1   1   1   0
26   1   1   1   0
27   1   1   1   0
28   1   1   1   0
29   1   1   1   0
30   1   1   1   0
31   1   1   1   0
32   1   1   1   0
33   1   1   1   0
34   1   1   1   0
35   1   1   1   0
36   1   1   1   0
37   1   1   1   0
38   1   1   1   0
39   1   1   1   0
40   1   1   1   0
41   1   1   1   0
42   1   1   1   0
43   1   1   1   0
44   1   1   1   0
45   1   1   1   0
46   1   1   1   0
47   1   1   1   0
48   1   1   1   0
49   1   1   1   0
50   1   1   1   0
;

---------------------------- Solution stats data ----------------------------
_ampl_time = 0.098516
_total_solve_time = 8455.36
_ampl_elapsed_time = 0.094129
_ampl_user_time = 0.073651

Total time elapsed: $8455.36.
_total_solve_time = 8455.36

---------------------------- Solution miscs data ----------------------------
tetrahedron_volume [*] :=
 1 0    6 0   11 0   16 0   21 0   26 0   31 0   36 0   41 0   46 0
 2 0    7 0   12 0   17 0   22 0   27 0   32 0   37 0   42 0   47 0
 3 0    8 0   13 0   18 0   23 0   28 0   33 0   38 0   43 0   48 0
 4 0    9 0   14 0   19 0   24 0   29 0   34 0   39 0   44 0   49 0
 5 0   10 0   15 0   20 0   25 0   30 0   35 0   40 0   45 0   50 0
;

---------------------------- Solution miscs data ----------------------------
tetrahedron_surface_area [*] :=
 1 1.73205   10 1.73205   19 1.73205   28 1.73205   37 1.73205   46 1.73205
 2 1.73205   11 1.73205   20 1.73205   29 1.73205   38 1.73205   47 1.73205
 3 1.73205   12 1.73205   21 1.73205   30 1.73205   39 1.73205   48 1.73205
 4 1.73205   13 1.73205   22 1.73205   31 1.73205   40 1.73205   49 1.73205
 5 1.73205   14 1.73205   23 1.73205   32 1.73205   41 1.73205   50 1.73205
 6 1.73205   15 1.73205   24 1.73205   33 1.73205   42 1.73205
 7 1.73205   16 1.73205   25 1.73205   34 1.73205   43 1.73205
 8 1.73205   17 1.73205   26 1.73205   35 1.73205   44 1.73205
 9 1.73205   18 1.73205   27 1.73205   36 1.73205   45 1.73205
;

