Error at _cmdno 5 executing "solve" command
(file amplin, line 1961, offset 37058):
error processing param distances:
	3680 invalid subscripts discarded:
	distances[71,1,1]
	distances[71,1,2]
	distances[71,1,3]
	and 3677 more.
##### This license is only intended for use by NEOS. #####
##### License is valid until Jan 16, 2026 #####
ariables.
Substitution eliminates 1 variable.
Adjusted problem:
12918 variables:
	8088 nonlinear variables
	4830 linear variables
25903 constraints; 155161 nonzeros
	22925 nonlinear constraints
	2978 linear constraints
	2486 equality constraints
	23417 inequality constraints
1 nonlinear objective; 3 nonzeros.

Artelys Knitro 14.2.0: threads=4
algorithm=1
ms_enable=1
ms_maxsolves=10
feastol=1e-5
opttol=1e-5
honorbnds=1
bar_initpt=3
bar_murule=4
scale=1
outlev=2
maxtime_real=1200
WARNING:  Option 'threads' is deprecated, please use 'numthreads'.
WARNING: 1 constraint is constant or undefined and will be ignored.

=======================================
           Academic License
       (NOT FOR COMMERCIAL USE)
         Artelys Knitro 14.2.0
=======================================

No start point provided -- Knitro computing one.

Knitro presolve eliminated 0 variables and 1 constraint.

algorithm                1
bar_initpt               3
bar_murule               4
concurrent_evals         0
datacheck                0
feastol                  1e-05
findiff_numthreads       1
hessian_no_f             1
hessopt                  1
honorbnds                1
maxtime_real             1200
ms_enable                1
ms_maxsolves             10
numthreads               4
opttol                   1e-05

Problem Characteristics                                 (   Presolved)
-----------------------
Objective goal:  Minimize
Objective type:  general
Number of variables:                              12918 (       12918)
    bounded below only:                               1 (           1)
    bounded above only:                               0 (           0)
    bounded below and above:                          0 (           0)
    fixed:                                            0 (           0)
    free:                                         12917 (       12917)
Number of constraints:                            25903 (       25902)
    linear equalities:                                1 (           0)
    quadratic equalities:                          2415 (        2415)
    gen. nonlinear equalities:                       70 (          70)
    linear one-sided inequalities:                 2977 (        2977)
    quadratic one-sided inequalities:             20440 (       20440)
    gen. nonlinear one-sided inequalities:            0 (           0)
    linear two-sided inequalities:                    0 (           0)
    quadratic two-sided inequalities:                 0 (           0)
    gen. nonlinear two-sided inequalities:            0 (           0)
Number of nonzeros in Jacobian:                  155161 (      155161)
Number of nonzeros in Hessian:                    70668 (       70668)

Knitro parallel multistart will run with 4 threads.

Return codes description
------------------------
  0:  The final solution satisfies the termination conditions for verifying optimality.
  -100 to -199:  A feasible approximate solution was found.
  -200 to -299:  Knitro terminated at an infeasible point.
  -300 to -301:  The problem was determined to be unbounded.
  -400 to -499:  Knitro terminated because it reached a pre-defined limit.
    -400 to -409:  A feasible point was found.
    -410 to -419:  No feasible point was found.
  -500 to -599:  Knitro terminated with an input error or some non-standard error.
A more detailed description of individual return codes and their corresponding
termination messages is provided at
https://www.artelys.com/app/docs/knitro/3_referenceManual/returnCodes.html

 Solve #  ThreadID  Status     Objective      FeasError    OptError    Real Time 
--------  --------  ------  --------------   ----------   ----------  ----------
      0          0       0         3.28462  1.94171e-05  2.48812e-06      508.821
      6          3    -410     1.14290e+10  5.45363e+06      6117.92      2286.68
      3          3    -410     4.93453e+10      186873.      24004.0      2136.14
      1          1    -410     3.42129e+10  2.30760e+06      8787.47      2214.77
      5          2    -410     6.42799e+12      67456.0      298343.      2148.23
      7          1    -410     1.18680e+12      551.675      88775.2      2174.11
      9          2    -410     2.12763e+11      182229.      32659.1      2066.97
      2          2    -410     3.11124e+10      9.95172      7775.94      2089.42
      4          0    -410     9.24446e+12      221.433  1.07516e+06      2191.82
      8          0    -410     6.53810e+12      16769.6      918018.      2134.32

MULTISTART: Best locally optimal solution is returned.
EXIT: Locally optimal solution found.

Final Statistics
----------------
Final objective value               =   3.28462482865537e+00
Final feasibility error (abs / rel) =   1.94e-05 / 3.52e-06
Final optimality error  (abs / rel) =   2.49e-06 / 4.15e-07
# of iterations                     =      92832 
# of CG iterations                  =          0 
# of function evaluations           =      93893
# of gradient evaluations           =      92954
# of Hessian evaluations            =      92868
Total program time (secs)           =    6304.90479 ( 19883.506 CPU time)

===============================================================================

Knitro 14.2.0: Locally optimal or satisfactory solution.
objective 3.284624829; feasibility error 1.94e-05
92832 iterations; 93893 function evaluations

suffix feaserror OUT;
suffix opterror OUT;
suffix numfcevals OUT;
suffix numiters OUT;
---------------------------- Solver Status Report ----------------------------
solve_result_num = 0
solve_result = solved
solve_message = 'Knitro 14.2.0: Locally optimal or satisfactory solution.\
objective 3.284624829; feasibility error 1.94e-05\
92832 iterations; 93893 function evaluations'


---------------------------- Problem Dimensions ----------------------------
Variables: 25414
Constraints: 25974
---------------------------- Container and geometric considerations  ----------------------------
Container type: cylinder
Structural conservation type: volume & surface
---------------------------- Solution execution data ----------------------------
solve_result_num = 0
solve_result = solved

---------------------------- Solution data ----------------------------
card(figures) = 70

coords [*,*,1]
:         1            2             3            4         :=
1    -0.603137     -0.803021    -0.129549     -0.150278
2     1.09297       0.773382    -0.196943      0.596587
3     0.921251      0.0611829    1.09283       1.05443
4     0.73475       1.05846     -0.0766582     1.0561
5     0.113825     -0.305861     0.694586      0.0596487
6     0.0607369     0.738805     1.05472       0.921239
7     0.115039     -1.0576      -0.6945       -1.07442
8    -1.00209      -0.144837    -0.899446     -1.05183
9     0.996225      0.119362     0.534357      0.982365
10    0.868639      0.657435     0.264293     -0.114617
11   -0.871232     -0.20168     -1.07694      -0.595463
12    0.517275      0.220098     0.00353029    0.0571767
13   -1.07696      -1.08336     -0.100389     -0.871278
14    0.142492     -0.7181      -0.354805      0.130584
15    0.594245     -0.156409    -0.225777      0.138808
16   -0.0740023     0.955692     0.685216      1.07991
17   -0.190682      0.0796133    0.490324     -0.0536134
18   -1.05792      -0.695717    -0.0175722    -1.07389
19    0.502968      0.534255     0.98231       0.120699
20   -0.0535381    -0.195357    -0.0166584    -0.802761
21   -0.602221     -0.200318     0.395899     -0.109265
22    0.0592393     0.701315     0.921199      0.511533
23   -0.89973      -0.619872     0.200906     -0.135421
24    0.0437592    -0.817003    -0.126882      0.194663
25   -0.0201403     1.03116      1.05445       1.09299
26    0.168839     -0.714094    -0.686279     -0.147118
27    0.594296     -0.235686     1.06127       0.295967
28   -0.871705      0.13        -0.806803     -0.354986
29   -0.686392      0.168225    -0.714117     -1.03282
30   -0.109375     -0.602098     0.398456      0.395692
31    0.166963      0.995315     1.05975       0.982338
32   -1.03604      -0.691045    -0.235207     -0.157515
33   -0.193549      1.05126      0.668529     -0.0267736
34    0.199759     -0.614795     0.151089      0.0536463
35    0.0727699    -0.886108    -0.0725684    -1.08089
36    0.0257836    -0.400072    -1.07694      -0.803068
37   -1.01364      -1.07445     -1.05482       0.0500664
38   -0.718157     -0.709567     0.142351      0.130788
39    1.05617       0.0087598    1.0465        1.05849
40    0.596502      0.0600065    0.1295        0.694978
41   -0.0468007    -1.08094     -0.869837     -1.0509
42    0.490763     -0.116407    -0.197342     -0.650606
43   -0.620082     -1.09465      0.201223     -0.899773
44   -0.708895      0.136104    -0.326123      0.112326
45   -0.633458     -0.225829     0.138581     -0.156485
46   -0.0988855     0.876718    -0.305234      0.744638
47    0.176092     -0.892314    -0.0466517    -0.138571
48    0.220062      0.701168     0.0575772     0.517259
49    0.176294     -0.817015    -0.138567     -0.892309
50    0.694923      0.113723    -0.305847     -0.0998682
51   -0.0533306     0.981765     0.079737      0.490371
52   -0.569594     -0.810631    -0.127164     -1.04254
53   -0.0754275    -1.08281     -0.902521     -1.07695
54    0.161189      1.0625       1.03065       1.00128
55    0.596431      0.149988     0.146017     -0.354728
56   -0.120694      0.845816    -0.149301      0.26438
57    0.00641991    0.199518     0.187407      1.08616
58    0.68489      -0.203394    -0.107399      0.430162
59   -0.0975456     0.121153    -0.691021     -0.295836
60    0.973961     -0.169722     0.161072      0.815573
61    1.05809       0.69535      0.596618      0.215722
62   -0.130315      0.0318632   -0.674183     -1.07688
63   -0.594955     -0.156541    -0.871195     -0.202856
64    0.129285     -0.163658     0.503042      0.534033
65    1.0584        0.023397     0.735421     -0.183004
66   -0.0761161     0.868324     0.684498      1.07964
67    0.430335      0.6849      -0.107358      1.04175
68    0.490409     -0.11895     -0.668679     -0.172876
69    0.206548     -1.09465     -0.816206     -0.817072
70   -1.05804      -0.292454     0.133511     -0.695927

 [*,*,2]
:        1             2              3            4         :=
1     0.914205     0.744765       1.08755       0.243751
2    -0.0700035    0.371263       0.119108      0.918489
3    -0.592278     0.0550952     -0.0722329    -0.296018
4     0.812202     0.281361       0.202512      0.290148
5     1.08927      0.0329158      0.846101      0.0989388
6     0.0551336   -0.808511      -0.295141     -0.592326
7    -0.092974    -0.284565      -0.846875     -0.212511
8     0.441964    -0.0995287      0.62383      -0.305237
9     0.45505      0.0738961      0.956028      0.484216
10   -0.667089    -0.875806      -1.06287      -0.04745
11   -0.663701    -0.157514      -0.199295     -0.919211
12   -0.965378    -1.07287       -1.09523       0.0658481
13    0.199265    -0.160728      -0.131432     -0.663646
14    1.08587      0.826952       1.03616      -0.0489959
15   -0.920003    -1.08401       -0.249347     -1.0864
16   -0.0558919    0.347741      -0.854376     -0.182511
17    1.07849      0.0931958      0.97927      -0.141593
18    0.281272    -0.845811       0.0714227    -0.215195
19    0.972857     0.956086       0.484334      0.0771205
20   -0.142538     1.07767        0.21728       0.744524
21    0.914802    -0.0241404      0.235405      0.897492
22    0.0561191   -0.841244      -0.59236      -0.968338
23    0.624089    -0.43323       -0.0451781    -0.101616
24   -1.09437     -0.729421      -1.08781      -0.0461576
25    0.0839676    0.369034      -0.295964     -0.0700824
26   -0.0694232   -0.830419      -0.853418     -1.0853
27   -0.919975    -0.151361      -0.270412     -1.05446
28    0.663063    -0.0491638      0.332069      1.0361
29   -0.853454    -0.0698806     -0.830399     -0.364411
30    0.897834     0.914875       1.02019       0.235695
31    0.0217772    0.457036      -0.276577      0.484321
32    0.355184     0.84968       -0.0128996     1.08385
33   -0.268332    -0.306128       0.574798      0.223728
34   -1.07685     -0.906381      -0.0132635    -1.09383
35    0.152689     0.605055      -0.158011     -0.176319
36   -0.191085     0.613046       0.199381      0.744734
37    0.414797    -0.212312      -0.294724     -0.100391
38    0.826917     0.273895       1.08582      -0.0491252
39    0.289896     0.208224      -0.322781      0.281299
40    0.918539     0.0992335      1.08755       0.846455
41    0.0727421   -0.17604        0.665512      0.308432
42   -0.728997    -0.0421791     -0.263221     -0.790492
43   -0.43329      0.0357658     -0.0452544     0.624369
44    0.274471    -0.0516578      0.0561958     1.05724
45   -0.893466    -0.245959      -1.0864       -1.084
46    1.09076      0.227565       0.0302136     0.803106
47   -0.0569394   -0.498142      -0.281403     -1.08601
48   -1.07288     -0.841357       0.0651935    -0.965358
49   -0.0568472   -0.72939       -1.08625      -0.497862
50    0.846497     1.0893         0.0325341     1.09067
51   -0.141086     0.485391       0.0931124     0.979293
52    0.935446     0.736471      -0.0533707     0.335625
53   -0.155352    -0.164536       0.620454      0.199301
54    0.0161      -0.265749      -0.370534      0.443794
55    0.918587     0.111055       1.08546       1.03619
56   -1.08855     -0.653586      -0.00841425   -1.06282
57    0.065451     0.0608575     -1.07906      -0.140283
58   -0.854653    -0.279357      -0.0177517    -0.0543676
59    1.09087      1.0885         0.849718      0.102161
60    0.430062    -0.000268654    0.0160671    -0.274967
61    0.282852     0.846195       0.918409      0.219709
62   -0.181907     0.136368      -0.822349     -0.199083
63   -0.919485    -1.08399       -0.663755     -0.15856
64    0.095649     1.08013        0.97288       0.956215
65    0.281274     0.209283      -0.781652     -0.0902719
66   -0.055763    -0.667476      -0.854972     -0.184048
67   -0.0546011   -0.854665      -0.0176996    -0.338091
68   -0.729275    -1.08875       -0.791602      0.0204365
69   -0.0456926    0.0357287     -0.40011      -0.729339
70    0.282098    -0.0392591     -0.0756407    -0.844989

 [*,*,3]
:        1            2            3            4        :=
1     0.661022    -0.568058    -0.477821     0.230379
2     2.17004      1.5714       2.17004      2.17003
3     2.17         1.50392      2.15855      0.91856
4     0.92499      1.58977      0.953369     0.45482
5     1.33211      0.898056     0.875262     1.73462
6     1.50371      1.16985      0.914699     2.17002
7     1.0869       1.62355      0.504728     0.775841
8     1.10751      1.1918       1.97104      1.75262
9     0.586922     0.277861     0.570047    -0.559799
10    1.10821     -0.128633     0.32715      0.517673
11   -0.568046    -0.461028     0.278936     0.521068
12    2.13644      0.871543     1.99759      1.48518
13   -0.568084     0.339416    -0.516635    -0.568082
14    1.35163      1.6085       2.17002      1.99327
15   -0.568073    -0.568067    -0.402831     0.527386
16    0.592622     0.431947     0.0110779    0.794488
17   -0.514238     0.295693    -0.568057    -0.568082
18    1.05115      0.504913     0.294112     0.283909
19   -0.568073     0.57013     -0.559718     0.279106
20   -0.568083    -0.568045     0.328792    -0.567863
21    0.658788     0.547199     0.632636    -0.370518
22    1.50242      0.992829     2.17002      2.17002
23    1.97148      1.40692      2.16978      1.20411
24    2.17004      2.17003      1.43272      2.14793
25    1.55144      1.6791       0.918373     2.17001
26    1.08421      1.56986      0.489228     1.44372
27   -0.568085    -0.568084    -0.509602     0.197097
28    2.17003      1.99283      1.17003      2.16997
29    0.488982     1.08475      1.56963      1.48371
30   -0.370843     0.658601     0.347504     0.632337
31   -0.400417     0.507482    -0.568071    -0.568083
32    1.02013      1.60496      0.740091     0.58422
33    1.29175      0.905851     1.78755      1.02296
34    0.977137     0.6334       1.01396      1.73698
35    0.290498     0.154209    -0.478569     0.34768
36   -0.467109     0.466672    -0.568003    -0.568079
37    1.13525      0.774016     1.74504      1.08085
38    1.60848      1.193        1.35162      1.99318
39    0.482005     1.02127      0.883473     1.58975
40    2.16993      1.73429      1.3182       0.875026
41    0.3081       0.347738     0.139328     1.09038
42   -0.091607     0.518919    -0.390905     0.492743
43    1.40681      2.17003      2.17002      1.97173
44    1.19312      1.99837      0.837342     1.34596
45    0.618308    -0.401024     0.526749    -0.568042
46    0.457716     0.504364     0.899006     0.914628
47    2.1495       1.54659      1.20952      1.44125
48    0.871187     0.993605     1.48581      2.13609
49    2.14971      2.16999      1.4412       1.54682
50    0.874862     1.33209      0.897747     0.45811
51   -0.568086    -0.560385     0.295416    -0.568077
52    0.766646    -0.0784965    0.701109     1.0249
53   -0.476402     0.348644     0.166921    -0.568043
54   -0.410594    -0.550977     0.418968     0.489644
55    2.17002      1.87486      1.34635      2.17003
56    0.863769     1.09413      0.552481     0.327302
57    1.46858      2.17003      2.06603      2.16977
58    0.0103944   -0.458091     0.61919     -0.568073
59    0.469911     1.36421      1.60507      0.85533
60    0.460697     0.646839    -0.410597     0.213853
61    1.58834      0.870941     2.16896      1.13616
62   -0.496953     0.279263     0.499803     0.278802
63    0.5224      -0.568079    -0.568069    -0.461055
64    0.28324     -0.51977     -0.564986     0.574662
65    0.486438     1.01372      1.1689       0.604207
66    0.592216     1.10592      0.0103979    0.792945
67   -0.568029     0.0104865    0.619171     0.114434
68   -0.0914359    0.861262     0.502038     0.575287
69    2.17002      2.17004      1.44323      2.17004
70    1.05157      0.449669     1.10019      0.505368
;

radius = 1.09525
height = 2.73815
softness = 0.7

---------------------------- Solution coords data ----------------------------
distances [*,1,*]
:    1   2   3   4    :=
1    0   1   0   1
2    0   1   0   1
3    0   1   0   1
4    0   1   0   1
5    0   1   0   1
6    0   1   0   1
7    0   1   0   1
8    0   1   0   1
9    0   1   0   1
10   0   1   0   1
11   0   1   0   1
12   0   1   0   1
13   0   1   0   1
14   0   1   0   1
15   0   1   0   1
16   0   1   0   1
17   0   1   0   1
18   0   1   0   1
19   0   1   0   1
20   0   1   0   1
21   0   1   0   1
22   0   1   0   1
23   0   1   0   1
24   0   1   0   1
25   0   1   0   1
26   0   1   0   1
27   0   1   0   1
28   0   1   0   1
29   0   1   0   1
30   0   1   0   1
31   0   1   0   1
32   0   1   0   1
33   0   1   0   1
34   0   1   0   1
35   0   1   0   1
36   0   1   0   1
37   0   1   0   1
38   0   1   0   1
39   0   1   0   1
40   0   1   0   1
41   0   1   0   1
42   0   1   0   1
43   0   1   0   1
44   0   1   0   1
45   0   1   0   1
46   0   1   0   1
47   0   1   0   1
48   0   1   0   1
49   0   1   0   1
50   0   1   0   1
51   0   1   0   1
52   0   1   0   1
53   0   1   0   1
54   0   1   0   1
55   0   1   0   1
56   0   1   0   1
57   0   1   0   1
58   0   1   0   1
59   0   1   0   1
60   0   1   0   1
61   0   1   0   1
62   0   1   0   1
63   0   1   0   1
64   0   1   0   1
65   0   1   0   1
66   0   1   0   1
67   0   1   0   1
68   0   1   0   1
69   0   1   0   1
70   0   1   0   1

 [*,2,*]
:    1   2   3   4    :=
1    0   0   1   1
2    0   0   1   1
3    0   0   1   1
4    0   0   1   1
5    0   0   1   1
6    0   0   1   1
7    0   0   1   1
8    0   0   1   1
9    0   0   1   1
10   0   0   1   1
11   0   0   1   1
12   0   0   1   1
13   0   0   1   1
14   0   0   1   1
15   0   0   1   1
16   0   0   1   1
17   0   0   1   1
18   0   0   1   1
19   0   0   1   1
20   0   0   1   1
21   0   0   1   1
22   0   0   1   1
23   0   0   1   1
24   0   0   1   1
25   0   0   1   1
26   0   0   1   1
27   0   0   1   1
28   0   0   1   1
29   0   0   1   1
30   0   0   1   1
31   0   0   1   1
32   0   0   1   1
33   0   0   1   1
34   0   0   1   1
35   0   0   1   1
36   0   0   1   1
37   0   0   1   1
38   0   0   1   1
39   0   0   1   1
40   0   0   1   1
41   0   0   1   1
42   0   0   1   1
43   0   0   1   1
44   0   0   1   1
45   0   0   1   1
46   0   0   1   1
47   0   0   1   1
48   0   0   1   1
49   0   0   1   1
50   0   0   1   1
51   0   0   1   1
52   0   0   1   1
53   0   0   1   1
54   0   0   1   1
55   0   0   1   1
56   0   0   1   1
57   0   0   1   1
58   0   0   1   1
59   0   0   1   1
60   0   0   1   1
61   0   0   1   1
62   0   0   1   1
63   0   0   1   1
64   0   0   1   1
65   0   0   1   1
66   0   0   1   1
67   0   0   1   1
68   0   0   1   1
69   0   0   1   1
70   0   0   1   1

 [*,3,*]
:    1   2   3   4    :=
1    1   0   0   1
2    1   0   0   1
3    1   0   0   1
4    1   0   0   1
5    1   0   0   1
6    1   0   0   1
7    1   0   0   1
8    1   0   0   1
9    1   0   0   1
10   1   0   0   1
11   1   0   0   1
12   1   0   0   1
13   1   0   0   1
14   1   0   0   1
15   1   0   0   1
16   1   0   0   1
17   1   0   0   1
18   1   0   0   1
19   1   0   0   1
20   1   0   0   1
21   1   0   0   1
22   1   0   0   1
23   1   0   0   1
24   1   0   0   1
25   1   0   0   1
26   1   0   0   1
27   1   0   0   1
28   1   0   0   1
29   1   0   0   1
30   1   0   0   1
31   1   0   0   1
32   1   0   0   1
33   1   0   0   1
34   1   0   0   1
35   1   0   0   1
36   1   0   0   1
37   1   0   0   1
38   1   0   0   1
39   1   0   0   1
40   1   0   0   1
41   1   0   0   1
42   1   0   0   1
43   1   0   0   1
44   1   0   0   1
45   1   0   0   1
46   1   0   0   1
47   1   0   0   1
48   1   0   0   1
49   1   0   0   1
50   1   0   0   1
51   1   0   0   1
52   1   0   0   1
53   1   0   0   1
54   1   0   0   1
55   1   0   0   1
56   1   0   0   1
57   1   0   0   1
58   1   0   0   1
59   1   0   0   1
60   1   0   0   1
61   1   0   0   1
62   1   0   0   1
63   1   0   0   1
64   1   0   0   1
65   1   0   0   1
66   1   0   0   1
67   1   0   0   1
68   1   0   0   1
69   1   0   0   1
70   1   0   0   1

 [*,4,*]
:    1   2   3   4    :=
1    1   1   1   0
2    1   1   1   0
3    1   1   1   0
4    1   1   1   0
5    1   1   1   0
6    1   1   1   0
7    1   1   1   0
8    1   1   1   0
9    1   1   1   0
10   1   1   1   0
11   1   1   1   0
12   1   1   1   0
13   1   1   1   0
14   1   1   1   0
15   1   1   1   0
16   1   1   1   0
17   1   1   1   0
18   1   1   1   0
19   1   1   1   0
20   1   1   1   0
21   1   1   1   0
22   1   1   1   0
23   1   1   1   0
24   1   1   1   0
25   1   1   1   0
26   1   1   1   0
27   1   1   1   0
28   1   1   1   0
29   1   1   1   0
30   1   1   1   0
31   1   1   1   0
32   1   1   1   0
33   1   1   1   0
34   1   1   1   0
35   1   1   1   0
36   1   1   1   0
37   1   1   1   0
38   1   1   1   0
39   1   1   1   0
40   1   1   1   0
41   1   1   1   0
42   1   1   1   0
43   1   1   1   0
44   1   1   1   0
45   1   1   1   0
46   1   1   1   0
47   1   1   1   0
48   1   1   1   0
49   1   1   1   0
50   1   1   1   0
51   1   1   1   0
52   1   1   1   0
53   1   1   1   0
54   1   1   1   0
55   1   1   1   0
56   1   1   1   0
57   1   1   1   0
58   1   1   1   0
59   1   1   1   0
60   1   1   1   0
61   1   1   1   0
62   1   1   1   0
63   1   1   1   0
64   1   1   1   0
65   1   1   1   0
66   1   1   1   0
67   1   1   1   0
68   1   1   1   0
69   1   1   1   0
70   1   1   1   0
;

---------------------------- Solution stats data ----------------------------
_ampl_time = 0.110826
_total_solve_time = 19883.8
_ampl_elapsed_time = 0.107499
_ampl_user_time = 0.083106

Total time elapsed: $19883.79.
_total_solve_time = 19883.8

---------------------------- Solution miscs data ----------------------------
tetrahedron_volume [*] :=
 1 0.117851   15 0.117851   29 0.117851   43 0.117851   57 0.117851
 2 0.117851   16 0.117851   30 0.117851   44 0.117851   58 0.117851
 3 0.117851   17 0.117851   31 0.117851   45 0.117851   59 0.117851
 4 0.117851   18 0.117851   32 0.117851   46 0.117851   60 0.117851
 5 0.117851   19 0.117851   33 0.117851   47 0.117851   61 0.117851
 6 0.117851   20 0.117851   34 0.117851   48 0.117851   62 0.117851
 7 0.117851   21 0.117851   35 0.117851   49 0.117851   63 0.117851
 8 0.117851   22 0.117851   36 0.117851   50 0.117851   64 0.117851
 9 0.117851   23 0.117851   37 0.117851   51 0.117851   65 0.117851
10 0.117851   24 0.117851   38 0.117851   52 0.117851   66 0.117851
11 0.117851   25 0.117851   39 0.117851   53 0.117851   67 0.117851
12 0.117851   26 0.117851   40 0.117851   54 0.117851   68 0.117851
13 0.117851   27 0.117851   41 0.117851   55 0.117851   69 0.117851
14 0.117851   28 0.117851   42 0.117851   56 0.117851   70 0.117851
;

---------------------------- Solution miscs data ----------------------------
tetrahedron_surface_area [*] :=
 1 0    8 0   15 0   22 0   29 0   36 0   43 0   50 0   57 0   64 0
 2 0    9 0   16 0   23 0   30 0   37 0   44 0   51 0   58 0   65 0
 3 0   10 0   17 0   24 0   31 0   38 0   45 0   52 0   59 0   66 0
 4 0   11 0   18 0   25 0   32 0   39 0   46 0   53 0   60 0   67 0
 5 0   12 0   19 0   26 0   33 0   40 0   47 0   54 0   61 0   68 0
 6 0   13 0   20 0   27 0   34 0   41 0   48 0   55 0   62 0   69 0
 7 0   14 0   21 0   28 0   35 0   42 0   49 0   56 0   63 0   70 0
;

