Error at _cmdno 5 executing "solve" command
(file amplin, line 1977, offset 37909):
error processing param distances:
	3600 invalid subscripts discarded:
	distances[76,1,1]
	distances[76,1,2]
	distances[76,1,3]
	and 3597 more.
##### This license is only intended for use by NEOS. #####
##### License is valid until Jan 16, 2026 #####
ariables.
Adjusted problem:
14776 variables:
	9225 nonlinear variables
	5551 linear variables
30525 constraints; 179175 nonzeros
	25950 nonlinear constraints
	4575 linear constraints
	2850 equality constraints
	27675 inequality constraints
1 linear objective; 1 nonzero.

Artelys Knitro 14.2.0: threads=4
algorithm=1
ms_enable=1
ms_maxsolves=10
feastol=1e-5
opttol=1e-5
honorbnds=1
bar_initpt=3
bar_murule=4
scale=1
outlev=2
maxtime_real=1200
WARNING:  Option 'threads' is deprecated, please use 'numthreads'.

=======================================
           Academic License
       (NOT FOR COMMERCIAL USE)
         Artelys Knitro 14.2.0
=======================================

No start point provided -- Knitro computing one.

Knitro presolve eliminated 0 variables and 0 constraints.

algorithm                1
bar_initpt               3
bar_murule               4
concurrent_evals         0
datacheck                0
feastol                  1e-05
findiff_numthreads       1
hessian_no_f             1
hessopt                  1
honorbnds                1
maxtime_real             1200
ms_enable                1
ms_maxsolves             10
numthreads               4
opttol                   1e-05

Problem Characteristics                                 (   Presolved)
-----------------------
Objective goal:  Minimize
Objective type:  linear
Number of variables:                              14776 (       14776)
    bounded below only:                             901 (         901)
    bounded above only:                               0 (           0)
    bounded below and above:                          0 (           0)
    fixed:                                            0 (           0)
    free:                                         13875 (       13875)
Number of constraints:                            30525 (       30525)
    linear equalities:                                0 (           0)
    quadratic equalities:                          2775 (        2775)
    gen. nonlinear equalities:                       75 (          75)
    linear one-sided inequalities:                 4575 (        4575)
    quadratic one-sided inequalities:             23100 (       23100)
    gen. nonlinear one-sided inequalities:            0 (           0)
    linear two-sided inequalities:                    0 (           0)
    quadratic two-sided inequalities:                 0 (           0)
    gen. nonlinear two-sided inequalities:            0 (           0)
Number of nonzeros in Jacobian:                  179175 (      179175)
Number of nonzeros in Hessian:                    80775 (       80775)

Knitro parallel multistart will run with 4 threads.

Return codes description
------------------------
  0:  The final solution satisfies the termination conditions for verifying optimality.
  -100 to -199:  A feasible approximate solution was found.
  -200 to -299:  Knitro terminated at an infeasible point.
  -300 to -301:  The problem was determined to be unbounded.
  -400 to -499:  Knitro terminated because it reached a pre-defined limit.
    -400 to -409:  A feasible point was found.
    -410 to -419:  No feasible point was found.
  -500 to -599:  Knitro terminated with an input error or some non-standard error.
A more detailed description of individual return codes and their corresponding
termination messages is provided at
https://www.artelys.com/app/docs/knitro/3_referenceManual/returnCodes.html

 Solve #  ThreadID  Status     Objective      FeasError    OptError    Real Time 
--------  --------  ------  --------------   ----------   ----------  ----------
      0          0       0         2.42206  5.60085e-05  8.29348e-06      2113.34
      9          3    -202         3431.76      63954.2      59.1755      920.290
      7          1    -410         784.619  1.39171e-02     0.379364      4404.28
      1          2    -410         908.993  3.58078e-02     0.138308      6917.92
      6          3    -410         754.145  2.71209e-03  6.13849e-02      4455.34
      8          0    -410         1390.31  1.23870e-03  3.57476e-02      3655.24
      3          3    -410         6114.83  7.26790e-02     0.637125      7362.33
      2          1    -410         6032.90  8.59105e-02      2.33971      7413.51
      5          2    -410         2986.45     0.339709     0.601707      4920.69
      4          0    -410         4438.74  6.64151e-02      9.52504      7054.19

MULTISTART: Best locally optimal solution is returned.
EXIT: Locally optimal solution found.

Final Statistics
----------------
Final objective value               =   2.42205573136011e+00
Final feasibility error (abs / rel) =   5.60e-05 / 3.09e-06
Final optimality error  (abs / rel) =   8.29e-06 / 8.29e-06
# of iterations                     =      86559 
# of CG iterations                  =          0 
# of function evaluations           =     115833
# of gradient evaluations           =      86932
# of Hessian evaluations            =      86632
Total program time (secs)           =   12825.37109 ( 40908.988 CPU time)

===============================================================================

Knitro 14.2.0: Locally optimal or satisfactory solution.
objective 2.422055731; feasibility error 5.6e-05
86559 iterations; 115833 function evaluations

suffix feaserror OUT;
suffix opterror OUT;
suffix numfcevals OUT;
suffix numiters OUT;
---------------------------- Container and geometric considerations  ----------------------------
Container type: cube
Structural conservation type: volume & surface
---------------------------- Solution execution data ----------------------------
solve_result_num = 0
solve_result = solved

---------------------------- Solution data ----------------------------
card(figures) = 75

coords [*,*,1]
:       1         2         3         4       :=
1    20.8093   20.3853   19.7415   20.2693
2    21.211    20.1386   20.7562   20.5713
3    19.6738   19.1174   19.622    20.1637
4    19.6389   18.971    19.2868   18.789
5    20.4672   21.211    21.211    21.211
6    18.789    18.789    18.789    19.567
7    18.9073   19.5685   18.789    19.5507
8    19.5874   19.5611   19.6514   18.8127
9    21.211    20.3194   20.458    20.49
10   19.6279   18.8489   19.1774   18.789
11   20.4043   19.604    19.7877   20.3049
12   18.9178   19.2061   19.6384   19.9188
13   19.524    19.237    19.8765   20.2764
14   19.9313   20.273    20.4763   19.5846
15   19.5625   18.9443   20.0101   19.5576
16   20.8185   20.3242   21.2002   21.211
17   18.789    18.789    19.1081   19.6162
18   20.0422   20.6828   19.9884   20.9107
19   20.6039   20.1481   20.2656   21.1276
20   19.7764   18.9553   19.8688   19.742
21   20.7075   20.6301   20.2089   19.7792
22   18.789    19.5679   18.8289   18.789
23   21.1375   20.2908   21.2016   20.4158
24   20.496    19.7502   20.3652   19.8284
25   21.211    20.356    21.211    20.9973
26   19.7284   18.9155   19.3467   19.6773
27   18.9077   18.789    18.789    19.6227
28   21.211    20.4856   20.4456   21.1866
29   19.5688   20.0198   19.7983   20.458
30   20.3598   21.0197   20.3559   21.0854
31   20.9229   19.8762   20.1437   20.3018
32   19.6715   19.4474   19.2179   18.789
33   21.0668   21.211    20.3953   21.211
34   19.5141   18.8045   19.2716   19.7963
35   20.043    18.9828   19.553    19.587
36   20.2633   19.3222   19.6807   19.7657
37   18.9145   19.62     18.789    18.789
38   19.8136   18.8186   19.196    19.6049
39   20.947    21.0677   20.3442   20.1803
40   18.7891   18.789    18.789    19.6122
41   18.8564   19.5492   18.789    19.5371
42   19.7469   19.1037   18.9027   19.8321
43   21.211    20.8851   21.211    20.4174
44   18.789    18.789    19.2513   19.6144
45   19.9831   19.6309   20.1396   20.695
46   20.3786   20.8217   21.211    21.211
47   21.211    21.1505   20.3723   21.1845
48   20.1504   20.5768   21.211    20.8437
49   20.3658   19.8863   20.345    20.8701
50   19.6641   18.8511   19.5298   18.8512
51   20.496    20.8326   20.3604   19.794
52   19.5141   19.8014   19.2716   20.2494
53   20.4088   19.5583   19.5846   19.897
54   21.1804   21.0424   21.211    20.3737
55   19.5774   18.8495   18.789    18.789
56   18.8107   18.789    18.789    19.5732
57   19.6073   20.3251   20.3598   20.4579
58   20.6698   20.3598   20.1265   19.7228
59   18.789    19.5434   18.9145   19.6909
60   19.6022   19.0541   20.1265   19.7302
61   20.9046   21.211    20.4645   20.2906
62   20.9082   20.0826   19.8696   20.5086
63   19.7901   19.8476   19.3222   20.3939
64   20.2348   20.7385   21.211    20.9817
65   20.3104   21.1826   20.8309   20.3427
66   20.3743   20.1265   21.1775   20.6964
67   21.211    21.211    20.3465   21.0501
68   20.1865   20.3753   20.8625   19.7901
69   19.6041   19.8221   18.789    19.2499
70   18.7899   19.2039   19.6128   18.789
71   20.1009   20.1925   19.6073   19.4616
72   19.5286   19.9818   20.5256   20.1131
73   19.897    19.3422   19.7495   20.2845
74   20.5308   19.7764   19.8621   19.7383
75   19.2499   19.7339   19.8221   20.2853

 [*,*,2]
:       1         2         3         4       :=
1    20.2921   20.3151   20.3916   19.5488
2    21.211    21.211    21.211    20.4699
3    20.0731   19.4392   19.8657   19.243
4    20.5263   20.3024   19.5157   20.0998
5    20.5018   20.8923   20.2675   19.8561
6    20.1814   20.282    19.2706   19.7567
7    20.4814   21.1433   21.211    20.501
8    20.4571   19.385    20.0591   19.9852
9    21.211    21.211    21.211    20.4195
10   19.5717   18.8414   19.0819   19.75
11   20.6355   20.18     20.3747   19.6089
12   18.789    19.1136   19.5831   18.789
13   21.211    21.1953   20.4214   21.211
14   20.3676   19.6835   20.5528   20.3458
15   20.5152   20.4792   20.4102   21.2004
16   20.4674   21.211    21.211    21.211
17   20.2102   19.1974   19.4808   19.8787
18   19.9545   19.1402   19.2076   19.7346
19   20.6901   20.4215   19.6928   20.0155
20   18.789    19.0814   19.6418   18.789
21   19.8006   19.6041   18.8843   19.6749
22   21.211    21.1429   20.3796   21.211
23   20.6066   21.211    21.211    20.4814
24   18.945    18.789    19.6292   19.6614
25   19.8156   19.6555   19.5493   18.7973
26   20.5341   20.4733   19.6677   20.22
27   20.4805   21.0723   20        20.447
28   20.0966   20.5384   19.6739   19.9284
29   21.211    20.4584   20.5275   21.211
30   19.1308   18.8131   19.6552   19.7038
31   19.841    19.921    19.6323   20.5072
32   19.5624   20.1547   19.1072   19.75
33   19.4481   19.8147   19.3824   18.789
34   18.789    18.789    19.5919   18.789
35   20.3548   20.4761   21.1953   20.6652
36   19.5853   19.5834   20.4856   20.0664
37   20.2895   20.5084   21.1208   20.1281
38   19.6303   19.3146   20.2565   19.4734
39   19.7475   20.3374   20.5807   19.7531
40   18.789    19.256    19.8492   19.4437
41   20.3977   21.211    21.211    20.6591
42   18.822    19.4446   19.0284   19.5589
43   20.0438   19.4309   18.9897   19.7005
44   18.789    19.1279   19.5841   18.789
45   19.6474   19.9213   19.1551   19.8708
46   20.3677   20.6027   21.0437   19.9714
47   20.0335   20.5954   20.407    21.1051
48   18.789    19.5378   18.789    18.789
49   21.0598   20.5515   19.9912   20.5602
50   20.8944   21.1564   20.3289   20.305
51   18.945    18.789    19.6546   18.789
52   18.789    18.789    19.5919   19.2844
53   19.6636   19.2737   20.3458   19.9417
54   20.5326   19.7253   19.6683   19.8648
55   20.4738   20.3064   20.9668   19.8944
56   21.1689   21.211    20.2686   20.8268
57   21.0525   21.211    20.3656   21.2106
58   20.3451   20.7316   21.211    20.3875
59   20.0018   19.804    20.4846   20.5045
60   21.211    21.211    21.211    20.3857
61   20.4285   19.4454   20.0819   19.5493
62   18.789    19.0915   18.789    19.619
63   18.789    19.169    19.5834   19.5457
64   18.789    19.5167   18.789    18.789
65   19.6667   19.9125   20.5862   20.388
66   20.7212   21.211    21.0723   20.3026
67   20.9695   19.8974   20.4112   20.4522
68   18.7918   19.5636   18.789    18.789
69   20.3249   21.211    20.9668   21.211
70   19.2672   20.2413   19.4581   19.8546
71   19.6784   20.5965   19.9323   20.316
72   20.4948   20.3848   20.5697   21.211
73   19.144    19.5519   20.0488   19.5579
74   18.789    18.789    19.6252   18.789
75   21.211    20.3799   21.211    21.211

 [*,*,3]
:       1         2         3         4       :=
1    21.211    20.3927   21.211    21.1338
2    18.789    18.789    19.6657   19.1259
3    19.5852   19.9577   20.6007   19.9773
4    19.7439   20.3386   19.8123   19.3014
5    20.7594   21.1392   20.2676   21.1833
6    20.9764   20.0585   20.4103   20.5016
7    20.4341   20.5479   21.211    21.211
8    18.789    18.789    19.6181   18.954
9    20.0914   19.5599   20.6233   20.1517
10   20.3701   20.2711   21.211    20.7083
11   20.3166   20.272    21.1542   20.6101
12   20.3398   21.211    20.3492   20.7245
13   20.4175   19.5415   19.9184   19.6533
14   19.8035   19.2764   18.8987   18.789
15   21.211    20.3888   20.2921   20.4728
16   20.4881   20.7178   20.0991   21.1537
17   20.0834   20.4358   19.6186   20.475
18   20.9344   21.211    20.3966   20.544
19   20.6431   19.888    20.4405   20.0483
20   18.789    19.0896   19.1269   19.7572
21   18.789    19.7113   19.0372   19.238
22   21.0785   20.5479   20.4024   20.0061
23   19.3925   19.5196   20.0857   20.0691
24   19.2462   19.8525   20.0087   19.2599
25   20.3345   20.0292   19.4519   20.075
26   19.8543   20.4252   20.0207   20.8784
27   20.4332   21.211    21.211    21.211
28   20.0308   20.6529   20.3232   21.0554
29   20.3797   20.0966   21.1209   20.6233
30   19.2621   20.0455   20.0294   19.4518
31   20.1438   20.3629   19.4372   19.7777
32   20.3525   21.211    21.211    20.7083
33   19.6225   18.789    18.789    18.789
34   19.681    20.2695   20.2053   20.6774
35   20.2794   20.3852   20.4722   19.5407
36   21.211    21.211    21.211    20.3919
37   20.4401   19.6627   19.9467   19.5411
38   19.8039   19.5583   19.5276   18.9197
39   20.1395   19.3183   19.8354   19.4637
40   18.789    19.5839   18.789    18.9275
41   20.4124   20.5052   19.9836   19.626
42   19.7328   19.9535   19.1044   19.1748
43   20.3773   20.984    20.1799   20.0574
44   20.2824   19.3658   20.2191   19.5978
45   19.48     20.3547   20.4185   20.2316
46   18.789    19.5635   18.789    18.789
47   19.9412   20.7385   20.0251   19.971
48   18.87     19.2213   18.789    19.6882
49   19.0549   19.8683   19.1427   19.6432
50   19.6965   19.0481   18.9809   19.6109
51   19.2462   20.0902   20.0371   19.8231
52   19.681    20.6793   20.2053   20.0439
53   18.789    18.789    18.789    19.5565
54   19.2124   18.789    19.8465   19.4432
55   18.842    19.6115   18.789    18.789
56   19.0162   19.9836   19.5985   19.6881
57   20.3046   19.6038   19.97     20.623
58   21.211    20.3259   21.211    21.117
59   21.2077   20.4717   20.4324   21.1718
60   20.4295   21.211    21.211    21.1022
61   21.211    20.9119   20.4788   21.211
62   20.1097   20.7235   19.8426   20.0724
63   21.211    20.373    21.211    21.211
64   20.4392   20.6976   20.1611   21.2087
65   19.3623   18.789    19.5455   18.789
66   20.4311   21.211    21.049    21.211
67   19.9652   19.9377   20.0274   19.2191
68   20.3786   21.0988   21.211    21.211
69   19.0601   18.789    18.789    19.5492
70   19.5684   19.5158   18.9079   18.789
71   19.5852   20.1317   20.3895   19.3988
72   18.789    19.7198   18.8142   19.3325
73   20.3237   21.1458   20.4219   21.211
74   19.3189   18.789    19.2592   19.8607
75   19.5492   19.2604   18.789    19.6542
;

side = 2.42206
softness = 0.15

---------------------------- Solution coords data ----------------------------
distances [*,1,*]
:    1   2   3   4    :=
1    0   1   0   1
2    0   1   0   1
3    0   1   0   1
4    0   1   0   1
5    0   1   0   1
6    0   1   0   1
7    0   1   0   1
8    0   1   0   1
9    0   1   0   1
10   0   1   0   1
11   0   1   0   1
12   0   1   0   1
13   0   1   0   1
14   0   1   0   1
15   0   1   0   1
16   0   1   0   1
17   0   1   0   1
18   0   1   0   1
19   0   1   0   1
20   0   1   0   1
21   0   1   0   1
22   0   1   0   1
23   0   1   0   1
24   0   1   0   1
25   0   1   0   1
26   0   1   0   1
27   0   1   0   1
28   0   1   0   1
29   0   1   0   1
30   0   1   0   1
31   0   1   0   1
32   0   1   0   1
33   0   1   0   1
34   0   1   0   1
35   0   1   0   1
36   0   1   0   1
37   0   1   0   1
38   0   1   0   1
39   0   1   0   1
40   0   1   0   1
41   0   1   0   1
42   0   1   0   1
43   0   1   0   1
44   0   1   0   1
45   0   1   0   1
46   0   1   0   1
47   0   1   0   1
48   0   1   0   1
49   0   1   0   1
50   0   1   0   1
51   0   1   0   1
52   0   1   0   1
53   0   1   0   1
54   0   1   0   1
55   0   1   0   1
56   0   1   0   1
57   0   1   0   1
58   0   1   0   1
59   0   1   0   1
60   0   1   0   1
61   0   1   0   1
62   0   1   0   1
63   0   1   0   1
64   0   1   0   1
65   0   1   0   1
66   0   1   0   1
67   0   1   0   1
68   0   1   0   1
69   0   1   0   1
70   0   1   0   1
71   0   1   0   1
72   0   1   0   1
73   0   1   0   1
74   0   1   0   1
75   0   1   0   1

 [*,2,*]
:    1   2   3   4    :=
1    0   0   1   1
2    0   0   1   1
3    0   0   1   1
4    0   0   1   1
5    0   0   1   1
6    0   0   1   1
7    0   0   1   1
8    0   0   1   1
9    0   0   1   1
10   0   0   1   1
11   0   0   1   1
12   0   0   1   1
13   0   0   1   1
14   0   0   1   1
15   0   0   1   1
16   0   0   1   1
17   0   0   1   1
18   0   0   1   1
19   0   0   1   1
20   0   0   1   1
21   0   0   1   1
22   0   0   1   1
23   0   0   1   1
24   0   0   1   1
25   0   0   1   1
26   0   0   1   1
27   0   0   1   1
28   0   0   1   1
29   0   0   1   1
30   0   0   1   1
31   0   0   1   1
32   0   0   1   1
33   0   0   1   1
34   0   0   1   1
35   0   0   1   1
36   0   0   1   1
37   0   0   1   1
38   0   0   1   1
39   0   0   1   1
40   0   0   1   1
41   0   0   1   1
42   0   0   1   1
43   0   0   1   1
44   0   0   1   1
45   0   0   1   1
46   0   0   1   1
47   0   0   1   1
48   0   0   1   1
49   0   0   1   1
50   0   0   1   1
51   0   0   1   1
52   0   0   1   1
53   0   0   1   1
54   0   0   1   1
55   0   0   1   1
56   0   0   1   1
57   0   0   1   1
58   0   0   1   1
59   0   0   1   1
60   0   0   1   1
61   0   0   1   1
62   0   0   1   1
63   0   0   1   1
64   0   0   1   1
65   0   0   1   1
66   0   0   1   1
67   0   0   1   1
68   0   0   1   1
69   0   0   1   1
70   0   0   1   1
71   0   0   1   1
72   0   0   1   1
73   0   0   1   1
74   0   0   1   1
75   0   0   1   1

 [*,3,*]
:    1   2   3   4    :=
1    1   0   0   1
2    1   0   0   1
3    1   0   0   1
4    1   0   0   1
5    1   0   0   1
6    1   0   0   1
7    1   0   0   1
8    1   0   0   1
9    1   0   0   1
10   1   0   0   1
11   1   0   0   1
12   1   0   0   1
13   1   0   0   1
14   1   0   0   1
15   1   0   0   1
16   1   0   0   1
17   1   0   0   1
18   1   0   0   1
19   1   0   0   1
20   1   0   0   1
21   1   0   0   1
22   1   0   0   1
23   1   0   0   1
24   1   0   0   1
25   1   0   0   1
26   1   0   0   1
27   1   0   0   1
28   1   0   0   1
29   1   0   0   1
30   1   0   0   1
31   1   0   0   1
32   1   0   0   1
33   1   0   0   1
34   1   0   0   1
35   1   0   0   1
36   1   0   0   1
37   1   0   0   1
38   1   0   0   1
39   1   0   0   1
40   1   0   0   1
41   1   0   0   1
42   1   0   0   1
43   1   0   0   1
44   1   0   0   1
45   1   0   0   1
46   1   0   0   1
47   1   0   0   1
48   1   0   0   1
49   1   0   0   1
50   1   0   0   1
51   1   0   0   1
52   1   0   0   1
53   1   0   0   1
54   1   0   0   1
55   1   0   0   1
56   1   0   0   1
57   1   0   0   1
58   1   0   0   1
59   1   0   0   1
60   1   0   0   1
61   1   0   0   1
62   1   0   0   1
63   1   0   0   1
64   1   0   0   1
65   1   0   0   1
66   1   0   0   1
67   1   0   0   1
68   1   0   0   1
69   1   0   0   1
70   1   0   0   1
71   1   0   0   1
72   1   0   0   1
73   1   0   0   1
74   1   0   0   1
75   1   0   0   1

 [*,4,*]
:    1   2   3   4    :=
1    1   1   1   0
2    1   1   1   0
3    1   1   1   0
4    1   1   1   0
5    1   1   1   0
6    1   1   1   0
7    1   1   1   0
8    1   1   1   0
9    1   1   1   0
10   1   1   1   0
11   1   1   1   0
12   1   1   1   0
13   1   1   1   0
14   1   1   1   0
15   1   1   1   0
16   1   1   1   0
17   1   1   1   0
18   1   1   1   0
19   1   1   1   0
20   1   1   1   0
21   1   1   1   0
22   1   1   1   0
23   1   1   1   0
24   1   1   1   0
25   1   1   1   0
26   1   1   1   0
27   1   1   1   0
28   1   1   1   0
29   1   1   1   0
30   1   1   1   0
31   1   1   1   0
32   1   1   1   0
33   1   1   1   0
34   1   1   1   0
35   1   1   1   0
36   1   1   1   0
37   1   1   1   0
38   1   1   1   0
39   1   1   1   0
40   1   1   1   0
41   1   1   1   0
42   1   1   1   0
43   1   1   1   0
44   1   1   1   0
45   1   1   1   0
46   1   1   1   0
47   1   1   1   0
48   1   1   1   0
49   1   1   1   0
50   1   1   1   0
51   1   1   1   0
52   1   1   1   0
53   1   1   1   0
54   1   1   1   0
55   1   1   1   0
56   1   1   1   0
57   1   1   1   0
58   1   1   1   0
59   1   1   1   0
60   1   1   1   0
61   1   1   1   0
62   1   1   1   0
63   1   1   1   0
64   1   1   1   0
65   1   1   1   0
66   1   1   1   0
67   1   1   1   0
68   1   1   1   0
69   1   1   1   0
70   1   1   1   0
71   1   1   1   0
72   1   1   1   0
73   1   1   1   0
74   1   1   1   0
75   1   1   1   0
;

---------------------------- Solution stats data ----------------------------
_ampl_time = 0.231226
_total_solve_time = 40909.6
_ampl_elapsed_time = 0.228013
_ampl_user_time = 0.20256

Total time elapsed: $40909.63.
_total_solve_time = 40909.6

---------------------------- Solution miscs data ----------------------------
tetrahedron_volume [*] :=
 1 0    8 0   15 0   22 0   29 0   36 0   43 0   50 0   57 0   64 0   71 0
 2 0    9 0   16 0   23 0   30 0   37 0   44 0   51 0   58 0   65 0   72 0
 3 0   10 0   17 0   24 0   31 0   38 0   45 0   52 0   59 0   66 0   73 0
 4 0   11 0   18 0   25 0   32 0   39 0   46 0   53 0   60 0   67 0   74 0
 5 0   12 0   19 0   26 0   33 0   40 0   47 0   54 0   61 0   68 0   75 0
 6 0   13 0   20 0   27 0   34 0   41 0   48 0   55 0   62 0   69 0
 7 0   14 0   21 0   28 0   35 0   42 0   49 0   56 0   63 0   70 0
;

---------------------------- Solution miscs data ----------------------------
tetrahedron_surface_area [*] :=
 1 1.73205   14 1.73205   27 1.73205   40 1.73205   53 1.73205   66 1.73205
 2 1.73205   15 1.73205   28 1.73205   41 1.73205   54 1.73205   67 1.73205
 3 1.73205   16 1.73205   29 1.73205   42 1.73205   55 1.73205   68 1.73205
 4 1.73205   17 1.73205   30 1.73205   43 1.73205   56 1.73205   69 1.73205
 5 1.73205   18 1.73205   31 1.73205   44 1.73205   57 1.73205   70 1.73205
 6 1.73205   19 1.73205   32 1.73205   45 1.73205   58 1.73205   71 1.73205
 7 1.73205   20 1.73205   33 1.73205   46 1.73205   59 1.73205   72 1.73205
 8 1.73205   21 1.73205   34 1.73205   47 1.73205   60 1.73205   73 1.73205
 9 1.73205   22 1.73205   35 1.73205   48 1.73205   61 1.73205   74 1.73205
10 1.73205   23 1.73205   36 1.73205   49 1.73205   62 1.73205   75 1.73205
11 1.73205   24 1.73205   37 1.73205   50 1.73205   63 1.73205
12 1.73205   25 1.73205   38 1.73205   51 1.73205   64 1.73205
13 1.73205   26 1.73205   39 1.73205   52 1.73205   65 1.73205
;

