Error at _cmdno 5 executing "solve" command
(file amplin, line 1961, offset 37058):
error processing param distances:
	3680 invalid subscripts discarded:
	distances[71,1,1]
	distances[71,1,2]
	distances[71,1,3]
	and 3677 more.
##### This license is only intended for use by NEOS. #####
##### License is valid until Jan 16, 2026 #####
ariables.
Substitution eliminates 1 variable.
Adjusted problem:
12918 variables:
	8088 nonlinear variables
	4830 linear variables
25903 constraints; 155161 nonzeros
	22925 nonlinear constraints
	2978 linear constraints
	2486 equality constraints
	23417 inequality constraints
1 nonlinear objective; 3 nonzeros.

Artelys Knitro 14.2.0: threads=4
algorithm=1
ms_enable=1
ms_maxsolves=10
feastol=1e-5
opttol=1e-5
honorbnds=1
bar_initpt=3
bar_murule=4
scale=1
outlev=2
maxtime_real=1200
WARNING:  Option 'threads' is deprecated, please use 'numthreads'.
WARNING: 1 constraint is constant or undefined and will be ignored.

=======================================
           Academic License
       (NOT FOR COMMERCIAL USE)
         Artelys Knitro 14.2.0
=======================================

No start point provided -- Knitro computing one.

Knitro presolve eliminated 0 variables and 1 constraint.

algorithm                1
bar_initpt               3
bar_murule               4
concurrent_evals         0
datacheck                0
feastol                  1e-05
findiff_numthreads       1
hessian_no_f             1
hessopt                  1
honorbnds                1
maxtime_real             1200
ms_enable                1
ms_maxsolves             10
numthreads               4
opttol                   1e-05

Problem Characteristics                                 (   Presolved)
-----------------------
Objective goal:  Minimize
Objective type:  general
Number of variables:                              12918 (       12918)
    bounded below only:                               1 (           1)
    bounded above only:                               0 (           0)
    bounded below and above:                          0 (           0)
    fixed:                                            0 (           0)
    free:                                         12917 (       12917)
Number of constraints:                            25903 (       25902)
    linear equalities:                                1 (           0)
    quadratic equalities:                          2415 (        2415)
    gen. nonlinear equalities:                       70 (          70)
    linear one-sided inequalities:                 2977 (        2977)
    quadratic one-sided inequalities:             20440 (       20440)
    gen. nonlinear one-sided inequalities:            0 (           0)
    linear two-sided inequalities:                    0 (           0)
    quadratic two-sided inequalities:                 0 (           0)
    gen. nonlinear two-sided inequalities:            0 (           0)
Number of nonzeros in Jacobian:                  155161 (      155161)
Number of nonzeros in Hessian:                    70668 (       70668)

Knitro parallel multistart will run with 4 threads.

Return codes description
------------------------
  0:  The final solution satisfies the termination conditions for verifying optimality.
  -100 to -199:  A feasible approximate solution was found.
  -200 to -299:  Knitro terminated at an infeasible point.
  -300 to -301:  The problem was determined to be unbounded.
  -400 to -499:  Knitro terminated because it reached a pre-defined limit.
    -400 to -409:  A feasible point was found.
    -410 to -419:  No feasible point was found.
  -500 to -599:  Knitro terminated with an input error or some non-standard error.
A more detailed description of individual return codes and their corresponding
termination messages is provided at
https://www.artelys.com/app/docs/knitro/3_referenceManual/returnCodes.html

 Solve #  ThreadID  Status     Objective      FeasError    OptError    Real Time 
--------  --------  ------  --------------   ----------   ----------  ----------
      0          0       0         3.80785  1.54536e-05  5.58138e-08      457.963
      1          3    -410     8.81714e+09  8.17331e+06      3663.48      2662.87
      3          1    -410     1.16001e+12      552415.      188478.      3406.73
      6          2    -410     1.09513e+12      488922.      127299.      2457.43
      2          2    -410     3.44049e+11     0.844664      7154.06      2702.35
      4          0    -410     1.10510e+13      295.968  1.21096e+06      2613.17
      9          3    -410     9.24968e+12      577018.      401517.      2028.49
      8          1    -410     5.26418e+13      948681.  3.33806e+06      2204.19
      5          3    -410     3.58131e+11      29.5404      48430.4      2347.75
      7          0    -410     5.82649e+12      200.110      256443.      2413.43

MULTISTART: Best locally optimal solution is returned.
EXIT: Locally optimal solution found.

Final Statistics
----------------
Final objective value               =   3.80785402190641e+00
Final feasibility error (abs / rel) =   1.55e-05 / 2.80e-06
Final optimality error  (abs / rel) =   5.58e-08 / 8.43e-09
# of iterations                     =      92016 
# of CG iterations                  =          0 
# of function evaluations           =      92912
# of gradient evaluations           =      92138
# of Hessian evaluations            =      92051
Total program time (secs)           =    7039.82080 ( 23192.998 CPU time)

===============================================================================

Knitro 14.2.0: Locally optimal or satisfactory solution.
objective 3.807854022; feasibility error 1.55e-05
92016 iterations; 92912 function evaluations

suffix feaserror OUT;
suffix opterror OUT;
suffix numfcevals OUT;
suffix numiters OUT;
---------------------------- Solver Status Report ----------------------------
solve_result_num = 0
solve_result = solved
solve_message = 'Knitro 14.2.0: Locally optimal or satisfactory solution.\
objective 3.807854022; feasibility error 1.55e-05\
92016 iterations; 92912 function evaluations'


---------------------------- Problem Dimensions ----------------------------
Variables: 25414
Constraints: 25974
---------------------------- Container and geometric considerations  ----------------------------
Container type: cylinder
Structural conservation type: volume & surface
---------------------------- Solution execution data ----------------------------
solve_result_num = 0
solve_result = solved

---------------------------- Solution data ----------------------------
card(figures) = 70

coords [*,*,1]
:         1             2             3             4         :=
1    -0.512964     -0.917329      -0.44648      0.209814
2     0.207555      0.0570087      0.780282     0.907919
3     1.13492       1.05647        0.0785613    1.03232
4     0.237648      1.00384        0.344211     0.941356
5     0.99223       0.424293       0.256241     1.05533
6     0.245074      0.932646       0.502736     1.0694
7    -0.371234     -0.0363721     -0.0580196    0.46215
8    -1.14393      -1.14357       -0.307453    -0.918091
9     0.531762      0.206675       0.177936    -0.386385
10    0.368218      0.921396       0.080282    -0.0123681
11   -0.0286412    -0.333993      -0.840234    -0.0581637
12    0.528503      0.246902       0.172426    -0.291057
13   -0.839437     -0.000127807   -1.12451     -0.352615
14   -0.504001     -0.196687       0.518632    -0.0902008
15   -0.467694      0.080282      -0.0264148    0.361037
16    0.289983      0.584553       1.02613      1.12895
17   -0.129318      0.0996182      0.102773    -0.700683
18    0.0474111     0.157667      -0.851851    -0.0261033
19    0.464533     -0.090024       0.301362    -0.209361
20   -0.404383     -0.00324753    -0.657079    -1.06107
21   -0.413785     -0.576906       0.244091     0.221019
22    0.780282      0.964094       1.06352      0.0408043
23   -0.0480306     0.0122223     -0.171587    -0.808388
24   -0.891024     -0.162343      -0.781596    -0.0230159
25    1.14579       1.0694         0.931726     0.175369
26   -0.0291954     0.780282       0.0495461    0.461728
27   -0.359471     -0.866535       0.080282     0.192436
28   -0.752424     -1.14448       -0.984349    -0.312316
29    0.0744627     0.212634      -0.0230603   -0.742673
30   -0.743611     -0.855126      -0.10587      0.0746268
31    1.14923       0.0271478      0.458365     0.8078
32   -0.859883     -0.0618673     -1.14342     -0.752789
33   -0.0391094     0.473056      -0.513036    -0.10104
34   -0.782805     -0.28569        0.137228    -0.0873199
35   -0.509177      0.236053      -0.291683    -0.842075
36   -1.14219      -0.941846      -0.700683    -0.106358
37   -1.14373      -0.805702      -0.307453    -1.14393
38    0.119056     -0.426591      -0.836672    -0.077902
39    0.951194      1.13311        1.02462      0.273234
40    0.42661       1.04015       -0.0760569    0.241022
41   -1.14545      -0.876711      -0.0077601   -0.809973
42    0.0105613    -0.133559      -0.617397    -0.965258
43   -0.0899557    -0.456279      -0.0404621   -0.77696
44   -0.0693959    -0.78098       -0.504001    -1.14684
45   -0.0291953     0.780282       0.207555     0.0495461
46    0.099512     -0.125239       0.102773     0.822155
47    0.912898      0.0142987     -0.144176    -0.0267024
48    0.255688      0.172426       0.916054     0.502736
49   -0.0112176    -0.891024      -0.593753    -1.1484
50    0.514505      0.298675      -0.210328     0.362079
51   -0.654156     -0.386385       0.206675     0.177936
52   -1.12385      -1.12192       -0.422841    -0.928749
53   -0.0826263    -0.486649      -0.923166    -1.15017
54    1.14923       0.846471       0.0116813    0.674604
55    0.301718      0.513685       0.361436     0.991875
56    0.0517401     0.43789        1.05934      0.780282
57    1.0694        1.07422        0.104712     1.1415
58    0.30353       0.657295       0.0116546   -0.0677875
59    0.217081      0.336534      -0.346198     0.259226
60    0.00529781   -0.198068      -0.0248359    0.746123
61    0.161406      0.182813       0.938518     0.515387
62   -0.333956     -0.841606      -0.0320895   -0.985135
63   -0.469134     -1.15017       -0.309668    -0.871645
64   -0.113049     -0.0986742     -0.554514     0.574163
65    0.283705      1.12937        1.02201      1.05761
66    0.84849       1.12288        0.322425     1.04067
67    0.844135      0.279016       0.688125    -0.0238989
68    1.04101       0.136236       0.24109      0.741216
69   -1.1465       -0.47574       -0.811156    -0.00842556
70   -1.02687      -0.867202      -0.0103871   -0.410917

 [*,*,2]
:         1            2            3             4         :=
1     0.839477      0.31429     -0.297198     0.153981
2    -0.199891     -0.106801    -0.845561     0.260391
3    -0.189131     -0.455727    -0.0918081    0.508063
4    -0.0351087     0.56224      1.09788      0.661561
5     0.582488      1.06948      0.132621     0.401755
6    -0.100377     -0.673784    -1.03492     -0.424508
7    -1.08904      -0.171647    -1.14911     -1.05368
8    -0.123451      0.12673     -0.10053      0.693485
9     1.02032       0.368012     1.13673      1.08375
10   -1.09006      -0.689088    -1.14777     -0.312197
11   -0.144516     -1.10103     -0.786015    -1.1491
12   -1.02201      -0.24425     -1.13758     -1.11315
13   -0.543656     -0.326122    -0.243494     0.247893
14    1.03431       0.968738     1.02705      0.13964
15   -1.05123      -1.14777     -0.185516    -1.09246
16    0.179037      0.991015     0.520461     0.221986
17    0.533885      0.100503     1.14597      0.91261
18   -0.319884     -1.13972     -0.677057    -0.177467
19    1.05263       0.139836     0.144023     0.95076
20    1.07663       0.454089     0.94449      0.335072
21   -0.311534      0.567407     0.0263555   -0.0224042
22   -0.845561     -0.0657715   -0.439026    -0.0902498
23    0.470673      0.181352    -0.513844     0.317782
24   -0.727935     -1.13906     -0.844346    -0.118029
25    0.104834     -0.424508    -0.675056    -0.027617
26   -1.1502       -0.845561    -0.102187    -1.05386
27   -0.838913     -0.741245    -1.14777     -0.318658
28    0.870443     -0.118261     0.136781    -0.116711
29   -0.0743279    -0.217313    -1.15034     -0.708901
30    0.877984      0.769787     1.14569      0.348007
31    0.0554905    -0.0117003    0.3546       0.819313
32    0.76447       0.439753     0.128083     0.870128
33    0.115424     -0.0128976   -0.578132     0.435158
34   -0.843226     -1.11454     -1.14236     -0.165274
35   -0.453892     -0.340253     0.301149    -0.697385
36   -0.138614      0.660863     0.91261      0.330052
37    0.125307     -0.821376    -0.10053     -0.123451
38    0.373432      1.06857      0.514796     0.113049
39    0.647336     -0.199687     0.523421    -0.00977813
40    1.06856       0.39282      0.160256     0.143377
41   -0.108396     -0.492626    -0.179505    -0.817164
42    0.493017      0.210124     0.970894     0.342556
43    0.451182     -0.523565     0.107615     0.462968
44    0.0259596     0.614612     1.03431      0.0926288
45   -1.1502       -0.845561    -0.199891    -0.102187
46    0.0653322     0.52709      1.14597      0.804907
47   -0.522716      0.179082    -0.950027    -0.372137
48   -0.138872     -1.13758     -0.696174    -1.03492
49   -0.00271772   -0.727935    -0.580806     0.0706565
50    1.02912       0.141862     1.12969      1.09211
51    0.946517      1.08375      0.368012     1.13673
52    0.246519     -0.255156     0.211789    -0.679146
53    0.294394     -0.31155      0.619993     0.0304399
54    0.0554905    -0.779295    -0.0218273    0.202064
55    0.0828739     1.02806      1.09233      0.583093
56   -0.0867727    -1.06399     -0.449002    -0.845561
57   -0.424508      0.412138    -0.0311268    0.144154
58   -0.957846      0.112944    -0.24084     -0.0966904
59    0.0455408     0.977903     0.39586     -0.0486173
60    0.576921     -0.305844    -0.0670321    0.13532
61    1.13919       0.201866     0.665581     1.02397
62   -1.10104      -0.784546    -0.128714    -0.594409
63   -0.443614      0.0304399    0.238257    -0.751032
64    0.250858      1.14633      1.00813      0.997071
65   -0.062527      0.219856     0.528498    -0.453067
66   -0.722852      0.250908    -0.0787839   -0.490734
67   -0.781825     -0.900994     0.110842    -0.0477725
68   -0.490008     -1.09343      0.0300941   -0.603121
69    0.0966843    -0.463694     0.568165     0.027543
70   -0.518987     -0.756157    -0.395586    -1.07469

 [*,*,3]
:        1            2             3            4         :=
1    -0.0607078   -0.610605    -0.00113378   -0.548557
2     0.80693     -0.079314     0.338728      0.584856
3     0.349467    -0.439692    -0.0684267    -0.231572
4     0.0608099    0.421028    -0.0098234    -0.504386
5     0.406502     1.22562      0.597885      1.36536
6     0.812636     0.353526     1.28606       1.36536
7    -0.553994     0.0339476    0.36422      -0.489028
8     1.2534       0.141014     0.478947      0.819431
9    -1.33873     -0.590129    -0.261118     -1.25043
10   -0.603075    -1.51107     -1.51107      -1.14744
11    0.0451342   -0.442871     0.524505      0.363805
12    1.36536      0.774764     0.288396      1.22389
13   -0.867457    -0.127026     0.0430801    -0.623271
14    1.36536      0.589952     1.36536       1.36536
15   -0.519199    -1.51107     -1.09232      -0.626456
16   -0.4553      -1.19152     -0.251526     -1.2262
17   -0.668524    -1.51107     -1.51107      -1.51107
18   -0.0539454   -0.58099     -0.322497     -0.875111
19    1.1194       1.36536      0.450208      0.593211
20   -1.18289     -0.315976    -0.137059     -0.618211
21   -0.0248234    0.0148189   -0.56244       0.576459
22    0.338728     0.579853    -0.388867     -0.0886799
23   -0.417515    -1.51107     -0.944065     -0.731333
24    1.36536      1.36536      0.50367       0.947537
25    0.577284     1.36536      0.347946      0.903597
26    0.318871     0.338728    -0.123245     -0.488304
27   -0.659755    -1.51107     -1.51107      -1.51107
28   -0.142693     0.268108    -0.704028      0.181474
29   -0.0122934    0.848626     0.35197       0.46688
30   -0.22621      0.872672     0.574017      0.365069
31   -1.51107     -1.51107     -0.70755      -1.51107
32    0.924131     0.244618     0.142379     -0.14262
33    1.3427       0.661924     0.571743      0.250026
34    0.501681     1.21295      0.358821      0.901853
35   -0.684866    -1.41057     -1.51107      -1.51107
36   -1.51107     -0.723223    -1.51107      -1.42502
37    0.147464     0.685544     0.478947      1.2534
38    0.383843     1.1043       0.629776      1.36536
39   -0.367238     0.357177     0.763803      0.0921489
40    1.227        1.36536      1.36536       0.591296
41    0.285263    -0.407662     0.260829      0.683311
42   -0.354142    -1.35572     -1.15162      -0.587123
43    0.268535     0.732945     1.35459       0.753776
44    1.36536      0.696677     1.36536       1.36536
45    0.318871     0.338728     0.80693      -0.123245
46   -1.51107     -0.683525    -1.51107      -1.25384
47    1.36536      1.36536      1.36536       0.737286
48    0.832136     0.288396     0.397098      1.28606
49    1.36536      1.36536      0.573864      1.3275
50    1.12981      0.447034     0.702215      0.0016246
51   -0.150671    -1.25043     -0.590129     -0.261118
52   -1.00429      0.0195802   -0.548906     -1.02105
53   -1.47353     -0.725741    -0.775333     -1.32387
54   -1.51107     -1.33969     -1.51107      -0.785261
55    0.523641     1.12505     -0.00308424    0.407257
56   -0.101121    -0.543775    -0.373041      0.338728
57    1.36536      1.36536      0.960931      0.520095
58   -0.695601    -0.863707    -0.211907     -1.34014
59   -0.567765     0.0775506    0.194975      0.567734
60   -0.749527    -0.321579    -1.42292      -0.78405
61   -0.211721    -0.572795    -0.500698     -1.28941
62   -0.44293      0.527701     0.0644863    -0.304039
63   -0.541911    -1.32387     -1.4417       -1.51107
64   -0.120734     0.5849      -0.162262     -0.323401
65   -0.509657    -1.22037     -0.224199     -0.439484
66   -1.28981     -1.2518      -0.509791     -0.389703
67   -1.3435      -0.738152    -0.838894     -1.43116
68   -0.387307    -0.51803     -0.354626     -1.16018
69    1.36036      0.73421      0.755997      1.35878
70   -0.307935    -1.41168     -0.797179     -0.416523
;

radius = 1.15057
height = 2.87643
softness = 0.3

---------------------------- Solution coords data ----------------------------
distances [*,1,*]
:    1   2   3   4    :=
1    0   1   0   1
2    0   1   0   1
3    0   1   0   1
4    0   1   0   1
5    0   1   0   1
6    0   1   0   1
7    0   1   0   1
8    0   1   0   1
9    0   1   0   1
10   0   1   0   1
11   0   1   0   1
12   0   1   0   1
13   0   1   0   1
14   0   1   0   1
15   0   1   0   1
16   0   1   0   1
17   0   1   0   1
18   0   1   0   1
19   0   1   0   1
20   0   1   0   1
21   0   1   0   1
22   0   1   0   1
23   0   1   0   1
24   0   1   0   1
25   0   1   0   1
26   0   1   0   1
27   0   1   0   1
28   0   1   0   1
29   0   1   0   1
30   0   1   0   1
31   0   1   0   1
32   0   1   0   1
33   0   1   0   1
34   0   1   0   1
35   0   1   0   1
36   0   1   0   1
37   0   1   0   1
38   0   1   0   1
39   0   1   0   1
40   0   1   0   1
41   0   1   0   1
42   0   1   0   1
43   0   1   0   1
44   0   1   0   1
45   0   1   0   1
46   0   1   0   1
47   0   1   0   1
48   0   1   0   1
49   0   1   0   1
50   0   1   0   1
51   0   1   0   1
52   0   1   0   1
53   0   1   0   1
54   0   1   0   1
55   0   1   0   1
56   0   1   0   1
57   0   1   0   1
58   0   1   0   1
59   0   1   0   1
60   0   1   0   1
61   0   1   0   1
62   0   1   0   1
63   0   1   0   1
64   0   1   0   1
65   0   1   0   1
66   0   1   0   1
67   0   1   0   1
68   0   1   0   1
69   0   1   0   1
70   0   1   0   1

 [*,2,*]
:    1   2   3   4    :=
1    0   0   1   1
2    0   0   1   1
3    0   0   1   1
4    0   0   1   1
5    0   0   1   1
6    0   0   1   1
7    0   0   1   1
8    0   0   1   1
9    0   0   1   1
10   0   0   1   1
11   0   0   1   1
12   0   0   1   1
13   0   0   1   1
14   0   0   1   1
15   0   0   1   1
16   0   0   1   1
17   0   0   1   1
18   0   0   1   1
19   0   0   1   1
20   0   0   1   1
21   0   0   1   1
22   0   0   1   1
23   0   0   1   1
24   0   0   1   1
25   0   0   1   1
26   0   0   1   1
27   0   0   1   1
28   0   0   1   1
29   0   0   1   1
30   0   0   1   1
31   0   0   1   1
32   0   0   1   1
33   0   0   1   1
34   0   0   1   1
35   0   0   1   1
36   0   0   1   1
37   0   0   1   1
38   0   0   1   1
39   0   0   1   1
40   0   0   1   1
41   0   0   1   1
42   0   0   1   1
43   0   0   1   1
44   0   0   1   1
45   0   0   1   1
46   0   0   1   1
47   0   0   1   1
48   0   0   1   1
49   0   0   1   1
50   0   0   1   1
51   0   0   1   1
52   0   0   1   1
53   0   0   1   1
54   0   0   1   1
55   0   0   1   1
56   0   0   1   1
57   0   0   1   1
58   0   0   1   1
59   0   0   1   1
60   0   0   1   1
61   0   0   1   1
62   0   0   1   1
63   0   0   1   1
64   0   0   1   1
65   0   0   1   1
66   0   0   1   1
67   0   0   1   1
68   0   0   1   1
69   0   0   1   1
70   0   0   1   1

 [*,3,*]
:    1   2   3   4    :=
1    1   0   0   1
2    1   0   0   1
3    1   0   0   1
4    1   0   0   1
5    1   0   0   1
6    1   0   0   1
7    1   0   0   1
8    1   0   0   1
9    1   0   0   1
10   1   0   0   1
11   1   0   0   1
12   1   0   0   1
13   1   0   0   1
14   1   0   0   1
15   1   0   0   1
16   1   0   0   1
17   1   0   0   1
18   1   0   0   1
19   1   0   0   1
20   1   0   0   1
21   1   0   0   1
22   1   0   0   1
23   1   0   0   1
24   1   0   0   1
25   1   0   0   1
26   1   0   0   1
27   1   0   0   1
28   1   0   0   1
29   1   0   0   1
30   1   0   0   1
31   1   0   0   1
32   1   0   0   1
33   1   0   0   1
34   1   0   0   1
35   1   0   0   1
36   1   0   0   1
37   1   0   0   1
38   1   0   0   1
39   1   0   0   1
40   1   0   0   1
41   1   0   0   1
42   1   0   0   1
43   1   0   0   1
44   1   0   0   1
45   1   0   0   1
46   1   0   0   1
47   1   0   0   1
48   1   0   0   1
49   1   0   0   1
50   1   0   0   1
51   1   0   0   1
52   1   0   0   1
53   1   0   0   1
54   1   0   0   1
55   1   0   0   1
56   1   0   0   1
57   1   0   0   1
58   1   0   0   1
59   1   0   0   1
60   1   0   0   1
61   1   0   0   1
62   1   0   0   1
63   1   0   0   1
64   1   0   0   1
65   1   0   0   1
66   1   0   0   1
67   1   0   0   1
68   1   0   0   1
69   1   0   0   1
70   1   0   0   1

 [*,4,*]
:    1   2   3   4    :=
1    1   1   1   0
2    1   1   1   0
3    1   1   1   0
4    1   1   1   0
5    1   1   1   0
6    1   1   1   0
7    1   1   1   0
8    1   1   1   0
9    1   1   1   0
10   1   1   1   0
11   1   1   1   0
12   1   1   1   0
13   1   1   1   0
14   1   1   1   0
15   1   1   1   0
16   1   1   1   0
17   1   1   1   0
18   1   1   1   0
19   1   1   1   0
20   1   1   1   0
21   1   1   1   0
22   1   1   1   0
23   1   1   1   0
24   1   1   1   0
25   1   1   1   0
26   1   1   1   0
27   1   1   1   0
28   1   1   1   0
29   1   1   1   0
30   1   1   1   0
31   1   1   1   0
32   1   1   1   0
33   1   1   1   0
34   1   1   1   0
35   1   1   1   0
36   1   1   1   0
37   1   1   1   0
38   1   1   1   0
39   1   1   1   0
40   1   1   1   0
41   1   1   1   0
42   1   1   1   0
43   1   1   1   0
44   1   1   1   0
45   1   1   1   0
46   1   1   1   0
47   1   1   1   0
48   1   1   1   0
49   1   1   1   0
50   1   1   1   0
51   1   1   1   0
52   1   1   1   0
53   1   1   1   0
54   1   1   1   0
55   1   1   1   0
56   1   1   1   0
57   1   1   1   0
58   1   1   1   0
59   1   1   1   0
60   1   1   1   0
61   1   1   1   0
62   1   1   1   0
63   1   1   1   0
64   1   1   1   0
65   1   1   1   0
66   1   1   1   0
67   1   1   1   0
68   1   1   1   0
69   1   1   1   0
70   1   1   1   0
;

---------------------------- Solution stats data ----------------------------
_ampl_time = 0.131628
_total_solve_time = 23193.3
_ampl_elapsed_time = 0.128216
_ampl_user_time = 0.1077

Total time elapsed: $23193.29.
_total_solve_time = 23193.3

---------------------------- Solution miscs data ----------------------------
tetrahedron_volume [*] :=
 1 0.117851   15 0.117851   29 0.117851   43 0.117851   57 0.117851
 2 0.117851   16 0.117851   30 0.117851   44 0.117851   58 0.117851
 3 0.117851   17 0.117851   31 0.117851   45 0.117851   59 0.117851
 4 0.117851   18 0.117851   32 0.117851   46 0.117851   60 0.117851
 5 0.117851   19 0.117851   33 0.117851   47 0.117851   61 0.117851
 6 0.117851   20 0.117851   34 0.117851   48 0.117851   62 0.117851
 7 0.117851   21 0.117851   35 0.117851   49 0.117851   63 0.117851
 8 0.117851   22 0.117851   36 0.117851   50 0.117851   64 0.117851
 9 0.117851   23 0.117851   37 0.117851   51 0.117851   65 0.117851
10 0.117851   24 0.117851   38 0.117851   52 0.117851   66 0.117851
11 0.117851   25 0.117851   39 0.117851   53 0.117851   67 0.117851
12 0.117851   26 0.117851   40 0.117851   54 0.117851   68 0.117851
13 0.117851   27 0.117851   41 0.117851   55 0.117851   69 0.117851
14 0.117851   28 0.117851   42 0.117851   56 0.117851   70 0.117851
;

---------------------------- Solution miscs data ----------------------------
tetrahedron_surface_area [*] :=
 1 0    8 0   15 0   22 0   29 0   36 0   43 0   50 0   57 0   64 0
 2 0    9 0   16 0   23 0   30 0   37 0   44 0   51 0   58 0   65 0
 3 0   10 0   17 0   24 0   31 0   38 0   45 0   52 0   59 0   66 0
 4 0   11 0   18 0   25 0   32 0   39 0   46 0   53 0   60 0   67 0
 5 0   12 0   19 0   26 0   33 0   40 0   47 0   54 0   61 0   68 0
 6 0   13 0   20 0   27 0   34 0   41 0   48 0   55 0   62 0   69 0
 7 0   14 0   21 0   28 0   35 0   42 0   49 0   56 0   63 0   70 0
;

