Error at _cmdno 5 executing "solve" command
(file amplin, line 1945, offset 37257):
error processing param distances:
	3680 invalid subscripts discarded:
	distances[71,1,1]
	distances[71,1,2]
	distances[71,1,3]
	and 3677 more.
##### This license is only intended for use by NEOS. #####
##### License is valid until Jan 16, 2026 #####
ariables.
Adjusted problem:
12916 variables:
	8086 nonlinear variables
	4830 linear variables
25340 constraints; 154315 nonzeros
	22925 nonlinear constraints
	2415 linear constraints
	2485 equality constraints
	22855 inequality constraints
1 linear objective; 1 nonzero.

Artelys Knitro 14.2.0: threads=4
algorithm=1
ms_enable=1
ms_maxsolves=10
feastol=1e-5
opttol=1e-5
honorbnds=1
bar_initpt=3
bar_murule=4
scale=1
outlev=2
maxtime_real=3600
WARNING:  Option 'threads' is deprecated, please use 'numthreads'.

=======================================
           Academic License
       (NOT FOR COMMERCIAL USE)
         Artelys Knitro 14.2.0
=======================================

No start point provided -- Knitro computing one.

Knitro presolve eliminated 0 variables and 0 constraints.

algorithm                1
bar_initpt               3
bar_murule               4
concurrent_evals         0
datacheck                0
feastol                  1e-05
findiff_numthreads       1
hessian_no_f             1
hessopt                  1
honorbnds                1
maxtime_real             3600
ms_enable                1
ms_maxsolves             10
numthreads               4
opttol                   1e-05

Problem Characteristics                                 (   Presolved)
-----------------------
Objective goal:  Minimize
Objective type:  linear
Number of variables:                              12916 (       12916)
    bounded below only:                             841 (         841)
    bounded above only:                               0 (           0)
    bounded below and above:                          0 (           0)
    fixed:                                            0 (           0)
    free:                                         12075 (       12075)
Number of constraints:                            25340 (       25340)
    linear equalities:                                0 (           0)
    quadratic equalities:                          2415 (        2415)
    gen. nonlinear equalities:                       70 (          70)
    linear one-sided inequalities:                 2415 (        2415)
    quadratic one-sided inequalities:             20440 (       20440)
    gen. nonlinear one-sided inequalities:            0 (           0)
    linear two-sided inequalities:                    0 (           0)
    quadratic two-sided inequalities:                 0 (           0)
    gen. nonlinear two-sided inequalities:            0 (           0)
Number of nonzeros in Jacobian:                  154315 (      154315)
Number of nonzeros in Hessian:                    70666 (       70666)

Knitro parallel multistart will run with 4 threads.

Return codes description
------------------------
  0:  The final solution satisfies the termination conditions for verifying optimality.
  -100 to -199:  A feasible approximate solution was found.
  -200 to -299:  Knitro terminated at an infeasible point.
  -300 to -301:  The problem was determined to be unbounded.
  -400 to -499:  Knitro terminated because it reached a pre-defined limit.
    -400 to -409:  A feasible point was found.
    -410 to -419:  No feasible point was found.
  -500 to -599:  Knitro terminated with an input error or some non-standard error.
A more detailed description of individual return codes and their corresponding
termination messages is provided at
https://www.artelys.com/app/docs/knitro/3_referenceManual/returnCodes.html

 Solve #  ThreadID  Status     Objective      FeasError    OptError    Real Time 
--------  --------  ------  --------------   ----------   ----------  ----------
      1          1    -202         2082.19      52893.1      7.95637      588.581
      0          0       0         1.43620  5.13516e-05  9.36853e-06      2296.07
      5          0    -410         305.755  2.70923e-03  3.99793e-03      7937.00
      2          3    -410         3266.15      22.2360     0.999526      9576.48
      4          1    -410         2431.90      1.23460     0.999959      9654.42
      3          2    -410         637.612      22.0257      5.75283      8934.89
      6          2    -410         14015.8      2.86058      1.01237      7485.31
      8          0    -410         477.812  5.37112e-03     0.479499      6574.82
      7          3    -410         1780.38      1.67075      1.77589      7264.24
      9          1    -410         2255.16  7.17131e-02      1.91635      6642.89

MULTISTART: Best locally optimal solution is returned.
EXIT: Locally optimal solution found.

Final Statistics
----------------
Final objective value               =   1.43619944800685e+00
Final feasibility error (abs / rel) =   5.14e-05 / 4.79e-08
Final optimality error  (abs / rel) =   9.37e-06 / 9.37e-06
# of iterations                     =      83789 
# of CG iterations                  =          0 
# of function evaluations           =     106599
# of gradient evaluations           =      84094
# of Hessian evaluations            =      83854
Total program time (secs)           =   16887.09375 ( 47898.613 CPU time)

===============================================================================

Knitro 14.2.0: Locally optimal or satisfactory solution.
objective 1.436199448; feasibility error 5.14e-05
83789 iterations; 106599 function evaluations

suffix feaserror OUT;
suffix opterror OUT;
suffix numfcevals OUT;
suffix numiters OUT;
---------------------------- Container and geometric considerations  ----------------------------
Container type: sphere
Structural conservation type: surface
---------------------------- Solution execution data ----------------------------
solve_result_num = 0
solve_result = solved

---------------------------- Solution data ----------------------------
card(figures) = 70

coords [*,*,1]
:       1         2         3         4       :=
1    18.9638   19.7953   19.394    19.3637
2    20.131    20.5732   20.5644   21.1981
3    20.0054   20.1754   20.8946   20.4973
4    20.3158   20.4526   20.2395   19.6342
5    20.2615   20.6358   20.0696   19.7406
6    19.8077   20.6854   20.1977   19.6288
7    20.8936   20.2242   19.8198   20.448
8    20.5387   19.7751   19.9943   20.5209
9    20.5407   20.0127   19.642    19.6839
10   20.1804   20.6095   19.5755   19.6795
11   20.4507   20.0713   20.8382   19.8347
12   20.3321   20.2366   20.4547   21.1118
13   19.1239   20.0847   19.786    19.8377
14   21.4189   21.0525   20.4584   21.1826
15   19.5851   19.2482   18.7251   19.7445
16   19.3254   20.225    20.0692   19.8407
17   18.6366   18.8212   18.6835   19.5785
18   19.3218   18.7609   18.847    19.6781
19   19.9641   19.9327   19.0186   19.9046
20   19.2499   19.6661   20.0839   19.4949
21   20.3167   19.2482   19.771    19.5851
22   19.9698   20.0131   19.4741   20.5869
23   20.5725   20.3455   19.7374   20.8117
24   21.2783   21.1118   20.4057   21.4207
25   20.4478   21.2419   20.5805   21.0205
26   19.6364   19.0354   19.9418   19.6925
27   19.6115   19.411    20.2438   19.6132
28   20.4704   20.8683   20.5091   21.1358
29   20.1646   20.6327   19.9457   19.6274
30   21.376    20.7248   20.6265   20.4854
31   20.067    19.7134   19.3977   20.4232
32   19.7879   19.0085   19.4043   18.8247
33   20.2381   19.5649   20.5485   20.0729
34   21.1489   20.7349   20.1949   20.0976
35   19.0357   19.9369   19.0172   19.6518
36   19.6132   19.6114   18.8449   19.4143
37   20.4673   19.5427   20.0245   19.903
38   19.0297   19.8434   19.7911   19.0283
39   19.8201   19.158    19.503    20.1236
40   20.5285   20.421    19.7158   20.321
41   18.8432   19.657    18.6664   18.7548
42   20.5859   19.996    20.0896   19.4762
43   19.9514   19.6252   19.4163   19.1047
44   19.7199   18.6468   18.8263   19.2198
45   20.6005   19.6798   20.2352   20.7157
46   20.845    20.1096   20.5647   21.1736
47   19.6997   18.9543   19.6408   19.9946
48   21.2394   20.4021   21.4074   20.8552
49   19.9656   20.4587   20.4934   21.0739
50   19.4376   19.394    18.9637   18.6396
51   21.2617   20.5765   21.1118   20.3643
52   20.8124   20.3526   21.1118   20.4689
53   19.6662   19.2654   20.0294   20.2271
54   19.9567   20.5701   20.4606   21.0709
55   19.0981   19.7873   19.4805   18.7011
56   19.6545   19.6569   19.9566   20.4607
57   19.4488   18.8234   18.637    18.995
58   20.1339   19.7865   19.3972   19.3701
59   18.8274   19.5457   19.2478   19.5434
60   19.6599   20.0899   20.0285   19.0779
61   19.0691   19.6829   18.6518   18.6947
62   20.0169   19.5055   20.0713   19.5029
63   21.1358   21.4217   20.5054   20.8683
64   20.6158   20.9345   20.1745   21.2777
65   19.9106   20.5805   20.8436   20.1063
66   19.1047   18.647    19.6252   19.4163
67   20.0674   20.1683   19.7729   20.6398
68   21.361    21.1653   20.3625   21.1118
69   20.9577   19.9761   20.0239   20.5918
70   18.667    19.4491   19.0797   19.7448

 [*,*,2]
:       1         2         3         4       :=
1    19.8008   19.6068   18.879    19.8551
2    20.3509   21.3135   20.7719   20.6812
3    18.5892   19.6175   18.9117   19.1875
4    20.307    21.18     20.4538   20.7956
5    20.4492   20.0683   19.7198   20.7161
6    19.7796   19.3869   19.6461   19.0367
7    18.9109   19.5877   18.6      18.7065
8    20.6917   21.0542   20.197    21.1498
9    20.69     20.2137   20.1279   21.0683
10   19.5878   19.1938   19.4273   18.778
11   20.4732   19.688    19.4543   19.7712
12   20.3939   20.4619   21.2277   20.6644
13   20.6258   21.069    20.5866   19.9809
14   19.7775   20.2488   20.0187   20.7703
15   20.833    20.0457   20.3817   19.9309
16   19.877    19.3607   20.3322   19.581
17   19.5825   20.3776   20.2215   19.7821
18   20.006    20.3517   19.4484   19.87
19   20.1795   20.2711   19.7841   19.4116
20   18.7919   19.6371   18.6556   19.1675
21   20.3063   20.0457   19.9249   20.833
22   21.3329   20.4045   21.3248   21.3088
23   19.8433   19.9352   19.4776   19.1899
24   20.6137   20.6644   20.0773   19.7894
25   19.804    19.4616   19.1022   20.1291
26   20.7916   20.9392   20.4251   21.3931
27   19.2858   20.104    20.2077   19.8237
28   19.7104   19.1221   19.9979   20.1987
29   20.4166   19.7925   20.5537   19.5733
30   19.6507   18.7606   19.0901   19.6095
31   19.4765   18.6107   18.9438   18.6872
32   20.1585   19.7828   19.9259   20.5351
33   19.6626   19.0311   19.3133   18.6218
34   19.9129   19.2777   19.3347   20.1293
35   20.9317   20.4182   20.0694   20.7216
36   19.8329   19.25     19.4443   20.0866
37   19.0509   19.5533   19.6556   18.5915
38   20.5855   19.9153   20.5208   20.1281
39   20.5846   20.6238   21.3308   21.1874
40   19.3931   19.9205   19.648    20.45
41   19.4578   19.8889   19.5696   20.3192
42   21.3092   20.4325   21.2055   21.3256
43   18.8268   19.7766   18.8897   18.887
44   19.7376   19.5686   19.4596   18.8122
45   19.1868   18.7781   19.6298   18.7829
46   19.9107   20.3345   20.7719   20.6773
47   21.1181   20.4463   20.1375   20.1948
48   19.8042   20.0633   19.7559   19.0825
49   20.5648   20.2514   19.8789   20.5881
50   19.8371   18.9307   19.8013   19.5856
51   20.6002   21.312    20.6644   20.313
52   19.6729   20.2888   20.6644   20.4496
53   20.7628   20.1553   19.8854   20.6081
54   20.5854   21.2961   20.2614   20.5839
55   21.0141   20.3758   21.3162   20.5189
56   20.7452   21.338    20.3993   21.1809
57   19.8729   20.5988   19.5808   19.817
58   19.4129   19.612    18.8807   19.8514
59   19.4554   19.8498   18.7902   19.253
60   19.6765   20.5837   19.8822   20.2347
61   20.999    20.4072   20.342    20.219
62   19.1056   19.7581   20.1026   19.1607
63   20.1981   19.8174   20.0068   19.1221
64   19.1116   18.9148   19.6282   19.5026
65   19.9306   20.7448   19.9234   20.3331
66   18.887    19.5679   19.7766   18.8897
67   20.3421   19.5463   19.5313   20.025
68   19.784    19.8236   20.1158   20.6644
69   20.7999   21.335    20.4169   21.3062
70   20.5085   21.3031   20.5968   20.5198

 [*,*,3]
:       1         2         3         4       :=
1    19.0257   18.8809   19.3375   19.8819
2    19.5489   19.9065   18.9284   19.596
3    20.2686   20.2519   20.2792   21.0748
4    21.367    20.6822   20.2613   21.1369
5    20.1715   21.1537   20.5971   20.9834
6    21.4061   21.1032   20.3668   20.9985
7    20.2792   20.2161   20.2649   19.5653
8    18.8624   19.0509   19.5166   19.7715
9    18.8624   19.4945   18.615    19.0937
10   19.6797   18.9795   18.7532   19.3168
11   21.2789   20.5793   21.0306   21.4082
12   21.3254   20.2135   20.5906   20.6205
13   19.1465   19.3571   20.0466   19.4298
14   20.0003   19.055    19.7466   19.734
15   21.0939   21.2229   20.54     20.453
16   19.7203   20.0728   19.5886   19.0462
17   19.8281   19.5353   20.5295   20.1027
18   21.266    20.6353   20.6549   20.215
19   19.4592   18.5912   19.0122   18.6933
20   20.2012   20.0556   20.3905   21.0557
21   21.3669   21.2229   20.4687   21.0939
22   20.534    20.0442   19.8239   19.9267
23   19.6679   18.6075   19.0207   19.1354
24   19.7721   20.6205   19.9828   19.9968
25   20.0988   20.4801   20.959    21.0022
26   21.106    20.5002   20.0949   20.1652
27   21.1048   21.3058   21.092    20.2525
28   18.6743   19.2665   19.754    19.1438
29   20.2946   19.9136   19.468    19.9011
30   19.7824   19.9656   19.1707   20.1507
31   19.6118   20.2244   19.2356   19.5998
32   18.9469   18.9839   19.971    19.3715
33   20.3657   20.9667   21.1359   20.3972
34   19.9791   19.3218   19.9964   19.6661
35   20.4552   20.038    20.3769   21.0264
36   20.2379   21.1615   20.6477   21.3085
37   19.6928   19.7706   20.4829   20.1623
38   19.1638   19.3629   19.9799   20.098
39   20.0929   19.1928   19.7884   19.2016
40   19.9631   20.9431   20.1194   20.263
41   20.6562   20.2241   19.8158   20.6405
42   19.9266   20.0268   19.2245   19.824
43   20.3211   19.9894   19.3415   20.1495
44   20.0294   19.7869   20.627    20.2075
45   18.9798   19.3166   19.7103   19.7372
46   18.8421   19.5698   18.9286   19.5866
47   19.1501   19.1225   18.6163   19.4457
48   20.6987   20.231    19.8505   19.9433
49   19.7032   20.3455   19.2919   19.5572
50   20.0227   19.3697   19.0257   19.7993
51   19.7586   19.9055   20.6205   20.3604
52   21.0415   20.2296   20.6205   21.2809
53   21.0979   20.2679   20.6377   20.2035
54   19.6592   19.9145   20.3235   19.5667
55   20.4699   20.0601   19.754    19.8371
56   21.0741   20.3935   20.0548   20.6752
57   20.0107   19.4346   19.8291   18.9905
58   19.8293   18.9014   19.3318   19.8671
59   20.6254   20.193    20.1825   21.1385
60   19.8526   19.846    20.6396   20.1684
61   20.4449   20.0696   19.6423   20.5576
62   20.3593   20.1091   20.8623   21.0542
63   19.1437   19.9101   19.759    19.2665
64   20.9456   19.8922   20.2964   20.4276
65   18.5683   18.9179   18.8402   19.574
66   20.1495   19.787    19.9894   19.3415
67   19.5831   19.9094   18.872    19.0159
68   19.9781   20.8208   20.1142   20.6205
69   20.5205   20.529    20.0397   19.9207
70   19.8351   19.7529   19.0789   19.9743
;

radius = 1.4362
softness = 0.25

---------------------------- Solution coords data ----------------------------
distances [*,1,*]
:    1   2   3   4    :=
1    0   1   0   1
2    0   1   0   1
3    0   1   0   1
4    0   1   0   1
5    0   1   0   1
6    0   1   0   1
7    0   1   0   1
8    0   1   0   1
9    0   1   0   1
10   0   1   0   1
11   0   1   0   1
12   0   1   0   1
13   0   1   0   1
14   0   1   0   1
15   0   1   0   1
16   0   1   0   1
17   0   1   0   1
18   0   1   0   1
19   0   1   0   1
20   0   1   0   1
21   0   1   0   1
22   0   1   0   1
23   0   1   0   1
24   0   1   0   1
25   0   1   0   1
26   0   1   0   1
27   0   1   0   1
28   0   1   0   1
29   0   1   0   1
30   0   1   0   1
31   0   1   0   1
32   0   1   0   1
33   0   1   0   1
34   0   1   0   1
35   0   1   0   1
36   0   1   0   1
37   0   1   0   1
38   0   1   0   1
39   0   1   0   1
40   0   1   0   1
41   0   1   0   1
42   0   1   0   1
43   0   1   0   1
44   0   1   0   1
45   0   1   0   1
46   0   1   0   1
47   0   1   0   1
48   0   1   0   1
49   0   1   0   1
50   0   1   0   1
51   0   1   0   1
52   0   1   0   1
53   0   1   0   1
54   0   1   0   1
55   0   1   0   1
56   0   1   0   1
57   0   1   0   1
58   0   1   0   1
59   0   1   0   1
60   0   1   0   1
61   0   1   0   1
62   0   1   0   1
63   0   1   0   1
64   0   1   0   1
65   0   1   0   1
66   0   1   0   1
67   0   1   0   1
68   0   1   0   1
69   0   1   0   1
70   0   1   0   1

 [*,2,*]
:    1   2   3   4    :=
1    0   0   1   1
2    0   0   1   1
3    0   0   1   1
4    0   0   1   1
5    0   0   1   1
6    0   0   1   1
7    0   0   1   1
8    0   0   1   1
9    0   0   1   1
10   0   0   1   1
11   0   0   1   1
12   0   0   1   1
13   0   0   1   1
14   0   0   1   1
15   0   0   1   1
16   0   0   1   1
17   0   0   1   1
18   0   0   1   1
19   0   0   1   1
20   0   0   1   1
21   0   0   1   1
22   0   0   1   1
23   0   0   1   1
24   0   0   1   1
25   0   0   1   1
26   0   0   1   1
27   0   0   1   1
28   0   0   1   1
29   0   0   1   1
30   0   0   1   1
31   0   0   1   1
32   0   0   1   1
33   0   0   1   1
34   0   0   1   1
35   0   0   1   1
36   0   0   1   1
37   0   0   1   1
38   0   0   1   1
39   0   0   1   1
40   0   0   1   1
41   0   0   1   1
42   0   0   1   1
43   0   0   1   1
44   0   0   1   1
45   0   0   1   1
46   0   0   1   1
47   0   0   1   1
48   0   0   1   1
49   0   0   1   1
50   0   0   1   1
51   0   0   1   1
52   0   0   1   1
53   0   0   1   1
54   0   0   1   1
55   0   0   1   1
56   0   0   1   1
57   0   0   1   1
58   0   0   1   1
59   0   0   1   1
60   0   0   1   1
61   0   0   1   1
62   0   0   1   1
63   0   0   1   1
64   0   0   1   1
65   0   0   1   1
66   0   0   1   1
67   0   0   1   1
68   0   0   1   1
69   0   0   1   1
70   0   0   1   1

 [*,3,*]
:    1   2   3   4    :=
1    1   0   0   1
2    1   0   0   1
3    1   0   0   1
4    1   0   0   1
5    1   0   0   1
6    1   0   0   1
7    1   0   0   1
8    1   0   0   1
9    1   0   0   1
10   1   0   0   1
11   1   0   0   1
12   1   0   0   1
13   1   0   0   1
14   1   0   0   1
15   1   0   0   1
16   1   0   0   1
17   1   0   0   1
18   1   0   0   1
19   1   0   0   1
20   1   0   0   1
21   1   0   0   1
22   1   0   0   1
23   1   0   0   1
24   1   0   0   1
25   1   0   0   1
26   1   0   0   1
27   1   0   0   1
28   1   0   0   1
29   1   0   0   1
30   1   0   0   1
31   1   0   0   1
32   1   0   0   1
33   1   0   0   1
34   1   0   0   1
35   1   0   0   1
36   1   0   0   1
37   1   0   0   1
38   1   0   0   1
39   1   0   0   1
40   1   0   0   1
41   1   0   0   1
42   1   0   0   1
43   1   0   0   1
44   1   0   0   1
45   1   0   0   1
46   1   0   0   1
47   1   0   0   1
48   1   0   0   1
49   1   0   0   1
50   1   0   0   1
51   1   0   0   1
52   1   0   0   1
53   1   0   0   1
54   1   0   0   1
55   1   0   0   1
56   1   0   0   1
57   1   0   0   1
58   1   0   0   1
59   1   0   0   1
60   1   0   0   1
61   1   0   0   1
62   1   0   0   1
63   1   0   0   1
64   1   0   0   1
65   1   0   0   1
66   1   0   0   1
67   1   0   0   1
68   1   0   0   1
69   1   0   0   1
70   1   0   0   1

 [*,4,*]
:    1   2   3   4    :=
1    1   1   1   0
2    1   1   1   0
3    1   1   1   0
4    1   1   1   0
5    1   1   1   0
6    1   1   1   0
7    1   1   1   0
8    1   1   1   0
9    1   1   1   0
10   1   1   1   0
11   1   1   1   0
12   1   1   1   0
13   1   1   1   0
14   1   1   1   0
15   1   1   1   0
16   1   1   1   0
17   1   1   1   0
18   1   1   1   0
19   1   1   1   0
20   1   1   1   0
21   1   1   1   0
22   1   1   1   0
23   1   1   1   0
24   1   1   1   0
25   1   1   1   0
26   1   1   1   0
27   1   1   1   0
28   1   1   1   0
29   1   1   1   0
30   1   1   1   0
31   1   1   1   0
32   1   1   1   0
33   1   1   1   0
34   1   1   1   0
35   1   1   1   0
36   1   1   1   0
37   1   1   1   0
38   1   1   1   0
39   1   1   1   0
40   1   1   1   0
41   1   1   1   0
42   1   1   1   0
43   1   1   1   0
44   1   1   1   0
45   1   1   1   0
46   1   1   1   0
47   1   1   1   0
48   1   1   1   0
49   1   1   1   0
50   1   1   1   0
51   1   1   1   0
52   1   1   1   0
53   1   1   1   0
54   1   1   1   0
55   1   1   1   0
56   1   1   1   0
57   1   1   1   0
58   1   1   1   0
59   1   1   1   0
60   1   1   1   0
61   1   1   1   0
62   1   1   1   0
63   1   1   1   0
64   1   1   1   0
65   1   1   1   0
66   1   1   1   0
67   1   1   1   0
68   1   1   1   0
69   1   1   1   0
70   1   1   1   0
;

---------------------------- Solution stats data ----------------------------
_ampl_time = 0.273744
_total_solve_time = 47899.5
_ampl_elapsed_time = 0.347657
_ampl_user_time = 0.235922

Total time elapsed: $47899.48.
_total_solve_time = 47899.5

---------------------------- Solution miscs data ----------------------------
tetrahedron_volume [*] :=
 1 0    8 0   15 0   22 0   29 0   36 0   43 0   50 0   57 0   64 0
 2 0    9 0   16 0   23 0   30 0   37 0   44 0   51 0   58 0   65 0
 3 0   10 0   17 0   24 0   31 0   38 0   45 0   52 0   59 0   66 0
 4 0   11 0   18 0   25 0   32 0   39 0   46 0   53 0   60 0   67 0
 5 0   12 0   19 0   26 0   33 0   40 0   47 0   54 0   61 0   68 0
 6 0   13 0   20 0   27 0   34 0   41 0   48 0   55 0   62 0   69 0
 7 0   14 0   21 0   28 0   35 0   42 0   49 0   56 0   63 0   70 0
;

---------------------------- Solution miscs data ----------------------------
tetrahedron_surface_area [*] :=
 1 1.73205   13 1.73205   25 1.73205   37 1.73205   49 1.73205   61 1.73205
 2 1.73205   14 1.73205   26 1.73205   38 1.73205   50 1.73205   62 1.73205
 3 1.73205   15 1.73205   27 1.73205   39 1.73205   51 1.73205   63 1.73205
 4 1.73205   16 1.73205   28 1.73205   40 1.73205   52 1.73205   64 1.73205
 5 1.73205   17 1.73205   29 1.73205   41 1.73205   53 1.73205   65 1.73205
 6 1.73205   18 1.73205   30 1.73205   42 1.73205   54 1.73205   66 1.73205
 7 1.73205   19 1.73205   31 1.73205   43 1.73205   55 1.73205   67 1.73205
 8 1.73205   20 1.73205   32 1.73205   44 1.73205   56 1.73205   68 1.73205
 9 1.73205   21 1.73205   33 1.73205   45 1.73205   57 1.73205   69 1.73205
10 1.73205   22 1.73205   34 1.73205   46 1.73205   58 1.73205   70 1.73205
11 1.73205   23 1.73205   35 1.73205   47 1.73205   59 1.73205
12 1.73205   24 1.73205   36 1.73205   48 1.73205   60 1.73205
;

