Error at _cmdno 5 executing "solve" command
(file amplin, line 1977, offset 37909):
error processing param distances:
	4000 invalid subscripts discarded:
	distances[51,1,1]
	distances[51,1,2]
	distances[51,1,3]
	and 3997 more.
##### This license is only intended for use by NEOS. #####
##### License is valid until Jan 16, 2026 #####
riables.
Adjusted problem:
6726 variables:
	4275 nonlinear variables
	2451 linear variables
14100 constraints; 81325 nonzeros
	11675 nonlinear constraints
	2425 linear constraints
	1275 equality constraints
	12825 inequality constraints
1 linear objective; 1 nonzero.

Artelys Knitro 14.2.0: threads=4
algorithm=1
ms_enable=1
ms_maxsolves=10
feastol=1e-5
opttol=1e-5
honorbnds=1
bar_initpt=3
bar_murule=4
scale=1
outlev=2
maxtime_real=1200
WARNING:  Option 'threads' is deprecated, please use 'numthreads'.

=======================================
           Academic License
       (NOT FOR COMMERCIAL USE)
         Artelys Knitro 14.2.0
=======================================

No start point provided -- Knitro computing one.

Knitro presolve eliminated 0 variables and 0 constraints.

algorithm                1
bar_initpt               3
bar_murule               4
concurrent_evals         0
datacheck                0
feastol                  1e-05
findiff_numthreads       1
hessian_no_f             1
hessopt                  1
honorbnds                1
maxtime_real             1200
ms_enable                1
ms_maxsolves             10
numthreads               4
opttol                   1e-05

Problem Characteristics                                 (   Presolved)
-----------------------
Objective goal:  Minimize
Objective type:  linear
Number of variables:                               6726 (        6726)
    bounded below only:                             601 (         601)
    bounded above only:                               0 (           0)
    bounded below and above:                          0 (           0)
    fixed:                                            0 (           0)
    free:                                          6125 (        6125)
Number of constraints:                            14100 (       14100)
    linear equalities:                                0 (           0)
    quadratic equalities:                          1225 (        1225)
    gen. nonlinear equalities:                       50 (          50)
    linear one-sided inequalities:                 2425 (        2425)
    quadratic one-sided inequalities:             10400 (       10400)
    gen. nonlinear one-sided inequalities:            0 (           0)
    linear two-sided inequalities:                    0 (           0)
    quadratic two-sided inequalities:                 0 (           0)
    gen. nonlinear two-sided inequalities:            0 (           0)
Number of nonzeros in Jacobian:                   81325 (       81325)
Number of nonzeros in Hessian:                    36975 (       36975)

Knitro parallel multistart will run with 4 threads.

Return codes description
------------------------
  0:  The final solution satisfies the termination conditions for verifying optimality.
  -100 to -199:  A feasible approximate solution was found.
  -200 to -299:  Knitro terminated at an infeasible point.
  -300 to -301:  The problem was determined to be unbounded.
  -400 to -499:  Knitro terminated because it reached a pre-defined limit.
    -400 to -409:  A feasible point was found.
    -410 to -419:  No feasible point was found.
  -500 to -599:  Knitro terminated with an input error or some non-standard error.
A more detailed description of individual return codes and their corresponding
termination messages is provided at
https://www.artelys.com/app/docs/knitro/3_referenceManual/returnCodes.html

 Solve #  ThreadID  Status     Objective      FeasError    OptError    Real Time 
--------  --------  ------  --------------   ----------   ----------  ----------
      4          2    -202         3025.94      53175.3      96.1132      244.353
      2          2    -202         2437.68      40276.6      1.55595      368.444
      0          0       0         1.11037  3.12196e-05  8.04190e-06      919.790
      9          1    -202         3167.59      55549.1      42.7562      1588.93
      7          3    -410         597.836  8.62135e-03  3.76169e-02      3104.53
      1          3    -410         13001.1  9.26152e-02     0.149962      4089.19
      8          0    -410         1274.54  2.02711e-02      3.45555      3187.58
      3          1    -410         7172.94      6.76172      7.30032      4244.55
      6          0    -201         34249.4  5.30814e-02      1.00000      3265.24
      5          2    -410         2937.60  2.39524e-02     0.698915      4164.73

MULTISTART: Best locally optimal solution is returned.
EXIT: Locally optimal solution found.

Final Statistics
----------------
Final objective value               =   1.11036790434860e+00
Final feasibility error (abs / rel) =   3.12e-05 / 1.71e-06
Final optimality error  (abs / rel) =   8.04e-06 / 8.04e-06
# of iterations                     =      65355 
# of CG iterations                  =          0 
# of function evaluations           =      91611
# of gradient evaluations           =      65670
# of Hessian evaluations            =      65421
Total program time (secs)           =    7374.05225 ( 17841.100 CPU time)

===============================================================================

Knitro 14.2.0: Locally optimal or satisfactory solution.
objective 1.110367904; feasibility error 3.12e-05
65355 iterations; 91611 function evaluations

suffix feaserror OUT;
suffix opterror OUT;
suffix numfcevals OUT;
suffix numiters OUT;
---------------------------- Container and geometric considerations  ----------------------------
Container type: cube
Structural conservation type: volume & surface
---------------------------- Solution execution data ----------------------------
solve_result_num = 0
solve_result = solved

---------------------------- Solution data ----------------------------
card(figures) = 50

coords [*,*,1]
:       1         2         3         4       :=
1    20.4179   19.4722   19.4463   20.4529
2    19.4448   19.4448   20.4625   20.1287
3    19.727    20.4397   19.4455   20.0779
4    20.4408   20.5168   19.4448   19.4762
5    19.4448   20.0372   19.4448   19.9416
6    20.4524   19.4463   19.4714   20.4187
7    20.4181   20.4528   19.4463   19.4717
8    20.1283   19.445    19.445    20.4601
9    19.4448   20.0372   19.9416   19.4448
10   19.4456   20.0789   19.7273   20.4396
11   19.4462   19.4713   20.4523   20.4171
12   19.4448   20.5134   20.5552   20.4625
13   19.4463   20.4175   19.472    20.4527
14   19.4448   20.1287   20.4625   19.4448
15   19.4463   20.4176   20.4524   19.4717
16   19.4716   20.4526   19.4463   20.4185
17   19.4701   19.4462   20.4173   20.451
18   19.4452   19.4451   19.5349   20.1009
19   19.4448   20.1287   20.4625   19.4448
20   20.1287   20.4625   19.4448   19.4448
21   20.4172   20.4518   19.4711   19.4462
22   20.3799   20.372    19.8848   19.452
23   20.4625   19.4448   20.1287   19.4448
24   19.8468   20.3703   20.3079   19.4448
25   20.518    20.4625   20.1288   20.5552
26   19.4463   20.4523   19.4716   20.4174
27   19.4462   20.4174   19.4718   20.4524
28   19.452    19.8848   20.3799   20.3721
29   20.3982   19.9103   20.3296   19.501
30   20.4625   20.0573   19.4448   20.5076
31   20.4501   19.469    20.4172   19.4463
32   20.3631   20.3883   19.8886   19.4621
33   20.4496   19.4462   19.4681   20.417
34   20.3366   19.847    19.4448   20.3708
35   19.5651   19.9506   20.3278   19.4496
36   20.0738   19.4461   19.4469   19.4462
37   19.8847   20.372    20.3799   19.452
38   19.4448   20.4625   19.4448   20.1288
39   20.4171   20.4519   19.4462   19.4708
40   19.8847   20.3799   19.452    20.3719
41   20.1288   20.3577   20.5552   20.518
42   19.4451   20.3653   20.223    19.8396
43   19.4716   20.4188   19.4463   20.4525
44   20.3708   19.8866   20.3855   19.4591
45   19.8847   19.452    20.372    20.3799
46   20.3255   20.3667   20.5552   20.1287
47   20.3663   20.4913   20.135    20.5391
48   19.8862   20.3719   19.4572   20.3843
49   20.5552   20.5552   20.1287   20.5552
50   20.4394   19.7301   19.4456   20.0869

 [*,*,2]
:       1         2         3         4       :=
1    19.4465   19.4469   19.9363   20.1661
2    19.4448   20.2144   19.4448   20.5552
3    19.6973   20.5552   20.5552   19.4932
4    19.4448   20.1825   19.4448   19.9438
5    20.5552   20.5552   19.4448   20.0507
6    20.1661   19.9364   19.4471   19.4471
7    19.4466   20.1661   19.9363   19.4471
8    20.5522   19.4449   20.2118   19.445
9    20.5552   20.5552   20.0507   19.4448
10   20.5552   19.4939   19.6968   20.5552
11   19.9364   19.4471   20.1661   19.4461
12   19.4448   20.1801   19.4448   19.4448
13   19.9363   19.4463   19.4468   20.1661
14   20.2144   20.5552   19.4448   19.4448
15   19.9363   19.4463   20.166    19.4468
16   19.4471   20.1661   19.9364   19.447
17   19.4466   19.9363   19.446    20.1657
18   20.555    19.4449   19.7044   20.4853
19   19.4448   20.5552   19.4448   20.2144
20   20.5552   19.4448   19.4448   20.2144
21   19.446    20.1659   19.4466   19.9363
22   20.0051   20.555    19.4452   20.5549
23   19.4449   19.4448   20.5552   20.2144
24   19.4448   20.0182   20.5552   20.5552
25   20.5257   19.4448   20.5552   19.985
26   19.9363   20.166    19.4468   19.4463
27   19.9363   19.4462   19.4468   20.166
28   20.5549   19.4452   20.0051   20.555
29   19.6364   19.4466   20.5543   20.5524
30   19.4448   20.4691   19.4448   20.1022
31   20.1655   19.4466   19.4459   19.9363
32   20.5551   19.966    19.445    20.5549
33   20.1655   19.9364   19.4469   19.446
34   20.5552   19.4448   20.5552   20.0073
35   19.4449   20.5551   20.2479   20.555
36   20.552    19.5825   20.551    20.5527
37   19.4452   20.555    20.0051   20.5549
38   19.4448   19.4449   20.2144   20.5552
39   19.4461   20.166    19.9364   19.447
40   19.4452   20.0051   20.5549   20.555
41   20.5552   19.6523   19.476    20.5254
42   20.5551   20.079    20.5552   19.4449
43   19.4471   19.4472   19.9364   20.1661
44   20.5551   19.445    20.0011   20.5549
45   19.4452   20.5549   20.555    20.0051
46   20.5552   19.4448   19.9429   20.5552
47   19.4499   20.2216   20.544    19.4524
48   19.4451   20.555    20.5548   20.0035
49   20.2941   20.5552   20.5552   19.4448
50   20.5552   19.6934   20.5551   19.4996

 [*,*,3]
:       1         2         3         4       :=
1    19.8072   20.035    20.5545   20.5534
2    19.6555   19.4448   19.7944   19.4448
3    19.625    20.3182   19.4454   19.9169
4    19.7999   20.5552   20.5552   20.5552
5    19.4448   20.4468   20.0391   20.5552
6    20.5534   20.5544   20.0353   19.8074
7    19.8072   20.5534   20.5545   20.0353
8    19.4449   19.4452   19.4449   19.7889
9    19.4448   20.4468   20.5552   20.0391
10   19.4453   19.9171   19.6251   20.3181
11   20.5545   20.0352   20.5534   19.8067
12   20.5552   20.5552   20.5552   19.7944
13   20.5545   19.807    20.0349   20.5533
14   19.4448   19.4448   19.7944   19.6555
15   20.5545   19.807    20.5533   20.035
16   20.0352   20.5534   20.5545   19.8074
17   20.0352   20.5545   19.8068   20.5534
18   19.4454   20.039    19.6208   20.5262
19   19.6556   19.4448   19.7944   19.4448
20   19.4448   19.7944   19.6556   19.4448
21   19.8068   20.5533   20.035    20.5545
22   20.2109   20.2541   19.7244   19.4451
23   19.7944   19.6556   19.4448   19.4448
24   19.7108   20.2227   20.2625   19.4448
25   20.5552   19.7945   19.4448   20.5552
26   20.5545   20.5534   20.0349   19.8069
27   20.5545   19.8069   20.0349   20.5534
28   19.4451   19.7244   20.2109   20.2542
29   19.7675   19.7267   20.183    19.4455
30   19.7944   20.527    20.0391   20.4731
31   20.5534   20.0354   19.8066   20.5544
32   20.2411   20.1833   19.7186   19.445
33   20.5534   20.5545   20.0357   19.8066
34   20.2371   19.7105   19.4448   20.2145
35   19.6784   20.2761   20.3921   19.4518
36   20.5521   20.0081   20.5525   19.556
37   19.7243   20.2541   20.2109   19.4451
38   19.6556   19.7944   19.4449   19.4449
39   19.8067   20.5534   20.5545   20.0353
40   19.7243   20.2109   19.4451   20.2541
41   19.4448   19.5744   20.0801   20.5552
42   19.4452   20.2676   20.3226   19.7142
43   20.0352   19.8075   20.5545   20.5534
44   20.2492   19.7192   20.2096   19.445
45   19.7244   19.4451   20.2541   20.2109
46   20.1627   19.4448   20.5222   19.4448
47   19.4474   20.5071   19.459    20.0799
48   19.7209   20.2514   19.4451   20.2106
49   19.4448   20.5552   19.4448   20.0238
50   20.3178   19.6266   19.4448   19.9186
;

side = 1.11037
softness = 0.75

---------------------------- Solution coords data ----------------------------
distances [*,1,*]
:    1   2   3   4    :=
1    0   1   0   1
2    0   1   0   1
3    0   1   0   1
4    0   1   0   1
5    0   1   0   1
6    0   1   0   1
7    0   1   0   1
8    0   1   0   1
9    0   1   0   1
10   0   1   0   1
11   0   1   0   1
12   0   1   0   1
13   0   1   0   1
14   0   1   0   1
15   0   1   0   1
16   0   1   0   1
17   0   1   0   1
18   0   1   0   1
19   0   1   0   1
20   0   1   0   1
21   0   1   0   1
22   0   1   0   1
23   0   1   0   1
24   0   1   0   1
25   0   1   0   1
26   0   1   0   1
27   0   1   0   1
28   0   1   0   1
29   0   1   0   1
30   0   1   0   1
31   0   1   0   1
32   0   1   0   1
33   0   1   0   1
34   0   1   0   1
35   0   1   0   1
36   0   1   0   1
37   0   1   0   1
38   0   1   0   1
39   0   1   0   1
40   0   1   0   1
41   0   1   0   1
42   0   1   0   1
43   0   1   0   1
44   0   1   0   1
45   0   1   0   1
46   0   1   0   1
47   0   1   0   1
48   0   1   0   1
49   0   1   0   1
50   0   1   0   1

 [*,2,*]
:    1   2   3   4    :=
1    0   0   1   1
2    0   0   1   1
3    0   0   1   1
4    0   0   1   1
5    0   0   1   1
6    0   0   1   1
7    0   0   1   1
8    0   0   1   1
9    0   0   1   1
10   0   0   1   1
11   0   0   1   1
12   0   0   1   1
13   0   0   1   1
14   0   0   1   1
15   0   0   1   1
16   0   0   1   1
17   0   0   1   1
18   0   0   1   1
19   0   0   1   1
20   0   0   1   1
21   0   0   1   1
22   0   0   1   1
23   0   0   1   1
24   0   0   1   1
25   0   0   1   1
26   0   0   1   1
27   0   0   1   1
28   0   0   1   1
29   0   0   1   1
30   0   0   1   1
31   0   0   1   1
32   0   0   1   1
33   0   0   1   1
34   0   0   1   1
35   0   0   1   1
36   0   0   1   1
37   0   0   1   1
38   0   0   1   1
39   0   0   1   1
40   0   0   1   1
41   0   0   1   1
42   0   0   1   1
43   0   0   1   1
44   0   0   1   1
45   0   0   1   1
46   0   0   1   1
47   0   0   1   1
48   0   0   1   1
49   0   0   1   1
50   0   0   1   1

 [*,3,*]
:    1   2   3   4    :=
1    1   0   0   1
2    1   0   0   1
3    1   0   0   1
4    1   0   0   1
5    1   0   0   1
6    1   0   0   1
7    1   0   0   1
8    1   0   0   1
9    1   0   0   1
10   1   0   0   1
11   1   0   0   1
12   1   0   0   1
13   1   0   0   1
14   1   0   0   1
15   1   0   0   1
16   1   0   0   1
17   1   0   0   1
18   1   0   0   1
19   1   0   0   1
20   1   0   0   1
21   1   0   0   1
22   1   0   0   1
23   1   0   0   1
24   1   0   0   1
25   1   0   0   1
26   1   0   0   1
27   1   0   0   1
28   1   0   0   1
29   1   0   0   1
30   1   0   0   1
31   1   0   0   1
32   1   0   0   1
33   1   0   0   1
34   1   0   0   1
35   1   0   0   1
36   1   0   0   1
37   1   0   0   1
38   1   0   0   1
39   1   0   0   1
40   1   0   0   1
41   1   0   0   1
42   1   0   0   1
43   1   0   0   1
44   1   0   0   1
45   1   0   0   1
46   1   0   0   1
47   1   0   0   1
48   1   0   0   1
49   1   0   0   1
50   1   0   0   1

 [*,4,*]
:    1   2   3   4    :=
1    1   1   1   0
2    1   1   1   0
3    1   1   1   0
4    1   1   1   0
5    1   1   1   0
6    1   1   1   0
7    1   1   1   0
8    1   1   1   0
9    1   1   1   0
10   1   1   1   0
11   1   1   1   0
12   1   1   1   0
13   1   1   1   0
14   1   1   1   0
15   1   1   1   0
16   1   1   1   0
17   1   1   1   0
18   1   1   1   0
19   1   1   1   0
20   1   1   1   0
21   1   1   1   0
22   1   1   1   0
23   1   1   1   0
24   1   1   1   0
25   1   1   1   0
26   1   1   1   0
27   1   1   1   0
28   1   1   1   0
29   1   1   1   0
30   1   1   1   0
31   1   1   1   0
32   1   1   1   0
33   1   1   1   0
34   1   1   1   0
35   1   1   1   0
36   1   1   1   0
37   1   1   1   0
38   1   1   1   0
39   1   1   1   0
40   1   1   1   0
41   1   1   1   0
42   1   1   1   0
43   1   1   1   0
44   1   1   1   0
45   1   1   1   0
46   1   1   1   0
47   1   1   1   0
48   1   1   1   0
49   1   1   1   0
50   1   1   1   0
;

---------------------------- Solution stats data ----------------------------
_ampl_time = 0.154164
_total_solve_time = 17841.5
_ampl_elapsed_time = 0.254236
_ampl_user_time = 0.127166

Total time elapsed: $17841.48.
_total_solve_time = 17841.5

---------------------------- Solution miscs data ----------------------------
tetrahedron_volume [*] :=
 1 0    6 0   11 0   16 0   21 0   26 0   31 0   36 0   41 0   46 0
 2 0    7 0   12 0   17 0   22 0   27 0   32 0   37 0   42 0   47 0
 3 0    8 0   13 0   18 0   23 0   28 0   33 0   38 0   43 0   48 0
 4 0    9 0   14 0   19 0   24 0   29 0   34 0   39 0   44 0   49 0
 5 0   10 0   15 0   20 0   25 0   30 0   35 0   40 0   45 0   50 0
;

---------------------------- Solution miscs data ----------------------------
tetrahedron_surface_area [*] :=
 1 1.73205   10 1.73205   19 1.73205   28 1.73205   37 1.73205   46 1.73205
 2 1.73205   11 1.73205   20 1.73205   29 1.73205   38 1.73205   47 1.73205
 3 1.73205   12 1.73205   21 1.73205   30 1.73205   39 1.73205   48 1.73205
 4 1.73205   13 1.73205   22 1.73205   31 1.73205   40 1.73205   49 1.73205
 5 1.73205   14 1.73205   23 1.73205   32 1.73205   41 1.73205   50 1.73205
 6 1.73205   15 1.73205   24 1.73205   33 1.73205   42 1.73205
 7 1.73205   16 1.73205   25 1.73205   34 1.73205   43 1.73205
 8 1.73205   17 1.73205   26 1.73205   35 1.73205   44 1.73205
 9 1.73205   18 1.73205   27 1.73205   36 1.73205   45 1.73205
;

