Error at _cmdno 5 executing "solve" command
(file amplin, line 1961, offset 37058):
error processing param distances:
	3680 invalid subscripts discarded:
	distances[71,1,1]
	distances[71,1,2]
	distances[71,1,3]
	and 3677 more.
##### This license is only intended for use by NEOS. #####
##### License is valid until Jan 16, 2026 #####
ariables.
Substitution eliminates 1 variable.
Adjusted problem:
12918 variables:
	8088 nonlinear variables
	4830 linear variables
25903 constraints; 155161 nonzeros
	22925 nonlinear constraints
	2978 linear constraints
	2486 equality constraints
	23417 inequality constraints
1 nonlinear objective; 3 nonzeros.

Artelys Knitro 14.2.0: threads=4
algorithm=1
ms_enable=1
ms_maxsolves=10
feastol=1e-5
opttol=1e-5
honorbnds=1
bar_initpt=3
bar_murule=4
scale=1
outlev=2
maxtime_real=1200
WARNING:  Option 'threads' is deprecated, please use 'numthreads'.
WARNING: 1 constraint is constant or undefined and will be ignored.

=======================================
           Academic License
       (NOT FOR COMMERCIAL USE)
         Artelys Knitro 14.2.0
=======================================

No start point provided -- Knitro computing one.

Knitro presolve eliminated 0 variables and 1 constraint.

algorithm                1
bar_initpt               3
bar_murule               4
concurrent_evals         0
datacheck                0
feastol                  1e-05
findiff_numthreads       1
hessian_no_f             1
hessopt                  1
honorbnds                1
maxtime_real             1200
ms_enable                1
ms_maxsolves             10
numthreads               4
opttol                   1e-05

Problem Characteristics                                 (   Presolved)
-----------------------
Objective goal:  Minimize
Objective type:  general
Number of variables:                              12918 (       12918)
    bounded below only:                               1 (           1)
    bounded above only:                               0 (           0)
    bounded below and above:                          0 (           0)
    fixed:                                            0 (           0)
    free:                                         12917 (       12917)
Number of constraints:                            25903 (       25902)
    linear equalities:                                1 (           0)
    quadratic equalities:                          2415 (        2415)
    gen. nonlinear equalities:                       70 (          70)
    linear one-sided inequalities:                 2977 (        2977)
    quadratic one-sided inequalities:             20440 (       20440)
    gen. nonlinear one-sided inequalities:            0 (           0)
    linear two-sided inequalities:                    0 (           0)
    quadratic two-sided inequalities:                 0 (           0)
    gen. nonlinear two-sided inequalities:            0 (           0)
Number of nonzeros in Jacobian:                  155161 (      155161)
Number of nonzeros in Hessian:                    70668 (       70668)

Knitro parallel multistart will run with 4 threads.

Return codes description
------------------------
  0:  The final solution satisfies the termination conditions for verifying optimality.
  -100 to -199:  A feasible approximate solution was found.
  -200 to -299:  Knitro terminated at an infeasible point.
  -300 to -301:  The problem was determined to be unbounded.
  -400 to -499:  Knitro terminated because it reached a pre-defined limit.
    -400 to -409:  A feasible point was found.
    -410 to -419:  No feasible point was found.
  -500 to -599:  Knitro terminated with an input error or some non-standard error.
A more detailed description of individual return codes and their corresponding
termination messages is provided at
https://www.artelys.com/app/docs/knitro/3_referenceManual/returnCodes.html

 Solve #  ThreadID  Status     Objective      FeasError    OptError    Real Time 
--------  --------  ------  --------------   ----------   ----------  ----------
      0          0       0         3.30340  2.68395e-05  1.85476e-05      708.134
      2          3    -410     9.79233e+10      54456.8      16545.4      2489.16
      1          2    -410     1.96655e+10  6.58869e+06      5910.53      2595.56
      3          1    -410     4.03402e+12      680726.      425981.      2626.42
      4          0    -410     2.48477e+13  1.55114e+06  1.86756e+06      2592.94
      5          3    -410     8.51448e+10  2.16027e+06      17077.3      2590.14
      6          2    -410     1.10279e+12      523660.      131286.      2689.52
      7          1    -410     6.12598e+12      128.880      265156.      2673.98
      8          0    -410     1.65835e+12      40.7643      369372.      2498.09
      9          3    -410     2.51490e+12     0.119318      173075.      2299.40

MULTISTART: Best locally optimal solution is returned.
EXIT: Locally optimal solution found.

Final Statistics
----------------
Final objective value               =   3.30339861574970e+00
Final feasibility error (abs / rel) =   2.68e-05 / 4.87e-06
Final optimality error  (abs / rel) =   1.85e-05 / 3.08e-06
# of iterations                     =      93244 
# of CG iterations                  =          0 
# of function evaluations           =      98416
# of gradient evaluations           =      93366
# of Hessian evaluations            =      93280
Total program time (secs)           =    7379.06396 ( 23657.617 CPU time)

===============================================================================

Knitro 14.2.0: Locally optimal or satisfactory solution.
objective 3.303398616; feasibility error 2.68e-05
93244 iterations; 98416 function evaluations

suffix feaserror OUT;
suffix opterror OUT;
suffix numfcevals OUT;
suffix numiters OUT;
---------------------------- Solver Status Report ----------------------------
solve_result_num = 0
solve_result = solved
solve_message = 'Knitro 14.2.0: Locally optimal or satisfactory solution.\
objective 3.303398616; feasibility error 2.68e-05\
93244 iterations; 98416 function evaluations'


---------------------------- Problem Dimensions ----------------------------
Variables: 25414
Constraints: 25974
---------------------------- Container and geometric considerations  ----------------------------
Container type: cylinder
Structural conservation type: volume & surface
---------------------------- Solution execution data ----------------------------
solve_result_num = 0
solve_result = solved

---------------------------- Solution data ----------------------------
card(figures) = 70

coords [*,*,1]
:        1             2              3             4        :=
1    -0.193064    -0.266621      -1.01474       -1.03141
2     1.09118      0.655961       0.315373       0.82281
3     0.948188     0.102174       1.08731        1.05721
4     0.695712     1.09098        0.39069        0.981536
5     0.655958     0.272296       0.822808       0.205636
6     0.267782     0.780771       0.271995       0.797026
7    -0.968125    -1.03865       -0.606216      -0.474456
8    -1.03314     -1.04805       -0.175134      -1.03865
9     0.708276     0.415593       0.978619       0.263973
10    0.673049     0.269066       0.180107       0.086265
11    0.248303     0.109454      -0.287159       0.183136
12    0.110182     0.781165       0.184048      -0.26744
13   -0.202227    -0.574292      -1.0599        -0.776705
14   -0.44696      0.62477       -0.000565109    0.296328
15    0.183137    -0.287159       0.115109      -0.357475
16    0.0671201    1.00755        1.09254        1.06879
17   -0.547528     0.263967      -0.0725272     -0.266818
18   -1.04434     -0.329581      -0.822291      -0.223611
19    0.228552     0.0963097      0.696495       0.287008
20   -0.547536    -1.06058       -0.213041      -0.684969
21    0.305888    -0.193056      -0.496         -0.266601
22    0.746912     0.187605       1.05292        0.959767
23   -0.586253    -0.373208      -0.292926       0.116358
24   -0.0794895   -0.376273      -0.0319885      0.914424
25    0.270346     0.624772       1.05883        1.08731
26   -0.378665     0.0339314     -0.665441       0.583079
27   -0.608169    -0.516355       0.0317399      0.228002
28    0.134193    -0.85518       -0.446965      -1.03314
29   -0.516289     0.188251      -0.605616      -0.52116
30   -0.547531    -0.684968      -0.0772661     -0.213039
31    1.06879      0.307875       1.09           0.977934
32   -0.951316    -0.410016      -0.400531      -0.490134
33   -0.64699      0.467734       0.158859       0.1342
34    0.579818    -0.665442       0.0601056      0.362931
35   -0.19307     -1.03141       -0.266604      -0.496019
36    0.17797     -0.884021      -1.05997       -0.547536
37   -1.02087     -1.08155       -1.00725       -0.392396
38    0.233657    -0.676649      -0.183721       0.131928
39    0.178515     0.797029       0.767502       1.09254
40    0.750943     0.268839       0.205625       0.271607
41    0.113324    -0.215585      -1.0599        -0.482217
42    0.0646497    0.185369      -0.239406      -0.560129
43   -1.04805     -0.418178      -0.968125      -1.03865
44    0.296237    -0.000572204   -0.460189      -0.446962
45    0.0928782    0.132639       1.06879        0.248306
46   -0.214897     0.694187       0.399496       0.333791
47   -0.163114    -0.602919      -0.795176       0.210324
48    0.300369    -0.0749171     -0.0331756      0.951832
49   -0.458514    -0.628036      -0.514993      -0.982652
50    0.273263     0.226827       0.0982674     -0.406994
51    0.69414     -0.251144       0.400829       0.263969
52   -1.02086     -0.392395      -0.225463      -1.00721
53   -0.146137     0.143366       0.169268      -1.01163
54    0.0598397    1.0636         1.00755        0.655566
55    0.206537     0.254021       0.273718      -0.406955
56    0.960899     0.748695       0.376847       0.243235
57    0.269146     0.270347       1.05883        0.750939
58    0.777401    -0.241162       0.190018      -0.381983
59   -0.410014     0.0740345     -0.401328      -0.493578
60    0.125894     0.109335      -0.265426       0.769314
61    0.3944       0.686085       1.09117        0.316446
62   -0.253933    -0.393         -1.00029       -0.495105
63   -0.287163     0.115111      -0.357477      -0.751101
64    0.351894    -0.114655       0.263962      -0.284992
65    1.05717      1.02967        0.171595       0.959961
66    0.57744      0.65561        0.0926191      0.248306
67    0.248308     0.655625       0.577442       1.02649
68    0.376863    -0.0622359      0.257953       0.775834
69   -0.518275    -1.05213       -0.787414      -1.04153
70   -0.699197     0.181024       0.0423917     -0.317354

 [*,*,2]
:        1             2             3            4         :=
1     0.185026     1.04342       0.417665      0.374627
2     0.116096     0.879695      0.213294      0.726038
3    -0.552347     0.00562563    0.147967      0.294018
4     0.848606     0.117926      0.0333069     0.490647
5     0.879697     0.16977       0.72604       1.0779
6     0.0639492   -0.771067      0.137826      0.215898
7    -0.516607    -0.354053     -0.914685      0.136063
8     0.36983      0.325182      0.277218     -0.354049
9     0.796156    -0.0600569     0.496442      1.06511
10   -0.866689    -1.06384      -1.08245       0.0396951
11   -1.06887     -0.00360603   -1.0591       -1.08195
12    0.368421    -0.770666     -0.244566     -0.585619
13   -0.722956    -0.120644      0.28418      -0.775163
14    1.00219      0.902115      1.09733       0.0425353
15   -1.08195     -1.0591       -0.0863994    -1.03748
16    0.126537    -0.434731      0.102482     -0.248663
17    0.95098      1.06511       1.09494       0.294946
18   -0.336903    -1.04667      -0.726626     -0.402846
19    1.07327      1.0931        0.847964      0.115462
20    0.950975     0.281631      0.169275      0.857301
21    0.612764     0.185048      0.206751      1.04344
22   -0.803908     0.0325097    -0.309032     -0.531973
23    0.0268028    0.0492512    -0.73308       0.472295
24    0.268027    -0.219732     -0.832466     -0.509731
25   -0.0142921    0.902113      0.28813       0.147969
26   -0.219254    -0.9477       -0.872545     -0.435286
27   -0.913388    -0.968259     -1.09688      -0.198205
28    0.251703     0.31622       1.00218       0.369832
29   -0.968182    -0.239324     -0.910944     -0.153557
30    0.950978     0.857303      1.09461       0.169276
31   -0.248664    -0.0339222     0.126716      0.497789
32    0.546943     1.01786       1.02163      -0.0344629
33   -0.146898    -0.251715      0.230684      0.347726
34   -0.438311    -0.872546     -0.993397     -1.03558
35    0.185053     0.37462       1.04343       0.206747
36    0.11742      0.258238      0.283923      0.950974
37    0.402462     0.185463     -0.435418      0.186422
38    0.265002    -0.159164      0.756954      0.346132
39    0.123931     0.215896     -0.784275      0.102463
40    0.800145    -0.0165069     1.0779        0.179161
41   -0.0594158   -0.707286      0.284182     -0.264323
42    0.427069    -0.245834     -0.854265     -0.145624
43    0.325175     0.290571     -0.516603     -0.354049
44    0.042647     1.09734       0.243136      1.00218
45    0.0301403    0.0129196    -0.24867      -1.06887
46    0.370331     0.849854     -0.00437995    0.199227
47    0.272036    -0.908645     -0.142551     -0.220646
48   -0.229682     0.162109     -0.80492      -0.546042
49    0.153621    -0.899844     -0.968981     -0.488408
50    0.171485     1.07364       1.09293       1.01907
51    0.849891     0.351133     -0.00473267    1.06511
52    0.40248      0.186419      0.194196     -0.43538
53   -0.787569     0.166255      0.118113      0.21289
54    0.130871    -0.269998     -0.434732     -0.879987
55    1.07772      0.241031      0.170872      1.01909
56   -0.529924    -0.802249     -1.0306       -0.21273
57    0.175198    -0.0142783     0.288132      0.800145
58   -0.774465    -1.07051      -0.241193     -0.564236
59    1.01786      0.4203        1.02132      -0.079717
60    0.202043     0.391707     -0.588026     -0.753517
61    0.0437589    0.856386      0.116118      0.213164
62   -1.06755      0.123024     -0.451193     -0.33584
63   -1.0591      -0.0863873    -1.03748      -0.799997
64    0.511761     1.04449       1.06511       0.118387
65    0.294182    -0.295103      0.0265673    -0.531623
66   -0.0758441   -0.879957      0.0300487    -1.06887
67   -1.06887     -0.879946     -0.0758438    -0.387894
68   -1.03059     -1.09557      -0.30284      -0.776035
69   -0.179553     0.311735     -0.764281     -0.345493
70    0.118119     0.502119     -0.037673     -0.566791

 [*,*,3]
:        1             2            3            4         :=
1     0.349133    -0.125813      0.587947    -0.40636
2    -0.101193    -0.315432      0.10091      0.987849
3     1.29201      0.968149      1.34756      0.281184
4    -0.304081    -0.100635     -1.18056     -1.36519
5    -0.315434     0.0256208     0.987848     0.832627
6     0.799626    -0.0889559    -0.521177     0.46838
7     0.0366015    1.34755       1.24513      0.45231
8     1.34756      0.212419      1.20525      1.34756
9    -0.412337    -1.37734      -1.39578     -1.39578
10   -0.0928373   -1.33699      -0.118159    -0.682505
11   -1.39578     -0.922258     -1.39578     -0.159535
12   -0.052775    -0.100251      0.465192    -0.475795
13   -1.39578     -0.278292     -1.38805     -1.30176
14    1.34756      1.34756       0.60644      1.34756
15   -0.159524    -1.39577      -0.863682    -0.0749484
16   -0.757182    -0.0949699    -0.206925    -1.39577
17   -1.39578     -1.39578      -0.169551    -1.15596
18   -0.102844    -0.0214869    -1.20673     -0.857351
19    0.778154    -0.537944     -0.428861    -0.0465741
20   -1.39578     -0.490632     -1.11        -0.0834049
21   -0.417231     0.349136     -0.903142    -0.12582
22   -0.0138673    0.844952     -0.0374853    1.26314
23   -0.793381     0.512032      0.0994599   -0.260457
24    1.21756      1.34756       0.484987     1.34756
25    1.34303      1.34756       0.32478      1.34756
26    1.34747      0.323196      1.34756      1.34756
27    1.24038     -0.0781574     0.235928     0.506002
28    1.34756      0.471784      1.34756      1.34756
29   -0.0780772    0.474813      1.24053      0.817747
30   -1.39578     -0.0834081    -0.181051    -1.10999
31   -1.39578     -1.14581      -0.127465    -1.39227
32    0.48227     -0.0449234     1.27791      0.615387
33    0.897287     0.293584      1.16009     -0.0488031
34    1.34154      1.34756       0.259054     1.34756
35    0.349109    -0.406363     -0.125812    -0.903206
36   -1.39578     -0.619672     -1.39578     -1.39578
37    0.235661    -1.06788       0.0468889   -0.744546
38    1.19131      0.8724        0.678487    -0.0445925
39   -0.69737      0.468382     -0.119991    -0.206914
40    1.09563      1.34231       0.832624     0.0339909
41   -0.882594    -1.39578      -1.38805     -0.518642
42   -0.175592     0.468673     -0.0501763    0.840115
43    0.212422     0.928803      0.0366037    1.34755
44    1.34756      0.606441      0.787251     1.34756
45   -0.676054    -1.39578      -1.39578     -1.39578
46   -1.17931     -0.429769     -1.39578     -0.090321
47    1.34756      1.23793       0.961224     0.453526
48    0.393942     1.14705       0.503323     1.34756
49    0.46936      1.1817       -0.0927425   -0.0245131
50   -0.103379     0.76116      -0.518264     0.375811
51   -0.429748    -1.20928      -1.39578     -1.39578
52    0.235956    -0.744542      0.35857      0.0468411
53   -1.39578     -0.752613     -1.39578     -1.39578
54   -0.762267    -1.25197      -0.0949733   -0.151328
55    0.754575     1.21712      -0.10374      0.375857
56    1.2722      -0.00483166    1.12505      0.319052
57    0.0338174    1.34303       0.324777     1.09557
58   -0.109853     0.0732063     0.475533    -0.514646
59   -0.0449238    0.0873153     1.16565      0.64379
60   -0.750571    -0.046557     -0.475654    -0.100255
61   -1.16961     -0.314258     -0.10121      0.100624
62   -0.0488564    0.47754      -0.0127205   -0.660636
63   -1.39578     -0.863665     -0.0749538   -0.993963
64   -0.494193    -0.128356     -1.39572     -0.939921
65    0.281011    -0.0358324     0.918226     1.26386
66   -1.01479     -0.151411     -0.675954    -1.39576
67   -1.39578     -0.15144      -1.01479     -1.32205
68    1.125       -0.0114739     0.407852    -0.110326
69   -0.167501    -1.27368      -1.3232      -0.125674
70   -1.1133      -0.203489     -0.912667    -0.0479028
;

radius = 1.09734
height = 2.74334
softness = 0.75

---------------------------- Solution coords data ----------------------------
distances [*,1,*]
:    1   2   3   4    :=
1    0   1   0   1
2    0   1   0   1
3    0   1   0   1
4    0   1   0   1
5    0   1   0   1
6    0   1   0   1
7    0   1   0   1
8    0   1   0   1
9    0   1   0   1
10   0   1   0   1
11   0   1   0   1
12   0   1   0   1
13   0   1   0   1
14   0   1   0   1
15   0   1   0   1
16   0   1   0   1
17   0   1   0   1
18   0   1   0   1
19   0   1   0   1
20   0   1   0   1
21   0   1   0   1
22   0   1   0   1
23   0   1   0   1
24   0   1   0   1
25   0   1   0   1
26   0   1   0   1
27   0   1   0   1
28   0   1   0   1
29   0   1   0   1
30   0   1   0   1
31   0   1   0   1
32   0   1   0   1
33   0   1   0   1
34   0   1   0   1
35   0   1   0   1
36   0   1   0   1
37   0   1   0   1
38   0   1   0   1
39   0   1   0   1
40   0   1   0   1
41   0   1   0   1
42   0   1   0   1
43   0   1   0   1
44   0   1   0   1
45   0   1   0   1
46   0   1   0   1
47   0   1   0   1
48   0   1   0   1
49   0   1   0   1
50   0   1   0   1
51   0   1   0   1
52   0   1   0   1
53   0   1   0   1
54   0   1   0   1
55   0   1   0   1
56   0   1   0   1
57   0   1   0   1
58   0   1   0   1
59   0   1   0   1
60   0   1   0   1
61   0   1   0   1
62   0   1   0   1
63   0   1   0   1
64   0   1   0   1
65   0   1   0   1
66   0   1   0   1
67   0   1   0   1
68   0   1   0   1
69   0   1   0   1
70   0   1   0   1

 [*,2,*]
:    1   2   3   4    :=
1    0   0   1   1
2    0   0   1   1
3    0   0   1   1
4    0   0   1   1
5    0   0   1   1
6    0   0   1   1
7    0   0   1   1
8    0   0   1   1
9    0   0   1   1
10   0   0   1   1
11   0   0   1   1
12   0   0   1   1
13   0   0   1   1
14   0   0   1   1
15   0   0   1   1
16   0   0   1   1
17   0   0   1   1
18   0   0   1   1
19   0   0   1   1
20   0   0   1   1
21   0   0   1   1
22   0   0   1   1
23   0   0   1   1
24   0   0   1   1
25   0   0   1   1
26   0   0   1   1
27   0   0   1   1
28   0   0   1   1
29   0   0   1   1
30   0   0   1   1
31   0   0   1   1
32   0   0   1   1
33   0   0   1   1
34   0   0   1   1
35   0   0   1   1
36   0   0   1   1
37   0   0   1   1
38   0   0   1   1
39   0   0   1   1
40   0   0   1   1
41   0   0   1   1
42   0   0   1   1
43   0   0   1   1
44   0   0   1   1
45   0   0   1   1
46   0   0   1   1
47   0   0   1   1
48   0   0   1   1
49   0   0   1   1
50   0   0   1   1
51   0   0   1   1
52   0   0   1   1
53   0   0   1   1
54   0   0   1   1
55   0   0   1   1
56   0   0   1   1
57   0   0   1   1
58   0   0   1   1
59   0   0   1   1
60   0   0   1   1
61   0   0   1   1
62   0   0   1   1
63   0   0   1   1
64   0   0   1   1
65   0   0   1   1
66   0   0   1   1
67   0   0   1   1
68   0   0   1   1
69   0   0   1   1
70   0   0   1   1

 [*,3,*]
:    1   2   3   4    :=
1    1   0   0   1
2    1   0   0   1
3    1   0   0   1
4    1   0   0   1
5    1   0   0   1
6    1   0   0   1
7    1   0   0   1
8    1   0   0   1
9    1   0   0   1
10   1   0   0   1
11   1   0   0   1
12   1   0   0   1
13   1   0   0   1
14   1   0   0   1
15   1   0   0   1
16   1   0   0   1
17   1   0   0   1
18   1   0   0   1
19   1   0   0   1
20   1   0   0   1
21   1   0   0   1
22   1   0   0   1
23   1   0   0   1
24   1   0   0   1
25   1   0   0   1
26   1   0   0   1
27   1   0   0   1
28   1   0   0   1
29   1   0   0   1
30   1   0   0   1
31   1   0   0   1
32   1   0   0   1
33   1   0   0   1
34   1   0   0   1
35   1   0   0   1
36   1   0   0   1
37   1   0   0   1
38   1   0   0   1
39   1   0   0   1
40   1   0   0   1
41   1   0   0   1
42   1   0   0   1
43   1   0   0   1
44   1   0   0   1
45   1   0   0   1
46   1   0   0   1
47   1   0   0   1
48   1   0   0   1
49   1   0   0   1
50   1   0   0   1
51   1   0   0   1
52   1   0   0   1
53   1   0   0   1
54   1   0   0   1
55   1   0   0   1
56   1   0   0   1
57   1   0   0   1
58   1   0   0   1
59   1   0   0   1
60   1   0   0   1
61   1   0   0   1
62   1   0   0   1
63   1   0   0   1
64   1   0   0   1
65   1   0   0   1
66   1   0   0   1
67   1   0   0   1
68   1   0   0   1
69   1   0   0   1
70   1   0   0   1

 [*,4,*]
:    1   2   3   4    :=
1    1   1   1   0
2    1   1   1   0
3    1   1   1   0
4    1   1   1   0
5    1   1   1   0
6    1   1   1   0
7    1   1   1   0
8    1   1   1   0
9    1   1   1   0
10   1   1   1   0
11   1   1   1   0
12   1   1   1   0
13   1   1   1   0
14   1   1   1   0
15   1   1   1   0
16   1   1   1   0
17   1   1   1   0
18   1   1   1   0
19   1   1   1   0
20   1   1   1   0
21   1   1   1   0
22   1   1   1   0
23   1   1   1   0
24   1   1   1   0
25   1   1   1   0
26   1   1   1   0
27   1   1   1   0
28   1   1   1   0
29   1   1   1   0
30   1   1   1   0
31   1   1   1   0
32   1   1   1   0
33   1   1   1   0
34   1   1   1   0
35   1   1   1   0
36   1   1   1   0
37   1   1   1   0
38   1   1   1   0
39   1   1   1   0
40   1   1   1   0
41   1   1   1   0
42   1   1   1   0
43   1   1   1   0
44   1   1   1   0
45   1   1   1   0
46   1   1   1   0
47   1   1   1   0
48   1   1   1   0
49   1   1   1   0
50   1   1   1   0
51   1   1   1   0
52   1   1   1   0
53   1   1   1   0
54   1   1   1   0
55   1   1   1   0
56   1   1   1   0
57   1   1   1   0
58   1   1   1   0
59   1   1   1   0
60   1   1   1   0
61   1   1   1   0
62   1   1   1   0
63   1   1   1   0
64   1   1   1   0
65   1   1   1   0
66   1   1   1   0
67   1   1   1   0
68   1   1   1   0
69   1   1   1   0
70   1   1   1   0
;

---------------------------- Solution stats data ----------------------------
_ampl_time = 0.117711
_total_solve_time = 23657.9
_ampl_elapsed_time = 0.114327
_ampl_user_time = 0.09001

Total time elapsed: $23657.91.
_total_solve_time = 23657.9

---------------------------- Solution miscs data ----------------------------
tetrahedron_volume [*] :=
 1 0.117851   15 0.117851   29 0.117851   43 0.117851   57 0.117851
 2 0.117851   16 0.117851   30 0.117851   44 0.117851   58 0.117851
 3 0.117851   17 0.117851   31 0.117851   45 0.117851   59 0.117851
 4 0.117851   18 0.117851   32 0.117851   46 0.117851   60 0.117851
 5 0.117851   19 0.117851   33 0.117851   47 0.117851   61 0.117851
 6 0.117851   20 0.117851   34 0.117851   48 0.117851   62 0.117851
 7 0.117851   21 0.117851   35 0.117851   49 0.117851   63 0.117851
 8 0.117851   22 0.117851   36 0.117851   50 0.117851   64 0.117851
 9 0.117851   23 0.117851   37 0.117851   51 0.117851   65 0.117851
10 0.117851   24 0.117851   38 0.117851   52 0.117851   66 0.117851
11 0.117851   25 0.117851   39 0.117851   53 0.117851   67 0.117851
12 0.117851   26 0.117851   40 0.117851   54 0.117851   68 0.117851
13 0.117851   27 0.117851   41 0.117851   55 0.117851   69 0.117851
14 0.117851   28 0.117851   42 0.117851   56 0.117851   70 0.117851
;

---------------------------- Solution miscs data ----------------------------
tetrahedron_surface_area [*] :=
 1 0    8 0   15 0   22 0   29 0   36 0   43 0   50 0   57 0   64 0
 2 0    9 0   16 0   23 0   30 0   37 0   44 0   51 0   58 0   65 0
 3 0   10 0   17 0   24 0   31 0   38 0   45 0   52 0   59 0   66 0
 4 0   11 0   18 0   25 0   32 0   39 0   46 0   53 0   60 0   67 0
 5 0   12 0   19 0   26 0   33 0   40 0   47 0   54 0   61 0   68 0
 6 0   13 0   20 0   27 0   34 0   41 0   48 0   55 0   62 0   69 0
 7 0   14 0   21 0   28 0   35 0   42 0   49 0   56 0   63 0   70 0
;

