Error at _cmdno 5 executing "solve" command
(file amplin, line 1945, offset 37257):
error processing param distances:
	4000 invalid subscripts discarded:
	distances[51,1,1]
	distances[51,1,2]
	distances[51,1,3]
	and 3997 more.
##### This license is only intended for use by NEOS. #####
##### License is valid until Jan 16, 2026 #####
riables.
Adjusted problem:
6726 variables:
	4276 nonlinear variables
	2450 linear variables
13100 constraints; 79725 nonzeros
	11875 nonlinear constraints
	1225 linear constraints
	1275 equality constraints
	11825 inequality constraints
1 linear objective; 1 nonzero.

Artelys Knitro 14.2.0: threads=4
algorithm=1
ms_enable=1
ms_maxsolves=10
feastol=1e-5
opttol=1e-5
honorbnds=1
bar_initpt=3
bar_murule=4
scale=1
outlev=2
maxtime_real=3600
WARNING:  Option 'threads' is deprecated, please use 'numthreads'.

=======================================
           Academic License
       (NOT FOR COMMERCIAL USE)
         Artelys Knitro 14.2.0
=======================================

No start point provided -- Knitro computing one.

Knitro presolve eliminated 0 variables and 0 constraints.

algorithm                1
bar_initpt               3
bar_murule               4
concurrent_evals         0
datacheck                0
feastol                  1e-05
findiff_numthreads       1
hessian_no_f             1
hessopt                  1
honorbnds                1
maxtime_real             3600
ms_enable                1
ms_maxsolves             10
numthreads               4
opttol                   1e-05

Problem Characteristics                                 (   Presolved)
-----------------------
Objective goal:  Minimize
Objective type:  linear
Number of variables:                               6726 (        6726)
    bounded below only:                             601 (         601)
    bounded above only:                               0 (           0)
    bounded below and above:                          0 (           0)
    fixed:                                            0 (           0)
    free:                                          6125 (        6125)
Number of constraints:                            13100 (       13100)
    linear equalities:                                0 (           0)
    quadratic equalities:                          1225 (        1225)
    gen. nonlinear equalities:                       50 (          50)
    linear one-sided inequalities:                 1225 (        1225)
    quadratic one-sided inequalities:             10600 (       10600)
    gen. nonlinear one-sided inequalities:            0 (           0)
    linear two-sided inequalities:                    0 (           0)
    quadratic two-sided inequalities:                 0 (           0)
    gen. nonlinear two-sided inequalities:            0 (           0)
Number of nonzeros in Jacobian:                   79725 (       79725)
Number of nonzeros in Hessian:                    36976 (       36976)

Knitro parallel multistart will run with 4 threads.

Return codes description
------------------------
  0:  The final solution satisfies the termination conditions for verifying optimality.
  -100 to -199:  A feasible approximate solution was found.
  -200 to -299:  Knitro terminated at an infeasible point.
  -300 to -301:  The problem was determined to be unbounded.
  -400 to -499:  Knitro terminated because it reached a pre-defined limit.
    -400 to -409:  A feasible point was found.
    -410 to -419:  No feasible point was found.
  -500 to -599:  Knitro terminated with an input error or some non-standard error.
A more detailed description of individual return codes and their corresponding
termination messages is provided at
https://www.artelys.com/app/docs/knitro/3_referenceManual/returnCodes.html

 Solve #  ThreadID  Status     Objective      FeasError    OptError    Real Time 
--------  --------  ------  --------------   ----------   ----------  ----------
      5          0    -202         1595.56      22991.1      72.8125      124.731
      4          0    -202         408.263      25313.4      3.17839      108.079
      0          0       0         1.36897  7.29489e-05  3.90121e-06      242.776
      2          3    -410         4548.49      25961.1      1.00000      1371.14
      8          2    -410         5396.02      88.5017      34.9020      2519.72
      9          1    -410         8804.00      33.7555     0.999847      2500.27
      6          0    -410         633.500  5.70851e-03     0.150951      1613.88
      3          2    -410         1749.27  2.68530e-02  9.16954e-02      1530.77
      1          1    -410         3719.24     0.234173     0.999986      1656.51
      7          3    -410         15202.5  5.20411e-02      3.05998      2482.69

MULTISTART: Best locally optimal solution is returned.
EXIT: Locally optimal solution found.

Final Statistics
----------------
Final objective value               =   1.36897091945161e+00
Final feasibility error (abs / rel) =   7.29e-05 / 6.80e-08
Final optimality error  (abs / rel) =   3.90e-06 / 3.90e-06
# of iterations                     =      73880 
# of CG iterations                  =          0 
# of function evaluations           =     108321
# of gradient evaluations           =      74153
# of Hessian evaluations            =      73928
Total program time (secs)           =    4158.33301 ( 13320.263 CPU time)

===============================================================================

Knitro 14.2.0: Locally optimal or satisfactory solution.
objective 1.368970919; feasibility error 7.29e-05
73880 iterations; 108321 function evaluations

suffix feaserror OUT;
suffix opterror OUT;
suffix numfcevals OUT;
suffix numiters OUT;
---------------------------- Container and geometric considerations  ----------------------------
Container type: sphere
Structural conservation type: surface
---------------------------- Solution execution data ----------------------------
solve_result_num = 0
solve_result = solved

---------------------------- Solution data ----------------------------
card(figures) = 50

coords [*,*,1]
:       1         2         3         4       :=
1    19.885    20.4389   19.3938   19.9665
2    20.9669   20.5609   20.1672   20.0478
3    18.8967   18.6387   19.6289   18.8973
4    19.4671   19.631    18.8637   19.7954
5    20.3969   21.1321   20.1915   20.3758
6    19.7149   19.828    20.6208   20.0017
7    20.9134   20.5325   20.0419   20.0735
8    19.6507   20.0508   20.0466   20.5932
9    20.8785   19.9412   19.9489   20.3058
10   20.5648   19.7712   20.505    20.1236
11   20.3969   20.2583   21.1321   20.7363
12   20.2583   19.6951   20.7091   20.3969
13   19.2783   19.9507   19.0741   19.9136
14   21.0469   21.3077   20.4026   21.2555
15   20.3969   19.5101   20.0741   20.3583
16   20.0021   20.0154   20.7712   20.4915
17   19.2213   18.7997   19.5158   19.7585
18   19.1174   18.9703   19.6295   19.8415
19   20.7492   20.1962   19.7213   20.4595
20   18.8945   19.7029   19.4604   18.8652
21   19.2925   19.8246   18.8035   19.5808
22   19.2938   19.9781   20.0055   20.2499
23   21.3176   20.3524   20.6722   20.7597
24   21.3075   21.257    20.393    21.0857
25   20.2402   19.9497   19.2715   19.4991
26   18.6348   19.6672   18.9897   19.0218
27   20.5655   20.5029   21.1797   20.1947
28   21.2943   20.5022   20.3746   20.8115
29   20.1641   20.5479   19.5162   20.0612
30   20.6804   21.2708   21.0997   20.359
31   19.9484   19.3625   19.9607   20.3031
32   19.6674   19.6238   19.0374   18.8487
33   19.8604   19.7154   19.0124   19.8288
34   20.6575   20.8957   20.3148   21.313
35   18.9937   19.0129   19.6711   18.6522
36   19.9252   19.1235   20.1027   19.6297
37   20.0897   20.1944   19.9552   19.2698
38   19.6907   19.2141   19.0841   18.6528
39   19.8643   19.6552   19.0221   19.8961
40   19.6187   20.2423   20.0449   20.6405
41   20.3217   19.8479   19.3677   19.525
42   20.2352   20.1089   20.8791   19.9908
43   19.6315   19.9063   20.4225   19.4672
44   19.5131   20.0742   19.2209   19.7958
45   20.1946   20.0849   20.1057   20.9075
46   20.2997   21.0881   20.1769   20.8906
47   19.888    18.9668   19.3506   19.729
48   21.1805   20.2218   21.0046   20.4742
49   20.9832   20.2252   21.2123   20.5601
50   19.1829   19.2925   19.8246   18.8035

 [*,*,2]
:       1         2         3         4       :=
1    19.8709   19.1847   19.1876   19.8911
2    20.4213   21.1658   20.3116   20.7282
3    19.5353   20.1442   19.8366   19.2683
4    18.7587   19.1982   19.5019   19.6939
5    20.6417   20.5362   20.3195   21.2495
6    20.0211   19.1269   19.7761   19.8054
7    18.9803   19.3321   19.5636   18.6908
8    21.2404   20.7319   20.2841   21.1753
9    20.4145   20.7455   20.1718   19.8608
10   18.8724   19.0956   19.6542   19.8019
11   20.6417   20.0042   20.5362   19.7537
12   20.0042   20.0065   19.7459   20.6417
13   21.1314   21.3163   20.7959   20.3997
14   20.8697   20.0169   20.0425   20.0188
15   20.6417   20.8917   20.2326   21.239
16   19.7004   20.1474   20.2085   19.3313
17   18.8741   19.5665   19.1552   19.6756
18   20.584    19.546    19.9656   19.9652
19   20.4143   19.5357   20.3554   20.0841
20   19.2689   19.7742   18.7623   19.4974
21   20.8952   20.0936   20.2945   20.8436
22   21.145    20.4204   21.3033   21.2411
23   19.8462   19.8207   19.3555   20.3123
24   20.0168   20.0189   19.9408   19.1674
25   19.516    20.3692   19.874    19.5336
26   20.0754   19.9749   19.4524   20.3916
27   18.8752   19.6625   19.5977   19.7187
28   19.9065   20.1974   19.6683   20.5497
29   19.7088   19.2237   19.3193   18.6848
30   19.6812   19.5772   20.4099   19.8955
31   20.732    19.877    20.1211   19.8693
32   19.5612   20.1183   20.3691   19.5069
33   19.8774   20.0144   19.5771   19.1224
34   19.3501   18.9788   19.7357   19.8371
35   20.2773   19.4178   20.232    20.2385
36   20.0237   20.5802   20.7857   19.9654
37   18.6833   18.7729   19.6014   18.8452
38   20.2295   21.1148   20.6934   20.2412
39   20.2616   21.2377   20.5824   20.667
40   20.3331   19.4935   20.0502   20.4558
41   20.9628   20.0303   20.7206   20.9063
42   21.2709   20.3668   21.0119   21.2874
43   19.1993   19.6212   18.8674   18.7589
44   19.152    18.6802   18.8744   19.6534
45   18.7755   18.6905   19.6495   18.9752
46   21.277    20.6203   20.3453   20.9968
47   20.6675   20.5629   19.8512   20.1878
48   19.5997   19.6889   19.0961   18.8258
49   20.3191   20.3223   20.636    21.1664
50   19.8823   20.8952   20.0936   20.2945

 [*,*,3]
:       1         2         3         4       :=
1    18.642    18.9917   19.0799   19.6064
2    19.1272   19.5524   19.7969   18.8418
3    20.6639   19.9836   20.1414   19.6497
4    20.2218   21.0464   20.5786   20.1369
5    21.1423   20.5522   20.1655   20.4141
6    21.3388   21.0403   21.1994   20.3533
7    19.9912   19.0795   19.977    19.6068
8    19.538    18.8442   19.7074   19.6247
9    19.1881   18.8533   19.6088   18.6729
10   20.5325   21.0019   21.2245   20.3293
11   21.1423   20.3211   20.5522   21.1275
12   20.3211   21.2059   21.1431   21.1423
13   20.2705   19.6273   19.3809   19.8691
14   20.1473   19.5955   20.1246   20.5455
15   21.1423   20.916    20.3265   20.4062
16   18.6642   19.6129   18.8883   19.3907
17   20.0043   19.5047   19.0378   19.9154
18   20.8121   20.7795   21.3174   20.3729
19   20.0917   19.9423   19.8915   19.2144
20   19.6574   20.0946   20.2257   20.5777
21   20.0487   20.4661   20.5965   20.9933
22   20.2536   19.9271   19.5812   20.5209
23   19.6619   19.7591   18.9966   18.9269
24   19.5947   20.542    20.1026   19.9541
25   19.9046   19.6083   20.0497   19.1626
26   20.0677   20.16     20.744    20.874
27   20.5376   21.2277   20.5661   20.2268
28   19.5641   19.1307   20.0084   20.0689
29   19.8272   19.0145   19.1772   19.625
30   21.1443   20.2837   20.7048   20.1692
31   18.8443   18.7948   19.621    18.6714
32   18.9141   19.8016   19.0993   19.4472
33   20.3093   21.339    20.8485   21.0366
34   18.9903   19.8302   19.9035   19.6485
35   19.1143   19.715    19.7768   20.0253
36   20.4179   20.802    21.1163   21.3175
37   19.6364   20.575    19.9779   20.0852
38   19.8184   20.1172   19.2554   19.9692
39   19.7758   19.5276   19.2394   18.809
40   19.8708   19.9491   20.6914   20.0729
41   20.3547   20.4316   19.9925   20.9094
42   20.4511   20.0231   19.7219   19.5345
43   21.0475   20.1274   20.6424   20.2234
44   19.0419   19.644    20.0102   19.9187
45   20.5804   19.6101   20.0341   19.9872
46   20.3917   20.5524   20.1121   19.7044
47   18.81     19.3003   18.8041   19.7225
48   20.5659   20.15     19.7814   20.5201
49   19.1024   19.8274   19.9928   19.5531
50   19.8      20.0487   20.4661   20.5965
;

radius = 1.36897
softness = 0.1

---------------------------- Solution coords data ----------------------------
distances [*,1,*]
:    1   2   3   4    :=
1    0   1   0   1
2    0   1   0   1
3    0   1   0   1
4    0   1   0   1
5    0   1   0   1
6    0   1   0   1
7    0   1   0   1
8    0   1   0   1
9    0   1   0   1
10   0   1   0   1
11   0   1   0   1
12   0   1   0   1
13   0   1   0   1
14   0   1   0   1
15   0   1   0   1
16   0   1   0   1
17   0   1   0   1
18   0   1   0   1
19   0   1   0   1
20   0   1   0   1
21   0   1   0   1
22   0   1   0   1
23   0   1   0   1
24   0   1   0   1
25   0   1   0   1
26   0   1   0   1
27   0   1   0   1
28   0   1   0   1
29   0   1   0   1
30   0   1   0   1
31   0   1   0   1
32   0   1   0   1
33   0   1   0   1
34   0   1   0   1
35   0   1   0   1
36   0   1   0   1
37   0   1   0   1
38   0   1   0   1
39   0   1   0   1
40   0   1   0   1
41   0   1   0   1
42   0   1   0   1
43   0   1   0   1
44   0   1   0   1
45   0   1   0   1
46   0   1   0   1
47   0   1   0   1
48   0   1   0   1
49   0   1   0   1
50   0   1   0   1

 [*,2,*]
:    1   2   3   4    :=
1    0   0   1   1
2    0   0   1   1
3    0   0   1   1
4    0   0   1   1
5    0   0   1   1
6    0   0   1   1
7    0   0   1   1
8    0   0   1   1
9    0   0   1   1
10   0   0   1   1
11   0   0   1   1
12   0   0   1   1
13   0   0   1   1
14   0   0   1   1
15   0   0   1   1
16   0   0   1   1
17   0   0   1   1
18   0   0   1   1
19   0   0   1   1
20   0   0   1   1
21   0   0   1   1
22   0   0   1   1
23   0   0   1   1
24   0   0   1   1
25   0   0   1   1
26   0   0   1   1
27   0   0   1   1
28   0   0   1   1
29   0   0   1   1
30   0   0   1   1
31   0   0   1   1
32   0   0   1   1
33   0   0   1   1
34   0   0   1   1
35   0   0   1   1
36   0   0   1   1
37   0   0   1   1
38   0   0   1   1
39   0   0   1   1
40   0   0   1   1
41   0   0   1   1
42   0   0   1   1
43   0   0   1   1
44   0   0   1   1
45   0   0   1   1
46   0   0   1   1
47   0   0   1   1
48   0   0   1   1
49   0   0   1   1
50   0   0   1   1

 [*,3,*]
:    1   2   3   4    :=
1    1   0   0   1
2    1   0   0   1
3    1   0   0   1
4    1   0   0   1
5    1   0   0   1
6    1   0   0   1
7    1   0   0   1
8    1   0   0   1
9    1   0   0   1
10   1   0   0   1
11   1   0   0   1
12   1   0   0   1
13   1   0   0   1
14   1   0   0   1
15   1   0   0   1
16   1   0   0   1
17   1   0   0   1
18   1   0   0   1
19   1   0   0   1
20   1   0   0   1
21   1   0   0   1
22   1   0   0   1
23   1   0   0   1
24   1   0   0   1
25   1   0   0   1
26   1   0   0   1
27   1   0   0   1
28   1   0   0   1
29   1   0   0   1
30   1   0   0   1
31   1   0   0   1
32   1   0   0   1
33   1   0   0   1
34   1   0   0   1
35   1   0   0   1
36   1   0   0   1
37   1   0   0   1
38   1   0   0   1
39   1   0   0   1
40   1   0   0   1
41   1   0   0   1
42   1   0   0   1
43   1   0   0   1
44   1   0   0   1
45   1   0   0   1
46   1   0   0   1
47   1   0   0   1
48   1   0   0   1
49   1   0   0   1
50   1   0   0   1

 [*,4,*]
:    1   2   3   4    :=
1    1   1   1   0
2    1   1   1   0
3    1   1   1   0
4    1   1   1   0
5    1   1   1   0
6    1   1   1   0
7    1   1   1   0
8    1   1   1   0
9    1   1   1   0
10   1   1   1   0
11   1   1   1   0
12   1   1   1   0
13   1   1   1   0
14   1   1   1   0
15   1   1   1   0
16   1   1   1   0
17   1   1   1   0
18   1   1   1   0
19   1   1   1   0
20   1   1   1   0
21   1   1   1   0
22   1   1   1   0
23   1   1   1   0
24   1   1   1   0
25   1   1   1   0
26   1   1   1   0
27   1   1   1   0
28   1   1   1   0
29   1   1   1   0
30   1   1   1   0
31   1   1   1   0
32   1   1   1   0
33   1   1   1   0
34   1   1   1   0
35   1   1   1   0
36   1   1   1   0
37   1   1   1   0
38   1   1   1   0
39   1   1   1   0
40   1   1   1   0
41   1   1   1   0
42   1   1   1   0
43   1   1   1   0
44   1   1   1   0
45   1   1   1   0
46   1   1   1   0
47   1   1   1   0
48   1   1   1   0
49   1   1   1   0
50   1   1   1   0
;

---------------------------- Solution stats data ----------------------------
_ampl_time = 0.059561
_total_solve_time = 13320.5
_ampl_elapsed_time = 0.056737
_ampl_user_time = 0.048457

Total time elapsed: $13320.50.
_total_solve_time = 13320.5

---------------------------- Solution miscs data ----------------------------
tetrahedron_volume [*] :=
 1 0    6 0   11 0   16 0   21 0   26 0   31 0   36 0   41 0   46 0
 2 0    7 0   12 0   17 0   22 0   27 0   32 0   37 0   42 0   47 0
 3 0    8 0   13 0   18 0   23 0   28 0   33 0   38 0   43 0   48 0
 4 0    9 0   14 0   19 0   24 0   29 0   34 0   39 0   44 0   49 0
 5 0   10 0   15 0   20 0   25 0   30 0   35 0   40 0   45 0   50 0
;

---------------------------- Solution miscs data ----------------------------
tetrahedron_surface_area [*] :=
 1 1.73205   10 1.73205   19 1.73205   28 1.73205   37 1.73205   46 1.73205
 2 1.73205   11 1.73205   20 1.73205   29 1.73205   38 1.73205   47 1.73205
 3 1.73205   12 1.73205   21 1.73205   30 1.73205   39 1.73205   48 1.73205
 4 1.73205   13 1.73205   22 1.73205   31 1.73205   40 1.73205   49 1.73205
 5 1.73205   14 1.73205   23 1.73205   32 1.73205   41 1.73205   50 1.73205
 6 1.73205   15 1.73205   24 1.73205   33 1.73205   42 1.73205
 7 1.73205   16 1.73205   25 1.73205   34 1.73205   43 1.73205
 8 1.73205   17 1.73205   26 1.73205   35 1.73205   44 1.73205
 9 1.73205   18 1.73205   27 1.73205   36 1.73205   45 1.73205
;

