Error at _cmdno 5 executing "solve" command
(file amplin, line 1945, offset 37257):
error processing param distances:
	3680 invalid subscripts discarded:
	distances[71,1,1]
	distances[71,1,2]
	distances[71,1,3]
	and 3677 more.
##### This license is only intended for use by NEOS. #####
##### License is valid until Jan 16, 2026 #####
ariables.
Adjusted problem:
12916 variables:
	8086 nonlinear variables
	4830 linear variables
25340 constraints; 154315 nonzeros
	22925 nonlinear constraints
	2415 linear constraints
	2485 equality constraints
	22855 inequality constraints
1 linear objective; 1 nonzero.

Artelys Knitro 14.2.0: threads=4
algorithm=1
ms_enable=1
ms_maxsolves=10
feastol=1e-5
opttol=1e-5
honorbnds=1
bar_initpt=3
bar_murule=4
scale=1
outlev=2
maxtime_real=3600
WARNING:  Option 'threads' is deprecated, please use 'numthreads'.

=======================================
           Academic License
       (NOT FOR COMMERCIAL USE)
         Artelys Knitro 14.2.0
=======================================

No start point provided -- Knitro computing one.

Knitro presolve eliminated 0 variables and 0 constraints.

algorithm                1
bar_initpt               3
bar_murule               4
concurrent_evals         0
datacheck                0
feastol                  1e-05
findiff_numthreads       1
hessian_no_f             1
hessopt                  1
honorbnds                1
maxtime_real             3600
ms_enable                1
ms_maxsolves             10
numthreads               4
opttol                   1e-05

Problem Characteristics                                 (   Presolved)
-----------------------
Objective goal:  Minimize
Objective type:  linear
Number of variables:                              12916 (       12916)
    bounded below only:                             841 (         841)
    bounded above only:                               0 (           0)
    bounded below and above:                          0 (           0)
    fixed:                                            0 (           0)
    free:                                         12075 (       12075)
Number of constraints:                            25340 (       25340)
    linear equalities:                                0 (           0)
    quadratic equalities:                          2415 (        2415)
    gen. nonlinear equalities:                       70 (          70)
    linear one-sided inequalities:                 2415 (        2415)
    quadratic one-sided inequalities:             20440 (       20440)
    gen. nonlinear one-sided inequalities:            0 (           0)
    linear two-sided inequalities:                    0 (           0)
    quadratic two-sided inequalities:                 0 (           0)
    gen. nonlinear two-sided inequalities:            0 (           0)
Number of nonzeros in Jacobian:                  154315 (      154315)
Number of nonzeros in Hessian:                    70666 (       70666)

Knitro parallel multistart will run with 4 threads.

Return codes description
------------------------
  0:  The final solution satisfies the termination conditions for verifying optimality.
  -100 to -199:  A feasible approximate solution was found.
  -200 to -299:  Knitro terminated at an infeasible point.
  -300 to -301:  The problem was determined to be unbounded.
  -400 to -499:  Knitro terminated because it reached a pre-defined limit.
    -400 to -409:  A feasible point was found.
    -410 to -419:  No feasible point was found.
  -500 to -599:  Knitro terminated with an input error or some non-standard error.
A more detailed description of individual return codes and their corresponding
termination messages is provided at
https://www.artelys.com/app/docs/knitro/3_referenceManual/returnCodes.html

 Solve #  ThreadID  Status     Objective      FeasError    OptError    Real Time 
--------  --------  ------  --------------   ----------   ----------  ----------
      1          1    -202         1281.56      48495.4      43.5019      962.905
      0          0       0         1.46553  3.24940e-06  8.96994e-06      2093.50
      2          2    -410         4810.51      18080.3      1.00000      9522.40
      3          3    -410         718.495  6.30112e-02     0.999604      8794.00
      9          0    -410         3036.88      3.18865     0.999940      5093.77
      8          1    -410         795.015  9.03821e-02      1.21663      6062.91
      5          0    -410         3441.04      3.43066      1.19055      10453.1
      6          3    -410         4314.87     0.860904      1.18621      7369.78
      4          1    -410         1828.76  5.65659e-02     0.383341      9701.10
      7          2    -410         6145.56  9.80845e-03      3.11895      7037.95

MULTISTART: Best locally optimal solution is returned.
EXIT: Locally optimal solution found.

Final Statistics
----------------
Final objective value               =   1.46553405273860e+00
Final feasibility error (abs / rel) =   3.25e-06 / 3.03e-09
Final optimality error  (abs / rel) =   8.97e-06 / 8.97e-06
# of iterations                     =      83634 
# of CG iterations                  =          0 
# of function evaluations           =     113365
# of gradient evaluations           =      84020
# of Hessian evaluations            =      83692
Total program time (secs)           =   17643.05078 ( 49238.066 CPU time)

===============================================================================

Knitro 14.2.0: Locally optimal or satisfactory solution.
objective 1.465534053; feasibility error 3.25e-06
83634 iterations; 113365 function evaluations

suffix feaserror OUT;
suffix opterror OUT;
suffix numfcevals OUT;
suffix numiters OUT;
---------------------------- Container and geometric considerations  ----------------------------
Container type: sphere
Structural conservation type: surface
---------------------------- Solution execution data ----------------------------
solve_result_num = 0
solve_result = solved

---------------------------- Solution data ----------------------------
card(figures) = 70

coords [*,*,1]
:       1         2         3         4       :=
1    20.0064   19.5332   18.9986   19.4054
2    19.8359   18.9318   19.8842   19.6914
3    18.7522   19.3549   19.7907   19.4863
4    20.0153   19.961    20.1972   20.8131
5    19.6595   18.6673   18.6729   19.1
6    20.0664   19.3592   20.204    19.9656
7    20.3183   20.547    19.6308   20.0596
8    19.9601   19.9932   20.0072   19.1622
9    20.8273   20.4212   20.153    19.9768
10   20.619    19.9278   19.7898   19.8805
11   20.2222   19.8732   20.3817   20.825
12   20.2155   20.1992   20.9288   20.0138
13   19.9309   19.666    20.5052   20.5811
14   21.2222   20.6158   21.1378   20.3261
15   19.9106   19.7127   19.0033   19.7763
16   20.4253   21.187    20.81     20.4111
17   19.799    19.4531   18.8017   19.4013
18   19.9383   19.3564   20.0664   19.4536
19   20.8367   20.0112   20.2356   19.9804
20   19.7821   20.1694   20.8233   20.0107
21   19.3833   19.8339   20.1151   20.0852
22   19.7037   19.8128   19.534    18.9142
23   20.2999   20.5533   20.5908   21.2406
24   21.2985   21.3837   21.1515   20.4998
25   20.6137   20.5677   20.8481   21.3438
26   19.7013   19.2622   18.6687   19.2723
27   18.7616   19.441    19.0007   19.7873
28   21.3132   20.4589   21.4304   21.2982
29   20.1971   21.2637   20.572    20.515
30   20.4522   20.2372   20.6541   19.6985
31   19.8446   18.9564   19.9494   19.1591
32   19.2725   20.0852   19.262    19.8256
33   19.8476   20.2107   19.3655   20.2311
34   21.2241   21.3438   20.6137   20.8481
35   18.8784   19.7623   19.219    18.7156
36   19.3549   19.9088   20.2082   19.4894
37   20.9799   20.0592   20.1668   20.8531
38   20.364    21.2071   20.3358   20.492
39   19.7965   19.1581   19.758    20.0051
40   21.2846   21.1184   20.5507   20.7195
41   18.9326   19.4146   18.9192   18.5519
42   19.6636   19.8683   20.4588   19.8657
43   19.0094   19.8244   19.8284   19.3575
44   19.7007   19.0033   19.1032   19.9211
45   20.2848   20.591    19.8263   20.5389
46   20.0871   20.4255   20.4687   19.7209
47   19.9791   19.8746   19.6696   20.5052
48   20.5844   20.8201   20.6662   19.8644
49   21.0291   20.4929   21.3151   21.2961
50   18.7857   18.5788   19.5439   18.7006
51   20.8702   20.6353   19.8915   20.6408
52   20.8598   20.4151   21.2234   20.5983
53   20.1151   20.8355   20.0842   20.0006
54   19.7904   19.7016   20.6385   20.2363
55   19.5339   19.7621   18.8452   18.8823
56   19.9804   20.292    19.5712   20.4502
57   18.644    19.0082   18.8248   19.597
58   19.0171   19.065    19.362    20.0009
59   18.6922   19.6337   19.1053   18.7611
60   19.7947   19.9709   20.6395   19.8962
61   19.3556   19.7372   18.7914   18.7189
62   19.8719   19.3642   19.821    20.2314
63   21.1362   21.4399   21.2229   20.4063
64   19.8261   19.7167   19.8431   19.0128
65   20.4562   20.4811   21.2383   20.4257
66   18.935    19.7623   19.911    19.761
67   21.0294   20.4088   20.5496   21.3151
68   21.1801   20.6539   20.296    20.467
69   20.0449   20.1204   20.9296   20.9546
70   19.1545   18.9087   19.8254   19.7001

 [*,*,2]
:       1         2         3         4       :=
1    19.9677   19.3062   19.5442   20.3634
2    19.5218   19.3693   19.7929   18.8302
3    19.5138   19.8306   19.7102   19.0156
4    20.584    20.1013   19.5043   20.2056
5    20.2155   20.6015   19.8      20.7697
6    20.3507   19.8157   19.4353   19.9576
7    19.1742   20.1857   19.7405   19.7936
8    19.439    20.0598   20.329    20.1698
9    20.1812   20.9158   19.9118   20.4278
10   18.9338   19.5377   18.5691   19.5166
11   19.4973   19.5819   20.2267   19.2407
12   18.6945   19.5064   19.2043   19.5275
13   20.4593   21.2304   20.9932   21.339
14   19.6845   19.0555   19.0806   19.8085
15   21.1923   21.4003   21.0688   20.3563
16   20.9462   20.5973   20.2786   19.877
17   20.2841   20.8765   20.3211   19.8248
18   20.1582   19.8196   20.3507   20.8779
19   20.1763   20.4544   19.9344   19.5214
20   18.5769   18.6785   18.8488   19.5038
21   20.8986   20.2994   20.5467   21.3235
22   21.0069   20.3128   21.3713   20.7837
23   19.8684   19.8334   19.0397   19.718
24   20.6749   19.6727   20.407    20.1829
25   20.0229   18.9367   19.3639   19.4208
26   20.27     20.7614   20.6037   21.2453
27   19.5022   19.0326   18.9287   19.6366
28   19.7001   19.9721   19.8726   20.6755
29   20.5419   20.6755   21.348    21.0243
30   18.6075   19.6366   19.0448   18.7203
31   19.5243   19.3857   19.7919   20.1698
32   21.2457   21.3235   20.7625   20.3024
33   19.6867   19.4359   18.9719   18.7616
34   20.2741   19.4208   20.0229   19.3639
35   19.5762   19.5296   20.2185   19.4939
36   19.8182   19.829    19.4339   19.0076
37   19.2722   19.5032   18.6791   18.8088
38   20.3855   20.8311   21.4249   21.1473
39   20.2585   20.1695   21.0623   20.3287
40   20.6851   20.3749   20.2042   21.1214
41   19.3884   20.0147   20.364    19.7846
42   21.2772   21.3934   21.3716   20.4564
43   18.9201   19.6247   18.5448   18.9874
44   18.8272   19.5611   18.8522   19.58
45   19.8376   19.0423   19.4222   19.9395
46   20.7202   20.9424   19.9922   20.1062
47   20.4269   20.3652   21.2303   20.9932
48   18.9607   19.3618   20.03     19.6803
49   20.4758   19.9377   19.7052   20.6799
50   20.8199   19.9233   20.3185   19.8871
51   20.163    20.915    20.1112   20.012
52   19.2152   19.969    20.2415   19.9449
53   20.5479   20.8645   21.3292   20.2442
54   19.3824   18.7182   19.0335   19.636
55   21.3713   20.3874   20.6309   20.927
56   21.3469   21.0947   20.3967   20.5768
57   19.9543   20.4294   20.8756   20.4281
58   19.48     20.315    20.3078   19.9472
59   19.5671   19.5379   18.8503   19.486
60   19.8744   19.8371   20.231    20.7129
61   19.8309   19.8776   20.334    19.48
62   18.5406   18.9726   19.6047   18.7616
63   19.0782   19.8573   19.6807   19.8939
64   18.5451   18.862    19.5667   18.9169
65   19.921    20.4445   20.6323   20.9404
66   20.0483   20.1371   20.4923   19.4624
67   20.4755   19.8661   19.834    19.705
68   19.133    19.043    19.6845   18.6154
69   20.2743   20.5508   20.89     20.0824
70   20.1605   20.7802   20.2779   21.0068

 [*,*,3]
:       1         2         3         4       :=
1    19.3944   19.9992   19.3228   19.9256
2    18.6244   19.2197   19.5564   19.1729
3    20.5952   21.305    20.3072   20.9564
4    21.3441   20.5214   21.365    21.2018
5    20.3565   20.0989   20.5887   20.8634
6    21.4214   21.305    21.3369   20.4039
7    20.085    20.1187   20.0026   19.2194
8    18.6467   19.5232   18.5719   18.818
9    18.804    19.2777   19.6241   18.674
10   20.0105   19.4125   19.7634   20.3055
11   21.3586   20.3237   20.7842   20.7452
12   20.6301   21.3654   20.8074   20.2991
13   19.813    19.2773   19.0481   19.8695
14   19.2553   19.0638   19.9113   19.8048
15   20.5241   19.677    20.1093   19.8291
16   19.2652   19.7846   18.8109   19.5034
17   20.3284   21.0394   20.7802   21.24
18   20.4401   21.3042   21.4214   21.0386
19   18.8098   18.6067   19.5444   18.615
20   19.7674   20.6106   19.9721   20.3045
21   20.9798   20.3268   21.3549   20.6236
22   18.9772   19.8176   19.7762   19.4046
23   19.7183   18.6532   19.0638   19.2725
24   19.9213   20.3552   20.81     19.9585
25   19.9806   19.8862   20.8236   20.0813
26   20.2544   21.0118   20.1047   20.2595
27   20.6052   20.9484   19.9619   20.245
28   19.4226   19.8912   20.2923   19.9209
29   20.0393   19.8282   19.9404   19.1086
30   19.9345   19.6267   19.1014   19.3617
31   18.6226   19.2486   19.4695   18.8118
32   20.2582   20.6237   21.0108   20.3234
33   20.3335   21.3361   20.8295   20.7488
34   20.7578   20.0813   19.9806   20.8236
35   19.5256   20.1709   20.345    20.4918
36   21.3033   20.3588   21.3356   20.9498
37   20.8111   20.2643   20.6125   19.9685
38   20.2768   20.0006   19.932    20.7678
39   19.6449   18.8125   19.0198   18.5718
40   19.8323   20.8697   20.006    20.5807
41   19.2278   19.9863   19.0796   19.9336
42   19.3648   20.4346   19.7632   19.8671
43   20.0151   20.2134   20.0292   20.8424
44   19.1737   19.3025   19.8387   19.874
45   19.6991   19.0613   18.7951   18.6385
46   20.1623   19.2663   19.8096   19.3323
47   18.5982   19.6869   19.2755   19.0481
48   19.9423   20.777    20.1604   20.3469
49   19.0714   19.8606   19.4244   19.924
50   19.9681   19.6508   19.9859   20.5361
51   20.9984   20.4843   20.5092   20.031
52   20.8904   20.257    20.7699   21.3367
53   21.3544   20.8295   20.6115   20.4857
54   18.6876   19.3591   19.1023   19.6268
55   19.7762   19.831    19.355    20.1981
56   20.5773   19.7777   20.2172   20.6707
57   19.6747   19.0102   19.9937   19.934
58   19.2604   18.9433   19.8894   19.3778
59   19.5002   20.0594   19.8401   20.5904
60   20.4465   19.3966   20.141    20.0169
61   21.3053   20.4468   20.7586   20.4859
62   19.9601   20.8294   20.2154   20.7488
63   19.9152   20.2326   19.2581   19.8717
64   20.0291   19.1999   20.0291   20.015
65   19.5192   20.244    19.806    19.2688
66   19.9791   20.6916   19.8843   20.1043
67   19.0715   19.7375   18.6516   19.4245
68   20.0596   19.1031   19.7217   19.888
69   20.5055   21.3527   20.7012   21.0848
70   18.8138   19.4101   19.6717   18.9781
;

radius = 1.46553
softness = 0.2

---------------------------- Solution coords data ----------------------------
distances [*,1,*]
:    1   2   3   4    :=
1    0   1   0   1
2    0   1   0   1
3    0   1   0   1
4    0   1   0   1
5    0   1   0   1
6    0   1   0   1
7    0   1   0   1
8    0   1   0   1
9    0   1   0   1
10   0   1   0   1
11   0   1   0   1
12   0   1   0   1
13   0   1   0   1
14   0   1   0   1
15   0   1   0   1
16   0   1   0   1
17   0   1   0   1
18   0   1   0   1
19   0   1   0   1
20   0   1   0   1
21   0   1   0   1
22   0   1   0   1
23   0   1   0   1
24   0   1   0   1
25   0   1   0   1
26   0   1   0   1
27   0   1   0   1
28   0   1   0   1
29   0   1   0   1
30   0   1   0   1
31   0   1   0   1
32   0   1   0   1
33   0   1   0   1
34   0   1   0   1
35   0   1   0   1
36   0   1   0   1
37   0   1   0   1
38   0   1   0   1
39   0   1   0   1
40   0   1   0   1
41   0   1   0   1
42   0   1   0   1
43   0   1   0   1
44   0   1   0   1
45   0   1   0   1
46   0   1   0   1
47   0   1   0   1
48   0   1   0   1
49   0   1   0   1
50   0   1   0   1
51   0   1   0   1
52   0   1   0   1
53   0   1   0   1
54   0   1   0   1
55   0   1   0   1
56   0   1   0   1
57   0   1   0   1
58   0   1   0   1
59   0   1   0   1
60   0   1   0   1
61   0   1   0   1
62   0   1   0   1
63   0   1   0   1
64   0   1   0   1
65   0   1   0   1
66   0   1   0   1
67   0   1   0   1
68   0   1   0   1
69   0   1   0   1
70   0   1   0   1

 [*,2,*]
:    1   2   3   4    :=
1    0   0   1   1
2    0   0   1   1
3    0   0   1   1
4    0   0   1   1
5    0   0   1   1
6    0   0   1   1
7    0   0   1   1
8    0   0   1   1
9    0   0   1   1
10   0   0   1   1
11   0   0   1   1
12   0   0   1   1
13   0   0   1   1
14   0   0   1   1
15   0   0   1   1
16   0   0   1   1
17   0   0   1   1
18   0   0   1   1
19   0   0   1   1
20   0   0   1   1
21   0   0   1   1
22   0   0   1   1
23   0   0   1   1
24   0   0   1   1
25   0   0   1   1
26   0   0   1   1
27   0   0   1   1
28   0   0   1   1
29   0   0   1   1
30   0   0   1   1
31   0   0   1   1
32   0   0   1   1
33   0   0   1   1
34   0   0   1   1
35   0   0   1   1
36   0   0   1   1
37   0   0   1   1
38   0   0   1   1
39   0   0   1   1
40   0   0   1   1
41   0   0   1   1
42   0   0   1   1
43   0   0   1   1
44   0   0   1   1
45   0   0   1   1
46   0   0   1   1
47   0   0   1   1
48   0   0   1   1
49   0   0   1   1
50   0   0   1   1
51   0   0   1   1
52   0   0   1   1
53   0   0   1   1
54   0   0   1   1
55   0   0   1   1
56   0   0   1   1
57   0   0   1   1
58   0   0   1   1
59   0   0   1   1
60   0   0   1   1
61   0   0   1   1
62   0   0   1   1
63   0   0   1   1
64   0   0   1   1
65   0   0   1   1
66   0   0   1   1
67   0   0   1   1
68   0   0   1   1
69   0   0   1   1
70   0   0   1   1

 [*,3,*]
:    1   2   3   4    :=
1    1   0   0   1
2    1   0   0   1
3    1   0   0   1
4    1   0   0   1
5    1   0   0   1
6    1   0   0   1
7    1   0   0   1
8    1   0   0   1
9    1   0   0   1
10   1   0   0   1
11   1   0   0   1
12   1   0   0   1
13   1   0   0   1
14   1   0   0   1
15   1   0   0   1
16   1   0   0   1
17   1   0   0   1
18   1   0   0   1
19   1   0   0   1
20   1   0   0   1
21   1   0   0   1
22   1   0   0   1
23   1   0   0   1
24   1   0   0   1
25   1   0   0   1
26   1   0   0   1
27   1   0   0   1
28   1   0   0   1
29   1   0   0   1
30   1   0   0   1
31   1   0   0   1
32   1   0   0   1
33   1   0   0   1
34   1   0   0   1
35   1   0   0   1
36   1   0   0   1
37   1   0   0   1
38   1   0   0   1
39   1   0   0   1
40   1   0   0   1
41   1   0   0   1
42   1   0   0   1
43   1   0   0   1
44   1   0   0   1
45   1   0   0   1
46   1   0   0   1
47   1   0   0   1
48   1   0   0   1
49   1   0   0   1
50   1   0   0   1
51   1   0   0   1
52   1   0   0   1
53   1   0   0   1
54   1   0   0   1
55   1   0   0   1
56   1   0   0   1
57   1   0   0   1
58   1   0   0   1
59   1   0   0   1
60   1   0   0   1
61   1   0   0   1
62   1   0   0   1
63   1   0   0   1
64   1   0   0   1
65   1   0   0   1
66   1   0   0   1
67   1   0   0   1
68   1   0   0   1
69   1   0   0   1
70   1   0   0   1

 [*,4,*]
:    1   2   3   4    :=
1    1   1   1   0
2    1   1   1   0
3    1   1   1   0
4    1   1   1   0
5    1   1   1   0
6    1   1   1   0
7    1   1   1   0
8    1   1   1   0
9    1   1   1   0
10   1   1   1   0
11   1   1   1   0
12   1   1   1   0
13   1   1   1   0
14   1   1   1   0
15   1   1   1   0
16   1   1   1   0
17   1   1   1   0
18   1   1   1   0
19   1   1   1   0
20   1   1   1   0
21   1   1   1   0
22   1   1   1   0
23   1   1   1   0
24   1   1   1   0
25   1   1   1   0
26   1   1   1   0
27   1   1   1   0
28   1   1   1   0
29   1   1   1   0
30   1   1   1   0
31   1   1   1   0
32   1   1   1   0
33   1   1   1   0
34   1   1   1   0
35   1   1   1   0
36   1   1   1   0
37   1   1   1   0
38   1   1   1   0
39   1   1   1   0
40   1   1   1   0
41   1   1   1   0
42   1   1   1   0
43   1   1   1   0
44   1   1   1   0
45   1   1   1   0
46   1   1   1   0
47   1   1   1   0
48   1   1   1   0
49   1   1   1   0
50   1   1   1   0
51   1   1   1   0
52   1   1   1   0
53   1   1   1   0
54   1   1   1   0
55   1   1   1   0
56   1   1   1   0
57   1   1   1   0
58   1   1   1   0
59   1   1   1   0
60   1   1   1   0
61   1   1   1   0
62   1   1   1   0
63   1   1   1   0
64   1   1   1   0
65   1   1   1   0
66   1   1   1   0
67   1   1   1   0
68   1   1   1   0
69   1   1   1   0
70   1   1   1   0
;

---------------------------- Solution stats data ----------------------------
_ampl_time = 0.278709
_total_solve_time = 49238.7
_ampl_elapsed_time = 0.371797
_ampl_user_time = 0.236059

Total time elapsed: $49238.70.
_total_solve_time = 49238.7

---------------------------- Solution miscs data ----------------------------
tetrahedron_volume [*] :=
 1 0    8 0   15 0   22 0   29 0   36 0   43 0   50 0   57 0   64 0
 2 0    9 0   16 0   23 0   30 0   37 0   44 0   51 0   58 0   65 0
 3 0   10 0   17 0   24 0   31 0   38 0   45 0   52 0   59 0   66 0
 4 0   11 0   18 0   25 0   32 0   39 0   46 0   53 0   60 0   67 0
 5 0   12 0   19 0   26 0   33 0   40 0   47 0   54 0   61 0   68 0
 6 0   13 0   20 0   27 0   34 0   41 0   48 0   55 0   62 0   69 0
 7 0   14 0   21 0   28 0   35 0   42 0   49 0   56 0   63 0   70 0
;

---------------------------- Solution miscs data ----------------------------
tetrahedron_surface_area [*] :=
 1 1.73205   13 1.73205   25 1.73205   37 1.73205   49 1.73205   61 1.73205
 2 1.73205   14 1.73205   26 1.73205   38 1.73205   50 1.73205   62 1.73205
 3 1.73205   15 1.73205   27 1.73205   39 1.73205   51 1.73205   63 1.73205
 4 1.73205   16 1.73205   28 1.73205   40 1.73205   52 1.73205   64 1.73205
 5 1.73205   17 1.73205   29 1.73205   41 1.73205   53 1.73205   65 1.73205
 6 1.73205   18 1.73205   30 1.73205   42 1.73205   54 1.73205   66 1.73205
 7 1.73205   19 1.73205   31 1.73205   43 1.73205   55 1.73205   67 1.73205
 8 1.73205   20 1.73205   32 1.73205   44 1.73205   56 1.73205   68 1.73205
 9 1.73205   21 1.73205   33 1.73205   45 1.73205   57 1.73205   69 1.73205
10 1.73205   22 1.73205   34 1.73205   46 1.73205   58 1.73205   70 1.73205
11 1.73205   23 1.73205   35 1.73205   47 1.73205   59 1.73205
12 1.73205   24 1.73205   36 1.73205   48 1.73205   60 1.73205
;

