Error at _cmdno 5 executing "solve" command
(file amplin, line 1945, offset 37257):
error processing param distances:
	3680 invalid subscripts discarded:
	distances[71,1,1]
	distances[71,1,2]
	distances[71,1,3]
	and 3677 more.
##### This license is only intended for use by NEOS. #####
##### License is valid until Jan 16, 2026 #####
ariables.
Adjusted problem:
12916 variables:
	8086 nonlinear variables
	4830 linear variables
25340 constraints; 154315 nonzeros
	22925 nonlinear constraints
	2415 linear constraints
	2485 equality constraints
	22855 inequality constraints
1 linear objective; 1 nonzero.

Artelys Knitro 14.2.0: threads=4
algorithm=1
ms_enable=1
ms_maxsolves=10
feastol=1e-5
opttol=1e-5
honorbnds=1
bar_initpt=3
bar_murule=4
scale=1
outlev=2
maxtime_real=3600
WARNING:  Option 'threads' is deprecated, please use 'numthreads'.

=======================================
           Academic License
       (NOT FOR COMMERCIAL USE)
         Artelys Knitro 14.2.0
=======================================

No start point provided -- Knitro computing one.

Knitro presolve eliminated 0 variables and 0 constraints.

algorithm                1
bar_initpt               3
bar_murule               4
concurrent_evals         0
datacheck                0
feastol                  1e-05
findiff_numthreads       1
hessian_no_f             1
hessopt                  1
honorbnds                1
maxtime_real             3600
ms_enable                1
ms_maxsolves             10
numthreads               4
opttol                   1e-05

Problem Characteristics                                 (   Presolved)
-----------------------
Objective goal:  Minimize
Objective type:  linear
Number of variables:                              12916 (       12916)
    bounded below only:                             841 (         841)
    bounded above only:                               0 (           0)
    bounded below and above:                          0 (           0)
    fixed:                                            0 (           0)
    free:                                         12075 (       12075)
Number of constraints:                            25340 (       25340)
    linear equalities:                                0 (           0)
    quadratic equalities:                          2415 (        2415)
    gen. nonlinear equalities:                       70 (          70)
    linear one-sided inequalities:                 2415 (        2415)
    quadratic one-sided inequalities:             20440 (       20440)
    gen. nonlinear one-sided inequalities:            0 (           0)
    linear two-sided inequalities:                    0 (           0)
    quadratic two-sided inequalities:                 0 (           0)
    gen. nonlinear two-sided inequalities:            0 (           0)
Number of nonzeros in Jacobian:                  154315 (      154315)
Number of nonzeros in Hessian:                    70666 (       70666)

Knitro parallel multistart will run with 4 threads.

Return codes description
------------------------
  0:  The final solution satisfies the termination conditions for verifying optimality.
  -100 to -199:  A feasible approximate solution was found.
  -200 to -299:  Knitro terminated at an infeasible point.
  -300 to -301:  The problem was determined to be unbounded.
  -400 to -499:  Knitro terminated because it reached a pre-defined limit.
    -400 to -409:  A feasible point was found.
    -410 to -419:  No feasible point was found.
  -500 to -599:  Knitro terminated with an input error or some non-standard error.
A more detailed description of individual return codes and their corresponding
termination messages is provided at
https://www.artelys.com/app/docs/knitro/3_referenceManual/returnCodes.html

 Solve #  ThreadID  Status     Objective      FeasError    OptError    Real Time 
--------  --------  ------  --------------   ----------   ----------  ----------
      6          0    -202         1640.58      56875.5      24.3829      505.585
      5          0    -202         829.076      8976.69     0.999982      511.266
      1          1    -202         2018.43      51109.0      10.9753      506.625
      7          0    -202         5731.40      1.25322     0.999985      1664.34
      0          0       0        0.705149  6.18790e-04  7.68615e-06      1464.35
      8          0    -410         748.498      54.3807      1.83597      5489.07
      4          1    -410         951.549  3.01313e-02  3.80021e-02      6405.61
      9          2    -410         2098.50      7.12043      1.81666      4762.25
      2          2    -400         1894.67  7.23024e-04     0.136309      6435.19
      3          3    -410         10731.9     0.671342     0.999991      6586.60

MULTISTART: Best locally optimal solution is returned.
EXIT: Locally optimal solution found.

Final Statistics
----------------
Final objective value               =   7.05149388355598e-01
Final feasibility error (abs / rel) =   6.19e-04 / 5.78e-07
Final optimality error  (abs / rel) =   7.69e-06 / 7.69e-06
# of iterations                     =      59456 
# of CG iterations                  =          0 
# of function evaluations           =      73376
# of gradient evaluations           =      59790
# of Hessian evaluations            =      59496
Total program time (secs)           =   11199.32715 ( 26219.488 CPU time)

===============================================================================

Knitro 14.2.0: Locally optimal or satisfactory solution.
objective 0.7051493884; feasibility error 0.000619
59456 iterations; 73376 function evaluations

suffix feaserror OUT;
suffix opterror OUT;
suffix numfcevals OUT;
suffix numiters OUT;
---------------------------- Container and geometric considerations  ----------------------------
Container type: sphere
Structural conservation type: surface
---------------------------- Solution execution data ----------------------------
solve_result_num = 0
solve_result = solved

---------------------------- Solution data ----------------------------
card(figures) = 70

coords [*,*,1]
:       1         2         3         4       :=
1    19.3851   19.9779   20.1412   20.675
2    20.0478   19.686    19.3921   20.2217
3    20.0699   20.6604   20.2507   19.6505
4    19.6506   20.6605   20.2507   20.07
5    19.6749   19.3929   19.9329   20.2335
6    19.385    20.1407   19.9781   20.6751
7    19.6503   20.2509   20.6604   20.0696
8    19.7521   19.8702   20.2441   19.3773
9    19.3969   19.6716   20.2249   19.9618
10   19.3929   19.6745   19.932    20.2341
11   20.1428   20.675    19.9778   19.3855
12   19.3874   19.6919   20.0115   20.233
13   19.5992   20.2112   20.0012   19.4211
14   20.2315   19.7029   19.3857   20.0035
15   20.2086   19.6145   19.4156   20.0012
16   20.2471   19.7821   19.8415   19.3743
17   19.3845   20.0143   19.9773   20.6576
18   20.0702   19.6507   20.2507   20.6605
19   19.7327   19.3803   20.2411   19.8887
20   20.1408   19.385    20.6751   19.9789
21   19.3939   19.9336   20.2341   19.67
22   19.9219   20.2359   19.6935   19.3887
23   20.2321   20.0057   19.7032   19.386
24   19.3762   19.7677   20.2455   19.8632
25   20.2312   20.0012   19.7024   19.3856
26   20.0136   20.2331   19.3879   19.6886
27   20.2508   20.6604   20.0694   19.6501
28   19.68     19.9205   19.3905   20.2381
29   19.3958   19.9532   19.6742   20.2261
30   19.3852   19.9789   20.1412   20.6751
31   19.3876   19.9103   20.2399   19.6912
32   19.8884   20.2414   19.3801   19.7366
33   19.6716   19.934    20.2338   19.3936
34   20.2508   20.0695   20.6604   19.6503
35   19.9818   19.3846   20.2307   19.6964
36   19.6502   20.2507   20.6604   20.0696
37   19.3845   20.6576   19.9773   20.0143
38   20.6749   19.3857   20.1437   19.9771
39   20.2544   19.6501   20.0696   20.6604
40   20.228    19.9478   19.3939   19.6805
41   19.3852   19.9781   20.6751   20.1413
42   20.2309   19.698    19.9842   19.3846
43   20.0697   20.2508   20.6604   19.6504
44   19.6502   20.0696   20.6604   20.2507
45   19.3797   19.886    20.2419   19.7395
46   19.3883   20.0266   19.7056   20.2311
47   19.3863   20.0144   20.2386   19.7382
48   20.0697   20.6604   19.6504   20.2508
49   20.0178   19.6863   19.3885   20.2332
50   19.385    20.675    19.9777   20.1408
51   20.0695   20.6604   20.2508   19.6502
52   20.2694   19.4029   19.6503   20.0693
53   20.6604   19.6505   20.2507   20.0699
54   20.0502   19.6504   19.4028   20.2693
55   19.3921   20.2206   20.0476   19.6869
56   19.6793   19.3908   19.9215   20.2383
57   20.2309   19.3852   19.7011   19.9915
58   19.6964   19.9827   19.3845   20.2306
59   19.9787   20.6751   20.1412   19.3851
60   19.6995   19.3849   19.9876   20.231
61   19.9776   20.1405   19.3848   20.675
62   19.657    19.3975   20.2328   19.9419
63   19.9978   20.2309   19.7019   19.3854
64   20.0211   19.3875   19.7328   20.2346
65   20.2318   19.3909   19.938    19.6908
66   19.4032   20.013    19.6502   20.2981
67   19.3882   19.6862   20.2332   20.0156
68   20.0085   20.2321   19.3865   19.7001
69   20.014    19.6503   20.2694   20.319
70   19.6831   20.0446   19.3916   20.2194

 [*,*,2]
:       1         2         3         4       :=
1    19.667    20.2501   19.3908   19.9157
2    20.2981   20.1194   19.6493   20.6502
3    19.3798   19.9672   20.6585   20.0725
4    20.0731   19.9671   20.6585   19.3799
5    20.1175   19.6705   20.1974   20.6624
6    19.6674   19.3907   20.25     19.9155
7    20.0725   20.6585   19.9675   19.3799
8    20.2084   20.1249   20.6613   19.671
9    19.6721   20.1143   20.66     20.232
10   19.6704   20.1167   20.1964   20.6624
11   19.3912   19.9163   20.2502   19.6658
12   19.6548   20.1268   20.2653   20.6573
13   20.0239   20.6523   20.2792   19.6843
14   20.657    20.1402   19.6585   20.2626
15   20.652    20.0448   19.6814   20.2797
16   20.6574   20.2425   20.0924   19.6748
17   19.6686   19.4018   20.2501   20.0411
18   19.3799   20.0737   20.6585   19.967
19   20.1862   19.6697   20.6626   20.1462
20   19.3907   19.6672   19.9153   20.2502
21   19.6706   20.1982   20.6623   20.1112
22   20.1846   20.6628   20.1402   19.6696
23   20.6571   20.263    20.1404   19.6574
24   19.6719   20.2261   20.66     20.1168
25   20.6569   20.2624   20.1397   19.6596
26   20.2659   20.6572   19.6537   20.1227
27   20.6585   19.9675   19.3798   20.0715
28   20.1224   20.1827   19.6696   20.6626
29   19.6718   20.2218   20.1176   20.6606
30   19.6668   20.2503   19.3908   19.9154
31   19.669    20.1708   20.6626   20.1359
32   20.1458   20.6626   19.6697   20.1907
33   20.1131   20.1987   20.6623   19.6706
34   20.6585   19.3799   19.9676   20.0723
35   20.253    19.6672   20.6569   20.133
36   20.0709   20.6586   19.9673   19.3798
37   19.6686   20.0411   20.2501   19.4018
38   19.9169   19.6652   19.3913   20.2501
39   20.6572   20.0758   19.3798   19.9672
40   20.6612   20.2154   19.6712   20.125
41   19.6669   20.2501   19.9157   19.3908
42   20.6569   20.1347   20.2545   19.6656
43   19.3798   20.6585   19.9673   20.0723
44   20.0715   19.3798   19.9674   20.6585
45   19.6698   20.143    20.6624   20.194
46   19.6517   20.2729   20.143    20.6544
47   19.6528   20.2552   20.657    20.1812
48   19.3799   19.9673   20.0726   20.6585
49   20.2672   20.1199   19.6523   20.657
50   19.6675   19.9156   20.2499   19.3907
51   19.3798   19.9676   20.6585   20.0719
52   20.6516   19.6269   20.0489   20.2613
53   19.9671   20.0727   20.6585   19.3798
54   20.2596   20.0489   19.6269   20.6516
55   19.6492   20.6497   20.2977   20.1206
56   20.1213   19.6696   20.1838   20.6625
57   20.6568   19.662    20.1382   20.2585
58   20.1329   20.2537   19.667    20.6568
59   20.2502   19.9155   19.3908   19.6669
60   20.1364   19.6639   20.2565   20.6569
61   20.2499   19.3906   19.6678   19.9155
62   20.0947   19.6718   20.6617   20.2078
63   20.2611   20.6568   20.1392   19.6605
64   20.2639   19.6517   20.175    20.6558
65   20.6622   19.6702   20.2036   20.1371
66   19.6266   19.4017   20.0487   20.2922
67   19.653    20.1198   20.6571   20.2664
68   20.2641   20.657    19.6562   20.1367
69   19.4017   20.0487   20.6516   20.2478
70   20.116    20.2959   19.6503   20.649

 [*,*,3]
:       1         2         3         4       :=
1    20.091    20.659    19.6742   20.1856
2    20.6373   19.38     20.0688   19.8407
3    19.6717   20.2449   19.9732   19.3919
4    19.3919   20.2448   19.973    19.6717
5    19.3854   20.1417   20.6736   19.9374
6    20.0915   19.6742   20.659    20.1854
7    19.392    19.9735   20.2451   19.6716
8    19.3736   20.6818   20.0201   20.0356
9    20.1611   19.3866   19.8953   20.6648
10   20.1417   19.3855   20.6738   19.94
11   19.6742   20.1861   20.6589   20.0893
12   20.0509   19.3786   20.6532   19.8959
13   19.4203   19.8351   20.6475   20.25
14   19.8905   19.3761   20.0569   20.6544
15   19.8307   19.4113   20.2328   20.6473
16   20.0641   19.3747   20.6809   19.9921
17   20.0928   19.627    20.6589   20.2513
18   19.6717   19.3919   19.9729   20.2447
19   19.3746   20.064    19.9915   20.6808
20   19.6741   20.0911   20.185    20.6589
21   20.1461   20.6735   19.9382   19.3868
22   20.676    19.953    19.3806   20.1197
23   19.8927   20.6542   19.376    20.0532
24   20.0222   19.3737   20.0368   20.6818
25   19.8894   20.6545   19.3762   20.0617
26   20.6528   19.8957   20.0496   19.3795
27   19.9737   20.2452   19.6717   19.392
28   19.3836   20.6764   20.1287   19.961
29   20.1563   20.6677   19.3858   19.9013
30   20.0906   20.6589   19.6741   20.1851
31   20.1124   20.6783   19.9752   19.3808
32   20.6809   19.9937   20.0623   19.3742
33   19.3863   20.6733   19.9375   20.145
34   19.9735   19.6716   20.2451   19.392
35   20.6579   20.0878   19.8883   19.3776
36   19.3919   19.9736   20.2451   19.6718
37   20.0928   20.2513   20.6589   19.627
38   20.1867   20.0884   19.6742   20.6589
39   19.9766   19.3925   19.6718   20.2452
40   19.9103   20.6694   20.1475   19.384
41   20.0908   20.6589   20.1856   19.6742
42   19.8885   19.3772   20.6574   20.0821
43   19.6717   19.9734   20.245    19.3919
44   19.3919   19.6717   20.2451   19.9735
45   20.0587   20.6811   19.9988   19.3741
46   20.0392   20.6495   19.3755   19.8759
47   20.0111   20.6572   19.9073   19.3708
48   19.6717   20.245    19.3919   19.9733
49   20.6522   19.3801   20.0465   19.8949
50   20.0916   20.1856   20.659    19.6743
51   19.6717   20.2451   19.9736   19.392
52   19.9889   20.0383   19.3896   20.6513
53   20.2449   19.3919   19.9731   19.6718
54   20.6537   19.3896   20.0384   19.9888
55   20.0683   19.8372   20.6374   19.3798
56   19.3838   20.1302   20.6762   19.9611
57   19.8882   20.0705   19.3765   20.656
58   19.3776   20.6577   20.0869   19.8873
59   20.6589   20.1852   19.6741   20.0907
60   19.3768   20.0769   20.6567   19.8888
61   20.659    19.6743   20.0921   20.1855
62   19.3912   20.1628   19.9279   20.6713
63   20.655    19.8881   19.3763   20.0649
64   20.6535   20.0257   19.3714   19.8901
65   19.9294   20.1323   20.6722   19.3813
66   20.04     19.6271   19.3897   20.5683
67   20.0485   19.3801   19.8958   20.6526
68   20.6537   19.8923   20.0507   19.3767
69   19.627    19.3896   19.9889   20.578
70   19.3809   20.6385   20.0693   19.8331
;

radius = 0.705149
softness = 0.95

---------------------------- Solution coords data ----------------------------
distances [*,1,*]
:    1   2   3   4    :=
1    0   1   0   1
2    0   1   0   1
3    0   1   0   1
4    0   1   0   1
5    0   1   0   1
6    0   1   0   1
7    0   1   0   1
8    0   1   0   1
9    0   1   0   1
10   0   1   0   1
11   0   1   0   1
12   0   1   0   1
13   0   1   0   1
14   0   1   0   1
15   0   1   0   1
16   0   1   0   1
17   0   1   0   1
18   0   1   0   1
19   0   1   0   1
20   0   1   0   1
21   0   1   0   1
22   0   1   0   1
23   0   1   0   1
24   0   1   0   1
25   0   1   0   1
26   0   1   0   1
27   0   1   0   1
28   0   1   0   1
29   0   1   0   1
30   0   1   0   1
31   0   1   0   1
32   0   1   0   1
33   0   1   0   1
34   0   1   0   1
35   0   1   0   1
36   0   1   0   1
37   0   1   0   1
38   0   1   0   1
39   0   1   0   1
40   0   1   0   1
41   0   1   0   1
42   0   1   0   1
43   0   1   0   1
44   0   1   0   1
45   0   1   0   1
46   0   1   0   1
47   0   1   0   1
48   0   1   0   1
49   0   1   0   1
50   0   1   0   1
51   0   1   0   1
52   0   1   0   1
53   0   1   0   1
54   0   1   0   1
55   0   1   0   1
56   0   1   0   1
57   0   1   0   1
58   0   1   0   1
59   0   1   0   1
60   0   1   0   1
61   0   1   0   1
62   0   1   0   1
63   0   1   0   1
64   0   1   0   1
65   0   1   0   1
66   0   1   0   1
67   0   1   0   1
68   0   1   0   1
69   0   1   0   1
70   0   1   0   1

 [*,2,*]
:    1   2   3   4    :=
1    0   0   1   1
2    0   0   1   1
3    0   0   1   1
4    0   0   1   1
5    0   0   1   1
6    0   0   1   1
7    0   0   1   1
8    0   0   1   1
9    0   0   1   1
10   0   0   1   1
11   0   0   1   1
12   0   0   1   1
13   0   0   1   1
14   0   0   1   1
15   0   0   1   1
16   0   0   1   1
17   0   0   1   1
18   0   0   1   1
19   0   0   1   1
20   0   0   1   1
21   0   0   1   1
22   0   0   1   1
23   0   0   1   1
24   0   0   1   1
25   0   0   1   1
26   0   0   1   1
27   0   0   1   1
28   0   0   1   1
29   0   0   1   1
30   0   0   1   1
31   0   0   1   1
32   0   0   1   1
33   0   0   1   1
34   0   0   1   1
35   0   0   1   1
36   0   0   1   1
37   0   0   1   1
38   0   0   1   1
39   0   0   1   1
40   0   0   1   1
41   0   0   1   1
42   0   0   1   1
43   0   0   1   1
44   0   0   1   1
45   0   0   1   1
46   0   0   1   1
47   0   0   1   1
48   0   0   1   1
49   0   0   1   1
50   0   0   1   1
51   0   0   1   1
52   0   0   1   1
53   0   0   1   1
54   0   0   1   1
55   0   0   1   1
56   0   0   1   1
57   0   0   1   1
58   0   0   1   1
59   0   0   1   1
60   0   0   1   1
61   0   0   1   1
62   0   0   1   1
63   0   0   1   1
64   0   0   1   1
65   0   0   1   1
66   0   0   1   1
67   0   0   1   1
68   0   0   1   1
69   0   0   1   1
70   0   0   1   1

 [*,3,*]
:    1   2   3   4    :=
1    1   0   0   1
2    1   0   0   1
3    1   0   0   1
4    1   0   0   1
5    1   0   0   1
6    1   0   0   1
7    1   0   0   1
8    1   0   0   1
9    1   0   0   1
10   1   0   0   1
11   1   0   0   1
12   1   0   0   1
13   1   0   0   1
14   1   0   0   1
15   1   0   0   1
16   1   0   0   1
17   1   0   0   1
18   1   0   0   1
19   1   0   0   1
20   1   0   0   1
21   1   0   0   1
22   1   0   0   1
23   1   0   0   1
24   1   0   0   1
25   1   0   0   1
26   1   0   0   1
27   1   0   0   1
28   1   0   0   1
29   1   0   0   1
30   1   0   0   1
31   1   0   0   1
32   1   0   0   1
33   1   0   0   1
34   1   0   0   1
35   1   0   0   1
36   1   0   0   1
37   1   0   0   1
38   1   0   0   1
39   1   0   0   1
40   1   0   0   1
41   1   0   0   1
42   1   0   0   1
43   1   0   0   1
44   1   0   0   1
45   1   0   0   1
46   1   0   0   1
47   1   0   0   1
48   1   0   0   1
49   1   0   0   1
50   1   0   0   1
51   1   0   0   1
52   1   0   0   1
53   1   0   0   1
54   1   0   0   1
55   1   0   0   1
56   1   0   0   1
57   1   0   0   1
58   1   0   0   1
59   1   0   0   1
60   1   0   0   1
61   1   0   0   1
62   1   0   0   1
63   1   0   0   1
64   1   0   0   1
65   1   0   0   1
66   1   0   0   1
67   1   0   0   1
68   1   0   0   1
69   1   0   0   1
70   1   0   0   1

 [*,4,*]
:    1   2   3   4    :=
1    1   1   1   0
2    1   1   1   0
3    1   1   1   0
4    1   1   1   0
5    1   1   1   0
6    1   1   1   0
7    1   1   1   0
8    1   1   1   0
9    1   1   1   0
10   1   1   1   0
11   1   1   1   0
12   1   1   1   0
13   1   1   1   0
14   1   1   1   0
15   1   1   1   0
16   1   1   1   0
17   1   1   1   0
18   1   1   1   0
19   1   1   1   0
20   1   1   1   0
21   1   1   1   0
22   1   1   1   0
23   1   1   1   0
24   1   1   1   0
25   1   1   1   0
26   1   1   1   0
27   1   1   1   0
28   1   1   1   0
29   1   1   1   0
30   1   1   1   0
31   1   1   1   0
32   1   1   1   0
33   1   1   1   0
34   1   1   1   0
35   1   1   1   0
36   1   1   1   0
37   1   1   1   0
38   1   1   1   0
39   1   1   1   0
40   1   1   1   0
41   1   1   1   0
42   1   1   1   0
43   1   1   1   0
44   1   1   1   0
45   1   1   1   0
46   1   1   1   0
47   1   1   1   0
48   1   1   1   0
49   1   1   1   0
50   1   1   1   0
51   1   1   1   0
52   1   1   1   0
53   1   1   1   0
54   1   1   1   0
55   1   1   1   0
56   1   1   1   0
57   1   1   1   0
58   1   1   1   0
59   1   1   1   0
60   1   1   1   0
61   1   1   1   0
62   1   1   1   0
63   1   1   1   0
64   1   1   1   0
65   1   1   1   0
66   1   1   1   0
67   1   1   1   0
68   1   1   1   0
69   1   1   1   0
70   1   1   1   0
;

---------------------------- Solution stats data ----------------------------
_ampl_time = 0.201782
_total_solve_time = 26220.1
_ampl_elapsed_time = 0.195816
_ampl_user_time = 0.167894

Total time elapsed: $26220.06.
_total_solve_time = 26220.1

---------------------------- Solution miscs data ----------------------------
tetrahedron_volume [*] :=
 1 0    8 0   15 0   22 0   29 0   36 0   43 0   50 0   57 0   64 0
 2 0    9 0   16 0   23 0   30 0   37 0   44 0   51 0   58 0   65 0
 3 0   10 0   17 0   24 0   31 0   38 0   45 0   52 0   59 0   66 0
 4 0   11 0   18 0   25 0   32 0   39 0   46 0   53 0   60 0   67 0
 5 0   12 0   19 0   26 0   33 0   40 0   47 0   54 0   61 0   68 0
 6 0   13 0   20 0   27 0   34 0   41 0   48 0   55 0   62 0   69 0
 7 0   14 0   21 0   28 0   35 0   42 0   49 0   56 0   63 0   70 0
;

---------------------------- Solution miscs data ----------------------------
tetrahedron_surface_area [*] :=
 1 1.73205   13 1.73205   25 1.73205   37 1.73205   49 1.73205   61 1.73205
 2 1.73205   14 1.73205   26 1.73205   38 1.73205   50 1.73205   62 1.73205
 3 1.73205   15 1.73205   27 1.73205   39 1.73205   51 1.73205   63 1.73205
 4 1.73205   16 1.73205   28 1.73205   40 1.73205   52 1.73205   64 1.73205
 5 1.73205   17 1.73205   29 1.73205   41 1.73205   53 1.73205   65 1.73205
 6 1.73205   18 1.73205   30 1.73205   42 1.73205   54 1.73205   66 1.73205
 7 1.73205   19 1.73205   31 1.73205   43 1.73205   55 1.73205   67 1.73205
 8 1.73205   20 1.73205   32 1.73205   44 1.73205   56 1.73205   68 1.73205
 9 1.73205   21 1.73205   33 1.73205   45 1.73205   57 1.73205   69 1.73205
10 1.73205   22 1.73205   34 1.73205   46 1.73205   58 1.73205   70 1.73205
11 1.73205   23 1.73205   35 1.73205   47 1.73205   59 1.73205
12 1.73205   24 1.73205   36 1.73205   48 1.73205   60 1.73205
;

