Error at _cmdno 5 executing "solve" command
(file amplin, line 1977, offset 37909):
error processing param distances:
	4080 invalid subscripts discarded:
	distances[46,1,1]
	distances[46,1,2]
	distances[46,1,3]
	and 4077 more.
##### This license is only intended for use by NEOS. #####
##### License is valid until Jan 16, 2026 #####
riables.
Adjusted problem:
5491 variables:
	3510 nonlinear variables
	1981 linear variables
11565 constraints; 66330 nonzeros
	9495 nonlinear constraints
	2070 linear constraints
	1035 equality constraints
	10530 inequality constraints
1 linear objective; 1 nonzero.

Artelys Knitro 14.2.0: threads=4
algorithm=1
ms_enable=1
ms_maxsolves=10
feastol=1e-5
opttol=1e-5
honorbnds=1
bar_initpt=3
bar_murule=4
scale=1
outlev=2
maxtime_real=1200
WARNING:  Option 'threads' is deprecated, please use 'numthreads'.

=======================================
           Academic License
       (NOT FOR COMMERCIAL USE)
         Artelys Knitro 14.2.0
=======================================

No start point provided -- Knitro computing one.

Knitro presolve eliminated 0 variables and 0 constraints.

algorithm                1
bar_initpt               3
bar_murule               4
concurrent_evals         0
datacheck                0
feastol                  1e-05
findiff_numthreads       1
hessian_no_f             1
hessopt                  1
honorbnds                1
maxtime_real             1200
ms_enable                1
ms_maxsolves             10
numthreads               4
opttol                   1e-05

Problem Characteristics                                 (   Presolved)
-----------------------
Objective goal:  Minimize
Objective type:  linear
Number of variables:                               5491 (        5491)
    bounded below only:                             541 (         541)
    bounded above only:                               0 (           0)
    bounded below and above:                          0 (           0)
    fixed:                                            0 (           0)
    free:                                          4950 (        4950)
Number of constraints:                            11565 (       11565)
    linear equalities:                                0 (           0)
    quadratic equalities:                           990 (         990)
    gen. nonlinear equalities:                       45 (          45)
    linear one-sided inequalities:                 2070 (        2070)
    quadratic one-sided inequalities:              8460 (        8460)
    gen. nonlinear one-sided inequalities:            0 (           0)
    linear two-sided inequalities:                    0 (           0)
    quadratic two-sided inequalities:                 0 (           0)
    gen. nonlinear two-sided inequalities:            0 (           0)
Number of nonzeros in Jacobian:                   66330 (       66330)
Number of nonzeros in Hessian:                    30240 (       30240)

Knitro parallel multistart will run with 4 threads.

Return codes description
------------------------
  0:  The final solution satisfies the termination conditions for verifying optimality.
  -100 to -199:  A feasible approximate solution was found.
  -200 to -299:  Knitro terminated at an infeasible point.
  -300 to -301:  The problem was determined to be unbounded.
  -400 to -499:  Knitro terminated because it reached a pre-defined limit.
    -400 to -409:  A feasible point was found.
    -410 to -419:  No feasible point was found.
  -500 to -599:  Knitro terminated with an input error or some non-standard error.
A more detailed description of individual return codes and their corresponding
termination messages is provided at
https://www.artelys.com/app/docs/knitro/3_referenceManual/returnCodes.html

 Solve #  ThreadID  Status     Objective      FeasError    OptError    Real Time 
--------  --------  ------  --------------   ----------   ----------  ----------
      0          0       0         1.99838  6.08377e-05  4.97856e-06      157.945
      5          1    -202         1619.91      39687.6      3.11788      262.750
      6          3    -410         2939.44      1145.17      3.03930      2294.08
      7          2    -410         2129.84     0.101492     0.736372      2365.79
      4          0    -410         927.111  3.07296e-02      1.23851      2145.23
      3          3    -410         526.672  5.53257e-02     0.562297      2152.26
      2          1    -410         425.611  1.65613e-02     0.218408      2129.82
      1          2    -410         1637.01  3.39114e-02     0.881991      2259.16
      8          0    -410         15665.3     0.136192     0.997461      2533.79
      9          1    -410         14924.4  2.23146e-03      62.5206      2508.08

MULTISTART: Best locally optimal solution is returned.
EXIT: Locally optimal solution found.

Final Statistics
----------------
Final objective value               =   1.99838362187387e+00
Final feasibility error (abs / rel) =   6.08e-05 / 3.30e-06
Final optimality error  (abs / rel) =   4.98e-06 / 4.98e-06
# of iterations                     =      82396 
# of CG iterations                  =          0 
# of function evaluations           =     119128
# of gradient evaluations           =      82584
# of Hessian evaluations            =      82468
Total program time (secs)           =    4902.10938 ( 13363.367 CPU time)

===============================================================================

Knitro 14.2.0: Locally optimal or satisfactory solution.
objective 1.998383622; feasibility error 6.08e-05
82396 iterations; 119128 function evaluations

suffix feaserror OUT;
suffix opterror OUT;
suffix numfcevals OUT;
suffix numiters OUT;
---------------------------- Container and geometric considerations  ----------------------------
Container type: cube
Structural conservation type: volume & surface
---------------------------- Solution execution data ----------------------------
solve_result_num = 0
solve_result = solved

---------------------------- Solution data ----------------------------
card(figures) = 45

coords [*,*,1]
:       1         2         3         4       :=
1    19.6827   19.2701   19.7973   19.0008
2    20.9992   20.9394   20.9992   20.2103
3    20.2012   20.1199   20.4749   19.7194
4    20.2109   19.2687   20.0582   19.9824
5    20.2434   20.6962   19.8592   19.5576
6    19.2183   19.0008   19.0008   19.7212
7    20.1797   20.9992   20.8824   20.9979
8    20.99     20.2293   20.9992   20.9992
9    20.9992   20.9896   20.9992   20.1899
10   19.8125   19.0481   19.0008   19.0008
11   19.9615   19.5447   20.1959   19.1311
12   19.0388   19.0008   19.0008   19.7666
13   20.8676   20.1655   20.2227   20.9992
14   20.6187   20.9992   20.9992   20.1647
15   20.9992   20.2442   20.9614   20.9992
16   19.7501   20.5063   19.6853   19.7998
17   19.753    19.0008   19.0445   19.0008
18   20.1898   19.6503   19.4694   20.1452
19   20.0906   19.3664   19.9766   20.3978
20   20.0964   19.0008   19.5153   19.2649
21   19.3781   20.2598   19.1492   19.969
22   19.0008   19.1426   19.0008   19.7731
23   20.9452   20.9992   20.2196   20.181
24   19.9393   19.2836   19.2996   20.102
25   20.9992   20.1758   20.9992   20.9466
26   20.2272   19.7212   19.5885   19.0911
27   19.1482   19.8051   19.2687   20.0582
28   19.9729   20.2109   20.9992   20.1118
29   20.9913   20.2009   20.9648   20.157
30   20.0456   20.7847   20.366    20.1148
31   20.0237   19.9203   20.5121   19.6999
32   19.7622   19.2755   19.73     19.0008
33   20.0899   20.7394   19.9518   20.8867
34   19.0008   19.4858   19.0008   19.52
35   20.1191   20.9912   20.541    20.2326
36   19.236    19.6729   20.0668   19.742
37   19.4574   20.1403   19.3099   19.0008
38   20.1741   20.8609   20.0456   20.0065
39   20.3978   20.9992   20.3057   20.9992
40   19.9545   19.3367   20.2649   20.1925
41   20.1464   20.9992   20.4661   20.1682
42   19.0008   19.7186   19.9536   19.1745
43   20.0561   19.7925   19.9491   19.1872
44   19.9285   19.2013   19.0008   19.9504
45   19.9172   20.2131   20.9915   20.179

 [*,*,2]
:       1         2         3         4       :=
1    19.7551   20.2147   20.8895   20.6333
2    19.8265   20.7592   20.443    19.9225
3    19.9286   20.9992   20.1695   20.2554
4    19.0008   19.0008   19.0008   19.8701
5    20.9992   20.9914   20.3803   20.9992
6    20.1483   20.6333   20.9992   20.9992
7    19.0008   19.0008   19.8645   19.0008
8    20.9992   20.3292   20.9992   20.1931
9    19.0008   19.0008   19.8035   19.0008
10   20.1833   20.6397   19.5744   20.2263
11   20.9992   20.3295   20.9992   20.9992
12   19.281    20.1048   19.0008   19.6971
13   20.5267   20.9992   19.9886   20.8235
14   19.5443   19.0008   19.8373   19.0606
15   20.3889   20.0673   19.9591   19.3187
16   20.0998   20.4664   19.7802   20.9146
17   19.7589   19.286    20.3364   20.1048
18   19.8704   20.4128   20.2959   20.9992
19   19.8029   19.0008   19.0008   19.0008
20   19.0008   19.0008   19.7557   19.0008
21   19.3132   19.0008   19.0008   19.7932
22   20.6496   20.9992   20.1747   20.1952
23   19.7115   19.0008   19.1682   19.0008
24   19.2029   19.7976   20.1093   20.0225
25   20.9992   20.3618   20.3889   19.8828
26   20.9396   20.9992   20.1813   20.9712
27   19.2484   19.7426   19.0008   19.0008
28   19.4926   19.0008   19.6571   20.1367
29   20.9638   20.8048   19.9584   20.3517
30   19.0008   19.6911   19.3324   20.1367
31   20.847    20.4032   19.8963   19.7772
32   19.9707   20.9239   20.1173   20.1011
33   20.5758   19.7235   19.5666   19.8766
34   20.1141   19.4572   19.0453   19.9558
35   20.9992   20.9992   20.9657   20.1809
36   20.994    20.2187   20.9462   20.013
37   20.2832   20.9992   20.9992   20.9992
38   19.077    19.6636   19.0008   19.8232
39   20.3408   19.8373   19.3825   19.7931
40   19.7894   19.3334   19.0296   19.9868
41   20.9681   20.9992   20.0353   20.9992
42   19.7615   20.0007   19.7784   19.0812
43   19.0014   19.7457   20.1324   19.395
44   20.1066   20.6292   19.8222   19.7783
45   19.8875   19.1131   19.8303   20.0287

 [*,*,3]
:       1         2         3         4       :=
1    20.9992   20.2464   20.9992   20.9992
2    19.0008   19.0008   19.9004   19.2625
3    19.0008   19.3844   20.0811   19.7153
4    20.9992   20.9992   20.1766   20.9105
5    20.0883   20.9992   20.5237   20.9992
6    20.2135   20.9992   19.9193   20.7819
7    20.8307   20.9992   20.6178   20.0367
8    19.7431   20.265    20.7734   19.967
9    20.0353   19.0106   19.7993   19.8232
10   19.7175   19.0053   19.3078   19.9157
11   19.2084   19.4974   20.1513   19.9897
12   20.2118   20.9992   20.9992   20.9845
13   19.7719   19.0078   19.0008   19.0008
14   19.9281   19.0008   19.0166   19.0008
15   20.1629   20        20.8797   19.9418
16   20.2287   20.9992   20.9992   20.9992
17   20.8781   20.2057   20.1964   20.9992
18   19.0008   19.8462   19.0008   19.0029
19   19.8542   19.4907   20.0631   19.1043
20   20.1755   20.2067   20.2123   19.3954
21   19.7424   19.1267   19.0008   19.0008
22   19.0008   20.0142   20.0271   19.7059
23   20.4734   20.0353   19.7818   20.8294
24   20.1795   19.4609   20.4428   20.2222
25   20.7734   20.3089   20.1629   20.9992
26   20.1025   20.7819   20.6656   20.0109
27   20.2091   20.9992   20.9992   20.1766
28   20.3633   20.9992   20.8319   20.9992
29   20.7759   20.9992   20.9992   20.2972
30   19.9061   20.206    19.208    19.976
31   19.9015   20.6032   20.2986   19.676
32   19.6662   20.0591   20.7246   20.0126
33   20.5795   20.19     20.4249   20.9992
34   19.8111   19.6289   20.2083   20.6537
35   19.8424   19.7404   20.7419   19.9745
36   20.0013   20.641    20.0878   19.7155
37   19.0008   19.0402   19.8215   19.0008
38   20.9007   20.2747   19.9061   20.0551
39   19.8441   19.0166   19.2333   20.0398
40   19.0147   19.7651   19.1769   19.7921
41   19.0008   19.7395   19.5732   19.8366
42   19.0008   19.8538   19.0008   19.4557
43   20.1767   20.9992   20.274    20.3978
44   19.828    19.1223   19.2293   19.0008
45   19.0008   19.1137   19.0175   19.7924
;

side = 1.99838
softness = 0.3

---------------------------- Solution coords data ----------------------------
distances [*,1,*]
:    1   2   3   4    :=
1    0   1   0   1
2    0   1   0   1
3    0   1   0   1
4    0   1   0   1
5    0   1   0   1
6    0   1   0   1
7    0   1   0   1
8    0   1   0   1
9    0   1   0   1
10   0   1   0   1
11   0   1   0   1
12   0   1   0   1
13   0   1   0   1
14   0   1   0   1
15   0   1   0   1
16   0   1   0   1
17   0   1   0   1
18   0   1   0   1
19   0   1   0   1
20   0   1   0   1
21   0   1   0   1
22   0   1   0   1
23   0   1   0   1
24   0   1   0   1
25   0   1   0   1
26   0   1   0   1
27   0   1   0   1
28   0   1   0   1
29   0   1   0   1
30   0   1   0   1
31   0   1   0   1
32   0   1   0   1
33   0   1   0   1
34   0   1   0   1
35   0   1   0   1
36   0   1   0   1
37   0   1   0   1
38   0   1   0   1
39   0   1   0   1
40   0   1   0   1
41   0   1   0   1
42   0   1   0   1
43   0   1   0   1
44   0   1   0   1
45   0   1   0   1

 [*,2,*]
:    1   2   3   4    :=
1    0   0   1   1
2    0   0   1   1
3    0   0   1   1
4    0   0   1   1
5    0   0   1   1
6    0   0   1   1
7    0   0   1   1
8    0   0   1   1
9    0   0   1   1
10   0   0   1   1
11   0   0   1   1
12   0   0   1   1
13   0   0   1   1
14   0   0   1   1
15   0   0   1   1
16   0   0   1   1
17   0   0   1   1
18   0   0   1   1
19   0   0   1   1
20   0   0   1   1
21   0   0   1   1
22   0   0   1   1
23   0   0   1   1
24   0   0   1   1
25   0   0   1   1
26   0   0   1   1
27   0   0   1   1
28   0   0   1   1
29   0   0   1   1
30   0   0   1   1
31   0   0   1   1
32   0   0   1   1
33   0   0   1   1
34   0   0   1   1
35   0   0   1   1
36   0   0   1   1
37   0   0   1   1
38   0   0   1   1
39   0   0   1   1
40   0   0   1   1
41   0   0   1   1
42   0   0   1   1
43   0   0   1   1
44   0   0   1   1
45   0   0   1   1

 [*,3,*]
:    1   2   3   4    :=
1    1   0   0   1
2    1   0   0   1
3    1   0   0   1
4    1   0   0   1
5    1   0   0   1
6    1   0   0   1
7    1   0   0   1
8    1   0   0   1
9    1   0   0   1
10   1   0   0   1
11   1   0   0   1
12   1   0   0   1
13   1   0   0   1
14   1   0   0   1
15   1   0   0   1
16   1   0   0   1
17   1   0   0   1
18   1   0   0   1
19   1   0   0   1
20   1   0   0   1
21   1   0   0   1
22   1   0   0   1
23   1   0   0   1
24   1   0   0   1
25   1   0   0   1
26   1   0   0   1
27   1   0   0   1
28   1   0   0   1
29   1   0   0   1
30   1   0   0   1
31   1   0   0   1
32   1   0   0   1
33   1   0   0   1
34   1   0   0   1
35   1   0   0   1
36   1   0   0   1
37   1   0   0   1
38   1   0   0   1
39   1   0   0   1
40   1   0   0   1
41   1   0   0   1
42   1   0   0   1
43   1   0   0   1
44   1   0   0   1
45   1   0   0   1

 [*,4,*]
:    1   2   3   4    :=
1    1   1   1   0
2    1   1   1   0
3    1   1   1   0
4    1   1   1   0
5    1   1   1   0
6    1   1   1   0
7    1   1   1   0
8    1   1   1   0
9    1   1   1   0
10   1   1   1   0
11   1   1   1   0
12   1   1   1   0
13   1   1   1   0
14   1   1   1   0
15   1   1   1   0
16   1   1   1   0
17   1   1   1   0
18   1   1   1   0
19   1   1   1   0
20   1   1   1   0
21   1   1   1   0
22   1   1   1   0
23   1   1   1   0
24   1   1   1   0
25   1   1   1   0
26   1   1   1   0
27   1   1   1   0
28   1   1   1   0
29   1   1   1   0
30   1   1   1   0
31   1   1   1   0
32   1   1   1   0
33   1   1   1   0
34   1   1   1   0
35   1   1   1   0
36   1   1   1   0
37   1   1   1   0
38   1   1   1   0
39   1   1   1   0
40   1   1   1   0
41   1   1   1   0
42   1   1   1   0
43   1   1   1   0
44   1   1   1   0
45   1   1   1   0
;

---------------------------- Solution stats data ----------------------------
_ampl_time = 0.08987
_total_solve_time = 13363.6
_ampl_elapsed_time = 0.086078
_ampl_user_time = 0.072179

Total time elapsed: $13363.58.
_total_solve_time = 13363.6

---------------------------- Solution miscs data ----------------------------
tetrahedron_volume [*] :=
 1 0    6 0   11 0   16 0   21 0   26 0   31 0   36 0   41 0
 2 0    7 0   12 0   17 0   22 0   27 0   32 0   37 0   42 0
 3 0    8 0   13 0   18 0   23 0   28 0   33 0   38 0   43 0
 4 0    9 0   14 0   19 0   24 0   29 0   34 0   39 0   44 0
 5 0   10 0   15 0   20 0   25 0   30 0   35 0   40 0   45 0
;

---------------------------- Solution miscs data ----------------------------
tetrahedron_surface_area [*] :=
 1 1.73205    9 1.73205   17 1.73205   25 1.73205   33 1.73205   41 1.73205
 2 1.73205   10 1.73205   18 1.73205   26 1.73205   34 1.73205   42 1.73205
 3 1.73205   11 1.73205   19 1.73205   27 1.73205   35 1.73205   43 1.73205
 4 1.73205   12 1.73205   20 1.73205   28 1.73205   36 1.73205   44 1.73205
 5 1.73205   13 1.73205   21 1.73205   29 1.73205   37 1.73205   45 1.73205
 6 1.73205   14 1.73205   22 1.73205   30 1.73205   38 1.73205
 7 1.73205   15 1.73205   23 1.73205   31 1.73205   39 1.73205
 8 1.73205   16 1.73205   24 1.73205   32 1.73205   40 1.73205
;

