Error at _cmdno 5 executing "solve" command
(file amplin, line 1945, offset 37257):
error processing param distances:
	4000 invalid subscripts discarded:
	distances[51,1,1]
	distances[51,1,2]
	distances[51,1,3]
	and 3997 more.
##### This license is only intended for use by NEOS. #####
##### License is valid until Jan 16, 2026 #####
riables.
Adjusted problem:
6726 variables:
	4276 nonlinear variables
	2450 linear variables
13100 constraints; 79725 nonzeros
	11875 nonlinear constraints
	1225 linear constraints
	1275 equality constraints
	11825 inequality constraints
1 linear objective; 1 nonzero.

Artelys Knitro 14.2.0: threads=4
algorithm=1
ms_enable=1
ms_maxsolves=10
feastol=1e-5
opttol=1e-5
honorbnds=1
bar_initpt=3
bar_murule=4
scale=1
outlev=2
maxtime_real=3600
WARNING:  Option 'threads' is deprecated, please use 'numthreads'.

=======================================
           Academic License
       (NOT FOR COMMERCIAL USE)
         Artelys Knitro 14.2.0
=======================================

No start point provided -- Knitro computing one.

Knitro presolve eliminated 0 variables and 0 constraints.

algorithm                1
bar_initpt               3
bar_murule               4
concurrent_evals         0
datacheck                0
feastol                  1e-05
findiff_numthreads       1
hessian_no_f             1
hessopt                  1
honorbnds                1
maxtime_real             3600
ms_enable                1
ms_maxsolves             10
numthreads               4
opttol                   1e-05

Problem Characteristics                                 (   Presolved)
-----------------------
Objective goal:  Minimize
Objective type:  linear
Number of variables:                               6726 (        6726)
    bounded below only:                             601 (         601)
    bounded above only:                               0 (           0)
    bounded below and above:                          0 (           0)
    fixed:                                            0 (           0)
    free:                                          6125 (        6125)
Number of constraints:                            13100 (       13100)
    linear equalities:                                0 (           0)
    quadratic equalities:                          1225 (        1225)
    gen. nonlinear equalities:                       50 (          50)
    linear one-sided inequalities:                 1225 (        1225)
    quadratic one-sided inequalities:             10600 (       10600)
    gen. nonlinear one-sided inequalities:            0 (           0)
    linear two-sided inequalities:                    0 (           0)
    quadratic two-sided inequalities:                 0 (           0)
    gen. nonlinear two-sided inequalities:            0 (           0)
Number of nonzeros in Jacobian:                   79725 (       79725)
Number of nonzeros in Hessian:                    36976 (       36976)

Knitro parallel multistart will run with 4 threads.

Return codes description
------------------------
  0:  The final solution satisfies the termination conditions for verifying optimality.
  -100 to -199:  A feasible approximate solution was found.
  -200 to -299:  Knitro terminated at an infeasible point.
  -300 to -301:  The problem was determined to be unbounded.
  -400 to -499:  Knitro terminated because it reached a pre-defined limit.
    -400 to -409:  A feasible point was found.
    -410 to -419:  No feasible point was found.
  -500 to -599:  Knitro terminated with an input error or some non-standard error.
A more detailed description of individual return codes and their corresponding
termination messages is provided at
https://www.artelys.com/app/docs/knitro/3_referenceManual/returnCodes.html

 Solve #  ThreadID  Status     Objective      FeasError    OptError    Real Time 
--------  --------  ------  --------------   ----------   ----------  ----------
      4          1    -202         261.159      17366.1     0.998554      84.7739
      5          0    -202         320.970      25842.1      49.6142      114.520
      2          1    -202         2434.20      62905.0      100.618      164.304
      0          0       0         1.28412  4.33816e-05  5.70865e-06      175.927
      3          2    -202         14219.0      31.9418     0.999926      584.865
      1          3    -410         3728.22      1.68211     0.999965      1264.57
      8          2    -410         20414.8      3.23009     0.999988      2278.87
      6          1    -410         427.741  1.49427e-02     0.165379      1687.16
      7          0    -410         28795.0      77.6171      1.00000      2242.74
      9          3    -410         6740.97      1.72008      7.01895      2155.12

MULTISTART: Best locally optimal solution is returned.
EXIT: Locally optimal solution found.

Final Statistics
----------------
Final objective value               =   1.28411557020412e+00
Final feasibility error (abs / rel) =   4.34e-05 / 4.04e-08
Final optimality error  (abs / rel) =   5.71e-06 / 5.71e-06
# of iterations                     =      58611 
# of CG iterations                  =          0 
# of function evaluations           =      71626
# of gradient evaluations           =      58958
# of Hessian evaluations            =      58653
Total program time (secs)           =    3420.20825 ( 10556.810 CPU time)

===============================================================================

Knitro 14.2.0: Locally optimal or satisfactory solution.
objective 1.28411557; feasibility error 4.34e-05
58611 iterations; 71626 function evaluations

suffix feaserror OUT;
suffix opterror OUT;
suffix numfcevals OUT;
suffix numiters OUT;
---------------------------- Container and geometric considerations  ----------------------------
Container type: sphere
Structural conservation type: surface
---------------------------- Solution execution data ----------------------------
solve_result_num = 0
solve_result = solved

---------------------------- Solution data ----------------------------
card(figures) = 50

coords [*,*,1]
:       1         2         3         4       :=
1    19.3601   19.1561   19.5815   20.188
2    20.1876   20.5517   20.4756   21.1482
3    18.953    19.8519   19.8027   19.6738
4    19.8611   20.1232   19.3356   19.308
5    18.9906   19.8934   19.8396   19.336
6    19.9816   20.2742   20.8988   19.9774
7    20.7086   20.5024   20.2017   19.8675
8    20.4493   20.4496   20.1541   19.6298
9    20.4071   21.1467   20.1351   20.477
10   20.9168   20.4588   21.1091   20.1184
11   20.4696   20.0678   20.0733   20.9059
12   20.0431   20.2238   20.4156   21.0626
13   19.0722   19.7985   19.648    19.8209
14   20.259    21.2209   20.8777   21.1816
15   20.4383   19.7779   19.5746   19.847
16   19.5172   20.4035   20.3588   20.1382
17   19.9787   18.9582   19.7857   19.8532
18   19.9107   18.9019   19.8034   19.5026
19   21.1798   20.4061   20.1321   20.9034
20   20.5324   20.0263   20.3619   19.6492
21   18.9905   19.8533   19.3357   18.7781
22   20.4132   19.8059   19.8564   20.6033
23   20.1553   20.1759   20.0038   20.8171
24   20.8518   21.1091   20.2271   21.2654
25   20.9754   20.0273   20.2223   20.3415
26   19.862    19.308    19.3356   18.7781
27   19.7587   20.0592   20.5461   19.8809
28   21.1281   20.2156   20.2592   20.7637
29   20.014    20.2833   19.5176   20.2504
30   21.1091   20.9199   21.2531   20.1996
31   20.1644   19.3154   19.9594   19.7265
32   18.7675   19.335    19.5625   19.1294
33   20.0891   20.5238   20.4468   21.1091
34   21.2222   20.503    20.2107   20.7087
35   19.0567   18.7721   19.7972   18.8129
36   19.8613   19.8381   19.336    20.1237
37   20.4994   19.8643   20.2454   19.6349
38   19.47     19.813    19.0582   18.8138
39   20.1382   19.5392   19.5172   20.4035
40   19.1299   19.947    19.0642   20.0391
41   18.8191   19.7177   18.7675   19.0626
42   19.5749   19.838    19.8054   19.077
43   19.786    19.897    20.3698   19.6571
44   19.7994   18.9395   18.8174   19.4424
45   19.9712   19.3153   20.1643   20.1537
46   19.8922   19.6287   20.5992   19.8515
47   19.4404   18.8011   19.5183   19.6593
48   20.2734   20.8518   21.1091   20.2228
49   21.139    20.2952   21.1092   20.5546
50   19.8435   19.0841   19.4344   18.7483

 [*,*,2]
:       1         2         3         4       :=
1    20.0594   19.3187   20.1273   19.7094
2    20.1588   20.9742   21.0944   20.4235
3    19.2861   19.7011   18.7674   18.885
4    19.9859   20.3923   20.0524   20.8226
5    19.454    19.973    19.3454   20.0527
6    20.7196   19.8629   20.4438   19.8558
7    18.9344   19.2285   19.7876   18.7286
8    21.1971   20.7377   20.186    21.1184
9    20.5069   20.4271   20.049    21.0938
10   19.1098   19.0013   19.6404   19.8668
11   18.9987   18.7238   19.8321   19.0943
12   19.8987   20.7671   20.7245   20.3501
13   20.8834   21.2512   20.6513   20.1364
14   19.8715   19.6284   19.806    20.4925
15   20.6767   21.2311   20.7306   20.1246
16   20.5336   20.776    19.9444   20.21
17   19.5759   19.281    18.7709   19.7013
18   19.919    19.5116   19.3411   18.8893
19   20.4016   20.5068   20.0228   19.83
20   19.444    19.8666   18.8419   19.096
21   19.4536   20.0027   20.0522   20.2489
22   20.7217   20.3644   21.2161   21.1327
23   19.1525   19.9489   19.9385   19.9961
24   20.3952   19.6404   19.8493   20.1804
25   20.3931   19.8009   20.7657   19.9066
26   20.0292   20.8225   20.0523   20.2489
27   19.1156   20.1241   19.4534   19.8343
28   19.4988   19.2368   19.8807   19.9021
29   20.1672   20.8077   20.0516   19.6902
30   19.6404   19.1124   20.1796   19.8588
31   19.7126   19.6902   20.2113   20.4737
32   20.1042   20.0812   20.1366   19.2168
33   19.8403   19.8024   18.9953   19.6404
34   19.6309   19.2276   19.8643   18.9343
35   20.8705   19.8607   20.2024   20.1572
36   19.9867   19.347    20.0527   20.3925
37   19.2238   18.7285   19.7696   19.1757
38   20.8555   20.1814   20.8721   20.1328
39   20.21     21.1201   20.5336   20.776
40   19.8823   19.2383   19.2128   19.7573
41   19.8199   19.893    20.1105   19.2198
42   20.7988   20.1343   21.2518   20.8886
43   18.753    19.8003   18.8421   19.0902
44   19.8988   19.3138   19.8146   18.8998
45   20.2175   19.6902   19.7126   19.1583
46   20.2719   21.1178   21.135    21.2148
47   20.0775   20.0997   20.8835   20.1329
48   19.8621   20.3952   19.6404   19.849
49   20.5037   20.1943   20.3236   21.0637
50   20.1185   20.8988   20.8816   20.1551

 [*,*,3]
:       1         2         3         4       :=
1    19.178    19.5777   20.2136   19.758
2    19.7071   20.3799   19.5256   19.6111
3    19.7924   20.3118   19.6987   20.547
4    20.2085   21.2165   21.0976   20.7025
5    20.5761   20.1693   21.0931   21.0979
6    21.0634   21.247    20.6683   20.4335
7    19.8929   19.1048   20.0069   19.8775
8    19.8817   19.0499   19.8142   19.4891
9    18.8926   19.6106   19.7293   19.5256
10   19.8734   20.6641   20.5382   20.072
11   20.6525   19.8744   20.0215   19.9106
12   20.4509   20.0296   20.9753   20.5339
13   19.9121   20.2072   19.3083   20.1915
14   20        19.858    19.083    19.8986
15   20.9995   20.2897   20.9665   20.2277
16   18.9364   19.0598   18.7683   19.808
17   19.4419   19.7906   19.6962   20.3124
18   20.2579   20.4523   21.0845   20.4097
19   19.6924   18.8922   19.7865   19.1034
20   21.0278   20.1249   20.4204   20.8418
21   20.5756   20.1239   21.0977   20.3065
22   20.9785   20.1104   20.3867   19.9563
23   19.0478   19.822    18.7174   19.0094
24   20.8759   20.5382   20.1265   19.8771
25   20.4817   20.4998   20.0299   19.6997
26   20.1423   20.7026   21.0976   20.3065
27   20.8992   21.2767   21.0256   20.2117
28   19.6464   19.056    19.969    18.9723
29   20.5586   19.867    19.5635   19.8504
30   20.5382   19.8783   19.876    20.0689
31   19.7135   18.9863   18.734    19.6698
32   19.6551   19.0014   20.0946   19.6401
33   20.1263   21.1556   20.6632   20.5382
34   19.8621   19.107    19.9784   19.8955
35   19.9626   20.349    20.0646   19.5363
36   20.211    21.0938   21.0979   21.2164
37   19.1072   19.8827   19.8099   19.0855
38   19.2024   20.0258   19.964    19.5265
39   19.808    19.5733   18.9364   19.0598
40   19.0629   18.9675   19.6083   19.6635
41   20.4711   20.2045   19.6569   19.5981
42   20.9111   20.1982   20.21     19.9141
43   19.7806   20.156    20.414    20.8388
44   20.1792   19.769    20.4649   20.3573
45   18.7348   18.9863   19.7134   19.0425
46   20.0311   19.4886   19.9592   20.3889
47   18.8927   19.5508   19.2023   19.9877
48   21.2471   20.8759   20.5382   20.1303
49   19.6869   19.8049   20.5603   20.4582
50   20.205    19.9509   20.7428   20.2412
;

radius = 1.28412
softness = 0.25

---------------------------- Solution coords data ----------------------------
distances [*,1,*]
:    1   2   3   4    :=
1    0   1   0   1
2    0   1   0   1
3    0   1   0   1
4    0   1   0   1
5    0   1   0   1
6    0   1   0   1
7    0   1   0   1
8    0   1   0   1
9    0   1   0   1
10   0   1   0   1
11   0   1   0   1
12   0   1   0   1
13   0   1   0   1
14   0   1   0   1
15   0   1   0   1
16   0   1   0   1
17   0   1   0   1
18   0   1   0   1
19   0   1   0   1
20   0   1   0   1
21   0   1   0   1
22   0   1   0   1
23   0   1   0   1
24   0   1   0   1
25   0   1   0   1
26   0   1   0   1
27   0   1   0   1
28   0   1   0   1
29   0   1   0   1
30   0   1   0   1
31   0   1   0   1
32   0   1   0   1
33   0   1   0   1
34   0   1   0   1
35   0   1   0   1
36   0   1   0   1
37   0   1   0   1
38   0   1   0   1
39   0   1   0   1
40   0   1   0   1
41   0   1   0   1
42   0   1   0   1
43   0   1   0   1
44   0   1   0   1
45   0   1   0   1
46   0   1   0   1
47   0   1   0   1
48   0   1   0   1
49   0   1   0   1
50   0   1   0   1

 [*,2,*]
:    1   2   3   4    :=
1    0   0   1   1
2    0   0   1   1
3    0   0   1   1
4    0   0   1   1
5    0   0   1   1
6    0   0   1   1
7    0   0   1   1
8    0   0   1   1
9    0   0   1   1
10   0   0   1   1
11   0   0   1   1
12   0   0   1   1
13   0   0   1   1
14   0   0   1   1
15   0   0   1   1
16   0   0   1   1
17   0   0   1   1
18   0   0   1   1
19   0   0   1   1
20   0   0   1   1
21   0   0   1   1
22   0   0   1   1
23   0   0   1   1
24   0   0   1   1
25   0   0   1   1
26   0   0   1   1
27   0   0   1   1
28   0   0   1   1
29   0   0   1   1
30   0   0   1   1
31   0   0   1   1
32   0   0   1   1
33   0   0   1   1
34   0   0   1   1
35   0   0   1   1
36   0   0   1   1
37   0   0   1   1
38   0   0   1   1
39   0   0   1   1
40   0   0   1   1
41   0   0   1   1
42   0   0   1   1
43   0   0   1   1
44   0   0   1   1
45   0   0   1   1
46   0   0   1   1
47   0   0   1   1
48   0   0   1   1
49   0   0   1   1
50   0   0   1   1

 [*,3,*]
:    1   2   3   4    :=
1    1   0   0   1
2    1   0   0   1
3    1   0   0   1
4    1   0   0   1
5    1   0   0   1
6    1   0   0   1
7    1   0   0   1
8    1   0   0   1
9    1   0   0   1
10   1   0   0   1
11   1   0   0   1
12   1   0   0   1
13   1   0   0   1
14   1   0   0   1
15   1   0   0   1
16   1   0   0   1
17   1   0   0   1
18   1   0   0   1
19   1   0   0   1
20   1   0   0   1
21   1   0   0   1
22   1   0   0   1
23   1   0   0   1
24   1   0   0   1
25   1   0   0   1
26   1   0   0   1
27   1   0   0   1
28   1   0   0   1
29   1   0   0   1
30   1   0   0   1
31   1   0   0   1
32   1   0   0   1
33   1   0   0   1
34   1   0   0   1
35   1   0   0   1
36   1   0   0   1
37   1   0   0   1
38   1   0   0   1
39   1   0   0   1
40   1   0   0   1
41   1   0   0   1
42   1   0   0   1
43   1   0   0   1
44   1   0   0   1
45   1   0   0   1
46   1   0   0   1
47   1   0   0   1
48   1   0   0   1
49   1   0   0   1
50   1   0   0   1

 [*,4,*]
:    1   2   3   4    :=
1    1   1   1   0
2    1   1   1   0
3    1   1   1   0
4    1   1   1   0
5    1   1   1   0
6    1   1   1   0
7    1   1   1   0
8    1   1   1   0
9    1   1   1   0
10   1   1   1   0
11   1   1   1   0
12   1   1   1   0
13   1   1   1   0
14   1   1   1   0
15   1   1   1   0
16   1   1   1   0
17   1   1   1   0
18   1   1   1   0
19   1   1   1   0
20   1   1   1   0
21   1   1   1   0
22   1   1   1   0
23   1   1   1   0
24   1   1   1   0
25   1   1   1   0
26   1   1   1   0
27   1   1   1   0
28   1   1   1   0
29   1   1   1   0
30   1   1   1   0
31   1   1   1   0
32   1   1   1   0
33   1   1   1   0
34   1   1   1   0
35   1   1   1   0
36   1   1   1   0
37   1   1   1   0
38   1   1   1   0
39   1   1   1   0
40   1   1   1   0
41   1   1   1   0
42   1   1   1   0
43   1   1   1   0
44   1   1   1   0
45   1   1   1   0
46   1   1   1   0
47   1   1   1   0
48   1   1   1   0
49   1   1   1   0
50   1   1   1   0
;

---------------------------- Solution stats data ----------------------------
_ampl_time = 0.102573
_total_solve_time = 10557.1
_ampl_elapsed_time = 0.096871
_ampl_user_time = 0.077903

Total time elapsed: $10557.06.
_total_solve_time = 10557.1

---------------------------- Solution miscs data ----------------------------
tetrahedron_volume [*] :=
 1 0    6 0   11 0   16 0   21 0   26 0   31 0   36 0   41 0   46 0
 2 0    7 0   12 0   17 0   22 0   27 0   32 0   37 0   42 0   47 0
 3 0    8 0   13 0   18 0   23 0   28 0   33 0   38 0   43 0   48 0
 4 0    9 0   14 0   19 0   24 0   29 0   34 0   39 0   44 0   49 0
 5 0   10 0   15 0   20 0   25 0   30 0   35 0   40 0   45 0   50 0
;

---------------------------- Solution miscs data ----------------------------
tetrahedron_surface_area [*] :=
 1 1.73205   10 1.73205   19 1.73205   28 1.73205   37 1.73205   46 1.73205
 2 1.73205   11 1.73205   20 1.73205   29 1.73205   38 1.73205   47 1.73205
 3 1.73205   12 1.73205   21 1.73205   30 1.73205   39 1.73205   48 1.73205
 4 1.73205   13 1.73205   22 1.73205   31 1.73205   40 1.73205   49 1.73205
 5 1.73205   14 1.73205   23 1.73205   32 1.73205   41 1.73205   50 1.73205
 6 1.73205   15 1.73205   24 1.73205   33 1.73205   42 1.73205
 7 1.73205   16 1.73205   25 1.73205   34 1.73205   43 1.73205
 8 1.73205   17 1.73205   26 1.73205   35 1.73205   44 1.73205
 9 1.73205   18 1.73205   27 1.73205   36 1.73205   45 1.73205
;

