Error at _cmdno 5 executing "solve" command
(file amplin, line 1977, offset 38302):
error processing param distances:
	4000 invalid subscripts discarded:
	distances[51,1,1]
	distances[51,1,2]
	distances[51,1,3]
	and 3997 more.
##### This license is only intended for use by NEOS. #####
##### License is valid until Jan 16, 2026 #####
ariables.
Adjusted problem:
6726 variables:
	4276 nonlinear variables
	2450 linear variables
13150 constraints; 80325 nonzeros
	11925 nonlinear constraints
	1225 linear constraints
	1325 equality constraints
	11825 inequality constraints
1 linear objective; 1 nonzero.

Artelys Knitro 14.2.0: threads=4
algorithm=1
ms_enable=1
ms_maxsolves=10
feastol=1e-5
opttol=1e-5
honorbnds=1
bar_initpt=3
bar_murule=4
scale=1
outlev=2
maxtime_real=3600
WARNING:  Option 'threads' is deprecated, please use 'numthreads'.

=======================================
           Academic License
       (NOT FOR COMMERCIAL USE)
         Artelys Knitro 14.2.0
=======================================

No start point provided -- Knitro computing one.

Knitro presolve eliminated 0 variables and 0 constraints.

algorithm                1
bar_initpt               3
bar_murule               4
concurrent_evals         0
datacheck                0
feastol                  1e-05
findiff_numthreads       1
hessian_no_f             1
hessopt                  1
honorbnds                1
maxtime_real             3600
ms_enable                1
ms_maxsolves             10
numthreads               4
opttol                   1e-05

Problem Characteristics                                 (   Presolved)
-----------------------
Objective goal:  Minimize
Objective type:  linear
Number of variables:                               6726 (        6726)
    bounded below only:                             601 (         601)
    bounded above only:                               0 (           0)
    bounded below and above:                          0 (           0)
    fixed:                                            0 (           0)
    free:                                          6125 (        6125)
Number of constraints:                            13150 (       13150)
    linear equalities:                                0 (           0)
    quadratic equalities:                          1225 (        1225)
    gen. nonlinear equalities:                      100 (         100)
    linear one-sided inequalities:                 1225 (        1225)
    quadratic one-sided inequalities:             10600 (       10600)
    gen. nonlinear one-sided inequalities:            0 (           0)
    linear two-sided inequalities:                    0 (           0)
    quadratic two-sided inequalities:                 0 (           0)
    gen. nonlinear two-sided inequalities:            0 (           0)
Number of nonzeros in Jacobian:                   80325 (       80325)
Number of nonzeros in Hessian:                    36976 (       36976)

Knitro parallel multistart will run with 4 threads.

Return codes description
------------------------
  0:  The final solution satisfies the termination conditions for verifying optimality.
  -100 to -199:  A feasible approximate solution was found.
  -200 to -299:  Knitro terminated at an infeasible point.
  -300 to -301:  The problem was determined to be unbounded.
  -400 to -499:  Knitro terminated because it reached a pre-defined limit.
    -400 to -409:  A feasible point was found.
    -410 to -419:  No feasible point was found.
  -500 to -599:  Knitro terminated with an input error or some non-standard error.
A more detailed description of individual return codes and their corresponding
termination messages is provided at
https://www.artelys.com/app/docs/knitro/3_referenceManual/returnCodes.html

 Solve #  ThreadID  Status     Objective      FeasError    OptError    Real Time 
--------  --------  ------  --------------   ----------   ----------  ----------
      2          2    -202         2066.88      47709.8      3.47575      2540.82
      5          1    -410         614.549  2.60380e-02     0.999206      4208.64
      8          2    -410         1232.58     0.290733  6.47779e-02      2784.89
      9          1    -400         528.858  2.44735e-04      1.22081      1800.48
      6          0    -410         8686.98  4.26622e-02      1.73117      4143.32
      4          2    -410         871.419  7.65562e-03      2.52105      5968.31
      3          1    -410         14913.6  1.06854e-02      5.95615      5715.08
      0          0    -101         1.44755  7.88318e-10  9.42026e-03      6172.54
      7          3    -410         973.470  2.02249e-02      2.53261      4381.15
      1          3    -410         1921.36  5.26771e-02     0.991413      6217.93

MULTISTART: Best locally optimal solution is returned.
EXIT: Locally optimal solution found.

Final Statistics
----------------
Final objective value               =   1.44754865896000e+00
Final feasibility error (abs / rel) =   7.88e-10 / 7.35e-13
Final optimality error  (abs / rel) =   9.42e-03 / 9.42e-03
# of iterations                     =      95355 
# of CG iterations                  =          0 
# of function evaluations           =     140162
# of gradient evaluations           =      95659
# of Hessian evaluations            =      95437
Total program time (secs)           =   11724.98535 ( 32069.672 CPU time)

===============================================================================

Knitro 14.2.0: Locally optimal or satisfactory solution.
objective 1.447548659; feasibility error 7.88e-10
95355 iterations; 140162 function evaluations

suffix feaserror OUT;
suffix opterror OUT;
suffix numfcevals OUT;
suffix numiters OUT;
---------------------------- Container and geometric considerations  ----------------------------
Container type: sphere
Structural conservation type: volume & surface
---------------------------- Solution execution data ----------------------------
solve_result_num = 0
solve_result = solved

---------------------------- Solution data ----------------------------
card(figures) = 50

coords [*,*,1]
:       1         2         3         4       :=
1    19.4492   18.7628   18.9697   19.6403
2    20.0177   20.0734   19.531    20.5292
3    19.7541   18.8887   19.7548   19.4454
4    19.1617   19.8469   18.8736   19.307
5    19.9987   20.9294   20.1764   20.4928
6    20.5472   20.8381   19.9143   20.1656
7    20.4684   21.3404   20.9927   21.3247
8    19.0334   19.5669   19.8152   19.9627
9    20.9562   20.028    20.1884   20.4925
10   20.3678   20.5731   21.2365   21.0677
11   20.6934   20.3898   21.0059   21.3395
12   20.6574   19.7035   20.0946   20.383
13   19.1124   19.5294   18.7708   19.6683
14   20.9673   21.3093   20.3395   20.7253
15   20.0608   19.1926   19.9862   19.5243
16   19.7909   19.9855   20.5154   19.5571
17   19.5858   18.6879   19.2497   18.831
18   20.1008   20.1152   19.249    19.7182
19   20.7012   19.7838   20.1252   20.5089
20   20.5306   20.2333   21.0882   20.212
21   19.1479   19.8286   19.4431   20.0698
22   20.8811   20.1248   19.9403   20.2522
23   19.9758   19.8235   19.5008   20.4807
24   21.2409   21.1473   20.3873   20.6385
25   20.5679   19.7814   19.9199   19.6463
26   19.145    18.8152   19.3551   19.7901
27   20.6928   20.3574   21.3396   20.7526
28   20.7374   20.4577   20.1273   19.7943
29   20.7417   20.1722   21.0352   20.2584
30   21.2434   20.4983   21.2273   21.4182
31   19.7441   18.8344   19.5867   19.5788
32   18.8622   19.5398   18.9908   18.564
33   19.5706   20.5588   19.9326   20.0082
34   20.9158   21.2989   20.3575   20.5946
35   18.6813   18.6207   19.5094   18.8407
36   19.9958   19.4584   20.4487   20.0736
37   19.845    19.769    19.3893   18.9552
38   18.8602   19.5426   18.9775   18.5684
39   19.9845   20.4592   19.9721   19.4597
40   20.6098   19.8172   19.9123   20.522
41   19.1103   19.6265   18.7692   18.7565
42   19.1312   19.6898   19.6172   18.8308
43   21.0936   20.2429   20.5937   20.22
44   19.939    19.4226   19.7116   20.3897
45   20.4723   19.4883   20.0116   20.1327
46   19.7108   19.6299   20.1362   19.1405
47   19.569    19.6712   18.8294   19.034
48   21.2393   21.0697   21.4188   20.4775
49   20.6051   20.3312   21.3007   20.7188
50   19.6578   19.866    19.9078   19.0239

 [*,*,2]
:       1         2         3         4       :=
1    19.5082   20.0392   19.1021   19.8286
2    20.4727   21.4379   21.1611   21.1128
3    18.6554   19.115    19.5547   18.7513
4    18.9384   19.654    19.8825   19.6322
5    20.5542   20.5143   20.0947   19.685
6    19.4816   18.9155   18.8193   19.6424
7    20.1446   19.8562   20.7773   20.5327
8    20.9058   20.4609   20.3307   21.2171
9    21.0655   21.4362   20.4711   21.1771
10   19.6607   18.6898   19.2881   19.3765
11   19.9958   20.0757   20.7616   19.8372
12   18.8461   18.6314   19.505    18.6564
13   20.5784   21.2984   20.7604   20.3378
14   20.6381   20.4011   20.286    21.2038
15   20.8556   20.4535   20.4239   21.2929
16   20.9725   20.1762   20.3344   20.0554
17   19.7069   19.6081   18.7997   19.2932
18   19.6184   18.6399   19.0944   19.2825
19   21.0815   20.9845   20.3091   20.3506
20   19.5409   19.6802   19.197    18.7644
21   20.5829   20.0896   19.6693   20.4442
22   20.5307   20.3014   20.5481   21.245
23   19.8334   20.0962   19.2097   19.3756
24   20.1251   19.2002   19.8462   19.466
25   19.9495   20.5174   19.6357   19.668
26   20.5853   19.8425   19.6359   20.064
27   19.9916   19.8584   19.8349   19.0903
28   20.3669   19.4079   19.9894   20.1321
29   20.3807   20.5067   21.0042   21.2444
30   19.3023   19.9536   20.1636   20.1655
31   19.9819   19.9605   19.4518   20.4512
32   20.4414   20.1911   19.4817   20.1138
33   19.6333   19.5096   18.8334   19.7404
34   19.6879   20.4005   20.092    20.6312
35   19.5979   20.2547   19.8834   19.2976
36   19.9545   19.6594   19.5211   20.4437
37   18.7312   19.6492   19.4567   19.0749
38   20.4414   20.2054   21.0226   20.1149
39   20.4629   21.34     20.968    21.3108
40   20.0742   20.6367   19.7196   20.4539
41   20.5741   20.2592   20.7584   19.8258
42   21.1206   20.3893   21.2691   20.6522
43   19.1988   19.5714   18.697    18.7643
44   19.5011   18.8132   18.6268   18.6622
45   19.349    19.2069   19.6485   18.6726
46   20.399    21.2674   21.2241   21.1313
47   20.4531   20.1689   19.9583   20.902
48   19.2927   19.3773   20.1593   19.8505
49   20.6323   20.2891   20.4036   21.2067
50   20.1283   20.476    19.4938   19.9606

 [*,*,3]
:       1         2         3         4       :=
1    18.7576   19.2545   19.5355   19.6854
2    19.8173   20.0727   19.2795   19.244
3    20.4706   20.2711   20.0331   19.5243
4    20.5104   20.3743   20.3499   21.2157
5    21.336    20.9727   20.4658   21.3215
6    21.2325   20.4612   20.8316   20.3222
7    20.1305   20.5258   20.7006   19.7895
8    19.419    18.6998   19.6597   19.2209
9    20.198    20.1658   19.9586   19.319
10   20.0951   20.2179   19.7687   20.7504
11   21.268    20.3185   20.7059   20.5214
12   20.572    20.3625   20.0728   19.6293
13   20.9842   20.4295   20.0622   20.1884
14   20.4488   19.5395   19.7547   19.6607
15   21.1632   20.872    20.2642   20.4415
16   18.952    19.5247   18.6915   18.6292
17   19.9637   19.5346   19.7104   20.4728
18   20.2753   20.4807   20.2732   21.136
19   19.3482   18.9622   19.6159   18.6933
20   18.7363   19.6808   19.4918   19.2797
21   21.0127   20.4711   21.2926   21.3745
22   20.9979   20.3851   21.3365   20.6907
23   19.5201   18.5674   18.8992   18.7883
24   19.2671   19.6358   19.7071   18.817
25   19.6647   19.9077   20.3587   19.3974
26   21.0094   20.4269   21.2429   20.4507
27   21.2649   20.3323   20.5185   20.8361
28   18.8111   18.7642   19.5077   18.5756
29   20.8338   20.0215   20.1091   20.6911
30   19.7599   19.9035   19.2519   20.2334
31   19.5603   19.1457   18.7271   18.6928
32   19.2233   19.9149   19.4729   20.1198
33   21.3309   21.2404   20.8524   20.4381
34   18.9255   19.5133   19.6501   18.8419
35   19.5618   20.3134   20.0443   20.5022
36   20.5058   21.2958   21.285    21.3744
37   19.3241   19.7133   18.8084   19.6244
38   19.2313   19.9231   20.0365   20.1303
39   20.2111   20.2838   21.074    20.2867
40   19.7027   19.9383   20.3255   20.6237
41   20.9851   20.1886   20.0633   20.4239
42   20.2837   19.8921   19.4224   19.4529
43   19.5004   19.8712   20.2062   19.2813
44   19.9198   19.4097   20.3487   19.6146
45   18.7984   18.9051   19.6339   19.4521
46   19.899    19.4097   20.271    20.2709
47   18.6968   19.6501   19.153    19.4125
48   19.7666   20.7485   20.2323   20.0962
49   18.8481   19.7465   19.5293   19.6586
50   19.6128   20.527    20.3441   20.3679
;

radius = 1.44755
softness = 0.35

---------------------------- Solution coords data ----------------------------
distances [*,1,*]
:    1   2   3   4    :=
1    0   1   0   1
2    0   1   0   1
3    0   1   0   1
4    0   1   0   1
5    0   1   0   1
6    0   1   0   1
7    0   1   0   1
8    0   1   0   1
9    0   1   0   1
10   0   1   0   1
11   0   1   0   1
12   0   1   0   1
13   0   1   0   1
14   0   1   0   1
15   0   1   0   1
16   0   1   0   1
17   0   1   0   1
18   0   1   0   1
19   0   1   0   1
20   0   1   0   1
21   0   1   0   1
22   0   1   0   1
23   0   1   0   1
24   0   1   0   1
25   0   1   0   1
26   0   1   0   1
27   0   1   0   1
28   0   1   0   1
29   0   1   0   1
30   0   1   0   1
31   0   1   0   1
32   0   1   0   1
33   0   1   0   1
34   0   1   0   1
35   0   1   0   1
36   0   1   0   1
37   0   1   0   1
38   0   1   0   1
39   0   1   0   1
40   0   1   0   1
41   0   1   0   1
42   0   1   0   1
43   0   1   0   1
44   0   1   0   1
45   0   1   0   1
46   0   1   0   1
47   0   1   0   1
48   0   1   0   1
49   0   1   0   1
50   0   1   0   1

 [*,2,*]
:    1   2   3   4    :=
1    0   0   1   1
2    0   0   1   1
3    0   0   1   1
4    0   0   1   1
5    0   0   1   1
6    0   0   1   1
7    0   0   1   1
8    0   0   1   1
9    0   0   1   1
10   0   0   1   1
11   0   0   1   1
12   0   0   1   1
13   0   0   1   1
14   0   0   1   1
15   0   0   1   1
16   0   0   1   1
17   0   0   1   1
18   0   0   1   1
19   0   0   1   1
20   0   0   1   1
21   0   0   1   1
22   0   0   1   1
23   0   0   1   1
24   0   0   1   1
25   0   0   1   1
26   0   0   1   1
27   0   0   1   1
28   0   0   1   1
29   0   0   1   1
30   0   0   1   1
31   0   0   1   1
32   0   0   1   1
33   0   0   1   1
34   0   0   1   1
35   0   0   1   1
36   0   0   1   1
37   0   0   1   1
38   0   0   1   1
39   0   0   1   1
40   0   0   1   1
41   0   0   1   1
42   0   0   1   1
43   0   0   1   1
44   0   0   1   1
45   0   0   1   1
46   0   0   1   1
47   0   0   1   1
48   0   0   1   1
49   0   0   1   1
50   0   0   1   1

 [*,3,*]
:    1   2   3   4    :=
1    1   0   0   1
2    1   0   0   1
3    1   0   0   1
4    1   0   0   1
5    1   0   0   1
6    1   0   0   1
7    1   0   0   1
8    1   0   0   1
9    1   0   0   1
10   1   0   0   1
11   1   0   0   1
12   1   0   0   1
13   1   0   0   1
14   1   0   0   1
15   1   0   0   1
16   1   0   0   1
17   1   0   0   1
18   1   0   0   1
19   1   0   0   1
20   1   0   0   1
21   1   0   0   1
22   1   0   0   1
23   1   0   0   1
24   1   0   0   1
25   1   0   0   1
26   1   0   0   1
27   1   0   0   1
28   1   0   0   1
29   1   0   0   1
30   1   0   0   1
31   1   0   0   1
32   1   0   0   1
33   1   0   0   1
34   1   0   0   1
35   1   0   0   1
36   1   0   0   1
37   1   0   0   1
38   1   0   0   1
39   1   0   0   1
40   1   0   0   1
41   1   0   0   1
42   1   0   0   1
43   1   0   0   1
44   1   0   0   1
45   1   0   0   1
46   1   0   0   1
47   1   0   0   1
48   1   0   0   1
49   1   0   0   1
50   1   0   0   1

 [*,4,*]
:    1   2   3   4    :=
1    1   1   1   0
2    1   1   1   0
3    1   1   1   0
4    1   1   1   0
5    1   1   1   0
6    1   1   1   0
7    1   1   1   0
8    1   1   1   0
9    1   1   1   0
10   1   1   1   0
11   1   1   1   0
12   1   1   1   0
13   1   1   1   0
14   1   1   1   0
15   1   1   1   0
16   1   1   1   0
17   1   1   1   0
18   1   1   1   0
19   1   1   1   0
20   1   1   1   0
21   1   1   1   0
22   1   1   1   0
23   1   1   1   0
24   1   1   1   0
25   1   1   1   0
26   1   1   1   0
27   1   1   1   0
28   1   1   1   0
29   1   1   1   0
30   1   1   1   0
31   1   1   1   0
32   1   1   1   0
33   1   1   1   0
34   1   1   1   0
35   1   1   1   0
36   1   1   1   0
37   1   1   1   0
38   1   1   1   0
39   1   1   1   0
40   1   1   1   0
41   1   1   1   0
42   1   1   1   0
43   1   1   1   0
44   1   1   1   0
45   1   1   1   0
46   1   1   1   0
47   1   1   1   0
48   1   1   1   0
49   1   1   1   0
50   1   1   1   0
;

---------------------------- Solution stats data ----------------------------
_ampl_time = 0.178793
_total_solve_time = 32070
_ampl_elapsed_time = 0.242151
_ampl_user_time = 0.142846

Total time elapsed: $32070.01.
_total_solve_time = 32070

---------------------------- Solution miscs data ----------------------------
tetrahedron_volume [*] :=
 1 0.117851   11 0.117851   21 0.117851   31 0.117851   41 0.117851
 2 0.117851   12 0.117851   22 0.117851   32 0.117851   42 0.117851
 3 0.117851   13 0.117851   23 0.117851   33 0.117851   43 0.117851
 4 0.117851   14 0.117851   24 0.117851   34 0.117851   44 0.117851
 5 0.117851   15 0.117851   25 0.117851   35 0.117851   45 0.117851
 6 0.117851   16 0.117851   26 0.117851   36 0.117851   46 0.117851
 7 0.117851   17 0.117851   27 0.117851   37 0.117851   47 0.117851
 8 0.117851   18 0.117851   28 0.117851   38 0.117851   48 0.117851
 9 0.117851   19 0.117851   29 0.117851   39 0.117851   49 0.117851
10 0.117851   20 0.117851   30 0.117851   40 0.117851   50 0.117851
;

---------------------------- Solution miscs data ----------------------------
tetrahedron_surface_area [*] :=
 1 1.73205   10 1.73205   19 1.73205   28 1.73205   37 1.73205   46 1.73205
 2 1.73205   11 1.73205   20 1.73205   29 1.73205   38 1.73205   47 1.73205
 3 1.73205   12 1.73205   21 1.73205   30 1.73205   39 1.73205   48 1.73205
 4 1.73205   13 1.73205   22 1.73205   31 1.73205   40 1.73205   49 1.73205
 5 1.73205   14 1.73205   23 1.73205   32 1.73205   41 1.73205   50 1.73205
 6 1.73205   15 1.73205   24 1.73205   33 1.73205   42 1.73205
 7 1.73205   16 1.73205   25 1.73205   34 1.73205   43 1.73205
 8 1.73205   17 1.73205   26 1.73205   35 1.73205   44 1.73205
 9 1.73205   18 1.73205   27 1.73205   36 1.73205   45 1.73205
;

