Error at _cmdno 5 executing "solve" command
(file amplin, line 1977, offset 37909):
error processing param distances:
	4080 invalid subscripts discarded:
	distances[46,1,1]
	distances[46,1,2]
	distances[46,1,3]
	and 4077 more.
##### This license is only intended for use by NEOS. #####
##### License is valid until Jan 16, 2026 #####
riables.
Adjusted problem:
5491 variables:
	3510 nonlinear variables
	1981 linear variables
11565 constraints; 66330 nonzeros
	9495 nonlinear constraints
	2070 linear constraints
	1035 equality constraints
	10530 inequality constraints
1 linear objective; 1 nonzero.

Artelys Knitro 14.2.0: threads=4
algorithm=1
ms_enable=1
ms_maxsolves=10
feastol=1e-5
opttol=1e-5
honorbnds=1
bar_initpt=3
bar_murule=4
scale=1
outlev=2
maxtime_real=1200
WARNING:  Option 'threads' is deprecated, please use 'numthreads'.

=======================================
           Academic License
       (NOT FOR COMMERCIAL USE)
         Artelys Knitro 14.2.0
=======================================

No start point provided -- Knitro computing one.

Knitro presolve eliminated 0 variables and 0 constraints.

algorithm                1
bar_initpt               3
bar_murule               4
concurrent_evals         0
datacheck                0
feastol                  1e-05
findiff_numthreads       1
hessian_no_f             1
hessopt                  1
honorbnds                1
maxtime_real             1200
ms_enable                1
ms_maxsolves             10
numthreads               4
opttol                   1e-05

Problem Characteristics                                 (   Presolved)
-----------------------
Objective goal:  Minimize
Objective type:  linear
Number of variables:                               5491 (        5491)
    bounded below only:                             541 (         541)
    bounded above only:                               0 (           0)
    bounded below and above:                          0 (           0)
    fixed:                                            0 (           0)
    free:                                          4950 (        4950)
Number of constraints:                            11565 (       11565)
    linear equalities:                                0 (           0)
    quadratic equalities:                           990 (         990)
    gen. nonlinear equalities:                       45 (          45)
    linear one-sided inequalities:                 2070 (        2070)
    quadratic one-sided inequalities:              8460 (        8460)
    gen. nonlinear one-sided inequalities:            0 (           0)
    linear two-sided inequalities:                    0 (           0)
    quadratic two-sided inequalities:                 0 (           0)
    gen. nonlinear two-sided inequalities:            0 (           0)
Number of nonzeros in Jacobian:                   66330 (       66330)
Number of nonzeros in Hessian:                    30240 (       30240)

Knitro parallel multistart will run with 4 threads.

Return codes description
------------------------
  0:  The final solution satisfies the termination conditions for verifying optimality.
  -100 to -199:  A feasible approximate solution was found.
  -200 to -299:  Knitro terminated at an infeasible point.
  -300 to -301:  The problem was determined to be unbounded.
  -400 to -499:  Knitro terminated because it reached a pre-defined limit.
    -400 to -409:  A feasible point was found.
    -410 to -419:  No feasible point was found.
  -500 to -599:  Knitro terminated with an input error or some non-standard error.
A more detailed description of individual return codes and their corresponding
termination messages is provided at
https://www.artelys.com/app/docs/knitro/3_referenceManual/returnCodes.html

 Solve #  ThreadID  Status     Objective      FeasError    OptError    Real Time 
--------  --------  ------  --------------   ----------   ----------  ----------
      8          0    -202         1857.00      12047.2     0.999964      116.806
      0          0       0         1.66299  1.46511e-04  1.43630e-08      414.838
      3          1    -410         182.160     0.411492     0.183012      1893.16
      2          3    -410         543.796  1.81718e-02     0.245732      2078.15
      1          2    -410         1117.65  3.41389e-02     0.328710      1908.75
      4          0    -410         458.077  3.04981e-03  1.55619e-02      2155.74
      7          3    -410         1482.00  2.50707e-02      1.11125      2173.63
      9          0    -410         1651.98  1.69577e-02     0.237506      1890.31
      5          1    -410         396.834  2.05216e-02     0.115710      2239.96
      6          2    -410         27343.6     0.682821     0.212984      2585.86

MULTISTART: Best locally optimal solution is returned.
EXIT: Locally optimal solution found.

Final Statistics
----------------
Final objective value               =   1.66299298073617e+00
Final feasibility error (abs / rel) =   1.47e-04 / 7.95e-06
Final optimality error  (abs / rel) =   1.44e-08 / 1.44e-08
# of iterations                     =      83315 
# of CG iterations                  =          0 
# of function evaluations           =     111823
# of gradient evaluations           =      83478
# of Hessian evaluations            =      83386
Total program time (secs)           =    4581.04541 ( 13549.556 CPU time)

===============================================================================

Knitro 14.2.0: Locally optimal or satisfactory solution.
objective 1.662992981; feasibility error 0.000147
83315 iterations; 111823 function evaluations

suffix feaserror OUT;
suffix opterror OUT;
suffix numfcevals OUT;
suffix numiters OUT;
---------------------------- Container and geometric considerations  ----------------------------
Container type: cube
Structural conservation type: volume & surface
---------------------------- Solution execution data ----------------------------
solve_result_num = 0
solve_result = solved

---------------------------- Solution data ----------------------------
card(figures) = 45

coords [*,*,1]
:       1         2         3         4       :=
1    19.7266   19.5938   20.8315   20.0368
2    20.1315   20.1934   20.8315   20.8315
3    19.1685   20.0822   19.5344   19.5267
4    19.7471   19.1685   19.2497   20.157
5    20.8315   20.8315   20.7002   20.0718
6    19.1685   19.1685   19.1685   19.9406
7    20.8315   20.8315   20.8315   20.1391
8    20.8315   20.8315   19.993    19.9364
9    20.8315   20.7585   20.302    19.5679
10   19.8415   19.5112   19.6213   19.2517
11   19.9087   19.2512   19.2097   19.1685
12   19.2361   19.1685   19.1685   19.7326
13   19.4484   20.369    19.7836   20.6698
14   20.6156   20.3515   20.8315   20.8315
15   20.7144   19.488    19.8568   19.4877
16   19.754    20.1199   20.0999   20.8253
17   20.257    19.3576   19.1685   19.1685
18   19.7634   19.641    19.5112   20.1823
19   20.4158   20.3403   19.8471   19.7202
20   20.8315   20.1109   20.6958   20.5703
21   20.5076   19.4788   19.5044   20.0937
22   19.8425   19.2678   19.1685   19.1685
23   20.8315   20.8315   20.0787   20.8315
24   19.3176   20.2144   19.2066   19.7326
25   19.1818   19.4694   20.2412   19.4831
26   19.2888   19.1685   19.551    20.3581
27   19.1685   19.6546   19.1685   20.1071
28   19.2545   19.4575   19.6292   20.1931
29   20.3464   20.6465   20.8315   19.9737
30   20.1934   20.8315   20.8315   20.8315
31   20.532    19.7025   20.2939   19.7426
32   19.6817   20.6819   19.9809   19.4291
33   20.7083   19.5642   19.6588   20.3197
34   19.8614   19.6841   20.3822   20.6271
35   20.6017   20.4193   19.8559   19.8106
36   19.2889   20.3581   20.0011   19.551
37   19.384    20.1896   19.1916   19.1685
38   20.5126   20.8315   19.6028   20.002
39   19.5537   20.8315   20.2632   20.7393
40   19.7735   19.4893   20.4075   20.6951
41   20.5764   20.522    19.9258   20.7864
42   20.3061   20.6461   20.8315   19.5498
43   20.8315   20.8315   20.8315   20.5969
44   20.5655   20.1936   19.6436   19.5112
45   20.3668   19.7796   20.402    20.6236

 [*,*,2]
:       1         2         3         4       :=
1    20.4604   20.416    20.5966   20.8315
2    20.8315   19.7167   20.5393   20.8315
3    20.823    20.0922   19.7343   20.4347
4    19.292    19.1685   19.6946   19.9528
5    19.8912   20.2958   19.7604   19.3786
6    20.8315   20.1279   20.8315   20.6046
7    19.1685   19.1685   19.8794   19.1685
8    20.649    20.8315   20.8154   20.1772
9    19.1685   19.7462   20.171    19.2658
10   20.0794   19.1685   19.1685   19.918
11   19.788    19.9166   20.4524   19.1685
12   19.7611   20.5283   19.4869   20.3499
13   20.8315   20.673    20.1642   20.8315
14   19.6218   20.2456   20.8179   20.6983
15   20.6312   20.4047   20.8208   20.8315
16   19.1685   19.1685   19.1685   19.8712
17   20.045    19.7101   20.2344   20.4948
18   20.0581   19.1685   19.1685   19.419
19   20.3972   19.3769   20.028    19.3862
20   19.8708   19.1685   19.7571   19.1685
21   20.8315   20.8315   20.0925   20.6301
22   19.7326   20.317    19.1685   20.4521
23   20.6793   20.2952   19.6679   19.8085
24   19.7247   20.0619   19.5451   20.3499
25   20.8315   20.0755   20.8315   20.8315
26   20.8089   20.3824   20.0438   20.0971
27   19.6687   19.7649   19.1685   19.9686
28   19.6962   19.1685   19.1685   19.9961
29   20.8222   19.5732   20.4835   19.9316
30   19.7167   20.8315   19.6027   20.5394
31   20.4865   19.5236   19.2594   19.8924
32   19.8701   20.5775   20.4988   20.3927
33   19.1685   19.2245   19.1685   20.102
34   19.8856   19.1685   20.0847   19.2285
35   19.7594   20.519    20.804    19.8552
36   20.8089   20.0971   20.6536   20.0438
37   19.8321   20.8315   20.8315   20.8315
38   19.533    20.5299   20.3336   19.6702
39   20.8315   20.8315   20.3428   20.78
40   20.041    20.3451   19.5513   20.5791
41   19.3856   20.5225   20.1123   20.6519
42   19.8583   19.8153   19.1685   19.2392
43   19.1685   20.3087   19.7462   19.1685
44   19.6195   19.1854   19.1685   19.1685
45   19.3606   19.9346   20.3797   20.589

 [*,*,3]
:       1         2         3         4       :=
1    20.4648   19.6736   19.8239   20.8054
2    19.1685   19.1685   19.9209   19.1685
3    19.7437   20.2738   19.1685   20.2452
4    20.8315   20.8296   19.7177   20.5895
5    19.5359   20.524    20.807    20.0427
6    19.7426   19.8346   20.8263   20.7438
7    20.4531   19.1686   19.507    19.8971
8    19.8745   20.8315   20.8315   20.2684
9    19.1685   19.2733   19.7723   19.2322
10   20.0118   19.1685   20.127    19.1685
11   20.2645   19.1685   19.416    19.4169
12   19.8035   20.8315   20.8315   20.8315
13   20.3018   19.4201   19.2567   19.9043
14   20.7888   19.7153   20.7603   20.1329
15   19.9685   19.6735   20.8315   20.2928
16   20.079    19.276    20.5603   19.9865
17   20.6399   19.7862   19.9847   20.7854
18   19.3798   20.2983   19.1685   20.2348
19   19.7819   20.5274   19.536    19.4025
20   19.5592   19.8509   20.8315   20.6026
21   19.5421   20.28     19.2297   19.1704
22   20.1888   19.9349   19.4169   19.3675
23   20.0334   20.5226   19.7876   19.3338
24   19.7889   20.6446   20.8315   20.8315
25   19.765    19.2405   19.2517   20.2741
26   20.8315   20.4396   19.8336   20.8315
27   19.6464   20.8315   20.8295   20.4705
28   19.7219   19.8962   20.8315   20.546
29   20.8315   20.8315   20.8315   20.0508
30   19.1685   19.1685   19.1685   19.9208
31   20.2279   20.0412   20.524    19.5517
32   19.5049   19.8909   20.5371   19.6755
33   20.8315   20.2502   20.8315   20.8062
34   20.0056   20.3019   20.8315   20.8006
35   20.8315   20.8315   20.7803   19.9156
36   20.8315   20.8315   20.8315   19.8336
37   19.1685   19.2161   19.7597   19.1685
38   19.1685   19.9132   19.5944   19.441
39   20.2975   20.3879   19.3446   19.8057
40   19.1685   19.5889   19.1685   19.8834
41   20.7981   20.2026   19.9622   20.7485
42   20.0499   19.5574   19.1685   19.2164
43   20.8315   20.8315   19.6842   20.2884
44   19.7474   19.1685   20.3212   19.1685
45   20.5644   19.5766   19.7833   20.2904
;

side = 1.66299
softness = 0.65

---------------------------- Solution coords data ----------------------------
distances [*,1,*]
:    1   2   3   4    :=
1    0   1   0   1
2    0   1   0   1
3    0   1   0   1
4    0   1   0   1
5    0   1   0   1
6    0   1   0   1
7    0   1   0   1
8    0   1   0   1
9    0   1   0   1
10   0   1   0   1
11   0   1   0   1
12   0   1   0   1
13   0   1   0   1
14   0   1   0   1
15   0   1   0   1
16   0   1   0   1
17   0   1   0   1
18   0   1   0   1
19   0   1   0   1
20   0   1   0   1
21   0   1   0   1
22   0   1   0   1
23   0   1   0   1
24   0   1   0   1
25   0   1   0   1
26   0   1   0   1
27   0   1   0   1
28   0   1   0   1
29   0   1   0   1
30   0   1   0   1
31   0   1   0   1
32   0   1   0   1
33   0   1   0   1
34   0   1   0   1
35   0   1   0   1
36   0   1   0   1
37   0   1   0   1
38   0   1   0   1
39   0   1   0   1
40   0   1   0   1
41   0   1   0   1
42   0   1   0   1
43   0   1   0   1
44   0   1   0   1
45   0   1   0   1

 [*,2,*]
:    1   2   3   4    :=
1    0   0   1   1
2    0   0   1   1
3    0   0   1   1
4    0   0   1   1
5    0   0   1   1
6    0   0   1   1
7    0   0   1   1
8    0   0   1   1
9    0   0   1   1
10   0   0   1   1
11   0   0   1   1
12   0   0   1   1
13   0   0   1   1
14   0   0   1   1
15   0   0   1   1
16   0   0   1   1
17   0   0   1   1
18   0   0   1   1
19   0   0   1   1
20   0   0   1   1
21   0   0   1   1
22   0   0   1   1
23   0   0   1   1
24   0   0   1   1
25   0   0   1   1
26   0   0   1   1
27   0   0   1   1
28   0   0   1   1
29   0   0   1   1
30   0   0   1   1
31   0   0   1   1
32   0   0   1   1
33   0   0   1   1
34   0   0   1   1
35   0   0   1   1
36   0   0   1   1
37   0   0   1   1
38   0   0   1   1
39   0   0   1   1
40   0   0   1   1
41   0   0   1   1
42   0   0   1   1
43   0   0   1   1
44   0   0   1   1
45   0   0   1   1

 [*,3,*]
:    1   2   3   4    :=
1    1   0   0   1
2    1   0   0   1
3    1   0   0   1
4    1   0   0   1
5    1   0   0   1
6    1   0   0   1
7    1   0   0   1
8    1   0   0   1
9    1   0   0   1
10   1   0   0   1
11   1   0   0   1
12   1   0   0   1
13   1   0   0   1
14   1   0   0   1
15   1   0   0   1
16   1   0   0   1
17   1   0   0   1
18   1   0   0   1
19   1   0   0   1
20   1   0   0   1
21   1   0   0   1
22   1   0   0   1
23   1   0   0   1
24   1   0   0   1
25   1   0   0   1
26   1   0   0   1
27   1   0   0   1
28   1   0   0   1
29   1   0   0   1
30   1   0   0   1
31   1   0   0   1
32   1   0   0   1
33   1   0   0   1
34   1   0   0   1
35   1   0   0   1
36   1   0   0   1
37   1   0   0   1
38   1   0   0   1
39   1   0   0   1
40   1   0   0   1
41   1   0   0   1
42   1   0   0   1
43   1   0   0   1
44   1   0   0   1
45   1   0   0   1

 [*,4,*]
:    1   2   3   4    :=
1    1   1   1   0
2    1   1   1   0
3    1   1   1   0
4    1   1   1   0
5    1   1   1   0
6    1   1   1   0
7    1   1   1   0
8    1   1   1   0
9    1   1   1   0
10   1   1   1   0
11   1   1   1   0
12   1   1   1   0
13   1   1   1   0
14   1   1   1   0
15   1   1   1   0
16   1   1   1   0
17   1   1   1   0
18   1   1   1   0
19   1   1   1   0
20   1   1   1   0
21   1   1   1   0
22   1   1   1   0
23   1   1   1   0
24   1   1   1   0
25   1   1   1   0
26   1   1   1   0
27   1   1   1   0
28   1   1   1   0
29   1   1   1   0
30   1   1   1   0
31   1   1   1   0
32   1   1   1   0
33   1   1   1   0
34   1   1   1   0
35   1   1   1   0
36   1   1   1   0
37   1   1   1   0
38   1   1   1   0
39   1   1   1   0
40   1   1   1   0
41   1   1   1   0
42   1   1   1   0
43   1   1   1   0
44   1   1   1   0
45   1   1   1   0
;

---------------------------- Solution stats data ----------------------------
_ampl_time = 0.092249
_total_solve_time = 13549.8
_ampl_elapsed_time = 0.087228
_ampl_user_time = 0.080366

Total time elapsed: $13549.81.
_total_solve_time = 13549.8

---------------------------- Solution miscs data ----------------------------
tetrahedron_volume [*] :=
 1 0    6 0   11 0   16 0   21 0   26 0   31 0   36 0   41 0
 2 0    7 0   12 0   17 0   22 0   27 0   32 0   37 0   42 0
 3 0    8 0   13 0   18 0   23 0   28 0   33 0   38 0   43 0
 4 0    9 0   14 0   19 0   24 0   29 0   34 0   39 0   44 0
 5 0   10 0   15 0   20 0   25 0   30 0   35 0   40 0   45 0
;

---------------------------- Solution miscs data ----------------------------
tetrahedron_surface_area [*] :=
 1 1.73205    9 1.73205   17 1.73205   25 1.73205   33 1.73205   41 1.73205
 2 1.73205   10 1.73205   18 1.73205   26 1.73205   34 1.73205   42 1.73205
 3 1.73205   11 1.73205   19 1.73205   27 1.73205   35 1.73205   43 1.73205
 4 1.73205   12 1.73205   20 1.73205   28 1.73205   36 1.73205   44 1.73205
 5 1.73205   13 1.73205   21 1.73205   29 1.73205   37 1.73205   45 1.73205
 6 1.73205   14 1.73205   22 1.73205   30 1.73205   38 1.73205
 7 1.73205   15 1.73205   23 1.73205   31 1.73205   39 1.73205
 8 1.73205   16 1.73205   24 1.73205   32 1.73205   40 1.73205
;

