Error at _cmdno 5 executing "solve" command
(file amplin, line 1945, offset 37257):
error processing param distances:
	3680 invalid subscripts discarded:
	distances[71,1,1]
	distances[71,1,2]
	distances[71,1,3]
	and 3677 more.
##### This license is only intended for use by NEOS. #####
##### License is valid until Jan 16, 2026 #####
ariables.
Adjusted problem:
12916 variables:
	8086 nonlinear variables
	4830 linear variables
25340 constraints; 154315 nonzeros
	22925 nonlinear constraints
	2415 linear constraints
	2485 equality constraints
	22855 inequality constraints
1 linear objective; 1 nonzero.

Artelys Knitro 14.2.0: threads=4
algorithm=1
ms_enable=1
ms_maxsolves=10
feastol=1e-5
opttol=1e-5
honorbnds=1
bar_initpt=3
bar_murule=4
scale=1
outlev=2
maxtime_real=3600
WARNING:  Option 'threads' is deprecated, please use 'numthreads'.

=======================================
           Academic License
       (NOT FOR COMMERCIAL USE)
         Artelys Knitro 14.2.0
=======================================

No start point provided -- Knitro computing one.

Knitro presolve eliminated 0 variables and 0 constraints.

algorithm                1
bar_initpt               3
bar_murule               4
concurrent_evals         0
datacheck                0
feastol                  1e-05
findiff_numthreads       1
hessian_no_f             1
hessopt                  1
honorbnds                1
maxtime_real             3600
ms_enable                1
ms_maxsolves             10
numthreads               4
opttol                   1e-05

Problem Characteristics                                 (   Presolved)
-----------------------
Objective goal:  Minimize
Objective type:  linear
Number of variables:                              12916 (       12916)
    bounded below only:                             841 (         841)
    bounded above only:                               0 (           0)
    bounded below and above:                          0 (           0)
    fixed:                                            0 (           0)
    free:                                         12075 (       12075)
Number of constraints:                            25340 (       25340)
    linear equalities:                                0 (           0)
    quadratic equalities:                          2415 (        2415)
    gen. nonlinear equalities:                       70 (          70)
    linear one-sided inequalities:                 2415 (        2415)
    quadratic one-sided inequalities:             20440 (       20440)
    gen. nonlinear one-sided inequalities:            0 (           0)
    linear two-sided inequalities:                    0 (           0)
    quadratic two-sided inequalities:                 0 (           0)
    gen. nonlinear two-sided inequalities:            0 (           0)
Number of nonzeros in Jacobian:                  154315 (      154315)
Number of nonzeros in Hessian:                    70666 (       70666)

Knitro parallel multistart will run with 4 threads.

Return codes description
------------------------
  0:  The final solution satisfies the termination conditions for verifying optimality.
  -100 to -199:  A feasible approximate solution was found.
  -200 to -299:  Knitro terminated at an infeasible point.
  -300 to -301:  The problem was determined to be unbounded.
  -400 to -499:  Knitro terminated because it reached a pre-defined limit.
    -400 to -409:  A feasible point was found.
    -410 to -419:  No feasible point was found.
  -500 to -599:  Knitro terminated with an input error or some non-standard error.
A more detailed description of individual return codes and their corresponding
termination messages is provided at
https://www.artelys.com/app/docs/knitro/3_referenceManual/returnCodes.html

 Solve #  ThreadID  Status     Objective      FeasError    OptError    Real Time 
--------  --------  ------  --------------   ----------   ----------  ----------
      5          2    -202         162.909      8183.00      32.1422      376.281
      0          0       0         1.23624  1.61167e-04  7.17890e-06      1456.27
      2          3    -410         3375.43  1.60126e+06      1.00000      5609.86
      8          3    -410         2283.84      79.1484      5.59735      5641.06
      3          2    -410         584.845      5.00583     0.998009      4897.44
      9          0    -410         2383.20      7.49557     0.999999      5402.61
      6          1    -410         15638.6      1.81710     0.999977      5796.81
      7          2    -410         14704.2      1.26259     0.999982      5727.42
      4          0    -410         12543.1      3.50546      37.7802      5187.35
      1          1    -410         1868.13  9.61070e-02      2.74373      5262.24

MULTISTART: Best locally optimal solution is returned.
EXIT: Locally optimal solution found.

Final Statistics
----------------
Final objective value               =   1.23623665165364e+00
Final feasibility error (abs / rel) =   1.61e-04 / 1.50e-07
Final optimality error  (abs / rel) =   7.18e-06 / 7.18e-06
# of iterations                     =      84159 
# of CG iterations                  =          0 
# of function evaluations           =     102768
# of gradient evaluations           =      84527
# of Hessian evaluations            =      84200
Total program time (secs)           =   12048.95117 ( 37285.246 CPU time)

===============================================================================

Knitro 14.2.0: Locally optimal or satisfactory solution.
objective 1.236236652; feasibility error 0.000161
84159 iterations; 102768 function evaluations

suffix feaserror OUT;
suffix opterror OUT;
suffix numfcevals OUT;
suffix numiters OUT;
---------------------------- Container and geometric considerations  ----------------------------
Container type: sphere
Structural conservation type: surface
---------------------------- Solution execution data ----------------------------
solve_result_num = 0
solve_result = solved

---------------------------- Solution data ----------------------------
card(figures) = 70

coords [*,*,1]
:       1         2         3         4       :=
1    19.4462   20.0421   19.8446   19.8448
2    20.2638   19.6284   20.2458   20.1629
3    19.4962   20.046    20.6383   20.5194
4    19.6453   20.1227   19.5271   20.6225
5    19.7573   19.2058   19.0827   19.5751
6    19.8154   20.4808   19.8654   20.7313
7    20.1148   19.6257   20.3424   19.4916
8    20.1952   19.6206   19.8506   19.2955
9    20.2038   20.264    20.8192   20.2801
10   19.8208   20.5181   19.2936   19.8443
11   19.742    20.3223   20.6768   19.7036
12   19.8001   19.9998   20.7366   20.6472
13   19.1538   18.829    19.1743   19.3709
14   20.5417   20.7016   21.2084   21.1622
15   20.7866   19.9253   19.8975   19.6069
16   20.2092   20.0646   21.0655   20.3988
17   19.7638   19.2114   19.5422   20.4802
18   19.2759   19.1187   19.2814   20.3908
19   19.7851   20.1322   20.0355   20.8226
20   19.5541   19.836    20.2123   20.7785
21   19.5556   20.6598   19.674    19.5618
22   20.0195   19.4734   18.9401   19.9455
23   19.9498   20.416    20.7991   21.2034
24   20.7904   20.8353   20.2259   20.0699
25   21.1687   20.1817   20.0753   20.8598
26   19.8227   19.2318   19.0276   18.9901
27   19.2759   19.2814   19.5308   20.3909
28   20.5242   19.6281   20.6814   20.0791
29   20.8597   19.7832   21.0596   20.2524
30   19.6251   20.6995   19.9874   20.5397
31   20.2323   20.1872   19.2865   19.6113
32   20.3391   19.5507   20.7913   19.8287
33   20.4921   19.6368   19.3029   19.9625
34   20.9029   20.1835   20.9216   20.8215
35   19.8957   19.2544   19.1477   18.8978
36   19.525    19.293    20.3635   20.1024
37   20.7969   19.562    20.4456   20.6017
38   21.1677   20.2038   19.9874   20.651
39   19.8899   18.8981   19.6504   19.9408
40   20.4479   21.1037   20.7424   20.2775
41   20.0532   19.3201   18.89     19.6176
42   20.2276   19.4629   20.0845   20.7115
43   19.992    20.5793   20.5897   19.4981
44   18.8874   19.1803   19.1673   19.8169
45   21.0641   20.1177   20.1686   20.8544
46   20.0235   19.9891   20.6376   20.5204
47   19.8386   20.2654   19.9303   20.1848
48   19.6113   20.6356   20.2323   20.1471
49   20.7972   21.0445   20.7406   21.2119
50   18.8939   18.8823   19.5643   19.0023
51   20.3031   20.9857   20.8437   20.068
52   19.9014   20.6546   21.0222   20.8615
53   19.8153   19.2395   19.1061   19.8136
54   20.2713   19.5904   20.5286   20.3976
55   19.6008   20.1923   20.1283   19.1315
56   20.6812   19.4573   19.7186   20.0823
57   19.4724   19.0406   19.0921   20.17
58   20.9252   19.9029   20.651    20.1069
59   19.7302   20.3317   19.7624   19.2046
60   19.4062   19.809    19.2394   19.1062
61   18.9525   19.0545   19.3568   20.1894
62   19.1827   19.8345   19.5555   19.1608
63   20.4428   20.8028   20.9906   20.5477
64   19.8078   20.7283   20.0291   19.5067
65   20.332    20.8814   21.1821   20.258
66   19.8161   20.7316   20.709    20.7141
67   20.9584   21.1497   20.3675   20.2553
68   20.4065   20.1837   20.8852   20.7557
69   20.3757   19.8309   19.6583   20.8861
70   18.9004   19.6491   19.3143   19.8923

 [*,*,2]
:       1         2         3         4       :=
1    19.651    19.2008   20.4366   20.3734
2    20.8056   20.0391   20.5001   19.7142
3    19.404    20.3539   19.9835   19.3895
4    19.9753   20.5417   20.5204   19.8633
5    20.679    20.1373   19.702    19.6445
6    20.1084   19.0184   19.5231   19.8115
7    20.4718   19.2993   19.6879   19.8506
8    21.0603   20.0066   20.362    20.151
9    21.2121   20.8044   20.9255   19.9307
10   20.0025   18.9339   19.0644   18.888
11   20.747    20.6451   19.8661   19.9686
12   19.8525   20.904    19.8612   20.4436
13   20.6685   19.9205   20.0236   21.0041
14   18.9634   20.1653   20.0558   19.738
15   20.3248   19.9215   21.058    20.5356
16   19.5461   20.3845   20.5011   20.7124
17   20.483    20.1306   19.6885   19.9378
18   19.0625   19.7445   20.1784   19.6275
19   19.7384   19.4447   20.3726   20.396
20   18.9165   19.5434   18.7933   19.1647
21   20.1595   19.8573   19.6174   20.5116
22   20.6735   20.8707   20.0836   20.751
23   20.2408   19.7614   20.5908   20.2603
24   19.0541   19.375    18.8964   20.1147
25   20.3916   21.2093   19.9983   20.7916
26   20.7875   20.192    19.7796   20.357
27   19.0626   20.1784   19.2658   19.6275
28   18.953    19.4649   20.1548   19.8089
29   20.5727   20.1928   20.2932   20.9424
30   19.5057   20.1496   19.1264   18.9478
31   18.8458   19.8668   19.541    19.9471
32   19.8586   20.8376   20.859    20.0961
33   19.0123   19.7439   19.0572   19.2982
34   20.3653   19.5151   19.5929   19.0912
35   19.6384   20.0335   19.1236   19.6937
36   19.2719   20.2249   19.5977   20.3814
37   19.3589   19.4785   19.0807   19.9879
38   20.3945   21.2121   20.0261   21.0298
39   20.7341   20.0697   20.1124   20.616
40   19.7331   20.5531   20.9804   20.8174
41   19.9256   20.0831   20.07     19.3176
42   19.9842   20.9782   21.2257   20.9222
43   19.437    20.0395   19.0707   19.7056
44   20.0764   19.0872   19.6613   20.116
45   20.3261   19.4625   20.4497   20.3969
46   19.4917   20.4708   20.5867   19.867
47   20.3817   20.8963   19.9176   21.0963
48   19.9471   19.604    18.8458   20.0427
49   20.1278   19.9419   19.0104   20.1931
50   19.6036   19.668    20.4705   20.4616
51   19.7033   20.4172   19.3763   20.1728
52   20.0519   20.7431   20.215    19.4765
53   21.1546   20.1528   20.4028   20.66
54   19.1445   19.1973   19.6296   20.1714
55   21.1659   21.2132   20.7303   20.5704
56   20.7717   21.1003   20.0089   21.1001
57   21.1076   20.723    20.182    20.8385
58   19.9931   19.9694   20.7481   20.9804
59   19.0759   18.9077   20.0199   19.3216
60   21.0806   21.102    20.1528   20.403
61   20.055    19.4608   18.9527   19.7084
62   19.6681   20.1319   18.8795   19.1253
63   19.7707   20.2395   19.8408   19.0084
64   19.3943   19.0034   18.7868   19.0495
65   19.6597   20.8206   20.3262   20.7767
66   20.0753   19.8105   19.2105   20.3996
67   20.0435   19.7689   20.169    18.9769
68   19.9477   18.9931   19.8675   19.0234
69   20.9278   21.0889   20.1101   20.4583
70   20.0702   20.1119   20.168    20.7346

 [*,*,3]
:       1         2         3         4       :=
1    18.9513   19.5969   19.8862   19.1729
2    19.1001   18.8216   19.8494   19.77
3    20.9588   21.1836   21.0586   20.4795
4    20.055    21.1044   21.0168   20.8812
5    20.2175   20.9294   19.7271   20.05
6    20.1446   20.0063   20.0749   20.9788
7    18.8631   19.0528   19.8337   18.8852
8    19.9501   19.4923   18.9285   20.0675
9    19.8674   19.0992   20.0261   19.8203
10   20.121    19.9732   19.6078   19.4828
11   20.9506   21.0041   20.9364   20.1043
12   20.133    20.8432   20.9831   20.8967
13   20.6044   19.6119   20.8448   20.0386
14   19.634    19.2098   19.7449   20.3302
15   20.8967   20.0332   20.6311   20.4342
16   19.6923   18.8269   19.6234   19.1885
17   21.1132   20.9164   20.1285   20.9011
18   20.3538   20.5156   20.99     20.6499
19   18.811    19.7048   18.8218   19.1867
20   20.0519   21.137    20.1646   20.3507
21   20.3265   20.9092   20.1213   21.0366
22   18.9993   20.1451   19.3693   19.8092
23   20.1682   19.8324   20.7354   19.8884
24   20.0937   20.6632   19.6387   20.015
25   20.0955   20.1815   19.7664   20.4031
26   20.3242   20.8026   20.3684   19.5518
27   20.3538   20.99     20.877    20.6499
28   19.6293   18.9495   19.2038   18.7812
29   20.6792   20.1033   19.9996   20.7592
30   18.9307   19.2153   19.525    19.6396
31   19.623    19.9586   19.1028   19.8498
32   19.8086   20.0732   20.4053   20.0292
33   19.9925   19.9665   19.6083   20.6449
34   20.3079   19.6679   20.7163   20.1659
35   20.3383   20.7164   19.8159   19.5314
36   20.8789   20.9889   20.6562   21.1715
37   20.6944   21.0271   20.1839   21.0799
38   20.0963   19.8674   19.7593   20.209
39   19.918    19.4439   18.8197   18.9298
40   19.7856   20.0656   19.8735   19.1183
41   19.9484   18.9708   19.4603   19.0427
42   19.8399   20.1177   20.1368   20.4141
43   20.0943   21.0649   20.2215   20.4569
44   19.4665   19.8474   19.1514   20.1619
45   19.7756   19.6834   18.8631   19.1995
46   19.6878   18.857    19.9597   19.8585
47   18.8353   19.191    19.9524   19.845
48   19.8498   20.5448   19.623    20.0816
49   19.4115   20.6582   19.9785   20.1493
50   20.3843   19.5892   20.3247   19.4344
51   19.7974   20.6186   20.6537   20.1346
52   20.0551   20.74     20.6612   20.6855
53   20.4014   20.9625   19.7097   20.7505
54   19.7272   19.1839   19.9475   18.9659
55   20.0981   20.139    19.0109   19.8052
56   20.3623   20.1522   19.9862   20.558
57   20.1521   19.7084   19.3467   19.1076
58   20.8198   20.0425   20.7381   20.7454
59   19.2244   19.7967   20.095    19.3401
60   20.0899   20.5267   20.9625   19.7097
61   20.6542   20.1132   20.1333   20.6616
62   19.1799   20.185    20.1229   19.7571
63   19.3307   19.3548   20.4904   19.6182
64   20.8744   20.0688   19.7645   19.6742
65   19.7034   19.7207   19.8436   19.0735
66   20.1171   20.9783   20.4407   20.9266
67   19.2203   19.8267   18.8897   19.3547
68   19.2386   19.637    20.264    20.0594
69   20.7255   20.5604   20.0424   20.1877
70   19.4428   18.8199   20.0588   19.9168
;

radius = 1.23624
softness = 0.65

---------------------------- Solution coords data ----------------------------
distances [*,1,*]
:    1   2   3   4    :=
1    0   1   0   1
2    0   1   0   1
3    0   1   0   1
4    0   1   0   1
5    0   1   0   1
6    0   1   0   1
7    0   1   0   1
8    0   1   0   1
9    0   1   0   1
10   0   1   0   1
11   0   1   0   1
12   0   1   0   1
13   0   1   0   1
14   0   1   0   1
15   0   1   0   1
16   0   1   0   1
17   0   1   0   1
18   0   1   0   1
19   0   1   0   1
20   0   1   0   1
21   0   1   0   1
22   0   1   0   1
23   0   1   0   1
24   0   1   0   1
25   0   1   0   1
26   0   1   0   1
27   0   1   0   1
28   0   1   0   1
29   0   1   0   1
30   0   1   0   1
31   0   1   0   1
32   0   1   0   1
33   0   1   0   1
34   0   1   0   1
35   0   1   0   1
36   0   1   0   1
37   0   1   0   1
38   0   1   0   1
39   0   1   0   1
40   0   1   0   1
41   0   1   0   1
42   0   1   0   1
43   0   1   0   1
44   0   1   0   1
45   0   1   0   1
46   0   1   0   1
47   0   1   0   1
48   0   1   0   1
49   0   1   0   1
50   0   1   0   1
51   0   1   0   1
52   0   1   0   1
53   0   1   0   1
54   0   1   0   1
55   0   1   0   1
56   0   1   0   1
57   0   1   0   1
58   0   1   0   1
59   0   1   0   1
60   0   1   0   1
61   0   1   0   1
62   0   1   0   1
63   0   1   0   1
64   0   1   0   1
65   0   1   0   1
66   0   1   0   1
67   0   1   0   1
68   0   1   0   1
69   0   1   0   1
70   0   1   0   1

 [*,2,*]
:    1   2   3   4    :=
1    0   0   1   1
2    0   0   1   1
3    0   0   1   1
4    0   0   1   1
5    0   0   1   1
6    0   0   1   1
7    0   0   1   1
8    0   0   1   1
9    0   0   1   1
10   0   0   1   1
11   0   0   1   1
12   0   0   1   1
13   0   0   1   1
14   0   0   1   1
15   0   0   1   1
16   0   0   1   1
17   0   0   1   1
18   0   0   1   1
19   0   0   1   1
20   0   0   1   1
21   0   0   1   1
22   0   0   1   1
23   0   0   1   1
24   0   0   1   1
25   0   0   1   1
26   0   0   1   1
27   0   0   1   1
28   0   0   1   1
29   0   0   1   1
30   0   0   1   1
31   0   0   1   1
32   0   0   1   1
33   0   0   1   1
34   0   0   1   1
35   0   0   1   1
36   0   0   1   1
37   0   0   1   1
38   0   0   1   1
39   0   0   1   1
40   0   0   1   1
41   0   0   1   1
42   0   0   1   1
43   0   0   1   1
44   0   0   1   1
45   0   0   1   1
46   0   0   1   1
47   0   0   1   1
48   0   0   1   1
49   0   0   1   1
50   0   0   1   1
51   0   0   1   1
52   0   0   1   1
53   0   0   1   1
54   0   0   1   1
55   0   0   1   1
56   0   0   1   1
57   0   0   1   1
58   0   0   1   1
59   0   0   1   1
60   0   0   1   1
61   0   0   1   1
62   0   0   1   1
63   0   0   1   1
64   0   0   1   1
65   0   0   1   1
66   0   0   1   1
67   0   0   1   1
68   0   0   1   1
69   0   0   1   1
70   0   0   1   1

 [*,3,*]
:    1   2   3   4    :=
1    1   0   0   1
2    1   0   0   1
3    1   0   0   1
4    1   0   0   1
5    1   0   0   1
6    1   0   0   1
7    1   0   0   1
8    1   0   0   1
9    1   0   0   1
10   1   0   0   1
11   1   0   0   1
12   1   0   0   1
13   1   0   0   1
14   1   0   0   1
15   1   0   0   1
16   1   0   0   1
17   1   0   0   1
18   1   0   0   1
19   1   0   0   1
20   1   0   0   1
21   1   0   0   1
22   1   0   0   1
23   1   0   0   1
24   1   0   0   1
25   1   0   0   1
26   1   0   0   1
27   1   0   0   1
28   1   0   0   1
29   1   0   0   1
30   1   0   0   1
31   1   0   0   1
32   1   0   0   1
33   1   0   0   1
34   1   0   0   1
35   1   0   0   1
36   1   0   0   1
37   1   0   0   1
38   1   0   0   1
39   1   0   0   1
40   1   0   0   1
41   1   0   0   1
42   1   0   0   1
43   1   0   0   1
44   1   0   0   1
45   1   0   0   1
46   1   0   0   1
47   1   0   0   1
48   1   0   0   1
49   1   0   0   1
50   1   0   0   1
51   1   0   0   1
52   1   0   0   1
53   1   0   0   1
54   1   0   0   1
55   1   0   0   1
56   1   0   0   1
57   1   0   0   1
58   1   0   0   1
59   1   0   0   1
60   1   0   0   1
61   1   0   0   1
62   1   0   0   1
63   1   0   0   1
64   1   0   0   1
65   1   0   0   1
66   1   0   0   1
67   1   0   0   1
68   1   0   0   1
69   1   0   0   1
70   1   0   0   1

 [*,4,*]
:    1   2   3   4    :=
1    1   1   1   0
2    1   1   1   0
3    1   1   1   0
4    1   1   1   0
5    1   1   1   0
6    1   1   1   0
7    1   1   1   0
8    1   1   1   0
9    1   1   1   0
10   1   1   1   0
11   1   1   1   0
12   1   1   1   0
13   1   1   1   0
14   1   1   1   0
15   1   1   1   0
16   1   1   1   0
17   1   1   1   0
18   1   1   1   0
19   1   1   1   0
20   1   1   1   0
21   1   1   1   0
22   1   1   1   0
23   1   1   1   0
24   1   1   1   0
25   1   1   1   0
26   1   1   1   0
27   1   1   1   0
28   1   1   1   0
29   1   1   1   0
30   1   1   1   0
31   1   1   1   0
32   1   1   1   0
33   1   1   1   0
34   1   1   1   0
35   1   1   1   0
36   1   1   1   0
37   1   1   1   0
38   1   1   1   0
39   1   1   1   0
40   1   1   1   0
41   1   1   1   0
42   1   1   1   0
43   1   1   1   0
44   1   1   1   0
45   1   1   1   0
46   1   1   1   0
47   1   1   1   0
48   1   1   1   0
49   1   1   1   0
50   1   1   1   0
51   1   1   1   0
52   1   1   1   0
53   1   1   1   0
54   1   1   1   0
55   1   1   1   0
56   1   1   1   0
57   1   1   1   0
58   1   1   1   0
59   1   1   1   0
60   1   1   1   0
61   1   1   1   0
62   1   1   1   0
63   1   1   1   0
64   1   1   1   0
65   1   1   1   0
66   1   1   1   0
67   1   1   1   0
68   1   1   1   0
69   1   1   1   0
70   1   1   1   0
;

---------------------------- Solution stats data ----------------------------
_ampl_time = 0.215991
_total_solve_time = 37285.7
_ampl_elapsed_time = 0.210651
_ampl_user_time = 0.173398

Total time elapsed: $37285.71.
_total_solve_time = 37285.7

---------------------------- Solution miscs data ----------------------------
tetrahedron_volume [*] :=
 1 0    8 0   15 0   22 0   29 0   36 0   43 0   50 0   57 0   64 0
 2 0    9 0   16 0   23 0   30 0   37 0   44 0   51 0   58 0   65 0
 3 0   10 0   17 0   24 0   31 0   38 0   45 0   52 0   59 0   66 0
 4 0   11 0   18 0   25 0   32 0   39 0   46 0   53 0   60 0   67 0
 5 0   12 0   19 0   26 0   33 0   40 0   47 0   54 0   61 0   68 0
 6 0   13 0   20 0   27 0   34 0   41 0   48 0   55 0   62 0   69 0
 7 0   14 0   21 0   28 0   35 0   42 0   49 0   56 0   63 0   70 0
;

---------------------------- Solution miscs data ----------------------------
tetrahedron_surface_area [*] :=
 1 1.73205   13 1.73205   25 1.73205   37 1.73205   49 1.73205   61 1.73205
 2 1.73205   14 1.73205   26 1.73205   38 1.73205   50 1.73205   62 1.73205
 3 1.73205   15 1.73205   27 1.73205   39 1.73205   51 1.73205   63 1.73205
 4 1.73205   16 1.73205   28 1.73205   40 1.73205   52 1.73205   64 1.73205
 5 1.73205   17 1.73205   29 1.73205   41 1.73205   53 1.73205   65 1.73205
 6 1.73205   18 1.73205   30 1.73205   42 1.73205   54 1.73205   66 1.73205
 7 1.73205   19 1.73205   31 1.73205   43 1.73205   55 1.73205   67 1.73205
 8 1.73205   20 1.73205   32 1.73205   44 1.73205   56 1.73205   68 1.73205
 9 1.73205   21 1.73205   33 1.73205   45 1.73205   57 1.73205   69 1.73205
10 1.73205   22 1.73205   34 1.73205   46 1.73205   58 1.73205   70 1.73205
11 1.73205   23 1.73205   35 1.73205   47 1.73205   59 1.73205
12 1.73205   24 1.73205   36 1.73205   48 1.73205   60 1.73205
;

