Error at _cmdno 5 executing "solve" command
(file amplin, line 1977, offset 37909):
error processing param distances:
	4080 invalid subscripts discarded:
	distances[46,1,1]
	distances[46,1,2]
	distances[46,1,3]
	and 4077 more.
##### This license is only intended for use by NEOS. #####
##### License is valid until Jan 16, 2026 #####
riables.
Adjusted problem:
5491 variables:
	3510 nonlinear variables
	1981 linear variables
11565 constraints; 66330 nonzeros
	9495 nonlinear constraints
	2070 linear constraints
	1035 equality constraints
	10530 inequality constraints
1 linear objective; 1 nonzero.

Artelys Knitro 14.2.0: threads=4
algorithm=1
ms_enable=1
ms_maxsolves=10
feastol=1e-5
opttol=1e-5
honorbnds=1
bar_initpt=3
bar_murule=4
scale=1
outlev=2
maxtime_real=1200
WARNING:  Option 'threads' is deprecated, please use 'numthreads'.

=======================================
           Academic License
       (NOT FOR COMMERCIAL USE)
         Artelys Knitro 14.2.0
=======================================

No start point provided -- Knitro computing one.

Knitro presolve eliminated 0 variables and 0 constraints.

algorithm                1
bar_initpt               3
bar_murule               4
concurrent_evals         0
datacheck                0
feastol                  1e-05
findiff_numthreads       1
hessian_no_f             1
hessopt                  1
honorbnds                1
maxtime_real             1200
ms_enable                1
ms_maxsolves             10
numthreads               4
opttol                   1e-05

Problem Characteristics                                 (   Presolved)
-----------------------
Objective goal:  Minimize
Objective type:  linear
Number of variables:                               5491 (        5491)
    bounded below only:                             541 (         541)
    bounded above only:                               0 (           0)
    bounded below and above:                          0 (           0)
    fixed:                                            0 (           0)
    free:                                          4950 (        4950)
Number of constraints:                            11565 (       11565)
    linear equalities:                                0 (           0)
    quadratic equalities:                           990 (         990)
    gen. nonlinear equalities:                       45 (          45)
    linear one-sided inequalities:                 2070 (        2070)
    quadratic one-sided inequalities:              8460 (        8460)
    gen. nonlinear one-sided inequalities:            0 (           0)
    linear two-sided inequalities:                    0 (           0)
    quadratic two-sided inequalities:                 0 (           0)
    gen. nonlinear two-sided inequalities:            0 (           0)
Number of nonzeros in Jacobian:                   66330 (       66330)
Number of nonzeros in Hessian:                    30240 (       30240)

Knitro parallel multistart will run with 4 threads.

Return codes description
------------------------
  0:  The final solution satisfies the termination conditions for verifying optimality.
  -100 to -199:  A feasible approximate solution was found.
  -200 to -299:  Knitro terminated at an infeasible point.
  -300 to -301:  The problem was determined to be unbounded.
  -400 to -499:  Knitro terminated because it reached a pre-defined limit.
    -400 to -409:  A feasible point was found.
    -410 to -419:  No feasible point was found.
  -500 to -599:  Knitro terminated with an input error or some non-standard error.
A more detailed description of individual return codes and their corresponding
termination messages is provided at
https://www.artelys.com/app/docs/knitro/3_referenceManual/returnCodes.html

 Solve #  ThreadID  Status     Objective      FeasError    OptError    Real Time 
--------  --------  ------  --------------   ----------   ----------  ----------
      0          0       0         1.84024  2.90595e-05  9.35002e-06      219.470
      5          2    -202         5326.69      47970.5      21.8598      369.322
      2          3    -410         344.413  2.17487e-02     0.114746      1947.02
      4          0    -410         444.751  6.37950e-03  4.21998e-02      2162.76
      8          0    -410         362.558  2.90986e-03     0.152717      2097.53
      3          2    -410         351.648  3.92701e-02     0.299160      1852.32
      7          2    -410         796.457  3.16116e-03     0.263805      2183.31
      9          1    -410         670.681  1.55419e-03  2.79777e-02      2220.99
      1          1    -410         4153.23     0.112879      2.84632      2486.44
      6          3    -400         25317.4  1.03369e-05     0.162895      2566.67

MULTISTART: Best locally optimal solution is returned.
EXIT: Locally optimal solution found.

Final Statistics
----------------
Final objective value               =   1.84024053638676e+00
Final feasibility error (abs / rel) =   2.91e-05 / 1.58e-06
Final optimality error  (abs / rel) =   9.35e-06 / 9.35e-06
# of iterations                     =      83134 
# of CG iterations                  =          0 
# of function evaluations           =     115429
# of gradient evaluations           =      83432
# of Hessian evaluations            =      83205
Total program time (secs)           =    4709.57080 ( 13571.658 CPU time)

===============================================================================

Knitro 14.2.0: Locally optimal or satisfactory solution.
objective 1.840240536; feasibility error 2.91e-05
83134 iterations; 115429 function evaluations

suffix feaserror OUT;
suffix opterror OUT;
suffix numfcevals OUT;
suffix numiters OUT;
---------------------------- Container and geometric considerations  ----------------------------
Container type: cube
Structural conservation type: volume & surface
---------------------------- Solution execution data ----------------------------
solve_result_num = 0
solve_result = solved

---------------------------- Solution data ----------------------------
card(figures) = 45

coords [*,*,1]
:       1         2         3         4       :=
1    19.5897   20.0298   20.4566   20.6615
2    20.3071   20.0409   19.3152   20.1996
3    19.7886   20.2089   20.7618   19.7019
4    19.0799   20.0891   19.3577   19.7855
5    19.8488   20.9201   20.5941   20.5634
6    19.0799   19.0799   19.0799   19.9634
7    20.9201   20.9201   20.9201   20.1434
8    20.4614   20.9201   19.9673   20.3184
9    20.9201   20.9201   20.903    19.9959
10   19.9602   19.0799   19.0799   19.4022
11   19.2854   19.0799   20.0216   19.0799
12   19.0799   19.1423   19.0799   20.1541
13   19.4495   20.1369   19.9475   19.0941
14   20.9201   20.9201   20.8273   20.2517
15   20.0699   20.1128   20.9003   20.9201
16   20.1169   19.0799   19.4346   19.0799
17   19.4323   19.9912   19.3294   20.4279
18   19.8422   19.7255   19.1775   19.6562
19   20.9201   20.3231   20.1475   20.1426
20   20.215    20.9201   20.9201   20.39
21   19.9346   19.8844   19.0799   19.1775
22   19.0799   19.8752   19.233    19.0799
23   20.9201   20.9201   20.1151   20.9201
24   19.0799   19.5836   19.0799   20.1541
25   20.9201   20.2148   20.9201   20.9201
26   20.2821   19.0799   19.3759   19.151
27   19.3577   19.0799   19.2161   20.0891
28   19.8216   20.2559   20.7019   19.5878
29   19.8702   20.6493   20.9201   20.4542
30   20.1432   20.8121   20.1647   20.92
31   20.1547   19.7254   19.6563   19.8422
32   19.0866   19.0799   19.6328   19.0799
33   19.5145   20.4351   19.8801   20.6826
34   20.7301   19.9272   19.5383   20.2824
35   19.3107   20.3187   20.2324   19.8962
36   19.3796   20.0958   20.306    19.6547
37   19.0799   19.9643   19.5104   19.0823
38   19.9484   20.9073   20.9201   20.2281
39   20.0409   20.9201   20.2077   20.7217
40   20.0578   20.0274   19.8885   20.7853
41   19.9643   19.5473   20.2796   19.3782
42   19.3293   20.2978   20.1423   20.1246
43   20.4284   20.9201   20.9201   20.9201
44   20.0261   19.8877   19.0842   20.189
45   20.1467   20.9201   20.2696   19.8111

 [*,*,2]
:       1         2         3         4       :=
1    20.8335   19.9429   20.9201   20.2408
2    20.8472   20.9201   20.697    19.8498
3    19.6758   20.1936   19.6763   19.0799
4    19.7737   19.0799   19.0969   19.7535
5    20.3915   20.3629   19.7055   20.9201
6    20.9201   20.9201   20.261    20.9201
7    19.0799   19.0799   19.7549   19.0799
8    20.8447   19.9884   20.3144   20.9201
9    19.0799   19.9339   19.967    19.7888
10   20.0778   20.3103   19.2264   20.105
11   20.9165   20.2313   20.0215   19.746
12   19.5008   20.2286   19.5669   19.9763
13   20.9038   20.9201   20.1022   20.9201
14   19.9706   20.725    20.9201   19.9981
15   20.5338   19.5369   19.9119   19.7971
16   20.2462   20.8855   20.4403   19.8367
17   19.9978   19.0799   19.1778   19.6353
18   19.982    19.3152   19.6314   20.4831
19   19.7545   19.7705   19.0799   19.0799
20   19.0799   19.0799   20.0812   19.4031
21   19.1964   20.0042   19.0808   19.6314
22   19.7548   19.795    19.0799   20.2193
23   19.9766   20.725    19.8098   19.9339
24   19.5008   19.0799   19.5669   19.9763
25   20.9201   20.9201   19.9957   20.9201
26   20.4503   20.2164   19.8651   20.9201
27   19.0969   19.7737   19.0799   19.0799
28   19.0799   19.0799   19.723    20.1063
29   20.349    19.7035   20.5211   19.4819
30   20.903    20.6739   19.8881   19.9963
31   19.9903   19.3147   20.4831   19.982
32   20.8833   20.8939   20.5852   19.7212
33   20.0974   19.5883   19.0799   19.7297
34   19.8119   19.6339   20.0937   20.4504
35   20.9201   20.9201   20.9201   20.1617
36   20.8049   20.0479   20.9201   20.4666
37   20.1352   20.0752   20.8533   20.9201
38   19.8253   19.9025   19.0799   19.0799
39   20.9201   20.9201   19.9253   20.7871
40   19.4486   20.4503   20.0078   19.9663
41   20.0752   20.9135   20.8734   20.0446
42   19.0799   19.6659   19.0799   19.0799
43   19.2986   19.0799   19.6877   20.0827
44   19.5181   20.0101   19.0858   19.092
45   19.9302   19.9928   20.8563   20.3427

 [*,*,3]
:       1         2         3         4       :=
1    20.9201   20.2039   20.8063   20.9201
2    19.7824   19.0799   19.0799   19.0799
3    19.4394   20.1363   20.183    20.0845
4    20.9201   20.9201   19.9379   20.8791
5    20.0776   20.6705   20.7661   20.9201
6    20.9201   19.8184   20.0744   20.5369
7    20.3046   19.0799   19.6913   19.3577
8    20.7998   20.0539   19.8125   19.9118
9    19.0799   19.0799   19.8833   19.0799
10   19.0825   19.2734   19.0799   19.8699
11   19.987    19.6289   20.3833   20.2743
12   19.937    20.9201   20.6787   20.2832
13   19.8868   19.7221   19.1062   19.0799
14   20.0448   19.0799   19.7532   19.1887
15   20.2378   19.5913   20.4511   19.7536
16   20.7557   20.8814   20.1499   20.2489
17   20.9067   20.3192   20.0028   20.2924
18   19.1076   19.8302   19.5126   20.1917
19   19.8229   19.3638   20.3599   19.1593
20   20.8675   20.9201   20.8813   20.01
21   19.9494   19.0819   19.0799   19.5126
22   20.2626   20.1192   19.3602   19.6448
23   20.0371   19.0799   19.1306   19.0799
24   19.9371   19.6742   20.6787   20.2832
25   19.8145   19.7647   20.0563   20.766
26   20.9201   20.9201   20.3402   20.9201
27   19.9379   20.9201   20.9201   20.9201
28   20.3621   20.9201   20.9201   20.9201
29   20.1067   20.7968   20.6049   20.1543
30   19.7833   19.7788   19.0981   20.0561
31   20.2854   19.8308   20.1915   19.1076
32   19.0884   19.8286   20.1433   19.4752
33   20.9      20.2729   20.374    20.9201
34   20.9201   20.0792   20.9055   20.9201
35   19.9657   19.9132   20.7722   19.8712
36   20.9079   20.2645   20.8367   19.9038
37   19.0799   19.0799   19.9057   19.0799
38   19.0799   19.827    19.0799   19.2253
39   19.0799   19.0799   19.1331   19.8353
40   19.48     20.184    19.0799   19.8644
41   19.0799   19.8694   19.9113   19.8883
42   19.3731   19.8406   19.0799   20.3045
43   20.0791   20.8156   19.7524   20.8813
44   19.7325   19.0799   19.0799   19.0799
45   19.1064   20.0539   19.8983   19.7374
;

side = 1.84024
softness = 0.5

---------------------------- Solution coords data ----------------------------
distances [*,1,*]
:    1   2   3   4    :=
1    0   1   0   1
2    0   1   0   1
3    0   1   0   1
4    0   1   0   1
5    0   1   0   1
6    0   1   0   1
7    0   1   0   1
8    0   1   0   1
9    0   1   0   1
10   0   1   0   1
11   0   1   0   1
12   0   1   0   1
13   0   1   0   1
14   0   1   0   1
15   0   1   0   1
16   0   1   0   1
17   0   1   0   1
18   0   1   0   1
19   0   1   0   1
20   0   1   0   1
21   0   1   0   1
22   0   1   0   1
23   0   1   0   1
24   0   1   0   1
25   0   1   0   1
26   0   1   0   1
27   0   1   0   1
28   0   1   0   1
29   0   1   0   1
30   0   1   0   1
31   0   1   0   1
32   0   1   0   1
33   0   1   0   1
34   0   1   0   1
35   0   1   0   1
36   0   1   0   1
37   0   1   0   1
38   0   1   0   1
39   0   1   0   1
40   0   1   0   1
41   0   1   0   1
42   0   1   0   1
43   0   1   0   1
44   0   1   0   1
45   0   1   0   1

 [*,2,*]
:    1   2   3   4    :=
1    0   0   1   1
2    0   0   1   1
3    0   0   1   1
4    0   0   1   1
5    0   0   1   1
6    0   0   1   1
7    0   0   1   1
8    0   0   1   1
9    0   0   1   1
10   0   0   1   1
11   0   0   1   1
12   0   0   1   1
13   0   0   1   1
14   0   0   1   1
15   0   0   1   1
16   0   0   1   1
17   0   0   1   1
18   0   0   1   1
19   0   0   1   1
20   0   0   1   1
21   0   0   1   1
22   0   0   1   1
23   0   0   1   1
24   0   0   1   1
25   0   0   1   1
26   0   0   1   1
27   0   0   1   1
28   0   0   1   1
29   0   0   1   1
30   0   0   1   1
31   0   0   1   1
32   0   0   1   1
33   0   0   1   1
34   0   0   1   1
35   0   0   1   1
36   0   0   1   1
37   0   0   1   1
38   0   0   1   1
39   0   0   1   1
40   0   0   1   1
41   0   0   1   1
42   0   0   1   1
43   0   0   1   1
44   0   0   1   1
45   0   0   1   1

 [*,3,*]
:    1   2   3   4    :=
1    1   0   0   1
2    1   0   0   1
3    1   0   0   1
4    1   0   0   1
5    1   0   0   1
6    1   0   0   1
7    1   0   0   1
8    1   0   0   1
9    1   0   0   1
10   1   0   0   1
11   1   0   0   1
12   1   0   0   1
13   1   0   0   1
14   1   0   0   1
15   1   0   0   1
16   1   0   0   1
17   1   0   0   1
18   1   0   0   1
19   1   0   0   1
20   1   0   0   1
21   1   0   0   1
22   1   0   0   1
23   1   0   0   1
24   1   0   0   1
25   1   0   0   1
26   1   0   0   1
27   1   0   0   1
28   1   0   0   1
29   1   0   0   1
30   1   0   0   1
31   1   0   0   1
32   1   0   0   1
33   1   0   0   1
34   1   0   0   1
35   1   0   0   1
36   1   0   0   1
37   1   0   0   1
38   1   0   0   1
39   1   0   0   1
40   1   0   0   1
41   1   0   0   1
42   1   0   0   1
43   1   0   0   1
44   1   0   0   1
45   1   0   0   1

 [*,4,*]
:    1   2   3   4    :=
1    1   1   1   0
2    1   1   1   0
3    1   1   1   0
4    1   1   1   0
5    1   1   1   0
6    1   1   1   0
7    1   1   1   0
8    1   1   1   0
9    1   1   1   0
10   1   1   1   0
11   1   1   1   0
12   1   1   1   0
13   1   1   1   0
14   1   1   1   0
15   1   1   1   0
16   1   1   1   0
17   1   1   1   0
18   1   1   1   0
19   1   1   1   0
20   1   1   1   0
21   1   1   1   0
22   1   1   1   0
23   1   1   1   0
24   1   1   1   0
25   1   1   1   0
26   1   1   1   0
27   1   1   1   0
28   1   1   1   0
29   1   1   1   0
30   1   1   1   0
31   1   1   1   0
32   1   1   1   0
33   1   1   1   0
34   1   1   1   0
35   1   1   1   0
36   1   1   1   0
37   1   1   1   0
38   1   1   1   0
39   1   1   1   0
40   1   1   1   0
41   1   1   1   0
42   1   1   1   0
43   1   1   1   0
44   1   1   1   0
45   1   1   1   0
;

---------------------------- Solution stats data ----------------------------
_ampl_time = 0.093556
_total_solve_time = 13571.9
_ampl_elapsed_time = 0.185386
_ampl_user_time = 0.075525

Total time elapsed: $13571.85.
_total_solve_time = 13571.9

---------------------------- Solution miscs data ----------------------------
tetrahedron_volume [*] :=
 1 0    6 0   11 0   16 0   21 0   26 0   31 0   36 0   41 0
 2 0    7 0   12 0   17 0   22 0   27 0   32 0   37 0   42 0
 3 0    8 0   13 0   18 0   23 0   28 0   33 0   38 0   43 0
 4 0    9 0   14 0   19 0   24 0   29 0   34 0   39 0   44 0
 5 0   10 0   15 0   20 0   25 0   30 0   35 0   40 0   45 0
;

---------------------------- Solution miscs data ----------------------------
tetrahedron_surface_area [*] :=
 1 1.73205    9 1.73205   17 1.73205   25 1.73205   33 1.73205   41 1.73205
 2 1.73205   10 1.73205   18 1.73205   26 1.73205   34 1.73205   42 1.73205
 3 1.73205   11 1.73205   19 1.73205   27 1.73205   35 1.73205   43 1.73205
 4 1.73205   12 1.73205   20 1.73205   28 1.73205   36 1.73205   44 1.73205
 5 1.73205   13 1.73205   21 1.73205   29 1.73205   37 1.73205   45 1.73205
 6 1.73205   14 1.73205   22 1.73205   30 1.73205   38 1.73205
 7 1.73205   15 1.73205   23 1.73205   31 1.73205   39 1.73205
 8 1.73205   16 1.73205   24 1.73205   32 1.73205   40 1.73205
;

