Error at _cmdno 5 executing "solve" command
(file amplin, line 1961, offset 37059):
error processing param distances:
	3200 invalid subscripts discarded:
	distances[101,1,1]
	distances[101,1,2]
	distances[101,1,3]
	and 3197 more.
##### This license is only intended for use by NEOS. #####
##### License is valid until Jan 16, 2026 #####
iables.
Substitution eliminates 1 variable.
Adjusted problem:
25953 variables:
	16053 nonlinear variables
	9900 linear variables
52003 constraints; 313156 nonzeros
	46250 nonlinear constraints
	5753 linear constraints
	5051 equality constraints
	46952 inequality constraints
1 nonlinear objective; 3 nonzeros.

Artelys Knitro 14.2.0: threads=4
algorithm=1
ms_enable=1
ms_maxsolves=10
feastol=1e-5
opttol=1e-5
honorbnds=1
bar_initpt=3
bar_murule=4
scale=1
outlev=2
maxtime_real=1200
WARNING:  Option 'threads' is deprecated, please use 'numthreads'.
WARNING: 1 constraint is constant or undefined and will be ignored.

=======================================
           Academic License
       (NOT FOR COMMERCIAL USE)
         Artelys Knitro 14.2.0
=======================================

No start point provided -- Knitro computing one.

Knitro presolve eliminated 0 variables and 1 constraint.

algorithm                1
bar_initpt               3
bar_murule               4
concurrent_evals         0
datacheck                0
feastol                  1e-05
findiff_numthreads       1
hessian_no_f             1
hessopt                  1
honorbnds                1
maxtime_real             1200
ms_enable                1
ms_maxsolves             10
numthreads               4
opttol                   1e-05

Problem Characteristics                                 (   Presolved)
-----------------------
Objective goal:  Minimize
Objective type:  general
Number of variables:                              25953 (       25953)
    bounded below only:                               1 (           1)
    bounded above only:                               0 (           0)
    bounded below and above:                          0 (           0)
    fixed:                                            0 (           0)
    free:                                         25952 (       25952)
Number of constraints:                            52003 (       52002)
    linear equalities:                                1 (           0)
    quadratic equalities:                          4950 (        4950)
    gen. nonlinear equalities:                      100 (         100)
    linear one-sided inequalities:                 5752 (        5752)
    quadratic one-sided inequalities:             41200 (       41200)
    gen. nonlinear one-sided inequalities:            0 (           0)
    linear two-sided inequalities:                    0 (           0)
    quadratic two-sided inequalities:                 0 (           0)
    gen. nonlinear two-sided inequalities:            0 (           0)
Number of nonzeros in Jacobian:                  313156 (      313156)
Number of nonzeros in Hessian:                   141453 (      141453)

Knitro parallel multistart will run with 4 threads.

Return codes description
------------------------
  0:  The final solution satisfies the termination conditions for verifying optimality.
  -100 to -199:  A feasible approximate solution was found.
  -200 to -299:  Knitro terminated at an infeasible point.
  -300 to -301:  The problem was determined to be unbounded.
  -400 to -499:  Knitro terminated because it reached a pre-defined limit.
    -400 to -409:  A feasible point was found.
    -410 to -419:  No feasible point was found.
  -500 to -599:  Knitro terminated with an input error or some non-standard error.
A more detailed description of individual return codes and their corresponding
termination messages is provided at
https://www.artelys.com/app/docs/knitro/3_referenceManual/returnCodes.html

 Solve #  ThreadID  Status     Objective      FeasError    OptError    Real Time 
--------  --------  ------  --------------   ----------   ----------  ----------
      0          0       0         6.20534  1.67835e-05  4.26367e-05      6362.17
      3          3    -410     8.93080e+08  1.53685e+06      726.669      10371.7
      2          2    -410     2.69247e+09      413126.      3877.20      10528.3
      1          1    -410     5.81104e+11  5.30346e+06      36902.9      10741.3
      7          1    -410     6.36590e+09      27223.4      8057.02      6366.76
      9          2    -410     7.10757e+11      26382.1      198423.      4955.16
      4          0    -410     5.19345e+11  4.17412e-02      374.739      7234.70
      5          3    -410     1.48641e+12      31.5292      84096.5      6313.30
      6          2    -410     4.75652e+11      82.9141      129012.      5979.33
      8          0    -410     5.57638e+10     0.528307      62816.1      5842.12

MULTISTART: Best locally optimal solution is returned.
EXIT: Locally optimal solution found.

Final Statistics
----------------
Final objective value               =   6.20534229621541e+00
Final feasibility error (abs / rel) =   1.68e-05 / 2.89e-06
Final optimality error  (abs / rel) =   4.26e-05 / 4.65e-06
# of iterations                     =      95332 
# of CG iterations                  =          0 
# of function evaluations           =      99443
# of gradient evaluations           =      95510
# of Hessian evaluations            =      95374
Total program time (secs)           =   21464.44531 ( 74356.078 CPU time)

===============================================================================

Knitro 14.2.0: Locally optimal or satisfactory solution.
objective 6.205342296; feasibility error 1.68e-05
95332 iterations; 99443 function evaluations

suffix feaserror OUT;
suffix opterror OUT;
suffix numfcevals OUT;
suffix numiters OUT;
---------------------------- Solver Status Report ----------------------------
solve_result_num = 0
solve_result = solved
solve_message = 'Knitro 14.2.0: Locally optimal or satisfactory solution.\
objective 6.205342296; feasibility error 1.68e-05\
95332 iterations; 99443 function evaluations'


---------------------------- Problem Dimensions ----------------------------
Variables: 51304
Constraints: 52104
---------------------------- Container and geometric considerations  ----------------------------
Container type: cylinder
Structural conservation type: volume & surface
---------------------------- Solution execution data ----------------------------
solve_result_num = 0
solve_result = solved

---------------------------- Solution data ----------------------------
card(figures) = 100

coords [*,*,1]
:          1            2             3             4         :=
1      1.17497       0.395891     0.280477      0.612476
2      0.962111      0.178883     0.325329      0.981283
3      0.0923713    -0.0689806   -0.41894       0.595404
4     -0.422881     -0.938036    -1.30628      -0.595016
5      1.18107       0.32715      1.06767       1.24551
6     -0.418212     -0.223464    -0.374329     -1.10823
7     -1.01726      -0.40762     -1.2916       -0.493433
8     -1.17855      -0.927813    -0.386198     -1.31485
9      0.406712      0.492674     1.15333       0.233144
10    -0.561263      0.487083    -0.108139     -0.0539887
11    -0.19578      -0.36683      0.45637       0.314903
12    -0.404778     -0.178046     0.507205      0.312818
13     1.01504       0.527747     1.35013       1.3532
14     0.395889      0.621912    -0.310893      0.312325
15     0.121759      0.667784     0.987544      0.14186
16    -1.0135       -1.3537      -0.534128     -0.499475
17     1.20879       0.833324     1.352         0.502284
18    -1.16392      -0.400979    -0.920396     -0.300001
19    -0.923138     -0.520733     0.0349829    -0.45071
20    -1.02653      -0.475071    -1.35104      -1.33969
21     1.34184       0.478413     1.12593       0.769773
22    -1.08203      -1.28175     -0.467688     -1.34938
23    -1.35267      -1.20778     -0.390456     -0.924148
24     0.464094      1.33326      0.417804      0.862559
25    -0.310793     -1.06154     -0.279894     -0.0754388
26     0.35592      -0.191379    -0.416071     -0.608211
27    -0.118042      0.450931     0.337193      0.885555
28     0.563097      0.253779     0.26194      -0.406252
29    -0.153574     -0.0766517   -0.438177     -0.942177
30    -0.164067     -0.383455    -0.120595     -1.01197
31     1.35103       1.00635      1.07942       0.395613
32    -0.48362      -0.487015    -1.34615      -0.962194
33    -0.158761     -0.0902992    0.451608      0.784333
34    -0.326487      0.265726    -0.496041      0.30035
35    -0.339367      0.533304    -0.217401      0.0605935
36    -0.211506     -0.610806    -0.313562     -1.0601
37    -0.467583     -1.03244     -0.0681574    -0.326271
38    -0.223669     -0.41667      0.287038      0.414115
39     0.570306     -0.220103    -0.244204      0.0098927
40     0.939168      0.103742     0.110066      0.123509
41     0.719281      1.08597      0.0912418     0.806972
42     0.247436      0.43088     -0.245856      0.770033
43     0.00312113    0.793724     0.593285      0.0993061
44     0.733952     -0.0987739    0.347857      0.820807
45    -0.539875     -1.23438     -0.365411     -0.897723
46     0.329733      1.20879      0.963748      0.524641
47    -1.06828      -1.22044     -0.619131     -0.232513
48     0.0860996    -0.271313    -0.622899      0.329618
49    -0.407859     -0.2526       0.440371     -0.5126
50     1.35394       1.10819      0.50117       1.35108
51    -1.0825       -1.27992     -0.59412      -0.411595
52     0.964731      0.268264     0.112331      0.525624
53    -0.63133       0.0717548    0.280567      0.0560712
54     1.09178       0.484983     0.654114      1.31237
55     1.31237       1.35199      0.43173       1.20879
56    -0.55107      -1.0206      -0.525422      0.0240216
57    -0.380543     -0.92884     -0.556416     -0.00651651
58     0.438345     -0.234721    -0.369956     -0.426903
59    -0.295425     -1.26403     -1.14664      -0.808022
60     0.503852      0.0902028    0.445931      1.1119
61     0.997268      0.512746     1.34118       1.29491
62    -0.418922      0.540075    -0.0764275    -0.0714853
63     1.09221       0.479825     1.34947       1.31237
64     0.307129      1.1422       0.774452      1.07172
65    -0.624403     -0.641517    -0.0312689    -1.05759
66     0.238708     -0.298288     0.336754      0.670504
67    -1.35376      -0.479068    -1.07095      -1.32927
68    -0.29223      -0.983374    -0.00699109   -0.798249
69    -0.230947     -0.184759    -1.06678      -0.619131
70    -0.591035     -0.132663    -0.332987     -1.05938
71     1.3417        0.513247     0.460516      0.998498
72    -0.437463     -1.34311     -1.23438      -1.2929
73     1.01003       1.35368      1.12964       0.405981
74     0.340205     -0.250065    -0.611371     -0.280442
75     0.188624      0.733437     0.242587     -0.304467
76    -0.206882      0.529937     0.567518     -0.127479
77     0.481433      0.406712     1.11643       0.231448
78    -0.316835      0.114485    -0.644515      0.237185
79    -0.321226      0.703623    -0.0765359     0.185013
80     0.494371      0.331274    -0.419816      0.229139
81    -1.14812      -0.3693      -0.252708     -0.334368
82     0.395858      1.17495      0.214177      0.927024
83     0.317304     -0.23487      0.202648     -0.469177
84    -0.211669     -0.81161      0.0779889    -0.162072
85     0.245382      0.417731     1.08656       0.72623
86    -0.551038     -0.524008    -1.35141      -1.02826
87    -0.195006      0.0391538    0.604186      0.505075
88    -1.20778      -1.04947     -0.390457     -1.35267
89    -0.930341     -0.42118     -1.34655      -1.23438
90    -1.35376      -0.475392    -1.27643      -1.03701
91     0.71995       0.0327513    0.806972      0.09165
92    -0.884453     -1.2929      -0.477891     -1.34042
93     0.384645     -0.184508    -0.61913      -0.231512
94     0.301787      0.299072     0.322489     -0.544614
95    -0.504255     -0.0280043    0.261028      0.386737
96    -1.12813      -0.0850886   -0.481922     -0.523721
97     0.757879      0.430957     1.34166       0.517099
98     0.424233      1.08656      0.567575      1.35238
99     1.13355       0.312945     0.333892      0.769222
100   -0.0566579    -0.0686046   -0.764211     -0.88433

 [*,*,2]
:          1            2             3             4         :=
1      0.672814      1.2948       0.359866      1.05141
2     -0.0356789    -0.335636    -0.74419      -0.932906
3      0.782442      0.449633     1.28752       1.21603
4     -0.193523     -0.976381    -0.35619      -1.10431
5      0.660745      0.453378     0.832653     -0.0412231
6     -1.21906      -0.440519    -1.3012       -0.777855
7     -0.893545     -0.172051    -0.406195     -1.08658
8      0.666525      0.9861       0.378413      0.0854269
9     -1.29144      -1.26115     -0.709273     -0.444821
10     1.23216       1.26332      0.42895       1.29397
11    -0.305142      0.321796    -0.320215      0.486224
12     0.224812     -0.511807     0.184465     -0.495076
13    -0.896058     -0.0821803   -0.10191      -0.0456483
14     1.2948        1.20269      1.13418       0.375685
15    -1.34848      -1.17783     -0.86188      -0.503214
16     0.897807     -0.0270975    0.388756      0.0178631
17     0.60996       0.862303     0.0730423     0.0457879
18     0.691754      1.29323      0.993027      0.39916
19    -0.990478     -1.06405     -1.15665      -0.235413
20    -0.882868     -0.142562     0.0890586    -0.196095
21     0.180846      0.140176     0.752002      1.05977
22    -0.813901     -0.436274    -0.127023      0.111344
23     0.0592443     0.611956     0.214929      0.974006
24     0.0705935    -0.235922    -0.598281      0.317194
25    -1.03433      -0.378776     0.00422816   -0.417887
26    -0.256975     -0.311065     0.361227     -0.669832
27     0.476197     -0.0573744   -0.364527      0.397491
28    -0.186618     -0.641354    -1.19126      -0.382854
29     0.461568      1.3518       1.28111       0.972385
30     0.394906      1.29853      1.34859       0.899522
31    -0.0892288    -0.905813    -0.817367     -0.343013
32     0.0231564     0.111872     0.145297     -0.721934
33     0.619113     -0.303966     0.40183       0.170084
34    -0.479357     -0.639163    -1.25983      -1.32023
35     0.660415      0.309154    -0.0522168     0.845402
36     0.337803      0.460293     1.24504       0.842269
37     0.42894      -0.360654    -0.431506      0.0275046
38    -0.445761     -1.22578     -0.464601     -1.25801
39    -0.350773      0.209723    -0.833491     -0.223495
40    -0.864152     -0.401075    -0.484847     -1.34832
41     0.625776      0.131548     0.463979      1.08721
42     0.404325     -0.36905     -0.477123     -0.352632
43     0.529324      0.248462     1.21706       0.795699
44     0.401168      0.906864     0.315535      1.0768
45     1.20261       0.55635      0.243077      1.01357
46     1.06069       0.60996      0.948118      0.101193
47     0.831872      0.380505     1.20412       0.41196
48     1.08918       0.252886     0.519826      0.22569
49     0.390176     -0.466541     0.181358      0.354408
50    -0.00801075    0.777918     0.0783463    -0.0883428
51    -0.813286     -0.441639    -1.21666      -0.211542
52     0.950013      1.09369      0.625027      0.103088
53    -1.19777      -1.35207     -1.32458      -0.499082
54    -0.800777     -0.0860463   -1.04363      -0.333053
55    -0.333053      0.073118     0.0312378     0.609959
56    -0.111525     -0.889728    -0.281322     -0.908514
57     0.274153      0.970499     1.23435       1.095
58    -1.28105      -0.490427    -1.30245      -1.28491
59     0.394407      0.149814     0.72004      -0.162369
60     0.347238      0.369362    -0.441798      0.342162
61    -0.692583      0.0599574    0.185681     -0.395517
62     1.28753       1.24159      1.35181       0.438666
63    -0.800189     -0.0862269    0.11025      -0.333053
64    -0.927957     -0.727059    -0.00742173   -0.827429
65    -1.2014       -1.19235     -0.590488     -0.475025
66     0.571453      0.306204     1.08012       0.0858295
67     0.023709     -0.122907     0.701938     -0.257437
68    -0.143343     -0.408475    -0.790299     -1.06201
69     0.411089      1.3413       0.833798      1.20412
70     0.0410662    -0.789531    -0.239578     -0.791479
71     0.181867      0.0552983    0.0690214    -0.696616
72     0.103605      0.171126     0.55635      -0.402055
73    -0.0845198    -0.0279162    0.746427      0.0782216
74     0.730935      0.344971     0.461792      1.32461
75    -0.372694     -1.13811     -1.16809      -1.28896
76     0.851012      0.196068     0.536241     -0.0515868
77    -0.368248     -1.29144     -0.766032     -0.436555
78    -1.31638      -0.360362    -0.560522     -1.08846
79     1.31531       1.14828      0.511068      1.34127
80    -0.5019       -1.25745     -0.613685     -0.361969
81     0.717672      1.30016      0.395051      0.405623
82     1.29481       0.672845     0.364532      0.77412
83    -0.529678     -0.3951      -1.33872      -1.05992
84    -0.600246      0.11655      0.320255     -0.322232
85    -1.2465       -0.32316     -0.807845     -1.14272
86    -0.111735     -0.290689     0.0831624    -0.880855
87    -0.439709      0.182363     0.108445     -0.628406
88     0.611956     -0.394521     0.214929      0.0592453
89     0.983716      0.141066     0.14151       0.55635
90     0.023709     -0.118715    -0.450422     -0.870535
91     0.626212      1.35357      1.08721       0.464062
92    -0.786896     -0.402055     0.022345      0.144486
93     1.18534       1.34134      1.20412       0.411775
94    -0.527256     -1.32053     -1.315        -1.14646
95     0.362538     -0.180059     0.71347      -0.182978
96     0.390223      0.500032    -0.375194      0.28559
97     0.927508      0.0432444    0.182172      0.0762686
98    -0.530214     -0.807845     0.103557     -0.0534167
99    -0.715547     -0.081265    -0.8877        0.00289078
100    0.544315     -0.432668    -0.101499      0.122666

 [*,*,3]
:          1            2             3             4         :=
1      0.0743729     0.400216     0.118516      -0.596706
2      0.0518827     0.643918    -0.299392       0.359479
3      1.30345       0.322021     0.684214       0.588911
4      0.287447      0.682465    -0.0177595     -0.203311
5      0.00541718    0.577979     1.03381        0.687451
6     -0.300991     -0.976229    -1.34566       -0.917963
7     -0.975132     -1.23594     -1.74217       -1.74217
8      0.919086     -0.0478703    0.484145       0.094568
9     -1.16273      -0.178848    -0.777987      -0.586583
10    -1.74217      -1.74217     -1.51961       -0.929
11    -0.972931     -1.74217     -1.74217       -1.0867
12    -0.446535     -0.999694    -0.962925      -0.188046
13     0.325444      0.33754      0.860437      -0.186857
14     0.400221     -0.516528    -0.357842       0.0113297
15     0.545172     -0.333882     0.582491       0.0763504
16    -0.241384      0.117524     0.399766      -0.48934
17    -1.74217      -0.795942    -0.885639      -1.3649
18     0.849377      0.788909    -0.071372       0.331657
19     0.635803     -0.329939     0.433346       0.30917
20     0.560435      0.218969     0.747208      -0.167764
21    -0.839247     -0.412032    -2.14955e-05   -0.823691
22    -0.893672     -0.0165171   -0.392894      -0.908448
23    -0.825047     -0.0677358   -0.591517      -0.955993
24     1.25485       0.926876     0.565431       0.316542
25    -0.367471     -0.0409205   -0.510478       0.314153
26    -1.74217      -0.969164    -1.74217       -1.74217
27     0.59644       1.13641      0.165228       0.344779
28     1.64275       0.869746     1.64275        1.64275
29     0.35157      -0.197588     0.735446      -0.114445
30    -0.643435     -0.158334    -1.0685        -0.746342
31     1.07797       1.41618      0.373666       0.829077
32    -1.50239      -0.517367    -0.918329      -0.940419
33     1.54817       1.34023      0.785088       1.64275
34     1.64275       0.845919     1.13078        1.64275
35     0.52973       0.652453     1.28952        1.41991
36    -0.689233      0.269518    -0.172994      -0.597793
37     0.331421     -0.0654106    0.340956      -0.566064
38    -0.990846     -0.350966    -0.191581      -0.807865
39    -0.165204     -0.330321    -0.224852       0.589605
40     0.566373      0.999528     0.0545718      0.549717
41     0.818501      1.64275      1.64275        1.64275
42    -1.05789      -1.74217     -1.01919       -0.825707
43     0.329235      0.958571     0.609809       1.33908
44    -0.0426669    -0.271863    -1.01406       -0.702948
45    -1.74217      -1.74217     -1.35636       -0.884144
46    -1.70213      -1.74217     -0.890347      -1.32613
47     0.817509      1.64275      1.64275        1.29203
48    -1.14189      -1.56711     -0.619244      -0.833529
49    -0.348195     -0.932945    -0.928627      -1.331
50     1.64275       0.9932       1.19846        0.60697
51    -0.892114     -0.0154782   -0.185869      -0.423418
52    -0.889372     -1.55421     -0.62899       -1.32515
53     1.0685        0.305701     1.29733        0.720638
54    -0.879142     -1.3492      -1.74217       -1.74217
55    -1.74217      -0.88575     -1.3871        -1.74217
56     0.263521      0.652113     1.19653        0.560339
57    -1.34995      -0.78917     -1.73346       -0.973071
58    -0.806214     -0.954204    -1.42573       -0.378617
59     0.504193      0.184841     0.99443        1.07625
60    -0.454962      0.508576     0.0685522      0.273221
61    -0.92518      -0.378443    -0.823299       0.0356318
62     0.684215      0.602882    -0.198149       0.317743
63    -0.880367     -1.34431     -0.810226      -1.74217
64    -0.279716     -0.763213    -0.0947182      0.278401
65     1.47949       0.460483     0.867135       1.04969
66    -0.947407     -1.74217     -1.74217       -1.74217
67     1.64275       1.30598      1.04273        0.706765
68     1.64275       0.980465     1.01023        1.64275
69     1.29284       0.810584     0.820919       1.64275
70    -0.442658     -0.441064    -1.31136       -0.875691
71    -0.82493      -0.380355    -1.37777       -0.927305
72    -1.4067       -0.882064    -1.74217       -1.74217
73     0.472268     -0.517023    -0.00922853    -0.369541
74     0.178191     -0.598091     0.271283      -0.224739
75    -1.61059      -1.74217     -0.929093      -1.74217
76    -0.630003     -0.987979     0.00341959    -0.348373
77    -1.54983      -1.16273     -0.815972      -0.580959
78    -1.74217      -1.74217     -1.20679       -0.997313
79    -0.376166     -0.52376     -0.815846      -1.29434
80    -1.58515      -0.876249    -1.22472       -0.580132
81     0.854336      0.778073     1.29497        0.349863
82     0.400228      0.0743838    0.360488       1.01171
83    -0.233907      0.525693     0.423595      -0.250909
84     0.564504      1.04019      0.781116       1.57458
85     1.64275       1.17612      1.64275        0.71646
86     0.264672      1.248        0.747495       0.561462
87     1.44636       0.635071     1.51557        0.794983
88    -0.0677357    -0.0490516   -0.591517      -0.825045
89    -0.951653     -1.31317     -0.81953       -1.74217
90     1.64275       1.31384      0.72367        1.64275
91     0.818186      1.08963      1.64275        1.64217
92    -0.97727      -1.74217     -1.50627       -0.922208
93     1.64275       0.810124     1.64275        1.29355
94    -0.242714      0.27759     -0.770943      -0.229079
95    -0.232543      0.528229     0.204708      -0.324989
96     1.64275       1.64275      1.64275        0.829353
97    -0.778916     -0.360588    -0.839552      -1.34231
98     0.95153       1.64275      1.64275        1.05739
99    -0.756724     -0.912561    -0.2762        -0.0850774
100    0.561138      0.429379     0.988096       0.0741363
;

radius = 1.35397
height = 3.38492
softness = 0.1

---------------------------- Solution coords data ----------------------------
distances [*,1,*]
:     1   2   3   4    :=
1     0   1   0   1
2     0   1   0   1
3     0   1   0   1
4     0   1   0   1
5     0   1   0   1
6     0   1   0   1
7     0   1   0   1
8     0   1   0   1
9     0   1   0   1
10    0   1   0   1
11    0   1   0   1
12    0   1   0   1
13    0   1   0   1
14    0   1   0   1
15    0   1   0   1
16    0   1   0   1
17    0   1   0   1
18    0   1   0   1
19    0   1   0   1
20    0   1   0   1
21    0   1   0   1
22    0   1   0   1
23    0   1   0   1
24    0   1   0   1
25    0   1   0   1
26    0   1   0   1
27    0   1   0   1
28    0   1   0   1
29    0   1   0   1
30    0   1   0   1
31    0   1   0   1
32    0   1   0   1
33    0   1   0   1
34    0   1   0   1
35    0   1   0   1
36    0   1   0   1
37    0   1   0   1
38    0   1   0   1
39    0   1   0   1
40    0   1   0   1
41    0   1   0   1
42    0   1   0   1
43    0   1   0   1
44    0   1   0   1
45    0   1   0   1
46    0   1   0   1
47    0   1   0   1
48    0   1   0   1
49    0   1   0   1
50    0   1   0   1
51    0   1   0   1
52    0   1   0   1
53    0   1   0   1
54    0   1   0   1
55    0   1   0   1
56    0   1   0   1
57    0   1   0   1
58    0   1   0   1
59    0   1   0   1
60    0   1   0   1
61    0   1   0   1
62    0   1   0   1
63    0   1   0   1
64    0   1   0   1
65    0   1   0   1
66    0   1   0   1
67    0   1   0   1
68    0   1   0   1
69    0   1   0   1
70    0   1   0   1
71    0   1   0   1
72    0   1   0   1
73    0   1   0   1
74    0   1   0   1
75    0   1   0   1
76    0   1   0   1
77    0   1   0   1
78    0   1   0   1
79    0   1   0   1
80    0   1   0   1
81    0   1   0   1
82    0   1   0   1
83    0   1   0   1
84    0   1   0   1
85    0   1   0   1
86    0   1   0   1
87    0   1   0   1
88    0   1   0   1
89    0   1   0   1
90    0   1   0   1
91    0   1   0   1
92    0   1   0   1
93    0   1   0   1
94    0   1   0   1
95    0   1   0   1
96    0   1   0   1
97    0   1   0   1
98    0   1   0   1
99    0   1   0   1
100   0   1   0   1

 [*,2,*]
:     1   2   3   4    :=
1     0   0   1   1
2     0   0   1   1
3     0   0   1   1
4     0   0   1   1
5     0   0   1   1
6     0   0   1   1
7     0   0   1   1
8     0   0   1   1
9     0   0   1   1
10    0   0   1   1
11    0   0   1   1
12    0   0   1   1
13    0   0   1   1
14    0   0   1   1
15    0   0   1   1
16    0   0   1   1
17    0   0   1   1
18    0   0   1   1
19    0   0   1   1
20    0   0   1   1
21    0   0   1   1
22    0   0   1   1
23    0   0   1   1
24    0   0   1   1
25    0   0   1   1
26    0   0   1   1
27    0   0   1   1
28    0   0   1   1
29    0   0   1   1
30    0   0   1   1
31    0   0   1   1
32    0   0   1   1
33    0   0   1   1
34    0   0   1   1
35    0   0   1   1
36    0   0   1   1
37    0   0   1   1
38    0   0   1   1
39    0   0   1   1
40    0   0   1   1
41    0   0   1   1
42    0   0   1   1
43    0   0   1   1
44    0   0   1   1
45    0   0   1   1
46    0   0   1   1
47    0   0   1   1
48    0   0   1   1
49    0   0   1   1
50    0   0   1   1
51    0   0   1   1
52    0   0   1   1
53    0   0   1   1
54    0   0   1   1
55    0   0   1   1
56    0   0   1   1
57    0   0   1   1
58    0   0   1   1
59    0   0   1   1
60    0   0   1   1
61    0   0   1   1
62    0   0   1   1
63    0   0   1   1
64    0   0   1   1
65    0   0   1   1
66    0   0   1   1
67    0   0   1   1
68    0   0   1   1
69    0   0   1   1
70    0   0   1   1
71    0   0   1   1
72    0   0   1   1
73    0   0   1   1
74    0   0   1   1
75    0   0   1   1
76    0   0   1   1
77    0   0   1   1
78    0   0   1   1
79    0   0   1   1
80    0   0   1   1
81    0   0   1   1
82    0   0   1   1
83    0   0   1   1
84    0   0   1   1
85    0   0   1   1
86    0   0   1   1
87    0   0   1   1
88    0   0   1   1
89    0   0   1   1
90    0   0   1   1
91    0   0   1   1
92    0   0   1   1
93    0   0   1   1
94    0   0   1   1
95    0   0   1   1
96    0   0   1   1
97    0   0   1   1
98    0   0   1   1
99    0   0   1   1
100   0   0   1   1

 [*,3,*]
:     1   2   3   4    :=
1     1   0   0   1
2     1   0   0   1
3     1   0   0   1
4     1   0   0   1
5     1   0   0   1
6     1   0   0   1
7     1   0   0   1
8     1   0   0   1
9     1   0   0   1
10    1   0   0   1
11    1   0   0   1
12    1   0   0   1
13    1   0   0   1
14    1   0   0   1
15    1   0   0   1
16    1   0   0   1
17    1   0   0   1
18    1   0   0   1
19    1   0   0   1
20    1   0   0   1
21    1   0   0   1
22    1   0   0   1
23    1   0   0   1
24    1   0   0   1
25    1   0   0   1
26    1   0   0   1
27    1   0   0   1
28    1   0   0   1
29    1   0   0   1
30    1   0   0   1
31    1   0   0   1
32    1   0   0   1
33    1   0   0   1
34    1   0   0   1
35    1   0   0   1
36    1   0   0   1
37    1   0   0   1
38    1   0   0   1
39    1   0   0   1
40    1   0   0   1
41    1   0   0   1
42    1   0   0   1
43    1   0   0   1
44    1   0   0   1
45    1   0   0   1
46    1   0   0   1
47    1   0   0   1
48    1   0   0   1
49    1   0   0   1
50    1   0   0   1
51    1   0   0   1
52    1   0   0   1
53    1   0   0   1
54    1   0   0   1
55    1   0   0   1
56    1   0   0   1
57    1   0   0   1
58    1   0   0   1
59    1   0   0   1
60    1   0   0   1
61    1   0   0   1
62    1   0   0   1
63    1   0   0   1
64    1   0   0   1
65    1   0   0   1
66    1   0   0   1
67    1   0   0   1
68    1   0   0   1
69    1   0   0   1
70    1   0   0   1
71    1   0   0   1
72    1   0   0   1
73    1   0   0   1
74    1   0   0   1
75    1   0   0   1
76    1   0   0   1
77    1   0   0   1
78    1   0   0   1
79    1   0   0   1
80    1   0   0   1
81    1   0   0   1
82    1   0   0   1
83    1   0   0   1
84    1   0   0   1
85    1   0   0   1
86    1   0   0   1
87    1   0   0   1
88    1   0   0   1
89    1   0   0   1
90    1   0   0   1
91    1   0   0   1
92    1   0   0   1
93    1   0   0   1
94    1   0   0   1
95    1   0   0   1
96    1   0   0   1
97    1   0   0   1
98    1   0   0   1
99    1   0   0   1
100   1   0   0   1

 [*,4,*]
:     1   2   3   4    :=
1     1   1   1   0
2     1   1   1   0
3     1   1   1   0
4     1   1   1   0
5     1   1   1   0
6     1   1   1   0
7     1   1   1   0
8     1   1   1   0
9     1   1   1   0
10    1   1   1   0
11    1   1   1   0
12    1   1   1   0
13    1   1   1   0
14    1   1   1   0
15    1   1   1   0
16    1   1   1   0
17    1   1   1   0
18    1   1   1   0
19    1   1   1   0
20    1   1   1   0
21    1   1   1   0
22    1   1   1   0
23    1   1   1   0
24    1   1   1   0
25    1   1   1   0
26    1   1   1   0
27    1   1   1   0
28    1   1   1   0
29    1   1   1   0
30    1   1   1   0
31    1   1   1   0
32    1   1   1   0
33    1   1   1   0
34    1   1   1   0
35    1   1   1   0
36    1   1   1   0
37    1   1   1   0
38    1   1   1   0
39    1   1   1   0
40    1   1   1   0
41    1   1   1   0
42    1   1   1   0
43    1   1   1   0
44    1   1   1   0
45    1   1   1   0
46    1   1   1   0
47    1   1   1   0
48    1   1   1   0
49    1   1   1   0
50    1   1   1   0
51    1   1   1   0
52    1   1   1   0
53    1   1   1   0
54    1   1   1   0
55    1   1   1   0
56    1   1   1   0
57    1   1   1   0
58    1   1   1   0
59    1   1   1   0
60    1   1   1   0
61    1   1   1   0
62    1   1   1   0
63    1   1   1   0
64    1   1   1   0
65    1   1   1   0
66    1   1   1   0
67    1   1   1   0
68    1   1   1   0
69    1   1   1   0
70    1   1   1   0
71    1   1   1   0
72    1   1   1   0
73    1   1   1   0
74    1   1   1   0
75    1   1   1   0
76    1   1   1   0
77    1   1   1   0
78    1   1   1   0
79    1   1   1   0
80    1   1   1   0
81    1   1   1   0
82    1   1   1   0
83    1   1   1   0
84    1   1   1   0
85    1   1   1   0
86    1   1   1   0
87    1   1   1   0
88    1   1   1   0
89    1   1   1   0
90    1   1   1   0
91    1   1   1   0
92    1   1   1   0
93    1   1   1   0
94    1   1   1   0
95    1   1   1   0
96    1   1   1   0
97    1   1   1   0
98    1   1   1   0
99    1   1   1   0
100   1   1   1   0
;

---------------------------- Solution stats data ----------------------------
_ampl_time = 0.586399
_total_solve_time = 74357.4
_ampl_elapsed_time = 0.582347
_ampl_user_time = 0.508848

Total time elapsed: $74357.39.
_total_solve_time = 74357.4

---------------------------- Solution miscs data ----------------------------
tetrahedron_volume [*] :=
  1 0.117851    21 0.117851    41 0.117851    61 0.117851    81 0.117851
  2 0.117851    22 0.117851    42 0.117851    62 0.117851    82 0.117851
  3 0.117851    23 0.117851    43 0.117851    63 0.117851    83 0.117851
  4 0.117851    24 0.117851    44 0.117851    64 0.117851    84 0.117851
  5 0.117851    25 0.117851    45 0.117851    65 0.117851    85 0.117851
  6 0.117851    26 0.117851    46 0.117851    66 0.117851    86 0.117851
  7 0.117851    27 0.117851    47 0.117851    67 0.117851    87 0.117851
  8 0.117851    28 0.117851    48 0.117851    68 0.117851    88 0.117851
  9 0.117851    29 0.117851    49 0.117851    69 0.117851    89 0.117851
 10 0.117851    30 0.117851    50 0.117851    70 0.117851    90 0.117851
 11 0.117851    31 0.117851    51 0.117851    71 0.117851    91 0.117851
 12 0.117851    32 0.117851    52 0.117851    72 0.117851    92 0.117851
 13 0.117851    33 0.117851    53 0.117851    73 0.117851    93 0.117851
 14 0.117851    34 0.117851    54 0.117851    74 0.117851    94 0.117851
 15 0.117851    35 0.117851    55 0.117851    75 0.117851    95 0.117851
 16 0.117851    36 0.117851    56 0.117851    76 0.117851    96 0.117851
 17 0.117851    37 0.117851    57 0.117851    77 0.117851    97 0.117851
 18 0.117851    38 0.117851    58 0.117851    78 0.117851    98 0.117851
 19 0.117851    39 0.117851    59 0.117851    79 0.117851    99 0.117851
 20 0.117851    40 0.117851    60 0.117851    80 0.117851   100 0.117851
;

---------------------------- Solution miscs data ----------------------------
tetrahedron_surface_area [*] :=
  1 0    11 0    21 0    31 0    41 0    51 0    61 0    71 0    81 0    91 0
  2 0    12 0    22 0    32 0    42 0    52 0    62 0    72 0    82 0    92 0
  3 0    13 0    23 0    33 0    43 0    53 0    63 0    73 0    83 0    93 0
  4 0    14 0    24 0    34 0    44 0    54 0    64 0    74 0    84 0    94 0
  5 0    15 0    25 0    35 0    45 0    55 0    65 0    75 0    85 0    95 0
  6 0    16 0    26 0    36 0    46 0    56 0    66 0    76 0    86 0    96 0
  7 0    17 0    27 0    37 0    47 0    57 0    67 0    77 0    87 0    97 0
  8 0    18 0    28 0    38 0    48 0    58 0    68 0    78 0    88 0    98 0
  9 0    19 0    29 0    39 0    49 0    59 0    69 0    79 0    89 0    99 0
 10 0    20 0    30 0    40 0    50 0    60 0    70 0    80 0    90 0   100 0
;

