Error at _cmdno 5 executing "solve" command
(file amplin, line 1977, offset 37900):
error processing param distances:
	4000 invalid subscripts discarded:
	distances[51,1,1]
	distances[51,1,2]
	distances[51,1,3]
	and 3997 more.
##### This license is only intended for use by NEOS. #####
##### License is valid until Jan 16, 2026 #####
riables.
Adjusted problem:
6726 variables:
	4275 nonlinear variables
	2451 linear variables
14100 constraints; 81325 nonzeros
	11675 nonlinear constraints
	2425 linear constraints
	1275 equality constraints
	12825 inequality constraints
1 linear objective; 1 nonzero.

Artelys Knitro 14.2.0: threads=4
algorithm=1
ms_enable=1
ms_maxsolves=10
feastol=1e-5
opttol=1e-5
honorbnds=1
bar_initpt=3
bar_murule=4
scale=1
outlev=2
maxtime_real=1200
WARNING:  Option 'threads' is deprecated, please use 'numthreads'.

=======================================
           Academic License
       (NOT FOR COMMERCIAL USE)
         Artelys Knitro 14.2.0
=======================================

No start point provided -- Knitro computing one.

Knitro presolve eliminated 0 variables and 0 constraints.

algorithm                1
bar_initpt               3
bar_murule               4
concurrent_evals         0
datacheck                0
feastol                  1e-05
findiff_numthreads       1
hessian_no_f             1
hessopt                  1
honorbnds                1
maxtime_real             1200
ms_enable                1
ms_maxsolves             10
numthreads               4
opttol                   1e-05

Problem Characteristics                                 (   Presolved)
-----------------------
Objective goal:  Minimize
Objective type:  linear
Number of variables:                               6726 (        6726)
    bounded below only:                             601 (         601)
    bounded above only:                               0 (           0)
    bounded below and above:                          0 (           0)
    fixed:                                            0 (           0)
    free:                                          6125 (        6125)
Number of constraints:                            14100 (       14100)
    linear equalities:                                0 (           0)
    quadratic equalities:                          1225 (        1225)
    gen. nonlinear equalities:                       50 (          50)
    linear one-sided inequalities:                 2425 (        2425)
    quadratic one-sided inequalities:             10400 (       10400)
    gen. nonlinear one-sided inequalities:            0 (           0)
    linear two-sided inequalities:                    0 (           0)
    quadratic two-sided inequalities:                 0 (           0)
    gen. nonlinear two-sided inequalities:            0 (           0)
Number of nonzeros in Jacobian:                   81325 (       81325)
Number of nonzeros in Hessian:                    36975 (       36975)

Knitro parallel multistart will run with 4 threads.

Return codes description
------------------------
  0:  The final solution satisfies the termination conditions for verifying optimality.
  -100 to -199:  A feasible approximate solution was found.
  -200 to -299:  Knitro terminated at an infeasible point.
  -300 to -301:  The problem was determined to be unbounded.
  -400 to -499:  Knitro terminated because it reached a pre-defined limit.
    -400 to -409:  A feasible point was found.
    -410 to -419:  No feasible point was found.
  -500 to -599:  Knitro terminated with an input error or some non-standard error.
A more detailed description of individual return codes and their corresponding
termination messages is provided at
https://www.artelys.com/app/docs/knitro/3_referenceManual/returnCodes.html

 Solve #  ThreadID  Status     Objective      FeasError    OptError    Real Time 
--------  --------  ------  --------------   ----------   ----------  ----------
      4          0    -202         1935.51      13311.9      1.00000      77.0141
      6          3    -202         20463.9     0.927704     0.999957      360.122
      0          0       0         1.94911  5.38095e-05  8.89171e-06      542.952
      2          2    -410         5795.02      517626.      1.00000      1207.45
      7          2    -410         2031.34  3.81848e-02     0.999918      1159.13
      8          1    -410         2145.98  3.74405e-03     0.166728      1175.67
      3          3    -410         466.013  2.49592e-03     0.124812      1079.98
      9          3    -410         1234.57  4.55349e-04  2.76968e-02      1152.57
      1          1    -410         2681.13      2.95441      5.10051      1325.12
      5          0    -410         3336.44  4.34606e-03  1.80216e-02      1197.41

MULTISTART: Best locally optimal solution is returned.
EXIT: Locally optimal solution found.

Final Statistics
----------------
Final objective value               =   1.94911450441628e+00
Final feasibility error (abs / rel) =   5.38e-05 / 2.94e-06
Final optimality error  (abs / rel) =   8.89e-06 / 8.89e-06
# of iterations                     =      77543 
# of CG iterations                  =          0 
# of function evaluations           =      92185
# of gradient evaluations           =      77833
# of Hessian evaluations            =      77603
Total program time (secs)           =    2593.55713 (  9227.633 CPU time)

===============================================================================

Knitro 14.2.0: Locally optimal or satisfactory solution.
objective 1.949114504; feasibility error 5.38e-05
77543 iterations; 92185 function evaluations

suffix feaserror OUT;
suffix opterror OUT;
suffix numfcevals OUT;
suffix numiters OUT;
---------------------------- Container and geometric considerations  ----------------------------
Container type: cube
Structural conservation type: surface
---------------------------- Solution execution data ----------------------------
solve_result_num = 0
solve_result = solved

---------------------------- Solution data ----------------------------
card(figures) = 50

coords [*,*,1]
:       1         2         3         4       :=
1    20.3467   20.3561   20.9746   19.9246
2    20.7277   20.2558   19.6913   19.8
3    19.0928   19.0254   19.0254   19.7706
4    19.8039   19.0254   19.0254   19.0254
5    19.7611   19.6415   20.2674   20.6528
6    19.6047   19.893    19.0534   20.2221
7    20.1891   20.4185   19.567    19.8882
8    20.9746   20.3902   19.9398   20.9746
9    20.9746   19.8      20.7275   20.1627
10   20.9746   20.9746   20.1333   20.8261
11   20.2325   19.4084   20.2171   20.0438
12   19.0254   19.6445   19.9456   19.0254
13   20.0455   20.4387   19.8596   19.283
14   19.3522   19.9595   20.1893   20.4362
15   19.0254   19.0254   19.9102   19.0254
16   20.9746   20.9746   20.9746   20.2036
17   19.8234   19.0254   19.1041   19.0254
18   19.8724   19.0254   19.0254   19.0254
19   20.9743   20.9746   20.9669   20.132
20   19.0601   19.4252   20.0378   20.1807
21   20.1194   19.6963   20.2402   19.132
22   19.6633   19.8358   19.0346   19.0254
23   20.9422   20.1554   20.126    20.9746
24   20.3911   19.6917   20.2283   20.8164
25   20.3467   20.9452   20.3535   20.9746
26   20.2209   19.1057   19.7696   19.4084
27   19.8604   19.874    19.2581   20.2376
28   20.9746   20.1333   20.9746   20.7055
29   20.9746   20.9746   20.9746   20.1658
30   20.9746   20.9746   20.2039   20.9746
31   20.0372   19.0254   19.0254   19.0254
32   20.4237   20.8732   20.1694   20.8173
33   20.4156   20.2996   19.6149   19.3856
34   20.0743   20.9746   20.8379   20.2039
35   20.3549   20.3467   19.9398   20.9746
36   19.9824   19.0318   19.0254   19.0254
37   19.8      19.8951   19.2524   19.0254
38   20.7281   20.3915   20.2312   19.5972
39   20.3467   20.3598   19.8209   19.9398
40   19.7247   19.0254   19.0254   19.0254
41   19.803    19.0254   19.882    19.3403
42   19.2473   20.0609   20.1787   19.4473
43   20.2078   20.9664   20.2171   20.2442
44   20.9746   19.866    20.1381   20.5095
45   19.2006   19.0254   19.9949   19.8077
46   20.0666   19.9924   19.736    19.2238
47   20.9746   20.954    20.307    20.9746
48   19.8811   20.2039   20.7142   20.9746
49   20.2596   20.9224   20.9746   20.9746
50   20.1406   19.382    19.3395   19.0254

 [*,*,2]
:       1         2         3         4       :=
1    20.6108   20.3665   19.7434   19.6571
2    20.9746   20.3601   20.9746   20.9746
3    19.0254   19.0254   19.7559   19.0254
4    20.0903   19.2376   19.4451   20.107
5    20.9746   20.4107   19.9187   20.9746
6    20.912    20.2334   20.0976   19.9131
7    19.9665   20.9746   20.973    20.2061
8    20.9746   20.3054   20.9746   20.9746
9    20.9746   20.9746   20.9739   20.2377
10   19.9695   19.0254   19.1417   19.7287
11   19.8239   19.0254   19.0254   19.0344
12   19.3086   19.9543   19.0445   19.0254
13   20.9746   20.9724   20.2227   20.9724
14   20.0499   19.7117   20.6739   19.9773
15   20.9746   20.2027   20.9358   20.9746
16   19.8874   19.0254   19.0254   19.0254
17   20.9746   20.9746   20.1878   20.2027
18   19.9201   19.4451   20.2177   20.107
19   20.587    19.8234   20.0836   19.7786
20   20.1183   19.2982   19.6873   19.9939
21   19.4956   19.0254   19.0254   19.1956
22   20.774    19.941    20.2059   20.107
23   20.0691   20.7697   19.7916   20.5871
24   20.1299   19.6132   19.4062   19.7856
25   20.6108   19.8283   20.3259   20.9746
26   19.8856   19.7384   19.0385   19.0254
27   19.0422   20.2234   19.5013   19.9227
28   19.9695   19.1417   19.0254   19.6844
29   19.91     20.9746   20.8181   20.2686
30   19.0254   19.8943   19.0254   19.0254
31   19.6828   19.0945   19.6861   20.2778
32   20.1969   19.7722   19.1722   19.8529
33   19.3832   20.2186   19.6348   19.4682
34   19.1868   19.0254   19.7346   19.0254
35   20.265    20.6108   20.9746   20.9746
36   20.1439   20.842    20.2747   19.6618
37   20.9746   20.7366   19.94     20.9746
38   19.8155   19.5092   19.026    19.4695
39   20.6108   20.2567   19.8253   20.9746
40   20.263    20.9746   20.1047   20.9734
41   20.142    20.9746   20.9746   20.9746
42   19.0529   19.7228   19.2605   19.4964
43   19.2793   19.8169   19.0254   20.2083
44   19.8649   20.2786   19.6186   20.7014
45   19.6991   20.8306   20.1597   20.6104
46   20.5824   19.7091   20.8642   19.8382
47   19.8868   19.8646   20.2553   20.9733
48   19.1579   19.0254   19.5488   19.0254
49   20.1559   20.9148   19.9787   20.9746
50   20.0771   19.4387   19.4297   20.1196

 [*,*,3]
:       1         2         3         4       :=
1    20.9746   20.2396   20.9213   20.4158
2    19.76     19.1468   19.9858   19.0254
3    19.2472   20.4285   19.6719   20.2171
4    20.6082   20.8668   19.9938   20.9746
5    20.1225   19.5444   19.9528   19.788
6    20.9746   20.3508   20.9746   20.9746
7    20.9746   20.9746   20.9746   20.2478
8    20.6293   19.954    20.0555   19.6673
9    19.0254   19.0254   19.7596   19.0254
10   19.977    20.0016   20.0609   20.8195
11   20.8374   20.9746   20.9746   19.9765
12   20.1352   20.4991   20.1477   20.8913
13   20.2497   20.9725   20.2636   20.9746
14   19.5357   19.0402   19.6893   20.0043
15   20.9746   20.0778   20.3601   20.013
16   20.8122   20.9746   20.0016   20.8992
17   20.461    20.9746   20.9746   20.0778
18   20.3258   19.9938   19.9373   20.9746
19   19.591    19.0254   20.1797   19.3987
20   19.5338   19.3051   19.0254   19.8927
21   19.6373   20.0845   19.0337   19.0585
22   20.8477   20.2334   20.0218   20.9746
23   20.1846   19.6459   19.3742   19.5912
24   20.3841   19.6046   20.1609   19.335
25   20.9746   20.9746   20.1002   20.6824
26   20.9746   20.9746   20.2894   20.9746
27   20.28     20.3486   20.7524   20.9746
28   19.977    20.0609   20.0016   19.1788
29   19.0254   19.0254   19.7841   19.1177
30   20.0016   19.3301   19.1038   19.0254
31   19.0254   19.0254   19.5254   19.0254
32   20.3719   20.8385   20.1004   19.6593
33   20.3585   20.2928   19.5245   20.2536
34   20.1087   20.0016   20.8276   20.8989
35   19.9133   20.9746   20.0555   20.6293
36   19.7984   19.8943   19.367    19.9779
37   19.0254   19.7917   19.1981   19.0254
38   19.0254   19.9374   19.0254   19.0614
39   20.9746   19.9116   20.2629   20.0555
40   19.6617   19.0254   19.2098   20.0131
41   19.6932   20.013    20.3572   19.3053
42   19.4878   19.1045   20.1872   20.0905
43   20.2428   20.9746   20.9746   20.9746
44   19.0254   19.0254   19.326    19.6252
45   19.9486   19.8961   19.7954   20.397
46   19.6668   19.0254   19.0254   19.2983
47   20.2006   20.9746   20.0642   20.6692
48   20.1039   19.1038   19.3602   20.0016
49   20.0004   20.6208   20.2402   19.699
50   19.9148   19.3515   20.2307   19.5216
;

side = 1.94911
softness = 0.4

---------------------------- Solution coords data ----------------------------
distances [*,1,*]
:    1   2   3   4    :=
1    0   1   0   1
2    0   1   0   1
3    0   1   0   1
4    0   1   0   1
5    0   1   0   1
6    0   1   0   1
7    0   1   0   1
8    0   1   0   1
9    0   1   0   1
10   0   1   0   1
11   0   1   0   1
12   0   1   0   1
13   0   1   0   1
14   0   1   0   1
15   0   1   0   1
16   0   1   0   1
17   0   1   0   1
18   0   1   0   1
19   0   1   0   1
20   0   1   0   1
21   0   1   0   1
22   0   1   0   1
23   0   1   0   1
24   0   1   0   1
25   0   1   0   1
26   0   1   0   1
27   0   1   0   1
28   0   1   0   1
29   0   1   0   1
30   0   1   0   1
31   0   1   0   1
32   0   1   0   1
33   0   1   0   1
34   0   1   0   1
35   0   1   0   1
36   0   1   0   1
37   0   1   0   1
38   0   1   0   1
39   0   1   0   1
40   0   1   0   1
41   0   1   0   1
42   0   1   0   1
43   0   1   0   1
44   0   1   0   1
45   0   1   0   1
46   0   1   0   1
47   0   1   0   1
48   0   1   0   1
49   0   1   0   1
50   0   1   0   1

 [*,2,*]
:    1   2   3   4    :=
1    0   0   1   1
2    0   0   1   1
3    0   0   1   1
4    0   0   1   1
5    0   0   1   1
6    0   0   1   1
7    0   0   1   1
8    0   0   1   1
9    0   0   1   1
10   0   0   1   1
11   0   0   1   1
12   0   0   1   1
13   0   0   1   1
14   0   0   1   1
15   0   0   1   1
16   0   0   1   1
17   0   0   1   1
18   0   0   1   1
19   0   0   1   1
20   0   0   1   1
21   0   0   1   1
22   0   0   1   1
23   0   0   1   1
24   0   0   1   1
25   0   0   1   1
26   0   0   1   1
27   0   0   1   1
28   0   0   1   1
29   0   0   1   1
30   0   0   1   1
31   0   0   1   1
32   0   0   1   1
33   0   0   1   1
34   0   0   1   1
35   0   0   1   1
36   0   0   1   1
37   0   0   1   1
38   0   0   1   1
39   0   0   1   1
40   0   0   1   1
41   0   0   1   1
42   0   0   1   1
43   0   0   1   1
44   0   0   1   1
45   0   0   1   1
46   0   0   1   1
47   0   0   1   1
48   0   0   1   1
49   0   0   1   1
50   0   0   1   1

 [*,3,*]
:    1   2   3   4    :=
1    1   0   0   1
2    1   0   0   1
3    1   0   0   1
4    1   0   0   1
5    1   0   0   1
6    1   0   0   1
7    1   0   0   1
8    1   0   0   1
9    1   0   0   1
10   1   0   0   1
11   1   0   0   1
12   1   0   0   1
13   1   0   0   1
14   1   0   0   1
15   1   0   0   1
16   1   0   0   1
17   1   0   0   1
18   1   0   0   1
19   1   0   0   1
20   1   0   0   1
21   1   0   0   1
22   1   0   0   1
23   1   0   0   1
24   1   0   0   1
25   1   0   0   1
26   1   0   0   1
27   1   0   0   1
28   1   0   0   1
29   1   0   0   1
30   1   0   0   1
31   1   0   0   1
32   1   0   0   1
33   1   0   0   1
34   1   0   0   1
35   1   0   0   1
36   1   0   0   1
37   1   0   0   1
38   1   0   0   1
39   1   0   0   1
40   1   0   0   1
41   1   0   0   1
42   1   0   0   1
43   1   0   0   1
44   1   0   0   1
45   1   0   0   1
46   1   0   0   1
47   1   0   0   1
48   1   0   0   1
49   1   0   0   1
50   1   0   0   1

 [*,4,*]
:    1   2   3   4    :=
1    1   1   1   0
2    1   1   1   0
3    1   1   1   0
4    1   1   1   0
5    1   1   1   0
6    1   1   1   0
7    1   1   1   0
8    1   1   1   0
9    1   1   1   0
10   1   1   1   0
11   1   1   1   0
12   1   1   1   0
13   1   1   1   0
14   1   1   1   0
15   1   1   1   0
16   1   1   1   0
17   1   1   1   0
18   1   1   1   0
19   1   1   1   0
20   1   1   1   0
21   1   1   1   0
22   1   1   1   0
23   1   1   1   0
24   1   1   1   0
25   1   1   1   0
26   1   1   1   0
27   1   1   1   0
28   1   1   1   0
29   1   1   1   0
30   1   1   1   0
31   1   1   1   0
32   1   1   1   0
33   1   1   1   0
34   1   1   1   0
35   1   1   1   0
36   1   1   1   0
37   1   1   1   0
38   1   1   1   0
39   1   1   1   0
40   1   1   1   0
41   1   1   1   0
42   1   1   1   0
43   1   1   1   0
44   1   1   1   0
45   1   1   1   0
46   1   1   1   0
47   1   1   1   0
48   1   1   1   0
49   1   1   1   0
50   1   1   1   0
;

---------------------------- Solution stats data ----------------------------
_ampl_time = 0.106606
_total_solve_time = 9227.92
_ampl_elapsed_time = 0.102155
_ampl_user_time = 0.08298

Total time elapsed: $9227.92.
_total_solve_time = 9227.92

---------------------------- Solution miscs data ----------------------------
tetrahedron_volume [*] :=
 1 0    6 0   11 0   16 0   21 0   26 0   31 0   36 0   41 0   46 0
 2 0    7 0   12 0   17 0   22 0   27 0   32 0   37 0   42 0   47 0
 3 0    8 0   13 0   18 0   23 0   28 0   33 0   38 0   43 0   48 0
 4 0    9 0   14 0   19 0   24 0   29 0   34 0   39 0   44 0   49 0
 5 0   10 0   15 0   20 0   25 0   30 0   35 0   40 0   45 0   50 0
;

---------------------------- Solution miscs data ----------------------------
tetrahedron_surface_area [*] :=
 1 1.73205   10 1.73205   19 1.73205   28 1.73205   37 1.73205   46 1.73205
 2 1.73205   11 1.73205   20 1.73205   29 1.73205   38 1.73205   47 1.73205
 3 1.73205   12 1.73205   21 1.73205   30 1.73205   39 1.73205   48 1.73205
 4 1.73205   13 1.73205   22 1.73205   31 1.73205   40 1.73205   49 1.73205
 5 1.73205   14 1.73205   23 1.73205   32 1.73205   41 1.73205   50 1.73205
 6 1.73205   15 1.73205   24 1.73205   33 1.73205   42 1.73205
 7 1.73205   16 1.73205   25 1.73205   34 1.73205   43 1.73205
 8 1.73205   17 1.73205   26 1.73205   35 1.73205   44 1.73205
 9 1.73205   18 1.73205   27 1.73205   36 1.73205   45 1.73205
;

