Error at _cmdno 5 executing "solve" command
(file amplin, line 1977, offset 37909):
error processing param distances:
	4000 invalid subscripts discarded:
	distances[51,1,1]
	distances[51,1,2]
	distances[51,1,3]
	and 3997 more.
##### This license is only intended for use by NEOS. #####
##### License is valid until Jan 16, 2026 #####
riables.
Adjusted problem:
6726 variables:
	4275 nonlinear variables
	2451 linear variables
14100 constraints; 81325 nonzeros
	11675 nonlinear constraints
	2425 linear constraints
	1275 equality constraints
	12825 inequality constraints
1 linear objective; 1 nonzero.

Artelys Knitro 14.2.0: threads=4
algorithm=1
ms_enable=1
ms_maxsolves=10
feastol=1e-5
opttol=1e-5
honorbnds=1
bar_initpt=3
bar_murule=4
scale=1
outlev=2
maxtime_real=1200
WARNING:  Option 'threads' is deprecated, please use 'numthreads'.

=======================================
           Academic License
       (NOT FOR COMMERCIAL USE)
         Artelys Knitro 14.2.0
=======================================

No start point provided -- Knitro computing one.

Knitro presolve eliminated 0 variables and 0 constraints.

algorithm                1
bar_initpt               3
bar_murule               4
concurrent_evals         0
datacheck                0
feastol                  1e-05
findiff_numthreads       1
hessian_no_f             1
hessopt                  1
honorbnds                1
maxtime_real             1200
ms_enable                1
ms_maxsolves             10
numthreads               4
opttol                   1e-05

Problem Characteristics                                 (   Presolved)
-----------------------
Objective goal:  Minimize
Objective type:  linear
Number of variables:                               6726 (        6726)
    bounded below only:                             601 (         601)
    bounded above only:                               0 (           0)
    bounded below and above:                          0 (           0)
    fixed:                                            0 (           0)
    free:                                          6125 (        6125)
Number of constraints:                            14100 (       14100)
    linear equalities:                                0 (           0)
    quadratic equalities:                          1225 (        1225)
    gen. nonlinear equalities:                       50 (          50)
    linear one-sided inequalities:                 2425 (        2425)
    quadratic one-sided inequalities:             10400 (       10400)
    gen. nonlinear one-sided inequalities:            0 (           0)
    linear two-sided inequalities:                    0 (           0)
    quadratic two-sided inequalities:                 0 (           0)
    gen. nonlinear two-sided inequalities:            0 (           0)
Number of nonzeros in Jacobian:                   81325 (       81325)
Number of nonzeros in Hessian:                    36975 (       36975)

Knitro parallel multistart will run with 4 threads.

Return codes description
------------------------
  0:  The final solution satisfies the termination conditions for verifying optimality.
  -100 to -199:  A feasible approximate solution was found.
  -200 to -299:  Knitro terminated at an infeasible point.
  -300 to -301:  The problem was determined to be unbounded.
  -400 to -499:  Knitro terminated because it reached a pre-defined limit.
    -400 to -409:  A feasible point was found.
    -410 to -419:  No feasible point was found.
  -500 to -599:  Knitro terminated with an input error or some non-standard error.
A more detailed description of individual return codes and their corresponding
termination messages is provided at
https://www.artelys.com/app/docs/knitro/3_referenceManual/returnCodes.html

 Solve #  ThreadID  Status     Objective      FeasError    OptError    Real Time 
--------  --------  ------  --------------   ----------   ----------  ----------
      6          0    -202         524.116      18649.7     0.999934      235.710
      2          1    -202         3264.64      55587.9      53.4128      342.856
      8          3    -202         1813.03      31579.0      23.8208      308.661
      5          0    -202         16816.6      4.92384      1.00000      1092.37
      0          0       0         2.11223  1.16200e-04  6.89871e-06      1434.22
      1          3    -410         327.832  1.38716e-03  2.59124e-02      3532.71
      4          1    -410         601.855  9.43010e-02     0.585781      3563.83
      7          0    -410         997.055  1.25244e-02      8.71460      3263.47
      9          3    -410         9241.56  5.77960e-02      22.9070      3100.13
      3          2    -410         6994.91  8.31929e-02      1.20965      4372.25

MULTISTART: Best locally optimal solution is returned.
EXIT: Locally optimal solution found.

Final Statistics
----------------
Final objective value               =   2.11223247414924e+00
Final feasibility error (abs / rel) =   1.16e-04 / 6.36e-06
Final optimality error  (abs / rel) =   6.90e-06 / 6.90e-06
# of iterations                     =      59093 
# of CG iterations                  =          0 
# of function evaluations           =      79695
# of gradient evaluations           =      59353
# of Hessian evaluations            =      59145
Total program time (secs)           =    6942.96289 ( 15600.462 CPU time)

===============================================================================

Knitro 14.2.0: Locally optimal or satisfactory solution.
objective 2.112232474; feasibility error 0.000116
59093 iterations; 79695 function evaluations

suffix feaserror OUT;
suffix opterror OUT;
suffix numfcevals OUT;
suffix numiters OUT;
---------------------------- Container and geometric considerations  ----------------------------
Container type: cube
Structural conservation type: volume & surface
---------------------------- Solution execution data ----------------------------
solve_result_num = 0
solve_result = solved

---------------------------- Solution data ----------------------------
card(figures) = 50

coords [*,*,1]
:       1         2         3         4       :=
1    19.5072   19.5338   19.8391   20.3456
2    20.3283   20.7701   20.2339   19.6977
3    19.2146   18.9797   19.7876   19.8054
4    19.7491   19.0414   18.9439   18.9439
5    19.8708   20.2776   20.2238   20.8616
6    20.5185   19.9958   19.8074   20.7808
7    20.2842   21.0561   21.0561   21.0561
8    21.0561   20.3135   21.0561   21.0561
9    21.0165   19.9556   20.2486   20.4272
10   19.8077   18.9439   18.9439   18.9439
11   19.7106   19.8051   19.1298   20.2021
12   19.604    19.8443   18.9544   19.4738
13   19.227    19.98     20.1681   19.5564
14   21.0561   20.2814   21.0561   21.0561
15   18.9439   18.9538   19.7136   18.9439
16   21.0561   20.6354   20.0726   20.4602
17   20.1697   19.1671   19.7762   19.971
18   19.2194   18.9439   18.9958   19.8594
19   19.8284   19.8055   20.0647   20.672
20   19.1494   20.0639   19.4416   19.8127
21   19.8631   19.1727   18.9439   19.2006
22   19.6054   19.7188   18.9573   18.9439
23   20.9468   21.0561   20.1153   20.8661
24   20.0372   20.9694   20.482    19.9744
25   21.0377   20.2246   21.0561   21.0561
26   19.7745   18.9439   19.4037   18.9492
27   18.9439   18.9439   18.9613   19.7721
28   19.8132   20.2022   19.7124   20.6882
29   20.9934   20.2613   20.7345   20.0074
30   21.0561   20.8446   20.2386   21.0561
31   19.823    18.9439   19.4911   19.5071
32   20.2021   20.7428   20.0841   20.9148
33   20.2445   19.303    19.2921   19.8631
34   19.7578   19.781    19.6664   20.514
35   20.1699   20.497    19.5585   19.9804
36   19.7124   19.4074   18.9439   18.9439
37   18.9439   19.0403   19.8117   18.9439
38   20.0728   20.6586   20.7163   19.8151
39   19.5163   20.4103   19.8725   20.2347
40   19.7071   18.9502   18.9439   19.6554
41   19.4164   18.9439   19.8852   19.7124
42   20.2593   19.821    20.0041   20.7307
43   21.0561   21.0561   20.9651   20.1888
44   20.1656   19.186    19.9953   19.7626
45   18.9439   19.8119   19.7459   19.6115
46   20.2339   20.1837   19.6845   19.5351
47   20.5285   20.2316   21.0561   21.004
48   20.0095   20.5001   21.0348   20.7927
49   20.8885   21.0561   20.1834   20.3125
50   20.186    19.8922   20.9084   20.0406

 [*,*,2]
:       1         2         3         4       :=
1    20.7376   20.0831   19.7179   20.4466
2    20.1965   21.0561   21.0561   21.0561
3    19.7562   18.9675   19.6721   19.0373
4    21.0556   20.253    21.0561   21.0561
5    20.2294   20.8843   20.0514   20.0275
6    20.1585   19.8183   19.5702   19.2987
7    19.955    19.3478   20.4075   19.8675
8    21.0561   20.9511   20.1873   21.0561
9    21.0561   21.0561   20.9482   20.2661
10   19.3881   19.9224   19.6689   18.9439
11   19.7239   19.0472   18.9439   18.9439
12   20.3822   19.3397   19.7385   19.7348
13   20.4243   21.0561   20.2993   21.0561
14   20.8147   20.2786   20.5131   19.9044
15   21.0008   20.1475   20.424    19.9612
16   20.2817   20.5242   20.0563   21.0561
17   20.2991   20.4323   20.0199   21.034
18   19.7882   18.9439   18.9926   18.9439
19   19.1892   20.1662   19.53     19.8513
20   19.8581   19.3796   19.0505   19.8945
21   18.9439   19.7072   18.9439   18.9439
22   21.0561   20.407    20.2018   21.0561
23   19.9389   20.5131   20.3069   19.6109
24   18.9439   18.9439   19.712    18.9439
25   19.0076   19.5842   19.9671   19.7831
26   19.6656   20.0451   20.2473   19.4603
27   19.4598   20.0451   18.9728   19.6622
28   18.9439   18.9439   19.7086   19.4324
29   19.9215   20.4176   19.7452   19.5359
30   18.996    19.7776   18.9439   18.9439
31   19.7674   20.0451   20.7871   20.1542
32   19.3683   19.577    20.1199   20.0556
33   19.3553   18.9439   19.6833   18.9439
34   19.9555   18.9439   19.7034   19.482
35   20.2921   21.0561   21.0523   21.0561
36   21.056    20.2511   21.0561   20.5499
37   20.3856   19.8494   19.8915   19.3132
38   19.5215   19.8408   18.9439   19.1787
39   20.1145   20.3298   21.0561   20.5475
40   19.9009   19.8417   20.5247   20.4355
41   20.2748   21.0561   21.0561   21.0561
42   20.4162   20.1606   19.534    19.7606
43   18.9439   18.9439   19.6883   18.9546
44   20.4013   19.9681   19.3957   19.9052
45   20.5075   19.8918   20.9622   20.4456
46   21.0561   20.2321   21.0561   20.4702
47   20.1496   20.6813   20.0074   21.0229
48   19.0964   19.718    18.9439   19.695
49   21.0561   20.7867   21.0561   20.2525
50   19.3801   20.2561   20.0565   20.1232

 [*,*,3]
:       1         2         3         4       :=
1    21.0561   20.2071   21.0561   20.8062
2    19.0597   18.9439   19.6939   18.9439
3    20.2115   20.8991   20.9289   20.2184
4    20.607    20.5361   19.9837   21.0561
5    19.9012   20.5063   20.898    20.2327
6    21.0561   20.1837   21.0561   20.6973
7    20.6256   21.0561   20.8918   20.1181
8    21.0561   20.5199   20.4275   19.9837
9    19.8748   19.7182   20.5857   19.7776
10   19.9402   20.2842   19.3702   19.9397
11   21.0561   20.2295   21.0561   21.0561
12   19.7583   19.8328   19.6406   20.5788
13   20.471    20.071    20.6057   21.0561
14   19.973    19.4608   18.9439   19.8268
15   19.8959   20.5454   19.841    19.6328
16   21.0561   20.2724   21.0561   21.0561
17   20.6059   20.4624   19.7966   20.0859
18   20.1873   19.9397   20.8706   20.2368
19   18.9439   18.9439   19.7673   18.9439
20   19.586    19.7528   18.9439   18.9467
21   19.1418   19.4429   18.9439   19.9851
22   20.4955   19.8507   20.5014   19.8534
23   19.8017   18.9439   19.2332   18.9439
24   19.3911   19.9211   19.7712   20.3211
25   19.9714   19.5759   20.1344   19.231
26   20.9296   21.0561   20.1086   20.2765
27   20.2735   21.0561   21.0561   20.924
28   20.1263   21.0561   20.7924   20.4436
29   19.9724   19.7117   19.0418   19.8017
30   19.979    19.2759   19.5056   18.9439
31   21.0561   21.0561   21.0561   20.1906
32   19.9659   20.8681   20.5198   19.924
33   19.8734   20.0562   19.5057   19.1418
34   19.9113   20.0451   20.7934   20.5062
35   20.6108   21.0099   21.0561   20.0702
36   19.1055   19.7451   19.8534   18.9439
37   18.9439   19.6877   18.9439   18.9439
38   19.7834   18.9439   19.1492   18.9439
39   19.6636   20.2154   20.0331   19.2416
40   19.0214   19.7788   18.9734   19.7708
41   19.7262   19.8534   20.1069   19.1055
42   19.7136   18.9439   19.7947   19.0494
43   19.9837   21.0561   20.5199   20.6144
44   19.6304   19.6826   19.8624   18.9659
45   18.9439   18.9439   18.9439   19.7293
46   19.6939   19.0094   18.9439   19.8295
47   19.576    20.3475   20.3186   19.9777
48   20.2342   19.7621   19.9597   20.6564
49   18.9439   19.8771   19.7518   19.3188
50   19.8762   19.6508   19.9289   20.5509
;

side = 2.11223
softness = 0.15

---------------------------- Solution coords data ----------------------------
distances [*,1,*]
:    1   2   3   4    :=
1    0   1   0   1
2    0   1   0   1
3    0   1   0   1
4    0   1   0   1
5    0   1   0   1
6    0   1   0   1
7    0   1   0   1
8    0   1   0   1
9    0   1   0   1
10   0   1   0   1
11   0   1   0   1
12   0   1   0   1
13   0   1   0   1
14   0   1   0   1
15   0   1   0   1
16   0   1   0   1
17   0   1   0   1
18   0   1   0   1
19   0   1   0   1
20   0   1   0   1
21   0   1   0   1
22   0   1   0   1
23   0   1   0   1
24   0   1   0   1
25   0   1   0   1
26   0   1   0   1
27   0   1   0   1
28   0   1   0   1
29   0   1   0   1
30   0   1   0   1
31   0   1   0   1
32   0   1   0   1
33   0   1   0   1
34   0   1   0   1
35   0   1   0   1
36   0   1   0   1
37   0   1   0   1
38   0   1   0   1
39   0   1   0   1
40   0   1   0   1
41   0   1   0   1
42   0   1   0   1
43   0   1   0   1
44   0   1   0   1
45   0   1   0   1
46   0   1   0   1
47   0   1   0   1
48   0   1   0   1
49   0   1   0   1
50   0   1   0   1

 [*,2,*]
:    1   2   3   4    :=
1    0   0   1   1
2    0   0   1   1
3    0   0   1   1
4    0   0   1   1
5    0   0   1   1
6    0   0   1   1
7    0   0   1   1
8    0   0   1   1
9    0   0   1   1
10   0   0   1   1
11   0   0   1   1
12   0   0   1   1
13   0   0   1   1
14   0   0   1   1
15   0   0   1   1
16   0   0   1   1
17   0   0   1   1
18   0   0   1   1
19   0   0   1   1
20   0   0   1   1
21   0   0   1   1
22   0   0   1   1
23   0   0   1   1
24   0   0   1   1
25   0   0   1   1
26   0   0   1   1
27   0   0   1   1
28   0   0   1   1
29   0   0   1   1
30   0   0   1   1
31   0   0   1   1
32   0   0   1   1
33   0   0   1   1
34   0   0   1   1
35   0   0   1   1
36   0   0   1   1
37   0   0   1   1
38   0   0   1   1
39   0   0   1   1
40   0   0   1   1
41   0   0   1   1
42   0   0   1   1
43   0   0   1   1
44   0   0   1   1
45   0   0   1   1
46   0   0   1   1
47   0   0   1   1
48   0   0   1   1
49   0   0   1   1
50   0   0   1   1

 [*,3,*]
:    1   2   3   4    :=
1    1   0   0   1
2    1   0   0   1
3    1   0   0   1
4    1   0   0   1
5    1   0   0   1
6    1   0   0   1
7    1   0   0   1
8    1   0   0   1
9    1   0   0   1
10   1   0   0   1
11   1   0   0   1
12   1   0   0   1
13   1   0   0   1
14   1   0   0   1
15   1   0   0   1
16   1   0   0   1
17   1   0   0   1
18   1   0   0   1
19   1   0   0   1
20   1   0   0   1
21   1   0   0   1
22   1   0   0   1
23   1   0   0   1
24   1   0   0   1
25   1   0   0   1
26   1   0   0   1
27   1   0   0   1
28   1   0   0   1
29   1   0   0   1
30   1   0   0   1
31   1   0   0   1
32   1   0   0   1
33   1   0   0   1
34   1   0   0   1
35   1   0   0   1
36   1   0   0   1
37   1   0   0   1
38   1   0   0   1
39   1   0   0   1
40   1   0   0   1
41   1   0   0   1
42   1   0   0   1
43   1   0   0   1
44   1   0   0   1
45   1   0   0   1
46   1   0   0   1
47   1   0   0   1
48   1   0   0   1
49   1   0   0   1
50   1   0   0   1

 [*,4,*]
:    1   2   3   4    :=
1    1   1   1   0
2    1   1   1   0
3    1   1   1   0
4    1   1   1   0
5    1   1   1   0
6    1   1   1   0
7    1   1   1   0
8    1   1   1   0
9    1   1   1   0
10   1   1   1   0
11   1   1   1   0
12   1   1   1   0
13   1   1   1   0
14   1   1   1   0
15   1   1   1   0
16   1   1   1   0
17   1   1   1   0
18   1   1   1   0
19   1   1   1   0
20   1   1   1   0
21   1   1   1   0
22   1   1   1   0
23   1   1   1   0
24   1   1   1   0
25   1   1   1   0
26   1   1   1   0
27   1   1   1   0
28   1   1   1   0
29   1   1   1   0
30   1   1   1   0
31   1   1   1   0
32   1   1   1   0
33   1   1   1   0
34   1   1   1   0
35   1   1   1   0
36   1   1   1   0
37   1   1   1   0
38   1   1   1   0
39   1   1   1   0
40   1   1   1   0
41   1   1   1   0
42   1   1   1   0
43   1   1   1   0
44   1   1   1   0
45   1   1   1   0
46   1   1   1   0
47   1   1   1   0
48   1   1   1   0
49   1   1   1   0
50   1   1   1   0
;

---------------------------- Solution stats data ----------------------------
_ampl_time = 0.15745
_total_solve_time = 15600.8
_ampl_elapsed_time = 0.252871
_ampl_user_time = 0.141503

Total time elapsed: $15600.81.
_total_solve_time = 15600.8

---------------------------- Solution miscs data ----------------------------
tetrahedron_volume [*] :=
 1 0    6 0   11 0   16 0   21 0   26 0   31 0   36 0   41 0   46 0
 2 0    7 0   12 0   17 0   22 0   27 0   32 0   37 0   42 0   47 0
 3 0    8 0   13 0   18 0   23 0   28 0   33 0   38 0   43 0   48 0
 4 0    9 0   14 0   19 0   24 0   29 0   34 0   39 0   44 0   49 0
 5 0   10 0   15 0   20 0   25 0   30 0   35 0   40 0   45 0   50 0
;

---------------------------- Solution miscs data ----------------------------
tetrahedron_surface_area [*] :=
 1 1.73205   10 1.73205   19 1.73205   28 1.73205   37 1.73205   46 1.73205
 2 1.73205   11 1.73205   20 1.73205   29 1.73205   38 1.73205   47 1.73205
 3 1.73205   12 1.73205   21 1.73205   30 1.73205   39 1.73205   48 1.73205
 4 1.73205   13 1.73205   22 1.73205   31 1.73205   40 1.73205   49 1.73205
 5 1.73205   14 1.73205   23 1.73205   32 1.73205   41 1.73205   50 1.73205
 6 1.73205   15 1.73205   24 1.73205   33 1.73205   42 1.73205
 7 1.73205   16 1.73205   25 1.73205   34 1.73205   43 1.73205
 8 1.73205   17 1.73205   26 1.73205   35 1.73205   44 1.73205
 9 1.73205   18 1.73205   27 1.73205   36 1.73205   45 1.73205
;

