Error at _cmdno 5 executing "solve" command
(file amplin, line 1936, offset 37363):
error processing param distances:
	4624 invalid subscripts discarded:
	distances[12,1,1]
	distances[12,1,2]
	distances[12
Presolve eliminates 11 constraints and 341 variables.
Adjusted problem:
408 variables:
	298 nonlinear variables
	110 linear variables
737 constraints; 4455 nonzeros
	682 nonlinear constraints
	55 linear constraints
	66 equality constraints
	671 inequality constraints
1 linear objective; 1 nonzero.

BARON 24.5.8 (2024.05.08): maxtime=-1
threads=2
deltat=1200
deltaa=1e-6
deltar=1e-6
deltaterm=1
epsr=1e-6
epsa=1e-6
nlpsol=8
lsolver=knitro
barstats 
outlev=1
prtime=30
===========================================================================
 BARON version 24.12.21. Built: LNX-64 Sat Dec 21 23:17:18 EST 2024
 Running on machine prod-exec-6.neos-server.org

 BARON is a product of The Optimization Firm.
 For information on BARON, see https://minlp.com/about-baron

 If you publish work using this software, please cite publications from
 https://minlp.com/baron-publications, such as: 

 Zhang, Y. and N. V. Sahinidis, Solving continuous and discrete
 nonlinear programs with BARON, Comput Optim Appl (2024). 
 https://doi.org/10.1007/s10589-024-00633-0
===========================================================================
 This BARON run may utilize the following subsolver(s)
 For LP/MIP/QP: CLP/CBC                                         
 For NLP: External NLP solver                             
===========================================================================
 Doing local search
 Solving bounding LP
 Starting multi-start local search
 Done with local search
===========================================================================
  Iteration       Time (s)     Mem   Lower bound     Upper bound   Progress
          1           0.88    21MB     0.00000        0.100000E+52    NA
         62          31.85    21MB     0.00000        0.100000E+52    NA
        124          62.21    21MB     0.00000        0.100000E+52    NA
        191          92.45    21MB     0.00000        0.100000E+52    NA
        253         122.48    21MB     0.00000        0.100000E+52    NA
        318         152.68    31MB     0.00000        0.100000E+52    NA
        383         183.00    31MB     0.00000        0.100000E+52    NA
        446         213.44    31MB     0.00000        0.100000E+52    NA
        515         243.52    31MB     0.00000        0.100000E+52    NA
        577         273.61    31MB     0.00000        0.100000E+52    NA
        637         303.73    41MB     0.00000        0.100000E+52    NA
        697         333.77    41MB     0.00000        0.100000E+52    NA
        751         364.43    41MB     0.00000        0.100000E+52    NA
        808         394.84    41MB     0.00000        0.100000E+52    NA
        864         424.86    41MB     0.00000        0.100000E+52    NA
        919         455.28    41MB     0.00000        0.100000E+52    NA
        966         486.06    51MB     0.00000        0.100000E+52    NA
       1020         516.54    51MB     0.00000        0.100000E+52    NA
       1070         546.64    51MB     0.00000        0.100000E+52    NA
       1111         576.66    51MB     0.00000        0.100000E+52    NA
       1161         606.66    51MB     0.00000        0.100000E+52    NA
       1206         637.13    51MB     0.00000        0.100000E+52    NA
       1249         667.51    60MB     0.00000        0.100000E+52    NA
       1308         697.86    60MB     0.00000        0.100000E+52    NA
       1358         728.41    60MB     0.00000        0.100000E+52    NA
       1403         758.61    60MB     0.00000        0.100000E+52    NA
       1449         788.75    60MB     0.00000        0.100000E+52    NA
       1496         819.34    60MB     0.00000        0.100000E+52    NA
       1544         849.70    60MB     0.00000        0.100000E+52    NA
       1582         880.09    70MB     0.00000        0.100000E+52    NA
       1634         910.29    70MB     0.00000        0.100000E+52    NA
       1679         940.30    70MB     0.00000        0.100000E+52    NA
       1738         970.73    70MB     0.00000        0.100000E+52    NA
       1786        1000.87    70MB     0.00000        0.100000E+52    NA
       1835        1031.16    70MB     0.00000        0.100000E+52    NA
       1874        1061.77    80MB     0.00000        0.100000E+52    NA
       1937        1092.09    80MB     0.00000        0.100000E+52    NA
       1991        1123.13    80MB     0.00000        0.100000E+52    NA
       2041        1153.14    80MB     0.00000        0.100000E+52    NA
       2083        1183.76    80MB     0.00000        0.100000E+52    NA
       2130        1214.01    80MB     0.00000        0.100000E+52    NA
       2186        1244.15    90MB     0.00000        0.100000E+52    NA
       2246        1274.78    90MB     0.00000        0.100000E+52    NA
       2284        1304.88    90MB     0.00000        0.100000E+52    NA
       2332        1335.97    90MB     0.00000        0.100000E+52    NA
       2381        1366.05    90MB     0.00000        0.100000E+52    NA
       2441        1396.33    90MB     0.00000        0.100000E+52    NA
       2480        1426.52    90MB     0.00000        0.100000E+52    NA
       2525        1456.53    99MB     0.00000        0.100000E+52    NA
       2576        1487.04    99MB     0.00000        0.100000E+52    NA
       2618        1517.27    99MB     0.00000        0.100000E+52    NA
       2664        1547.57    99MB     0.00000        0.100000E+52    NA
       2718        1578.67    99MB     0.00000        0.100000E+52    NA
       2763        1608.73    99MB     0.00000        0.100000E+52    NA
       2804        1639.13   109MB     0.00000        0.100000E+52    NA
       2865        1669.65   109MB     0.00000        0.100000E+52    NA
       2927        1700.76   109MB     0.00000        0.100000E+52    NA
       2957        1731.16   109MB     0.00000        0.100000E+52    NA
       3008        1761.85   109MB     0.00000        0.100000E+52    NA
       3054        1791.94   109MB     0.00000        0.100000E+52    NA
       3091        1822.33   109MB     0.00000        0.100000E+52    NA
       3143        1852.70   119MB     0.00000        0.100000E+52    NA
       3190        1883.22   119MB     0.00000        0.100000E+52    NA
       3230        1913.49   119MB     0.00000        0.100000E+52    NA
       3277        1943.71   119MB     0.00000        0.100000E+52    NA
       3325        1973.75   119MB     0.00000        0.100000E+52    NA
       3361        2003.98   119MB     0.00000        0.100000E+52    NA
       3408        2034.41   119MB     0.00000        0.100000E+52    NA
       3455        2064.92   129MB     0.00000        0.100000E+52    NA
       3516        2095.22   129MB     0.00000        0.100000E+52    NA
       3552        2125.58   129MB     0.00000        0.100000E+52    NA
       3610        2155.65   129MB     0.00000        0.100000E+52    NA
       3666        2186.52   129MB     0.00000        0.100000E+52    NA
       3709        2217.03   129MB     0.00000        0.100000E+52    NA
       3751        2247.92   138MB     0.00000        0.100000E+52    NA
       3810        2278.00   138MB     0.00000        0.100000E+52    NA
       3845        2308.53   138MB     0.00000        0.100000E+52    NA
       3894        2338.79   138MB     0.00000        0.100000E+52    NA
       3940        2368.80   138MB     0.00000        0.100000E+52    NA
       3977        2399.20   138MB     0.00000        0.100000E+52    NA
       4036        2429.50   138MB     0.00000        0.100000E+52    NA
       4097        2459.94   148MB     0.00000        0.100000E+52    NA
       4129        2490.49   148MB     0.00000        0.100000E+52    NA
       4173        2520.93   148MB     0.00000        0.100000E+52    NA
       4218        2551.03   148MB     0.00000        0.100000E+52    NA
       4252        2581.39   148MB     0.00000        0.100000E+52    NA
       4299        2612.09   148MB     0.00000        0.100000E+52    NA
       4338        2642.20   148MB     0.00000        0.100000E+52    NA
       4380        2673.27   158MB     0.00000        0.100000E+52    NA
       4429        2704.21   158MB     0.00000        0.100000E+52    NA
       4472        2734.54   158MB     0.00000        0.100000E+52    NA
       4515        2765.09   158MB     0.00000        0.100000E+52    NA
       4562        2795.38   158MB     0.00000        0.100000E+52    NA
       4599        2825.78   158MB     0.00000        0.100000E+52    NA
       4640        2856.59   158MB     0.00000        0.100000E+52    NA
       4681        2887.15   168MB     0.00000        0.100000E+52    NA
       4711        2918.25   168MB     0.00000        0.100000E+52    NA
       4756        2948.47   168MB     0.00000        0.100000E+52    NA
       4787        2978.75   168MB     0.00000        0.100000E+52    NA
       4834        3009.16   168MB     0.00000        0.100000E+52    NA
       4872        3039.36   168MB     0.00000        0.100000E+52    NA
       4910        3069.75   168MB     0.00000        0.100000E+52    NA
       4951        3100.26   168MB     0.00000        0.100000E+52    NA
       4986        3130.78   177MB     0.00000        0.100000E+52    NA
       5040        3161.15   177MB     0.00000        0.100000E+52    NA
       5066        3191.35   177MB     0.00000        0.100000E+52    NA
       5117        3221.51   177MB     0.00000        0.100000E+52    NA
       5143        3252.79   177MB     0.00000        0.100000E+52    NA
       5198        3283.13   177MB     0.00000        0.100000E+52    NA
       5233        3313.33   177MB     0.00000        0.100000E+52    NA
       5275        3343.53   177MB     0.00000        0.100000E+52    NA
       5328        3373.94   187MB     0.00000        0.100000E+52    NA
       5357        3404.07   187MB     0.00000        0.100000E+52    NA
       5403        3434.38   187MB     0.00000        0.100000E+52    NA
       5443        3464.44   187MB     0.00000        0.100000E+52    NA
       5479        3494.84   187MB     0.00000        0.100000E+52    NA
       5517        3525.30   187MB     0.00000        0.100000E+52    NA
       5549        3556.25   187MB     0.00000        0.100000E+52    NA
       5599        3586.50   187MB     0.00000        0.100000E+52    NA
       5662        3616.75   197MB     0.00000        0.100000E+52    NA
       5692        3647.23   197MB     0.00000        0.100000E+52    NA
       5741        3677.70   197MB     0.00000        0.100000E+52    NA
       5784        3708.09   197MB     0.00000        0.100000E+52    NA
       5813        3739.01   197MB     0.00000        0.100000E+52    NA
       5855        3770.50   197MB     0.00000        0.100000E+52    NA
       5882        3800.89   197MB     0.00000        0.100000E+52    NA
       5951        3831.14   207MB     0.00000        0.100000E+52    NA
       6004        3861.54   207MB     0.00000        0.100000E+52    NA
       6038        3891.67   207MB     0.00000        0.100000E+52    NA
       6078        3921.68   207MB     0.00000        0.100000E+52    NA
       6117        3951.93   207MB     0.00000        0.100000E+52    NA
       6183        3981.99   207MB     0.00000        0.100000E+52    NA
       6215        4012.32   207MB     0.00000        0.100000E+52    NA
       6242        4042.90   207MB     0.00000        0.100000E+52    NA
       6284        4074.08   216MB     0.00000        0.100000E+52    NA
       6320        4104.47   216MB     0.00000        0.100000E+52    NA
       6353        4134.57   216MB     0.00000        0.100000E+52    NA
       6390        4164.92   216MB     0.00000        0.100000E+52    NA
       6419        4195.26   216MB     0.00000        0.100000E+52    NA
       6458        4225.53   216MB     0.00000        0.100000E+52    NA
       6526        4255.55   216MB     0.00000        0.100000E+52    NA
       6557        4286.87   216MB     0.00000        0.100000E+52    NA
       6580        4317.03   216MB     0.00000        0.100000E+52    NA
       6624        4347.48   226MB     0.00000        0.100000E+52    NA
       6639        4378.70   226MB     0.00000        0.100000E+52    NA
       6682        4408.98   226MB     0.00000        0.100000E+52    NA
       6703        4439.26   226MB     0.00000        0.100000E+52    NA
       6719        4470.93   226MB     0.00000        0.100000E+52    NA
       6764        4502.57   226MB     0.00000        0.100000E+52    NA
       6778        4532.97   226MB     0.00000        0.100000E+52    NA
       6822        4564.68   226MB     0.00000        0.100000E+52    NA
       6885        4594.84   226MB     0.00000        0.100000E+52    NA
       6904        4625.98   226MB     0.00000        0.100000E+52    NA
       6939        4656.26   226MB     0.00000        0.100000E+52    NA
       6966        4686.36   226MB     0.00000        0.100000E+52    NA
       6984        4718.24   236MB     0.00000        0.100000E+52    NA
       7027        4748.89   236MB     0.00000        0.100000E+52    NA
       7044        4779.06   236MB     0.00000        0.100000E+52    NA
       7082        4809.41   236MB     0.00000        0.100000E+52    NA
       7102        4841.87   236MB     0.00000        0.100000E+52    NA
       7130        4872.03   236MB     0.00000        0.100000E+52    NA
       7191        4902.16   236MB     0.00000        0.100000E+52    NA
       7224        4933.47   236MB     0.00000        0.100000E+52    NA
       7265        4963.91   236MB     0.00000        0.100000E+52    NA
       7291        4994.20   236MB     0.00000        0.100000E+52    NA
       7310        5024.99   236MB     0.00000        0.100000E+52    NA
       7349        5055.03   236MB     0.00000        0.100000E+52    NA
       7365        5086.34   236MB     0.00000        0.100000E+52    NA
       7404        5116.62   246MB     0.00000        0.100000E+52    NA
       7470        5146.75   246MB     0.00000        0.100000E+52    NA
       7497        5177.50   246MB     0.00000        0.100000E+52    NA
       7514        5208.85   246MB     0.00000        0.100000E+52    NA
       7569        5239.17   246MB     0.00000        0.100000E+52    NA
       7629        5269.31   246MB     0.00000        0.100000E+52    NA
       7683        5300.73   246MB     0.00000        0.100000E+52    NA
       7704        5331.07   246MB     0.00000        0.100000E+52    NA
       7758        5361.09   246MB     0.00000        0.100000E+52    NA
       7819        5391.86   255MB     0.00000        0.100000E+52    NA
       7838        5425.09   255MB     0.00000        0.100000E+52    NA
       7874        5455.40   255MB     0.00000        0.100000E+52    NA
       7910        5485.59   255MB     0.00000        0.100000E+52    NA
       7960        5516.85   255MB     0.00000        0.100000E+52    NA
       7978        5546.95   255MB     0.00000        0.100000E+52    NA
       8025        5577.06   255MB     0.00000        0.100000E+52    NA
       8087        5607.38   255MB     0.00000        0.100000E+52    NA
       8155        5638.47   265MB     0.00000        0.100000E+52    NA
       8220        5670.44   265MB     0.00000        0.100000E+52    NA
       8243        5701.57   265MB     0.00000        0.100000E+52    NA
       8300        5731.70   265MB     0.00000        0.100000E+52    NA
       8349        5761.81   265MB     0.00000        0.100000E+52    NA
       8363        5792.81   265MB     0.00000        0.100000E+52    NA
       8387        5823.12   265MB     0.00000        0.100000E+52    NA
       8423        5853.93   265MB     0.00000        0.100000E+52    NA
       8442        5886.08   265MB     0.00000        0.100000E+52    NA
       8489        5916.09   265MB     0.00000        0.100000E+52    NA
       8554        5946.20   275MB     0.00000        0.100000E+52    NA
       8613        5976.52   275MB     0.00000        0.100000E+52    NA
       8667        6006.52   275MB     0.00000        0.100000E+52    NA
       8737        6037.03   275MB     0.00000        0.100000E+52    NA
       8769        6069.48   275MB     0.00000        0.100000E+52    NA
       8789        6099.90   275MB     0.00000        0.100000E+52    NA
       8828        6132.00   275MB     0.00000        0.100000E+52    NA
       8861        6162.11   275MB     0.00000        0.100000E+52    NA
       8930        6192.43   285MB     0.00000        0.100000E+52    NA
       8996        6222.46   285MB     0.00000        0.100000E+52    NA
       9063        6252.52   285MB     0.00000        0.100000E+52    NA
       9135        6282.81   285MB     0.00000        0.100000E+52    NA
       9208        6312.83   285MB     0.00000        0.100000E+52    NA
       9265        6342.89   294MB     0.00000        0.100000E+52    NA
       9325        6374.80   294MB     0.00000        0.100000E+52    NA
       9375        6405.06   294MB     0.00000        0.100000E+52    NA
       9408        6435.77   294MB     0.00000        0.100000E+52    NA
       9459        6465.83   294MB     0.00000        0.100000E+52    NA
       9528        6496.10   294MB     0.00000        0.100000E+52    NA
       9545        6526.94   294MB     0.00000        0.100000E+52    NA
       9562        6558.40   294MB     0.00000        0.100000E+52    NA
       9609        6588.78   294MB     0.00000        0.100000E+52    NA
       9668        6619.49   304MB     0.00000        0.100000E+52    NA
       9729        6649.52   304MB     0.00000        0.100000E+52    NA
       9787        6679.73   304MB     0.00000        0.100000E+52    NA
       9817        6711.94   304MB     0.00000        0.100000E+52    NA
       9834        6743.52   304MB     0.00000        0.100000E+52    NA
       9880        6773.62   304MB     0.00000        0.100000E+52    NA
       9941        6803.94   304MB     0.00000        0.100000E+52    NA
       9964        6834.91   304MB     0.00000        0.100000E+52    NA
      10004        6865.23   314MB     0.00000        0.100000E+52    NA
      10037        6895.58   314MB     0.00000        0.100000E+52    NA
      10078        6925.78   314MB     0.00000        0.100000E+52    NA
      10102        6956.27   314MB     0.00000        0.100000E+52    NA
      10124        6986.53   314MB     0.00000        0.100000E+52    NA
      10193        7016.57   314MB     0.00000        0.100000E+52    NA
      10236        7046.79   314MB     0.00000        0.100000E+52    NA
      10267        7077.40   314MB     0.00000        0.100000E+52    NA
      10300        7108.63   314MB     0.00000        0.100000E+52    NA
      10317        7140.91   314MB     0.00000        0.100000E+52    NA
      10360        7171.49   314MB     0.00000        0.100000E+52    NA
      10419        7201.81   324MB     0.00000        0.100000E+52    NA
      10483        7233.45   324MB     0.00000        0.100000E+52    NA
      10555        7263.69   324MB     0.00000        0.100000E+52    NA
      10620        7295.66   324MB     0.00000        0.100000E+52    NA
      10681        7325.68   324MB     0.00000        0.100000E+52    NA
      10701        7356.97   324MB     0.00000        0.100000E+52    NA
      10726        7387.03   324MB     0.00000        0.100000E+52    NA
      10764        7417.14   324MB     0.00000        0.100000E+52    NA
      10830        7447.40   333MB     0.00000        0.100000E+52    NA
      10897        7477.69   333MB     0.00000        0.100000E+52    NA
      10953        7508.66   333MB     0.00000        0.100000E+52    NA
      10974        7539.38   333MB     0.00000        0.100000E+52    NA
      11015        7570.12   333MB     0.00000        0.100000E+52    NA
      11034        7601.24   333MB     0.00000        0.100000E+52    NA
      11074        7631.59   333MB     0.00000        0.100000E+52    NA
      11096        7661.67   333MB     0.00000        0.100000E+52    NA
      11111        7691.99   333MB     0.00000        0.100000E+52    NA
      11153        7722.56   333MB     0.00000        0.100000E+52    NA
      11168        7754.80   333MB     0.00000        0.100000E+52    NA
      11205        7785.04   343MB     0.00000        0.100000E+52    NA
      11228        7815.17   343MB     0.00000        0.100000E+52    NA
      11243        7847.77   343MB     0.00000        0.100000E+52    NA
      11283        7878.02   343MB     0.00000        0.100000E+52    NA
      11296        7909.00   343MB     0.00000        0.100000E+52    NA
      11322        7939.21   343MB     0.00000        0.100000E+52    NA
      11355        7969.77   343MB     0.00000        0.100000E+52    NA
      11422        8002.31   343MB     0.00000        0.100000E+52    NA
      11434        8032.56   343MB     0.00000        0.100000E+52    NA
      11448        8064.63   343MB     0.00000        0.100000E+52    NA
      11494        8095.15   343MB     0.00000        0.100000E+52    NA
      11555        8125.20   343MB     0.00000        0.100000E+52    NA
      11615        8157.20   353MB     0.00000        0.100000E+52    NA
      11634        8189.51   353MB     0.00000        0.100000E+52    NA
      11669        8219.86   353MB     0.00000        0.100000E+52    NA
      11689        8250.74   353MB     0.00000        0.100000E+52    NA
      11705        8281.20   353MB     0.00000        0.100000E+52    NA
      11756        8311.42   353MB     0.00000        0.100000E+52    NA
      11774        8342.96   353MB     0.00000        0.100000E+52    NA
      11808        8373.46   353MB     0.00000        0.100000E+52    NA
      11830        8403.62   353MB     0.00000        0.100000E+52    NA
      11853        8434.10   353MB     0.00000        0.100000E+52    NA
      11923        8464.16   353MB     0.00000        0.100000E+52    NA
      11993        8494.50   362MB     0.00000        0.100000E+52    NA
      12065        8524.79   362MB     0.00000        0.100000E+52    NA
      12091        8556.62   362MB     0.00000        0.100000E+52    NA
      12127        8586.92   362MB     0.00000        0.100000E+52    NA
      12155        8617.00   362MB     0.00000        0.100000E+52    NA
      12168        8648.55   362MB     0.00000        0.100000E+52    NA
      12214        8678.62   362MB     0.00000        0.100000E+52    NA
      12276        8709.05   362MB     0.00000        0.100000E+52    NA
      12290        8739.06   362MB     0.00000        0.100000E+52    NA
      12314        8769.41   362MB     0.00000        0.100000E+52    NA
      12351        8800.07   372MB     0.00000        0.100000E+52    NA
      12370        8831.42   372MB     0.00000        0.100000E+52    NA
      12409        8862.55   372MB     0.00000        0.100000E+52    NA
      12425        8894.00   372MB     0.00000        0.100000E+52    NA
      12453        8924.16   372MB     0.00000        0.100000E+52    NA
      12499        8954.22   372MB     0.00000        0.100000E+52    NA
      12558        8984.57   372MB     0.00000        0.100000E+52    NA
      12610        9014.93   372MB     0.00000        0.100000E+52    NA
      12675        9045.13   372MB     0.00000        0.100000E+52    NA
      12734        9075.16   382MB     0.00000        0.100000E+52    NA
      12789        9105.27   382MB     0.00000        0.100000E+52    NA
      12848        9135.80   382MB     0.00000        0.100000E+52    NA
      12899        9166.25   382MB     0.00000        0.100000E+52    NA
      12963        9196.59   382MB     0.00000        0.100000E+52    NA
      13027        9227.16   382MB     0.00000        0.100000E+52    NA
      13089        9257.41   392MB     0.00000        0.100000E+52    NA
      13110        9288.46   392MB     0.00000        0.100000E+52    NA
      13127        9319.83   392MB     0.00000        0.100000E+52    NA
      13183        9350.18   392MB     0.00000        0.100000E+52    NA
      13233        9382.36   392MB     0.00000        0.100000E+52    NA
      13255        9412.63   392MB     0.00000        0.100000E+52    NA
      13298        9445.24   392MB     0.00000        0.100000E+52    NA
      13311        9477.35   392MB     0.00000        0.100000E+52    NA
      13341        9507.45   392MB     0.00000        0.100000E+52    NA
      13371        9539.67   392MB     0.00000        0.100000E+52    NA
      13410        9569.72   392MB     0.00000        0.100000E+52    NA
      13475        9599.75   401MB     0.00000        0.100000E+52    NA
      13530        9630.21   401MB     0.00000        0.100000E+52    NA
      13586        9660.54   401MB     0.00000        0.100000E+52    NA
      13638        9691.41   401MB     0.00000        0.100000E+52    NA
      13695        9721.77   401MB     0.00000        0.100000E+52    NA
      13756        9752.01   401MB     0.00000        0.100000E+52    NA
      13816        9782.07   411MB     0.00000        0.100000E+52    NA
      13851        9813.29   411MB     0.00000        0.100000E+52    NA
      13868        9843.75   411MB     0.00000        0.100000E+52    NA
      13908        9875.98   411MB     0.00000        0.100000E+52    NA
      13925        9906.09   411MB     0.00000        0.100000E+52    NA
      13964        9936.43   411MB     0.00000        0.100000E+52    NA
      13981        9967.03   411MB     0.00000        0.100000E+52    NA
      13998        9997.43   411MB     0.00000        0.100000E+52    NA
      14040       10028.49   411MB     0.00000        0.100000E+52    NA
      14054       10058.95   411MB     0.00000        0.100000E+52    NA
      14080       10089.22   411MB     0.00000        0.100000E+52    NA
      14141       10119.43   411MB     0.00000        0.100000E+52    NA
      14186       10150.07   411MB     0.00000        0.100000E+52    NA
      14204       10182.60   421MB     0.00000        0.100000E+52    NA
      14235       10212.89   421MB     0.00000        0.100000E+52    NA
      14265       10243.44   421MB     0.00000        0.100000E+52    NA
      14284       10274.80   421MB     0.00000        0.100000E+52    NA
      14330       10307.00   421MB     0.00000        0.100000E+52    NA
      14350       10338.07   421MB     0.00000        0.100000E+52    NA
      14403       10368.23   421MB     0.00000        0.100000E+52    NA
      14462       10398.64   421MB     0.00000        0.100000E+52    NA
      14518       10428.81   421MB     0.00000        0.100000E+52    NA
      14581       10459.27   421MB     0.00000        0.100000E+52    NA
      14600       10489.56   421MB     0.00000        0.100000E+52    NA
      14637       10519.71   431MB     0.00000        0.100000E+52    NA
      14700       10549.83   431MB     0.00000        0.100000E+52    NA
      14735       10580.06   431MB     0.00000        0.100000E+52    NA
      14745       10613.04   431MB     0.00000        0.100000E+52    NA
      14764       10643.11   431MB     0.00000        0.100000E+52    NA
      14827       10673.21   431MB     0.00000        0.100000E+52    NA
      14877       10704.19   431MB     0.00000        0.100000E+52    NA
      14921       10734.61   431MB     0.00000        0.100000E+52    NA
      14951       10767.01   431MB     0.00000        0.100000E+52    NA
      14971       10799.30   431MB     0.00000        0.100000E+52    NA
      15017       10831.11   440MB     0.00000        0.100000E+52    NA
      15085       10861.56   440MB     0.00000        0.100000E+52    NA
      15138       10891.62   440MB     0.00000        0.100000E+52    NA
      15199       10921.89   440MB     0.00000        0.100000E+52    NA
      15258       10952.01   440MB     0.00000        0.100000E+52    NA
      15320       10982.54   440MB     0.00000        0.100000E+52    NA
      15352       11014.27   450MB     0.00000        0.100000E+52    NA
      15371       11046.33   450MB     0.00000        0.100000E+52    NA
      15436       11076.60   450MB     0.00000        0.100000E+52    NA
      15497       11106.81   450MB     0.00000        0.100000E+52    NA
      15555       11137.01   450MB     0.00000        0.100000E+52    NA
      15613       11167.29   450MB     0.00000        0.100000E+52    NA
      15673       11197.45   450MB     0.00000        0.100000E+52    NA
      15734       11227.94   460MB     0.00000        0.100000E+52    NA
      15778       11258.11   460MB     0.00000        0.100000E+52    NA
      15828       11289.70   460MB     0.00000        0.100000E+52    NA
      15843       11319.83   460MB     0.00000        0.100000E+52    NA
      15878       11350.25   460MB     0.00000        0.100000E+52    NA
      15902       11384.28   460MB     0.00000        0.100000E+52    NA
      15921       11414.98   460MB     0.00000        0.100000E+52    NA
      15980       11445.23   460MB     0.00000        0.100000E+52    NA
      16024       11475.91   460MB     0.00000        0.100000E+52    NA
      16041       11506.22   460MB     0.00000        0.100000E+52    NA
      16069       11536.85   460MB     0.00000        0.100000E+52    NA
      16126       11567.43   470MB     0.00000        0.100000E+52    NA
      16167       11597.59   470MB     0.00000        0.100000E+52    NA
      16213       11627.85   470MB     0.00000        0.100000E+52    NA
      16234       11658.44   470MB     0.00000        0.100000E+52    NA
      16284       11688.88   470MB     0.00000        0.100000E+52    NA
      16330       11719.02   470MB     0.00000        0.100000E+52    NA
      16361       11750.74   470MB     0.00000        0.100000E+52    NA
      16380       11782.96   470MB     0.00000        0.100000E+52    NA
      16426       11813.31   470MB     0.00000        0.100000E+52    NA
      16444       11845.79   470MB     0.00000        0.100000E+52    NA
      16484       11875.92   470MB     0.00000        0.100000E+52    NA
      16504       11907.92   470MB     0.00000        0.100000E+52    NA
      16515       11940.60   479MB     0.00000        0.100000E+52    NA
      16564       11971.09   479MB     0.00000        0.100000E+52    NA
      16627       12001.12   479MB     0.00000        0.100000E+52    NA
      16682       12033.34   479MB     0.00000        0.100000E+52    NA
      16696       12063.72   479MB     0.00000        0.100000E+52    NA
      16719       12094.20   479MB     0.00000        0.100000E+52    NA
      16753       12125.35   479MB     0.00000        0.100000E+52    NA
      16770       12155.83   479MB     0.00000        0.100000E+52    NA
      16822       12186.23   479MB     0.00000        0.100000E+52    NA
      16835       12216.35   479MB     0.00000        0.100000E+52    NA
      16853       12246.65   479MB     0.00000        0.100000E+52    NA
      16900       12278.83   489MB     0.00000        0.100000E+52    NA
      16947       12309.33   489MB     0.00000        0.100000E+52    NA
      16963       12339.89   489MB     0.00000        0.100000E+52    NA
      16981       12370.73   489MB     0.00000        0.100000E+52    NA
      17035       12400.90   489MB     0.00000        0.100000E+52    NA
      17092       12431.23   489MB     0.00000        0.100000E+52    NA
      17111       12463.59   489MB     0.00000        0.100000E+52    NA
      17130       12493.95   489MB     0.00000        0.100000E+52    NA
      17181       12524.01   489MB     0.00000        0.100000E+52    NA
      17228       12554.67   489MB     0.00000        0.100000E+52    NA
      17245       12586.49   489MB     0.00000        0.100000E+52    NA
      17286       12617.97   489MB     0.00000        0.100000E+52    NA
      17299       12648.39   499MB     0.00000        0.100000E+52    NA
      17315       12678.95   499MB     0.00000        0.100000E+52    NA
      17365       12709.24   499MB     0.00000        0.100000E+52    NA
      17407       12739.77   499MB     0.00000        0.100000E+52    NA
      17435       12771.08   499MB     0.00000        0.100000E+52    NA
      17455       12801.18   499MB     0.00000        0.100000E+52    NA
      17500       12831.82   499MB     0.00000        0.100000E+52    NA
      17560       12862.43   499MB     0.00000        0.100000E+52    NA
      17621       12892.61   499MB     0.00000        0.100000E+52    NA
      17679       12923.20   509MB     0.00000        0.100000E+52    NA
      17705       12954.67   509MB     0.00000        0.100000E+52    NA
      17724       12985.16   509MB     0.00000        0.100000E+52    NA
      17779       13015.36   509MB     0.00000        0.100000E+52    NA
      17826       13047.19   509MB     0.00000        0.100000E+52    NA
      17842       13078.70   509MB     0.00000        0.100000E+52    NA
      17864       13109.31   509MB     0.00000        0.100000E+52    NA
      17906       13139.64   509MB     0.00000        0.100000E+52    NA
      17929       13169.74   509MB     0.00000        0.100000E+52    NA
      17980       13200.09   509MB     0.00000        0.100000E+52    NA
      18046       13230.46   509MB     0.00000        0.100000E+52    NA
      18098       13262.25   518MB     0.00000        0.100000E+52    NA
      18115       13294.31   518MB     0.00000        0.100000E+52    NA
      18153       13324.36   518MB     0.00000        0.100000E+52    NA
      18170       13356.06   518MB     0.00000        0.100000E+52    NA
      18185       13386.62   518MB     0.00000        0.100000E+52    NA
      18224       13417.24   518MB     0.00000        0.100000E+52    NA
      18243       13448.39   518MB     0.00000        0.100000E+52    NA
      18282       13478.76   518MB     0.00000        0.100000E+52    NA
      18307       13509.09   518MB     0.00000        0.100000E+52    NA
      18363       13539.22   519MB     0.00000        0.100000E+52    NA
      18427       13569.45   519MB     0.00000        0.100000E+52    NA
      18491       13599.92   528MB     0.00000        0.100000E+52    NA
      18546       13630.30   528MB     0.00000        0.100000E+52    NA
      18575       13662.50   528MB     0.00000        0.100000E+52    NA
      18587       13692.64   528MB     0.00000        0.100000E+52    NA
      18631       13722.65   528MB     0.00000        0.100000E+52    NA
      18676       13752.70   528MB     0.00000        0.100000E+52    NA
      18713       13784.72   528MB     0.00000        0.100000E+52    NA
      18728       13817.25   528MB     0.00000        0.100000E+52    NA
      18764       13847.67   528MB     0.00000        0.100000E+52    NA
      18815       13877.76   528MB     0.00000        0.100000E+52    NA
      18846       13907.93   528MB     0.00000        0.100000E+52    NA
      18863       13938.26   528MB     0.00000        0.100000E+52    NA
      18904       13970.45   538MB     0.00000        0.100000E+52    NA
      18926       14003.05   538MB     0.00000        0.100000E+52    NA
      18964       14033.20   538MB     0.00000        0.100000E+52    NA
      18982       14064.65   538MB     0.00000        0.100000E+52    NA
      18999       14095.22   538MB     0.00000        0.100000E+52    NA
      19035       14125.88   538MB     0.00000        0.100000E+52    NA
      19050       14157.52   538MB     0.00000        0.100000E+52    NA
      19077       14187.66   538MB     0.00000        0.100000E+52    NA
      19109       14219.14   538MB     0.00000        0.100000E+52    NA
      19162       14249.33   538MB     0.00000        0.100000E+52    NA
      19174       14280.78   538MB     0.00000        0.100000E+52    NA
      19191       14312.42   538MB     0.00000        0.100000E+52    NA
      19230       14342.53   538MB     0.00000        0.100000E+52    NA
      19252       14374.85   538MB     0.00000        0.100000E+52    NA
      19292       14405.23   538MB     0.00000        0.100000E+52    NA
      19311       14435.30   538MB     0.00000        0.100000E+52    NA
      19346       14465.73   538MB     0.00000        0.100000E+52    NA
      19395       14495.87   548MB     0.00000        0.100000E+52    NA
      19458       14526.07   548MB     0.00000        0.100000E+52    NA
      19488       14556.25   548MB     0.00000        0.100000E+52    NA
      19508       14587.23   548MB     0.00000        0.100000E+52    NA
      19546       14617.87   548MB     0.00000        0.100000E+52    NA
      19575       14648.42   548MB     0.00000        0.100000E+52    NA
      19614       14680.23   548MB     0.00000        0.100000E+52    NA
      19629       14710.38   548MB     0.00000        0.100000E+52    NA
      19661       14740.39   548MB     0.00000        0.100000E+52    NA
      19688       14772.10   548MB     0.00000        0.100000E+52    NA
      19703       14803.88   548MB     0.00000        0.100000E+52    NA
      19745       14834.22   548MB     0.00000        0.100000E+52    NA
      19764       14864.36   557MB     0.00000        0.100000E+52    NA
      19778       14894.86   557MB     0.00000        0.100000E+52    NA
      19826       14927.46   557MB     0.00000        0.100000E+52    NA
      19840       14959.90   557MB     0.00000        0.100000E+52    NA
      19864       14990.28   557MB     0.00000        0.100000E+52    NA
      19904       15021.03   557MB     0.00000        0.100000E+52    NA
      19948       15051.46   557MB     0.00000        0.100000E+52    NA
      19988       15081.63   557MB     0.00000        0.100000E+52    NA
      20028       15112.62   557MB     0.00000        0.100000E+52    NA
      20044       15143.39   557MB     0.00000        0.100000E+52    NA
      20084       15173.52   557MB     0.00000        0.100000E+52    NA
      20148       15204.03   557MB     0.00000        0.100000E+52    NA
      20209       15234.31   567MB     0.00000        0.100000E+52    NA
      20242       15264.64   567MB     0.00000        0.100000E+52    NA
      20263       15295.70   567MB     0.00000        0.100000E+52    NA
      20315       15326.14   567MB     0.00000        0.100000E+52    NA
      20368       15357.19   567MB     0.00000        0.100000E+52    NA
      20415       15387.70   567MB     0.00000        0.100000E+52    NA
      20460       15418.00   567MB     0.00000        0.100000E+52    NA
      20517       15448.17   567MB     0.00000        0.100000E+52    NA
      20574       15480.32   577MB     0.00000        0.100000E+52    NA
      20591       15511.68   577MB     0.00000        0.100000E+52    NA
      20607       15541.70   577MB     0.00000        0.100000E+52    NA
      20668       15571.87   577MB     0.00000        0.100000E+52    NA
      20717       15602.11   577MB     0.00000        0.100000E+52    NA
      20774       15633.68   577MB     0.00000        0.100000E+52    NA
      20831       15663.81   577MB     0.00000        0.100000E+52    NA
      20851       15695.12   577MB     0.00000        0.100000E+52    NA
      20868       15725.52   577MB     0.00000        0.100000E+52    NA
      20923       15755.80   587MB     0.00000        0.100000E+52    NA
      20984       15785.99   587MB     0.00000        0.100000E+52    NA
      21042       15816.37   587MB     0.00000        0.100000E+52    NA
      21099       15846.50   587MB     0.00000        0.100000E+52    NA
      21126       15878.00   587MB     0.00000        0.100000E+52    NA
      21136       15910.06   587MB     0.00000        0.100000E+52    NA
      21177       15943.76   587MB     0.00000        0.100000E+52    NA
      21187       15973.94   587MB     0.00000        0.100000E+52    NA
      21205       16005.68   587MB     0.00000        0.100000E+52    NA
      21260       16035.76   596MB     0.00000        0.100000E+52    NA
      21306       16067.14   596MB     0.00000        0.100000E+52    NA
      21319       16097.19   596MB     0.00000        0.100000E+52    NA
      21341       16127.38   596MB     0.00000        0.100000E+52    NA
      21377       16158.91   596MB     0.00000        0.100000E+52    NA
      21388       16189.12   596MB     0.00000        0.100000E+52    NA
      21398       16220.16   596MB     0.00000        0.100000E+52    NA
      21450       16250.20   596MB     0.00000        0.100000E+52    NA
      21503       16282.90   596MB     0.00000        0.100000E+52    NA
      21553       16313.19   596MB     0.00000        0.100000E+52    NA
      21570       16344.34   596MB     0.00000        0.100000E+52    NA
      21583       16378.07   596MB     0.00000        0.100000E+52    NA
      21609       16408.16   596MB     0.00000        0.100000E+52    NA
      21635       16438.30   596MB     0.00000        0.100000E+52    NA
      21691       16469.05   606MB     0.00000        0.100000E+52    NA
      21749       16499.24   606MB     0.00000        0.100000E+52    NA
      21801       16529.28   606MB     0.00000        0.100000E+52    NA
      21861       16559.43   606MB     0.00000        0.100000E+52    NA
      21887       16589.44   606MB     0.00000        0.100000E+52    NA
      21898       16619.95   606MB     0.00000        0.100000E+52    NA
      21909       16650.71   606MB     0.00000        0.100000E+52    NA
      21963       16680.76   606MB     0.00000        0.100000E+52    NA
      22019       16714.08   616MB     0.00000        0.100000E+52    NA
      22036       16745.26   616MB     0.00000        0.100000E+52    NA
      22079       16775.66   616MB     0.00000        0.100000E+52    NA
      22142       16805.67   616MB     0.00000        0.100000E+52    NA
      22205       16836.09   616MB     0.00000        0.100000E+52    NA
      22265       16866.40   616MB     0.00000        0.100000E+52    NA
      22318       16896.50   616MB     0.00000        0.100000E+52    NA
      22377       16926.67   626MB     0.00000        0.100000E+52    NA
      22434       16956.99   626MB     0.00000        0.100000E+52    NA
      22491       16987.21   626MB     0.00000        0.100000E+52    NA
      22525       17017.83   626MB     0.00000        0.100000E+52    NA
      22565       17047.86   626MB     0.00000        0.100000E+52    NA
      22625       17078.13   626MB     0.00000        0.100000E+52    NA
      22687       17108.32   626MB     0.00000        0.100000E+52    NA
      22742       17138.69   635MB     0.00000        0.100000E+52    NA
      22800       17168.82   635MB     0.00000        0.100000E+52    NA
      22851       17200.16   635MB     0.00000        0.100000E+52    NA
      22865       17230.45   635MB     0.00000        0.100000E+52    NA
      22876       17261.61   635MB     0.00000        0.100000E+52    NA
      22922       17294.75   635MB     0.00000        0.100000E+52    NA
      22958       17325.13   635MB     0.00000        0.100000E+52    NA
      22994       17355.69   635MB     0.00000        0.100000E+52    NA
      23009       17388.97   635MB     0.00000        0.100000E+52    NA
      23044       17419.25   635MB     0.00000        0.100000E+52    NA
      23067       17449.77   635MB     0.00000        0.100000E+52    NA
      23081       17480.73   635MB     0.00000        0.100000E+52    NA
      23114       17511.34   645MB     0.00000        0.100000E+52    NA
      23172       17541.37   645MB     0.00000        0.100000E+52    NA
      23207       17574.31   645MB     0.00000        0.100000E+52    NA
      23218       17604.87   645MB     0.00000        0.100000E+52    NA
      23238       17635.39   645MB     0.00000        0.100000E+52    NA
      23292       17665.46   645MB     0.00000        0.100000E+52    NA
      23355       17695.49   645MB     0.00000        0.100000E+52    NA
      23405       17726.87   645MB     0.00000        0.100000E+52    NA
      23418       17757.89   645MB     0.00000        0.100000E+52    NA
      23462       17788.02   645MB     0.00000        0.100000E+52    NA
      23524       17818.46   655MB     0.00000        0.100000E+52    NA
      23585       17848.62   655MB     0.00000        0.100000E+52    NA
      23624       17879.75   655MB     0.00000        0.100000E+52    NA
      23640       17911.26   655MB     0.00000        0.100000E+52    NA
      23691       17945.13   655MB     0.00000        0.100000E+52    NA
      23750       17975.34   655MB     0.00000        0.100000E+52    NA
      23810       18005.73   655MB     0.00000        0.100000E+52    NA
      23850       18036.03   665MB     0.00000        0.100000E+52    NA
      23909       18068.26   665MB     0.00000        0.100000E+52    NA
      23970       18098.40   665MB     0.00000        0.100000E+52    NA
      23985       18128.51   665MB     0.00000        0.100000E+52    NA
      23998       18158.67   665MB     0.00000        0.100000E+52    NA
      24042       18191.44   665MB     0.00000        0.100000E+52    NA
      24088       18221.65   665MB     0.00000        0.100000E+52    NA
      24112       18253.38   665MB     0.00000        0.100000E+52    NA
      24133       18284.14   665MB     0.00000        0.100000E+52    NA
      24186       18314.27   665MB     0.00000        0.100000E+52    NA
      24247       18346.56   674MB     0.00000        0.100000E+52    NA
      24265       18378.94   674MB     0.00000        0.100000E+52    NA
      24295       18409.18   674MB     0.00000        0.100000E+52    NA
      24350       18439.96   674MB     0.00000        0.100000E+52    NA
      24395       18472.29   674MB     0.00000        0.100000E+52    NA
      24410       18503.27   674MB     0.00000        0.100000E+52    NA
      24460       18533.44   674MB     0.00000        0.100000E+52    NA
      24518       18563.95   674MB     0.00000        0.100000E+52    NA
      24576       18594.32   674MB     0.00000        0.100000E+52    NA
      24638       18624.82   684MB     0.00000        0.100000E+52    NA
      24701       18655.34   684MB     0.00000        0.100000E+52    NA
      24739       18687.72   684MB     0.00000        0.100000E+52    NA
      24755       18717.90   684MB     0.00000        0.100000E+52    NA
      24789       18747.92   684MB     0.00000        0.100000E+52    NA
      24849       18778.18   684MB     0.00000        0.100000E+52    NA
      24908       18808.78   684MB     0.00000        0.100000E+52    NA
      24956       18839.18   684MB     0.00000        0.100000E+52    NA
      25010       18871.07   694MB     0.00000        0.100000E+52    NA
      25027       18902.14   694MB     0.00000        0.100000E+52    NA
      25065       18932.26   694MB     0.00000        0.100000E+52    NA
      25091       18962.63   694MB     0.00000        0.100000E+52    NA
      25128       18992.92   694MB     0.00000        0.100000E+52    NA
      25161       19023.51   694MB     0.00000        0.100000E+52    NA
      25177       19054.78   694MB     0.00000        0.100000E+52    NA
      25214       19085.04   694MB     0.00000        0.100000E+52    NA
      25274       19115.42   694MB     0.00000        0.100000E+52    NA
      25330       19145.42   694MB     0.00000        0.100000E+52    NA
      25395       19175.75   704MB     0.00000        0.100000E+52    NA
      25449       19205.95   704MB     0.00000        0.100000E+52    NA
      25509       19238.73   704MB     0.00000        0.100000E+52    NA
      25523       19269.89   704MB     0.00000        0.100000E+52    NA
      25561       19300.27   704MB     0.00000        0.100000E+52    NA
      25593       19332.13   704MB     0.00000        0.100000E+52    NA
      25605       19363.08   704MB     0.00000        0.100000E+52    NA
      25647       19393.24   704MB     0.00000        0.100000E+52    NA
      25710       19423.42   704MB     0.00000        0.100000E+52    NA
      25729       19453.43   704MB     0.00000        0.100000E+52    NA
      25779       19483.71   713MB     0.00000        0.100000E+52    NA
      25834       19513.90   713MB     0.00000        0.100000E+52    NA
      25856       19543.90   713MB     0.00000        0.100000E+52    NA
      25909       19574.73   713MB     0.00000        0.100000E+52    NA
      25972       19605.04   713MB     0.00000        0.100000E+52    NA
      26035       19635.43   713MB     0.00000        0.100000E+52    NA
      26098       19665.50   713MB     0.00000        0.100000E+52    NA
      26152       19695.87   723MB     0.00000        0.100000E+52    NA
      26185       19728.62   723MB     0.00000        0.100000E+52    NA
      26205       19758.95   723MB     0.00000        0.100000E+52    NA
      26248       19792.45   723MB     0.00000        0.100000E+52    NA
      26257       19824.61   723MB     0.00000        0.100000E+52    NA
      26269       19854.87   723MB     0.00000        0.100000E+52    NA
      26313       19884.91   723MB     0.00000        0.100000E+52    NA
      26330       19916.40   723MB     0.00000        0.100000E+52    NA
      26373       19946.95   723MB     0.00000        0.100000E+52    NA
      26400       19977.25   723MB     0.00000        0.100000E+52    NA
      26462       20007.30   723MB     0.00000        0.100000E+52    NA
      26523       20037.47   733MB     0.00000        0.100000E+52    NA
      26559       20067.52   733MB     0.00000        0.100000E+52    NA
      26598       20097.55   733MB     0.00000        0.100000E+52    NA
      26615       20128.23   733MB     0.00000        0.100000E+52    NA
      26647       20158.24   733MB     0.00000        0.100000E+52    NA
      26672       20188.60   733MB     0.00000        0.100000E+52    NA
      26723       20219.05   733MB     0.00000        0.100000E+52    NA
      26740       20249.06   733MB     0.00000        0.100000E+52    NA
      26773       20279.10   733MB     0.00000        0.100000E+52    NA
      26799       20311.12   733MB     0.00000        0.100000E+52    NA
      26851       20341.76   733MB     0.00000        0.100000E+52    NA
      26914       20374.63   733MB     0.00000        0.100000E+52    NA
      26931       20405.53   733MB     0.00000        0.100000E+52    NA
      26950       20435.93   733MB     0.00000        0.100000E+52    NA
      27004       20466.40   743MB     0.00000        0.100000E+52    NA
      27061       20496.82   743MB     0.00000        0.100000E+52    NA
      27085       20527.79   743MB     0.00000        0.100000E+52    NA
      27119       20558.10   743MB     0.00000        0.100000E+52    NA
      27142       20590.18   743MB     0.00000        0.100000E+52    NA
      27158       20620.32   743MB     0.00000        0.100000E+52    NA
      27219       20650.60   743MB     0.00000        0.100000E+52    NA
      27275       20680.85   743MB     0.00000        0.100000E+52    NA
      27341       20710.90   752MB     0.00000        0.100000E+52    NA
      27390       20741.91   752MB     0.00000        0.100000E+52    NA
      27408       20772.28   752MB     0.00000        0.100000E+52    NA
      27458       20802.50   752MB     0.00000        0.100000E+52    NA
      27522       20832.87   752MB     0.00000        0.100000E+52    NA
      27569       20863.10   752MB     0.00000        0.100000E+52    NA
      27632       20893.17   752MB     0.00000        0.100000E+52    NA
      27669       20924.67   752MB     0.00000        0.100000E+52    NA
      27683       20955.72   752MB     0.00000        0.100000E+52    NA
      27714       20985.74   762MB     0.00000        0.100000E+52    NA
      27739       21017.28   762MB     0.00000        0.100000E+52    NA
      27754       21050.08   762MB     0.00000        0.100000E+52    NA
      27794       21083.65   762MB     0.00000        0.100000E+52    NA
      27829       21113.84   762MB     0.00000        0.100000E+52    NA
      27867       21143.91   762MB     0.00000        0.100000E+52    NA
      27921       21175.78   762MB     0.00000        0.100000E+52    NA
      27941       21207.34   762MB     0.00000        0.100000E+52    NA
      27984       21237.68   762MB     0.00000        0.100000E+52    NA
      28048       21268.24   762MB     0.00000        0.100000E+52    NA
      28113       21298.86   762MB     0.00000        0.100000E+52    NA
      28143       21328.99   772MB     0.00000        0.100000E+52    NA
      28207       21359.05   772MB     0.00000        0.100000E+52    NA
      28260       21389.07   772MB     0.00000        0.100000E+52    NA
      28317       21419.71   772MB     0.00000        0.100000E+52    NA
      28373       21451.85   772MB     0.00000        0.100000E+52    NA
      28425       21481.92   772MB     0.00000        0.100000E+52    NA
      28478       21511.93   772MB     0.00000        0.100000E+52    NA
      28523       21542.32   782MB     0.00000        0.100000E+52    NA
      28583       21572.47   782MB     0.00000        0.100000E+52    NA
      28631       21604.70   782MB     0.00000        0.100000E+52    NA
      28644       21636.10   782MB     0.00000        0.100000E+52    NA
      28670       21666.60   782MB     0.00000        0.100000E+52    NA
      28700       21698.50   782MB     0.00000        0.100000E+52    NA
      28716       21728.91   782MB     0.00000        0.100000E+52    NA
      28755       21761.03   782MB     0.00000        0.100000E+52    NA
      28775       21791.14   782MB     0.00000        0.100000E+52    NA
      28802       21821.55   782MB     0.00000        0.100000E+52    NA
      28867       21851.78   791MB     0.00000        0.100000E+52    NA
      28895       21884.53   791MB     0.00000        0.100000E+52    NA
      28934       21914.89   791MB     0.00000        0.100000E+52    NA
      28991       21945.34   791MB     0.00000        0.100000E+52    NA
      29023       21975.58   791MB     0.00000        0.100000E+52    NA
      29043       22006.06   791MB     0.00000        0.100000E+52    NA
      29103       22036.18   791MB     0.00000        0.100000E+52    NA
      29140       22069.35   791MB     0.00000        0.100000E+52    NA
      29159       22102.23   791MB     0.00000        0.100000E+52    NA
      29198       22132.34   791MB     0.00000        0.100000E+52    NA
      29214       22162.40   791MB     0.00000        0.100000E+52    NA
      29234       22192.71   791MB     0.00000        0.100000E+52    NA
      29291       22222.92   801MB     0.00000        0.100000E+52    NA
      29332       22255.71   801MB     0.00000        0.100000E+52    NA
      29351       22288.59   801MB     0.00000        0.100000E+52    NA
      29388       22318.94   801MB     0.00000        0.100000E+52    NA
      29445       22349.12   801MB     0.00000        0.100000E+52    NA
      29494       22379.18   801MB     0.00000        0.100000E+52    NA
      29551       22409.37   801MB     0.00000        0.100000E+52    NA
      29598       22439.86   801MB     0.00000        0.100000E+52    NA
      29618       22471.12   801MB     0.00000        0.100000E+52    NA
      29659       22501.86   801MB     0.00000        0.100000E+52    NA
      29681       22532.60   801MB     0.00000        0.100000E+52    NA
      29732       22562.73   811MB     0.00000        0.100000E+52    NA
      29785       22592.91   811MB     0.00000        0.100000E+52    NA
      29800       22624.23   811MB     0.00000        0.100000E+52    NA
      29829       22654.41   811MB     0.00000        0.100000E+52    NA
      29870       22684.70   811MB     0.00000        0.100000E+52    NA
      29938       22714.91   811MB     0.00000        0.100000E+52    NA
      30001       22745.24   811MB     0.00000        0.100000E+52    NA
      30057       22775.48   811MB     0.00000        0.100000E+52    NA
      30109       22808.37   821MB     0.00000        0.100000E+52    NA
      30128       22840.45   821MB     0.00000        0.100000E+52    NA
      30172       22870.92   821MB     0.00000        0.100000E+52    NA
      30229       22901.09   821MB     0.00000        0.100000E+52    NA
      30286       22931.24   821MB     0.00000        0.100000E+52    NA
      30306       22961.37   821MB     0.00000        0.100000E+52    NA
      30326       22991.72   821MB     0.00000        0.100000E+52    NA
      30386       23021.84   821MB     0.00000        0.100000E+52    NA
      30442       23052.16   821MB     0.00000        0.100000E+52    NA
      30506       23082.46   830MB     0.00000        0.100000E+52    NA
      30576       23112.80   830MB     0.00000        0.100000E+52    NA
      30627       23143.38   830MB     0.00000        0.100000E+52    NA
      30683       23173.51   830MB     0.00000        0.100000E+52    NA
      30754       23205.74   830MB     0.00000        0.100000E+52    NA
      30817       23237.23   840MB     0.00000        0.100000E+52    NA
      30835       23267.37   840MB     0.00000        0.100000E+52    NA
      30865       23297.45   840MB     0.00000        0.100000E+52    NA
      30898       23329.29   840MB     0.00000        0.100000E+52    NA
      30914       23361.22   840MB     0.00000        0.100000E+52    NA
      30956       23391.28   840MB     0.00000        0.100000E+52    NA
      30991       23421.74   840MB     0.00000        0.100000E+52    NA
      31024       23454.11   840MB     0.00000        0.100000E+52    NA
      31042       23484.67   840MB     0.00000        0.100000E+52    NA
      31082       23515.38   840MB     0.00000        0.100000E+52    NA
      31100       23548.27   840MB     0.00000        0.100000E+52    NA
      31151       23579.37   840MB     0.00000        0.100000E+52    NA
      31168       23609.49   840MB     0.00000        0.100000E+52    NA
      31188       23639.64   840MB     0.00000        0.100000E+52    NA
      31243       23670.06   840MB     0.00000        0.100000E+52    NA
      31313       23700.41   850MB     0.00000        0.100000E+52    NA
      31354       23730.72   850MB     0.00000        0.100000E+52    NA
      31395       23761.30   850MB     0.00000        0.100000E+52    NA
      31457       23791.66   850MB     0.00000        0.100000E+52    NA
      31490       23822.52   850MB     0.00000        0.100000E+52    NA
      31529       23852.64   850MB     0.00000        0.100000E+52    NA
      31562       23883.95   850MB     0.00000        0.100000E+52    NA
      31579       23914.25   850MB     0.00000        0.100000E+52    NA
      31623       23945.87   850MB     0.00000        0.100000E+52    NA
      31681       23977.35   860MB     0.00000        0.100000E+52    NA
      31695       24007.80   860MB     0.00000        0.100000E+52    NA
      31719       24038.46   860MB     0.00000        0.100000E+52    NA
      31784       24068.47   860MB     0.00000        0.100000E+52    NA
      31853       24098.65   860MB     0.00000        0.100000E+52    NA
      31899       24130.39   860MB     0.00000        0.100000E+52    NA
      31922       24160.81   860MB     0.00000        0.100000E+52    NA
      31970       24192.33   860MB     0.00000        0.100000E+52    NA
      32027       24222.38   869MB     0.00000        0.100000E+52    NA
      32090       24253.24   869MB     0.00000        0.100000E+52    NA
      32109       24283.98   869MB     0.00000        0.100000E+52    NA
      32149       24314.06   869MB     0.00000        0.100000E+52    NA
      32194       24344.20   869MB     0.00000        0.100000E+52    NA
      32232       24374.22   869MB     0.00000        0.100000E+52    NA
      32261       24404.27   869MB     0.00000        0.100000E+52    NA
      32299       24434.71   869MB     0.00000        0.100000E+52    NA
      32328       24464.78   869MB     0.00000        0.100000E+52    NA
      32391       24495.27   869MB     0.00000        0.100000E+52    NA
      32438       24525.85   879MB     0.00000        0.100000E+52    NA
      32453       24556.30   879MB     0.00000        0.100000E+52    NA
      32483       24586.54   879MB     0.00000        0.100000E+52    NA
      32516       24617.15   879MB     0.00000        0.100000E+52    NA
      32529       24648.32   879MB     0.00000        0.100000E+52    NA
      32562       24678.59   879MB     0.00000        0.100000E+52    NA
      32612       24708.81   879MB     0.00000        0.100000E+52    NA
      32674       24738.89   879MB     0.00000        0.100000E+52    NA
      32714       24769.33   879MB     0.00000        0.100000E+52    NA
      32749       24799.58   879MB     0.00000        0.100000E+52    NA
      32799       24829.71   879MB     0.00000        0.100000E+52    NA
      32847       24860.03   889MB     0.00000        0.100000E+52    NA
      32912       24890.35   889MB     0.00000        0.100000E+52    NA
      32972       24920.79   889MB     0.00000        0.100000E+52    NA
      33031       24951.79   889MB     0.00000        0.100000E+52    NA
      33087       24982.28   889MB     0.00000        0.100000E+52    NA
      33109       25012.98   889MB     0.00000        0.100000E+52    NA
      33130       25043.31   889MB     0.00000        0.100000E+52    NA
      33170       25074.16   889MB     0.00000        0.100000E+52    NA
      33205       25104.69   889MB     0.00000        0.100000E+52    NA
      33237       25136.35   898MB     0.00000        0.100000E+52    NA
      33271       25166.36   898MB     0.00000        0.100000E+52    NA
      33300       25199.17   898MB     0.00000        0.100000E+52    NA
      33319       25229.71   898MB     0.00000        0.100000E+52    NA
      33363       25262.75   898MB     0.00000        0.100000E+52    NA
      33416       25293.07   898MB     0.00000        0.100000E+52    NA
      33445       25323.79   898MB     0.00000        0.100000E+52    NA
      33493       25356.45   898MB     0.00000        0.100000E+52    NA
      33508       25387.40   898MB     0.00000        0.100000E+52    NA
      33540       25417.55   898MB     0.00000        0.100000E+52    NA
      33594       25447.99   898MB     0.00000        0.100000E+52    NA
      33641       25478.40   898MB     0.00000        0.100000E+52    NA
      33692       25510.62   908MB     0.00000        0.100000E+52    NA
      33747       25541.01   908MB     0.00000        0.100000E+52    NA
      33798       25571.49   908MB     0.00000        0.100000E+52    NA
      33828       25603.24   908MB     0.00000        0.100000E+52    NA
      33848       25635.06   908MB     0.00000        0.100000E+52    NA
      33893       25665.64   908MB     0.00000        0.100000E+52    NA
      33955       25695.88   908MB     0.00000        0.100000E+52    NA
      34011       25728.51   908MB     0.00000        0.100000E+52    NA
      34029       25759.42   908MB     0.00000        0.100000E+52    NA
      34072       25789.64   918MB     0.00000        0.100000E+52    NA
      34094       25819.74   918MB     0.00000        0.100000E+52    NA
      34142       25850.54   918MB     0.00000        0.100000E+52    NA
      34163       25882.03   918MB     0.00000        0.100000E+52    NA
      34203       25913.79   918MB     0.00000        0.100000E+52    NA
      34218       25945.91   918MB     0.00000        0.100000E+52    NA
      34258       25976.25   918MB     0.00000        0.100000E+52    NA
      34306       26007.21   918MB     0.00000        0.100000E+52    NA
      34356       26037.43   918MB     0.00000        0.100000E+52    NA
      34401       26070.29   918MB     0.00000        0.100000E+52    NA
      34443       26100.54   918MB     0.00000        0.100000E+52    NA
      34467       26132.50   918MB     0.00000        0.100000E+52    NA
      34484       26164.05   918MB     0.00000        0.100000E+52    NA
      34549       26194.29   928MB     0.00000        0.100000E+52    NA
      34615       26224.55   928MB     0.00000        0.100000E+52    NA
      34651       26254.95   928MB     0.00000        0.100000E+52    NA
      34671       26285.12   928MB     0.00000        0.100000E+52    NA
      34719       26317.13   928MB     0.00000        0.100000E+52    NA
      34735       26348.78   928MB     0.00000        0.100000E+52    NA
      34765       26379.56   928MB     0.00000        0.100000E+52    NA
      34816       26409.74   928MB     0.00000        0.100000E+52    NA
      34876       26439.84   928MB     0.00000        0.100000E+52    NA
      34929       26471.32   937MB     0.00000        0.100000E+52    NA
      34987       26501.45   937MB     0.00000        0.100000E+52    NA
      35039       26531.63   937MB     0.00000        0.100000E+52    NA
      35061       26563.49   937MB     0.00000        0.100000E+52    NA
      35079       26594.39   937MB     0.00000        0.100000E+52    NA
      35134       26624.82   937MB     0.00000        0.100000E+52    NA
      35182       26655.65   937MB     0.00000        0.100000E+52    NA
      35205       26686.31   937MB     0.00000        0.100000E+52    NA
      35264       26716.33   937MB     0.00000        0.100000E+52    NA
      35330       26746.85   947MB     0.00000        0.100000E+52    NA
      35377       26777.75   947MB     0.00000        0.100000E+52    NA
      35397       26808.28   947MB     0.00000        0.100000E+52    NA
      35440       26839.22   947MB     0.00000        0.100000E+52    NA
      35454       26869.80   947MB     0.00000        0.100000E+52    NA
      35504       26900.94   947MB     0.00000        0.100000E+52    NA
      35519       26932.21   947MB     0.00000        0.100000E+52    NA
      35537       26962.42   947MB     0.00000        0.100000E+52    NA
      35571       26992.69   947MB     0.00000        0.100000E+52    NA
      35608       27023.14   947MB     0.00000        0.100000E+52    NA
      35660       27053.62   947MB     0.00000        0.100000E+52    NA
      35704       27083.78   957MB     0.00000        0.100000E+52    NA
      35723       27115.94   957MB     0.00000        0.100000E+52    NA
      35746       27146.14   957MB     0.00000        0.100000E+52    NA
      35805       27176.42   957MB     0.00000        0.100000E+52    NA
      35859       27206.76   957MB     0.00000        0.100000E+52    NA
      35902       27238.68   957MB     0.00000        0.100000E+52    NA
      35918       27271.11   957MB     0.00000        0.100000E+52    NA
      35929       27301.55   957MB     0.00000        0.100000E+52    NA
      35972       27331.68   957MB     0.00000        0.100000E+52    NA
      36026       27362.01   957MB     0.00000        0.100000E+52    NA
      36077       27392.62   967MB     0.00000        0.100000E+52    NA
      36139       27422.80   967MB     0.00000        0.100000E+52    NA
      36182       27454.75   967MB     0.00000        0.100000E+52    NA
      36218       27485.17   967MB     0.00000        0.100000E+52    NA
      36266       27515.38   967MB     0.00000        0.100000E+52    NA
      36312       27546.52   967MB     0.00000        0.100000E+52    NA
      36324       27578.90   967MB     0.00000        0.100000E+52    NA
      36353       27609.35   967MB     0.00000        0.100000E+52    NA
      36394       27639.75   967MB     0.00000        0.100000E+52    NA
      36434       27669.95   967MB     0.00000        0.100000E+52    NA
      36474       27701.45   976MB     0.00000        0.100000E+52    NA
      36519       27731.77   976MB     0.00000        0.100000E+52    NA
      36541       27761.80   976MB     0.00000        0.100000E+52    NA
      36594       27792.11   976MB     0.00000        0.100000E+52    NA
      36661       27824.67   976MB     0.00000        0.100000E+52    NA
      36678       27854.77   976MB     0.00000        0.100000E+52    NA
      36712       27885.28   976MB     0.00000        0.100000E+52    NA
      36741       27916.55   976MB     0.00000        0.100000E+52    NA
      36770       27946.95   976MB     0.00000        0.100000E+52    NA
      36836       27977.10   976MB     0.00000        0.100000E+52    NA
      36894       28007.27   986MB     0.00000        0.100000E+52    NA
      36930       28038.90   986MB     0.00000        0.100000E+52    NA
      36947       28071.16   986MB     0.00000        0.100000E+52    NA
      36993       28101.58   986MB     0.00000        0.100000E+52    NA
      37020       28131.66   986MB     0.00000        0.100000E+52    NA
      37082       28161.86   986MB     0.00000        0.100000E+52    NA
      37135       28192.15   986MB     0.00000        0.100000E+52    NA
      37192       28224.21   986MB     0.00000        0.100000E+52    NA
      37246       28254.31   996MB     0.00000        0.100000E+52    NA
      37268       28284.59   996MB     0.00000        0.100000E+52    NA
      37285       28314.87   996MB     0.00000        0.100000E+52    NA
      37342       28344.92   996MB     0.00000        0.100000E+52    NA
      37401       28374.99   996MB     0.00000        0.100000E+52    NA
      37456       28405.23   996MB     0.00000        0.100000E+52    NA
      37513       28435.62   996MB     0.00000        0.100000E+52    NA
      37574       28466.04   996MB     0.00000        0.100000E+52    NA
      37617       28496.31  1006MB     0.00000        0.100000E+52    NA
      37662       28526.72  1006MB     0.00000        0.100000E+52    NA
      37722       28557.05  1006MB     0.00000        0.100000E+52    NA
      37781       28587.15  1006MB     0.00000        0.100000E+52    NA
      37848       28617.44  1006MB     0.00000        0.100000E+52    NA
      37872       28648.85  1006MB     0.00000        0.100000E+52    NA
      37891       28681.21  1006MB     0.00000        0.100000E+52    NA
      37933       28712.45  1006MB     0.00000        0.100000E+52    NA
      37952       28742.54  1006MB     0.00000        0.100000E+52    NA
      38002       28772.63  1015MB     0.00000        0.100000E+52    NA
      38062       28802.70  1015MB     0.00000        0.100000E+52    NA
      38120       28832.88  1015MB     0.00000        0.100000E+52    NA
      38154       28863.33  1015MB     0.00000        0.100000E+52    NA
      38174       28894.95  1015MB     0.00000        0.100000E+52    NA

ERROR: Your job was terminated because it exceeded the maximum allotted time for a job.

Please refer to the NEOS Server FAQ (https://neos-guide.org/content/FAQ) for more information regarding job termination conditions and potential solutions.
