Error at _cmdno 5 executing "solve" command
(file amplin, line 1945, offset 37257):
error processing param distances:
	4000 invalid subscripts discarded:
	distances[51,1,1]
	distances[51,1,2]
	distances[51,1,3]
	and 3997 more.
##### This license is only intended for use by NEOS. #####
##### License is valid until Jan 16, 2026 #####
riables.
Adjusted problem:
6726 variables:
	4276 nonlinear variables
	2450 linear variables
13100 constraints; 79725 nonzeros
	11875 nonlinear constraints
	1225 linear constraints
	1275 equality constraints
	11825 inequality constraints
1 linear objective; 1 nonzero.

Artelys Knitro 14.2.0: threads=4
algorithm=1
ms_enable=1
ms_maxsolves=10
feastol=1e-5
opttol=1e-5
honorbnds=1
bar_initpt=3
bar_murule=4
scale=1
outlev=2
maxtime_real=3600
WARNING:  Option 'threads' is deprecated, please use 'numthreads'.

=======================================
           Academic License
       (NOT FOR COMMERCIAL USE)
         Artelys Knitro 14.2.0
=======================================

No start point provided -- Knitro computing one.

Knitro presolve eliminated 0 variables and 0 constraints.

algorithm                1
bar_initpt               3
bar_murule               4
concurrent_evals         0
datacheck                0
feastol                  1e-05
findiff_numthreads       1
hessian_no_f             1
hessopt                  1
honorbnds                1
maxtime_real             3600
ms_enable                1
ms_maxsolves             10
numthreads               4
opttol                   1e-05

Problem Characteristics                                 (   Presolved)
-----------------------
Objective goal:  Minimize
Objective type:  linear
Number of variables:                               6726 (        6726)
    bounded below only:                             601 (         601)
    bounded above only:                               0 (           0)
    bounded below and above:                          0 (           0)
    fixed:                                            0 (           0)
    free:                                          6125 (        6125)
Number of constraints:                            13100 (       13100)
    linear equalities:                                0 (           0)
    quadratic equalities:                          1225 (        1225)
    gen. nonlinear equalities:                       50 (          50)
    linear one-sided inequalities:                 1225 (        1225)
    quadratic one-sided inequalities:             10600 (       10600)
    gen. nonlinear one-sided inequalities:            0 (           0)
    linear two-sided inequalities:                    0 (           0)
    quadratic two-sided inequalities:                 0 (           0)
    gen. nonlinear two-sided inequalities:            0 (           0)
Number of nonzeros in Jacobian:                   79725 (       79725)
Number of nonzeros in Hessian:                    36976 (       36976)

Knitro parallel multistart will run with 4 threads.

Return codes description
------------------------
  0:  The final solution satisfies the termination conditions for verifying optimality.
  -100 to -199:  A feasible approximate solution was found.
  -200 to -299:  Knitro terminated at an infeasible point.
  -300 to -301:  The problem was determined to be unbounded.
  -400 to -499:  Knitro terminated because it reached a pre-defined limit.
    -400 to -409:  A feasible point was found.
    -410 to -419:  No feasible point was found.
  -500 to -599:  Knitro terminated with an input error or some non-standard error.
A more detailed description of individual return codes and their corresponding
termination messages is provided at
https://www.artelys.com/app/docs/knitro/3_referenceManual/returnCodes.html

 Solve #  ThreadID  Status     Objective      FeasError    OptError    Real Time 
--------  --------  ------  --------------   ----------   ----------  ----------
      4          2    -202         1966.27      20825.2     0.999996      101.971
      3          2    -202         483.925      18846.0      61.2315      103.003
      2          3    -202         1853.32      64382.0      3.88092      125.991
      5          3    -202         310.312      19361.1      4.85507      133.427
      0          0       0        0.704319  1.39945e-04  9.76529e-06      127.656
      7          2    -202         2011.00      64181.9      22.0507      159.116
      8          3    -202         8843.29      30.0390  9.07322e-02      1612.77
      6          0    -410         36.0502  3.83590e-02  7.28198e-04      1711.95
      9          2    -410         876.155      4.87737  6.37445e-02      1893.92
      1          1    -410         541.652      1.42643     0.189893      1567.46

MULTISTART: Best locally optimal solution is returned.
EXIT: Locally optimal solution found.

Final Statistics
----------------
Final objective value               =   7.04319460683699e-01
Final feasibility error (abs / rel) =   1.40e-04 / 1.30e-07
Final optimality error  (abs / rel) =   9.77e-06 / 9.77e-06
# of iterations                     =      45681 
# of CG iterations                  =          0 
# of function evaluations           =      53938
# of gradient evaluations           =      45919
# of Hessian evaluations            =      45718
Total program time (secs)           =    2258.67456 (  7476.703 CPU time)

===============================================================================

Knitro 14.2.0: Locally optimal or satisfactory solution.
objective 0.7043194607; feasibility error 0.00014
45681 iterations; 53938 function evaluations

suffix feaserror OUT;
suffix opterror OUT;
suffix numfcevals OUT;
suffix numiters OUT;
---------------------------- Container and geometric considerations  ----------------------------
Container type: sphere
Structural conservation type: surface
---------------------------- Solution execution data ----------------------------
solve_result_num = 0
solve_result = solved

---------------------------- Solution data ----------------------------
card(figures) = 50

coords [*,*,1]
:       1         2         3         4       :=
1    19.8727   20.472    19.7961   19.3141
2    20.573    19.8473   19.3088   19.9646
3    19.3085   19.8266   20.44     19.815
4    19.8137   19.8272   19.3085   20.4402
5    19.8166   19.309    19.849    20.4404
6    19.8261   19.3084   20.4396   19.8167
7    20.5438   20.4049   19.851    20.0026
8    20.573    19.9646   19.3088   19.8474
9    20.5438   20.4043   19.8514   20.0022
10   20.0019   19.8522   20.5441   20.4031
11   20.3662   19.8848   20.5474   19.865
12   19.8848   19.865    20.3662   20.5474
13   19.3088   19.8478   19.9646   20.573
14   20.4041   20.0022   19.8516   20.5439
15   20.4402   19.3085   19.8139   19.8271
16   20.0023   20.4047   19.8512   20.5437
17   19.309    19.849    19.8166   20.4404
18   19.8264   19.8154   19.3084   20.4399
19   20.4045   20.0023   19.8513   20.5438
20   19.8518   20.4037   20.544    20.0021
21   19.8166   20.4404   19.309    19.849
22   20.4402   19.3085   19.8134   19.8269
23   19.8511   20.4048   20.0024   20.5437
24   20.5441   20.0019   20.4033   19.8521
25   20.3662   19.8848   19.865    20.5474
26   19.8131   19.8275   19.3085   20.4403
27   19.8163   19.3084   19.8261   20.4397
28   20.0022   19.8514   20.4044   20.5438
29   20.0024   19.8511   20.4049   20.5437
30   20.0019   20.4032   19.8522   20.5441
31   20.573    19.309    19.9645   19.8495
32   20.573    19.8498   19.3091   19.9646
33   19.8264   19.3084   19.8159   20.4398
34   20.002    19.852    20.4034   20.5441
35   19.309    20.4404   19.849    19.8166
36   19.8265   19.8157   20.4399   19.3084
37   20.5439   19.8518   20.4038   20.0021
38   19.8277   20.4405   19.3086   19.8122
39   19.8478   20.573    19.3088   19.9646
40   20.0022   20.5439   19.8517   20.404
41   19.8233   20.4395   19.3085   19.8169
42   20.573    19.8474   19.9645   19.3088
43   20.0019   20.5441   20.4032   19.8522
44   20.3662   20.5474   19.865    19.8848
45   20.4036   19.8519   20.002    20.544
46   19.8477   19.9646   20.573    19.3088
47   20.573    19.3088   19.9646   19.8478
48   20.002    20.4035   20.544    19.852
49   20.0022   20.5438   19.8515   20.4042
50   19.814    20.4402   19.8271   19.3085

 [*,*,2]
:       1         2         3         4       :=
1    19.7822   20.3753   19.3352   20.006
2    20.4035   20.5597   20.027    19.7994
3    20.051    20.5619   19.9404   19.324
4    19.3245   20.562    20.0523   19.9401
5    19.3235   20.0259   20.5601   19.9405
6    20.5618   20.0501   19.9392   19.3233
7    20.4104   19.8746   19.3127   19.8616
8    20.4035   19.7994   20.027    20.5597
9    20.4104   19.8735   19.3127   19.8609
10   19.8604   19.3127   20.4104   19.8714
11   19.8086   19.7877   20.4431   19.3129
12   19.7877   19.3129   19.8086   20.4431
13   20.0268   20.5598   19.7994   20.4035
14   19.8731   19.8609   19.3127   20.4104
15   19.94     20.0522   19.3244   20.5619
16   19.8611   19.8741   19.3127   20.4104
17   20.0259   20.5601   19.3235   19.9405
18   20.5619   19.3239   20.0508   19.9402
19   19.8739   19.861    19.3127   20.4104
20   19.3127   19.8725   20.4104   19.8607
21   19.3235   19.9405   20.026    20.5601
22   19.9412   20.0523   19.3246   20.5621
23   19.3127   19.8743   19.8612   20.4104
24   20.4104   19.8605   19.8718   19.3127
25   19.8086   19.7877   19.3129   20.4431
26   19.3247   20.562    20.0528   19.9402
27   19.3235   20.0502   20.5618   19.9394
28   19.861    19.3127   19.8737   20.4104
29   19.8613   19.3127   19.8745   20.4104
30   19.8605   19.8716   19.3127   20.4104
31   20.4035   20.0255   19.7993   20.5601
32   20.4035   20.5602   20.0253   19.7994
33   20.5618   20.0506   19.3236   19.9396
34   19.8605   19.3127   19.8719   20.4104
35   20.026    19.9405   20.5601   19.3235
36   20.5619   19.3237   19.9399   20.0506
37   20.4104   19.3127   19.8726   19.8607
38   20.5621   19.9401   20.0539   19.325
39   20.5598   20.4035   20.0268   19.7994
40   19.8609   20.4104   19.3127   19.8729
41   20.5624   19.9449   20.0487   19.3234
42   20.4035   20.5597   19.7994   20.0269
43   19.8604   20.4104   19.8715   19.3127
44   19.8086   20.4431   19.3129   19.7877
45   19.8722   19.3127   19.8607   20.4104
46   20.5598   19.7994   20.4035   20.0268
47   20.4035   20.0267   19.7994   20.5598
48   19.8605   19.8721   20.4104   19.3127
49   19.8609   20.4104   19.3127   19.8733
50   19.3244   19.9407   20.562    20.0516

 [*,*,3]
:       1         2         3         4       :=
1    19.3438   20.3619   19.905    19.8458
2    19.9296   20.3993   19.8676   19.3258
3    19.8766   20.3876   20.5467   19.9304
4    19.9294   20.3878   19.8769   20.5465
5    19.9305   19.8663   20.3995   20.5464
6    20.3876   19.8767   20.5469   19.9321
7    19.8212   20.5625   20.0389   19.3094
8    19.9297   19.3258   19.8676   20.3993
9    19.8213   20.5627   20.0401   19.3095
10   19.3097   20.0423   19.8222   20.5631
11   20.5704   19.3384   19.9926   20.0755
12   19.3384   20.0755   20.5704   19.9926
13   19.8673   20.3994   19.3258   19.9296
14   20.5627   19.3096   20.0406   19.8215
15   20.5465   19.877    19.9297   20.3878
16   19.3095   20.5626   20.0394   19.8209
17   19.8663   20.3995   19.9305   20.5464
18   20.3875   19.9307   19.8766   20.5468
19   20.5626   19.3095   20.0396   19.8211
20   20.0412   20.5629   19.8219   19.3096
21   19.9305   20.5464   19.8664   20.3995
22   20.5466   19.8767   19.929    20.3874
23   20.0392   20.5625   19.3095   19.821
24   19.8221   19.3096   20.563    20.0419
25   20.5704   19.3384   20.0755   19.9926
26   19.9289   20.3879   19.877    20.5464
27   19.9317   19.8767   20.3876   20.5468
28   19.3095   20.0399   20.5626   19.8212
29   19.3095   20.0391   20.5625   19.8209
30   19.3096   20.563    20.0421   19.8222
31   19.9297   19.866    19.3258   20.3996
32   19.9296   20.3996   19.8657   19.3258
33   20.3877   19.8767   19.9313   20.5468
34   19.3096   20.0418   20.563    19.822
35   19.8664   20.5464   20.3995   19.9305
36   20.3876   19.9311   20.5468   19.8767
37   19.8217   20.041    20.5628   19.3096
38   20.3879   20.5463   19.8773   19.9283
39   20.3994   19.9296   19.8673   19.3258
40   19.3096   19.8217   20.0407   20.5628
41   20.3854   20.5476   19.8754   19.9308
42   19.9297   20.3994   19.3258   19.8675
43   19.3097   19.8222   20.563    20.0422
44   20.5704   19.9926   20.0755   19.3384
45   20.5629   20.0414   19.3096   19.8219
46   20.3994   19.3258   19.9296   19.8673
47   19.9296   19.8672   19.3258   20.3994
48   19.3096   20.5629   19.822    20.0416
49   19.3096   19.8214   20.0403   20.5627
50   19.9295   20.5466   20.3877   19.8766
;

radius = 0.704319
softness = 0.75

---------------------------- Solution coords data ----------------------------
distances [*,1,*]
:    1   2   3   4    :=
1    0   1   0   1
2    0   1   0   1
3    0   1   0   1
4    0   1   0   1
5    0   1   0   1
6    0   1   0   1
7    0   1   0   1
8    0   1   0   1
9    0   1   0   1
10   0   1   0   1
11   0   1   0   1
12   0   1   0   1
13   0   1   0   1
14   0   1   0   1
15   0   1   0   1
16   0   1   0   1
17   0   1   0   1
18   0   1   0   1
19   0   1   0   1
20   0   1   0   1
21   0   1   0   1
22   0   1   0   1
23   0   1   0   1
24   0   1   0   1
25   0   1   0   1
26   0   1   0   1
27   0   1   0   1
28   0   1   0   1
29   0   1   0   1
30   0   1   0   1
31   0   1   0   1
32   0   1   0   1
33   0   1   0   1
34   0   1   0   1
35   0   1   0   1
36   0   1   0   1
37   0   1   0   1
38   0   1   0   1
39   0   1   0   1
40   0   1   0   1
41   0   1   0   1
42   0   1   0   1
43   0   1   0   1
44   0   1   0   1
45   0   1   0   1
46   0   1   0   1
47   0   1   0   1
48   0   1   0   1
49   0   1   0   1
50   0   1   0   1

 [*,2,*]
:    1   2   3   4    :=
1    0   0   1   1
2    0   0   1   1
3    0   0   1   1
4    0   0   1   1
5    0   0   1   1
6    0   0   1   1
7    0   0   1   1
8    0   0   1   1
9    0   0   1   1
10   0   0   1   1
11   0   0   1   1
12   0   0   1   1
13   0   0   1   1
14   0   0   1   1
15   0   0   1   1
16   0   0   1   1
17   0   0   1   1
18   0   0   1   1
19   0   0   1   1
20   0   0   1   1
21   0   0   1   1
22   0   0   1   1
23   0   0   1   1
24   0   0   1   1
25   0   0   1   1
26   0   0   1   1
27   0   0   1   1
28   0   0   1   1
29   0   0   1   1
30   0   0   1   1
31   0   0   1   1
32   0   0   1   1
33   0   0   1   1
34   0   0   1   1
35   0   0   1   1
36   0   0   1   1
37   0   0   1   1
38   0   0   1   1
39   0   0   1   1
40   0   0   1   1
41   0   0   1   1
42   0   0   1   1
43   0   0   1   1
44   0   0   1   1
45   0   0   1   1
46   0   0   1   1
47   0   0   1   1
48   0   0   1   1
49   0   0   1   1
50   0   0   1   1

 [*,3,*]
:    1   2   3   4    :=
1    1   0   0   1
2    1   0   0   1
3    1   0   0   1
4    1   0   0   1
5    1   0   0   1
6    1   0   0   1
7    1   0   0   1
8    1   0   0   1
9    1   0   0   1
10   1   0   0   1
11   1   0   0   1
12   1   0   0   1
13   1   0   0   1
14   1   0   0   1
15   1   0   0   1
16   1   0   0   1
17   1   0   0   1
18   1   0   0   1
19   1   0   0   1
20   1   0   0   1
21   1   0   0   1
22   1   0   0   1
23   1   0   0   1
24   1   0   0   1
25   1   0   0   1
26   1   0   0   1
27   1   0   0   1
28   1   0   0   1
29   1   0   0   1
30   1   0   0   1
31   1   0   0   1
32   1   0   0   1
33   1   0   0   1
34   1   0   0   1
35   1   0   0   1
36   1   0   0   1
37   1   0   0   1
38   1   0   0   1
39   1   0   0   1
40   1   0   0   1
41   1   0   0   1
42   1   0   0   1
43   1   0   0   1
44   1   0   0   1
45   1   0   0   1
46   1   0   0   1
47   1   0   0   1
48   1   0   0   1
49   1   0   0   1
50   1   0   0   1

 [*,4,*]
:    1   2   3   4    :=
1    1   1   1   0
2    1   1   1   0
3    1   1   1   0
4    1   1   1   0
5    1   1   1   0
6    1   1   1   0
7    1   1   1   0
8    1   1   1   0
9    1   1   1   0
10   1   1   1   0
11   1   1   1   0
12   1   1   1   0
13   1   1   1   0
14   1   1   1   0
15   1   1   1   0
16   1   1   1   0
17   1   1   1   0
18   1   1   1   0
19   1   1   1   0
20   1   1   1   0
21   1   1   1   0
22   1   1   1   0
23   1   1   1   0
24   1   1   1   0
25   1   1   1   0
26   1   1   1   0
27   1   1   1   0
28   1   1   1   0
29   1   1   1   0
30   1   1   1   0
31   1   1   1   0
32   1   1   1   0
33   1   1   1   0
34   1   1   1   0
35   1   1   1   0
36   1   1   1   0
37   1   1   1   0
38   1   1   1   0
39   1   1   1   0
40   1   1   1   0
41   1   1   1   0
42   1   1   1   0
43   1   1   1   0
44   1   1   1   0
45   1   1   1   0
46   1   1   1   0
47   1   1   1   0
48   1   1   1   0
49   1   1   1   0
50   1   1   1   0
;

---------------------------- Solution stats data ----------------------------
_ampl_time = 0.12005
_total_solve_time = 7476.93
_ampl_elapsed_time = 0.114727
_ampl_user_time = 0.096284

Total time elapsed: $7476.93.
_total_solve_time = 7476.93

---------------------------- Solution miscs data ----------------------------
tetrahedron_volume [*] :=
 1 0    6 0   11 0   16 0   21 0   26 0   31 0   36 0   41 0   46 0
 2 0    7 0   12 0   17 0   22 0   27 0   32 0   37 0   42 0   47 0
 3 0    8 0   13 0   18 0   23 0   28 0   33 0   38 0   43 0   48 0
 4 0    9 0   14 0   19 0   24 0   29 0   34 0   39 0   44 0   49 0
 5 0   10 0   15 0   20 0   25 0   30 0   35 0   40 0   45 0   50 0
;

---------------------------- Solution miscs data ----------------------------
tetrahedron_surface_area [*] :=
 1 1.73205   10 1.73205   19 1.73205   28 1.73205   37 1.73205   46 1.73205
 2 1.73205   11 1.73205   20 1.73205   29 1.73205   38 1.73205   47 1.73205
 3 1.73205   12 1.73205   21 1.73205   30 1.73205   39 1.73205   48 1.73205
 4 1.73205   13 1.73205   22 1.73205   31 1.73205   40 1.73205   49 1.73205
 5 1.73205   14 1.73205   23 1.73205   32 1.73205   41 1.73205   50 1.73205
 6 1.73205   15 1.73205   24 1.73205   33 1.73205   42 1.73205
 7 1.73205   16 1.73205   25 1.73205   34 1.73205   43 1.73205
 8 1.73205   17 1.73205   26 1.73205   35 1.73205   44 1.73205
 9 1.73205   18 1.73205   27 1.73205   36 1.73205   45 1.73205
;

