Error at _cmdno 5 executing "solve" command
(file amplin, line 1961, offset 37058):
error processing param distances:
	3680 invalid subscripts discarded:
	distances[71,1,1]
	distances[71,1,2]
	distances[71,1,3]
	and 3677 more.
##### This license is only intended for use by NEOS. #####
##### License is valid until Jan 16, 2026 #####
ariables.
Substitution eliminates 1 variable.
Adjusted problem:
12918 variables:
	8088 nonlinear variables
	4830 linear variables
25903 constraints; 155161 nonzeros
	22925 nonlinear constraints
	2978 linear constraints
	2486 equality constraints
	23417 inequality constraints
1 nonlinear objective; 3 nonzeros.

Artelys Knitro 14.2.0: threads=4
algorithm=1
ms_enable=1
ms_maxsolves=10
feastol=1e-5
opttol=1e-5
honorbnds=1
bar_initpt=3
bar_murule=4
scale=1
outlev=2
maxtime_real=1200
WARNING:  Option 'threads' is deprecated, please use 'numthreads'.
WARNING: 1 constraint is constant or undefined and will be ignored.

=======================================
           Academic License
       (NOT FOR COMMERCIAL USE)
         Artelys Knitro 14.2.0
=======================================

No start point provided -- Knitro computing one.

Knitro presolve eliminated 0 variables and 1 constraint.

algorithm                1
bar_initpt               3
bar_murule               4
concurrent_evals         0
datacheck                0
feastol                  1e-05
findiff_numthreads       1
hessian_no_f             1
hessopt                  1
honorbnds                1
maxtime_real             1200
ms_enable                1
ms_maxsolves             10
numthreads               4
opttol                   1e-05

Problem Characteristics                                 (   Presolved)
-----------------------
Objective goal:  Minimize
Objective type:  general
Number of variables:                              12918 (       12918)
    bounded below only:                               1 (           1)
    bounded above only:                               0 (           0)
    bounded below and above:                          0 (           0)
    fixed:                                            0 (           0)
    free:                                         12917 (       12917)
Number of constraints:                            25903 (       25902)
    linear equalities:                                1 (           0)
    quadratic equalities:                          2415 (        2415)
    gen. nonlinear equalities:                       70 (          70)
    linear one-sided inequalities:                 2977 (        2977)
    quadratic one-sided inequalities:             20440 (       20440)
    gen. nonlinear one-sided inequalities:            0 (           0)
    linear two-sided inequalities:                    0 (           0)
    quadratic two-sided inequalities:                 0 (           0)
    gen. nonlinear two-sided inequalities:            0 (           0)
Number of nonzeros in Jacobian:                  155161 (      155161)
Number of nonzeros in Hessian:                    70668 (       70668)

Knitro parallel multistart will run with 4 threads.

Return codes description
------------------------
  0:  The final solution satisfies the termination conditions for verifying optimality.
  -100 to -199:  A feasible approximate solution was found.
  -200 to -299:  Knitro terminated at an infeasible point.
  -300 to -301:  The problem was determined to be unbounded.
  -400 to -499:  Knitro terminated because it reached a pre-defined limit.
    -400 to -409:  A feasible point was found.
    -410 to -419:  No feasible point was found.
  -500 to -599:  Knitro terminated with an input error or some non-standard error.
A more detailed description of individual return codes and their corresponding
termination messages is provided at
https://www.artelys.com/app/docs/knitro/3_referenceManual/returnCodes.html

 Solve #  ThreadID  Status     Objective      FeasError    OptError    Real Time 
--------  --------  ------  --------------   ----------   ----------  ----------
      0          0       0         4.58061  1.85198e-05  2.42674e-05      1382.49
      4          0    -410     7.92372e+09  3.60065e+06      9258.44      9547.12
      6          2    -410     5.47628e+09  2.51036e+06      4120.45      7616.79
      2          3    -410     9.74569e+10      133329.      16707.4      9534.47
      3          2    -410     1.30553e+10      579118.      9715.71      9751.59
      1          1    -410     1.56833e+10  7.98758e+06      5100.77      9858.08
      5          3    -410     2.29122e+11  3.74188e+06      32580.8      7207.49
      7          1    -410     7.57401e+09      9927.55      2813.71      7486.16
      8          0    -410     4.82096e+12      56643.3      701041.      6460.00
      9          3    -410     1.88152e+11     0.593404      23443.5      3398.96

MULTISTART: Best locally optimal solution is returned.
EXIT: Locally optimal solution found.

Final Statistics
----------------
Final objective value               =   4.58060989406170e+00
Final feasibility error (abs / rel) =   1.85e-05 / 3.36e-06
Final optimality error  (abs / rel) =   2.43e-05 / 2.96e-06
# of iterations                     =      91672 
# of CG iterations                  =          0 
# of function evaluations           =      92199
# of gradient evaluations           =      91794
# of Hessian evaluations            =      91703
Total program time (secs)           =   20141.75195 ( 64247.699 CPU time)

===============================================================================

Knitro 14.2.0: Locally optimal or satisfactory solution.
objective 4.580609894; feasibility error 1.85e-05
91672 iterations; 92199 function evaluations

suffix feaserror OUT;
suffix opterror OUT;
suffix numfcevals OUT;
suffix numiters OUT;
---------------------------- Solver Status Report ----------------------------
solve_result_num = 0
solve_result = solved
solve_message = 'Knitro 14.2.0: Locally optimal or satisfactory solution.\
objective 4.580609894; feasibility error 1.85e-05\
91672 iterations; 92199 function evaluations'


---------------------------- Problem Dimensions ----------------------------
Variables: 25414
Constraints: 25974
---------------------------- Container and geometric considerations  ----------------------------
Container type: cylinder
Structural conservation type: volume & surface
---------------------------- Solution execution data ----------------------------
solve_result_num = 0
solve_result = solved

---------------------------- Solution data ----------------------------
card(figures) = 70

coords [*,*,1]
:        1             2             3             4         :=
1    -0.141288    -0.837924     -1.02647       -0.20134
2     0.697326     0.282296      0.118361       1.00951
3     0.994352     1.07168       0.178055       0.9584
4     0.480287    -0.0131875     0.685485       0.944553
5     0.636008    -0.294019      0.234283      -0.0154843
6     0.433059     0.265028      0.216886       1.09784
7    -0.578906    -0.0655322    -0.0456191     -0.885488
8    -0.971672    -0.437323     -0.210113      -1.04792
9     0.974882     1.11498       0.276761       1.04176
10    0.159447    -0.690385      0.0898665     -0.111188
11   -1.1123      -0.125276     -0.541891      -0.677457
12    0.0957664   -0.612087      0.0117335      0.33351
13   -1.06214     -0.232766     -1.08989       -0.918686
14   -0.792162    -0.180157      0.186216      -0.399338
15   -0.302916     0.0942343    -0.29858       -0.942054
16    0.90653      0.298473      1.04443        0.334737
17    0.351548     0.0378412     0.669891      -0.31201
18   -0.924711    -0.529488     -1.09429       -0.211112
19    0.221652     1.11212       0.654888       0.850456
20   -0.030752    -0.0602476    -0.374324      -0.874779
21   -0.344716     0.594544     -2.10402e-05   -0.100124
22    0.759394     0.181748      0.963636       0.18839
23   -0.358782    -0.759294     -0.727791       0.190368
24    0.0505043    0.648584     -0.302916       0.118854
25    0.244429     0.991847      1.07318        0.869556
26   -0.121158     0.0604738     0.310778       0.838456
27   -0.566441    -0.770378      0.118954      -0.0726182
28   -1.11588     -1.10775      -0.819824      -0.236585
29   -0.482837    -0.170994      0.085977      -0.931669
30   -0.358062     0.646594     -0.0366192     -0.0369043
31    1.08275      1.10179       0.212778       0.833993
32    0.0462854   -0.318721     -0.0566886     -0.83757
33    0.108978     0.205584     -0.479121       0.415989
34    0.183158     0.96948       0.648584       0.0771589
35   -0.50288     -1.09109      -0.163255      -0.157531
36   -0.217849     0.332365     -0.647157      -0.283865
37   -1.048       -1.02261      -0.682996      -0.243167
38   -0.0579284    0.176871     -0.771207      -0.448157
39   -0.0811864   -0.386641      0.542384       0.168104
40    0.02471      0.329447      0.951718       0.197134
41   -0.273665    -0.0911905    -0.898216      -0.825507
42    0.307676     0.520514     -0.358343      -0.147693
43   -1.03975     -1.02261      -1.048         -0.241025
44   -0.139092    -1.11028      -0.812697      -0.646678
45    0.391701    -0.015772     -0.0297254     -0.553311
46   -0.127384     0.46072       0.698581       0.845362
47    0.0795158   -0.523566     -0.00563824     0.468405
48    0.0849986    0.7966        1.11602        0.648584
49   -0.415755    -0.956917     -0.617685       0.0602085
50    0.0902978   -0.281246     -0.0251994      0.727241
51    0.119854     0.680126      1.03294        0.354864
52   -0.971846    -1.10887      -0.748124      -0.179871
53   -0.217849    -0.23795      -0.647157      -1.10661
54    0.172064     1.01341       1.10213        0.882406
55   -0.851172    -0.290366     -0.120273       0.0917296
56   -0.0726185   -0.566441      0.118955       0.374659
57    0.951718     0.196034      1.09784        0.377995
58    0.108826     0.935775     -0.019895       0.427819
59    0.649072    -0.00368196   -0.100958      -0.293961
60    0.0752082    0.957396     -0.0163461      0.520349
61    0.104631     0.968391      0.649979       1.04351
62   -0.66202     -0.639495     -0.0865697     -1.1123
63   -0.128412    -0.577008     -1.11139       -0.885488
64    0.838571    -0.0347545     0.638022       0.238354
65    0.511997     1.03144       0.136484       0.173009
66    0.164584     1.0155        0.327805       0.885494
67   -0.124296     0.145012      0.0898666      0.848451
68   -0.533669    -0.00525309   -0.201321       0.408056
69    0.0543398   -0.966343     -0.664942      -0.51859
70   -0.661629    -0.636884      0.0463816     -0.0823291

 [*,*,2]
:        1            2             3            4         :=
1     0.360993     0.737764    -0.110484      0.0633019
2     0.871865     1.08015      0.216663      0.476768
3    -0.507619     0.312899    -0.173365     -0.57261
4     0.387024     0.229704     0.881206     -0.129924
5     0.859534     1.07702      1.09157       0.203968
6     0.468556    -0.518938    -0.104243     -0.202874
7    -0.95461     -0.25622     -1.1155       -0.679945
8     0.383905     1.02721      0.112242      0.385075
9    -0.544075     0.0568699    0.123389      0.401442
10   -0.53225     -0.869253    -1.11281      -0.12473
11   -0.0959629   -0.125584    -0.976098     -0.552671
12   -0.216523    -0.933682    -1.11637      -1.06545
13    0.343913    -0.0220599   -0.241964     -0.634373
14    0.786697     0.155017     0.926369      1.04257
15   -1.07455     -0.2956      -1.07576      -0.453581
16   -0.651626    -0.0440837   -0.394429     -1.06507
17    1.05964      0.239322     0.893118      1.07194
18   -0.625558    -0.935929    -0.184427     -0.0244525
19    0.109265     0.0979994    0.904176      0.723282
20    1.08272      0.237036     1.05181       0.693668
21    0.1995       0.186893     0.938663     -0.0499565
22   -0.818373    -0.161179    -0.563753     -1.10042
23    0.25286     -0.156888    -0.727402     -0.389128
24   -0.0954491   -0.908709    -1.07455      -0.873973
25   -0.0457952   -0.512497     0.30774       0.480158
26   -0.685525    -0.0560804   -1.0723       -0.410798
27   -0.962059    -0.808042    -1.11007      -0.179249
28   -0.0349642   -0.138905     0.757827     -0.0215477
29   -0.0542429   -0.0464454   -0.763477     -0.615147
30    1.05745      0.869019     1.03204       0.146678
31   -0.272141     0.180201     0.00802995    0.742205
32    1.05757      0.252357     0.0668484     0.738166
33    0.863441    -0.151612     0.077649      0.248456
34   -1.1013      -0.502885    -0.908709     -0.232831
35   -0.870993    -0.131054    -0.0262278    -0.0483714
36   -0.0471938    0.845703     0.909726      0.504742
37    0.384863    -0.447972    -0.415697      0.124317
38    0.126392     1.10233      0.80725       0.431633
39    0.282405    -0.0518375    0.32242      -0.571178
40    0.933628     0.499995     0.583649     -0.100911
41    1.08237      0.246096     0.384518      0.751633
42   -0.405182     0.462483     0.272169     -0.113343
43    0.406613    -0.447972     0.384862      0.123624
44    0.142534    -0.0427895    0.765465      0.688381
45   -1.04546     -1.11632     -0.200975     -0.96967
46   -0.0848505   -0.028552     0.561509     -0.476978
47   -0.114964     0.16478     -0.654591      0.273655
48   -0.14876     -0.369994     0.0301753    -0.908709
49    0.0168313   -0.575085    -0.929988     -0.767864
50    1.11277      1.01731      0.206097      0.803898
51    0.169901     0.885348     0.276128      0.987975
52    0.54948     -0.129735     0.672155      0.013802
53   -0.0471939    0.435862     0.909726      0.147772
54   -0.139498    -0.468422     0.17813      -0.683939
55    0.72244      1.00494      0.138598      1.11265
56   -0.179249    -0.962059    -1.11007      -0.941383
57    0.583649    -0.101909    -0.202874      0.52417
58   -1.11111     -0.608882    -0.273205     -1.0312
59    0.858151     0.215845     0.265229      1.07345
60    0.390686     0.0813885   -0.225689     -0.484895
61    0.153445     0.0381715    0.895168      0.396859
62    0.42493     -0.523312    -0.154047     -0.0959629
63   -0.288714    -0.955759    -0.105967     -0.679945
64    0.737029     1.11589      0.916156      0.141608
65    0.303714    -0.340245     0.0726725    -0.601308
66   -0.134063    -0.463869    -1.06722      -0.679937
67   -0.0860954   -0.565612    -1.11281      -0.478223
68   -0.944514    -0.155909    -0.151656     -0.911428
69    0.0998553    0.341114    -0.663449     -0.0443076
70    0.413539    -0.634782    -0.0869464    -0.168185

 [*,*,3]
:        1             2            3            4         :=
1     0.672086    -0.0154763     0.365217    -0.258452
2     0.428673     1.36908       0.796789     1.28485
3     1.10159      0.452925      0.707828     0.131924
4     0.903797    -0.0081967     0.120421     0.222891
5     0.524598     0.677388      1.46522      1.02037
6     1.09354      0.85609       1.81823      1.30451
7    -0.464552    -0.00390569    0.42411      0.494221
8     0.106732     0.591661      0.774734     1.15276
9    -1.40107     -0.552991     -0.992269    -1.54087
10   -0.973949    -1.3631       -1.84465     -1.82159
11   -1.84465     -1.78934      -1.84465     -1.00659
12    0.762466     0.47156       1.29465      0.392103
13   -1.28889     -0.761441     -0.419424    -1.26601
14    1.34249      0.771152      1.38008      0.517738
15    1.83039      1.46227       0.881715     1.42837
16   -1.84465     -1.30715      -0.837257    -1.21052
17   -1.84465     -1.40804      -0.88548     -1.11761
18   -1.24512     -0.440468     -0.313029    -0.784259
19   -0.299093    -0.626112     -0.828643     0.174234
20   -0.19868     -0.818316     -1.18914     -0.389094
21   -0.822252    -0.689465     -0.275815     0.0597604
22    1.04088      0.674243      0.102768     0.207569
23    0.62309     -0.188265      0.569047     0.191481
24    1.7021       1.83039       1.83039      1.00265
25    0.753926     1.10549       0.45696      1.41164
26    0.55991     -0.259119     -0.19098      0.237937
27   -0.447281    -1.36089      -1.22723     -0.894255
28    0.381678    -0.58739      -0.237863    -0.189862
29    0.680495     1.68184       1.09422      1.30012
30   -1.1396      -0.904741     -0.247398    -0.809655
31    0.29927     -0.534411     -0.215171     0.203253
32   -0.214928    -0.7792        0.113507    -0.085382
33    1.58476      1.83039       1.21507      0.89254
34    0.910449     1.03519       1.83039      1.48883
35   -0.409894    -0.329283     -0.806915     0.141492
36   -1.84465     -1.84465      -1.84465     -1.06747
37    1.16296      0.525985      1.51776      0.733583
38    1.83039      1.52639       1.83039      1.02134
39    0.0433519    0.989385      0.823199     0.421456
40    1.83039      1.04356       1.83039      1.83039
41   -1.31523     -0.811292     -1.46669     -0.486927
42   -0.946053    -1.49547      -0.955663    -1.84465
43    0.114413     0.525984      1.16296      0.73244
44    1.09255      1.44249       0.851273     1.83039
45   -0.383723     0.47006       0.0252001   -0.418505
46   -1.84465     -1.10238      -1.84465     -1.84465
47    1.73042      1.00208       0.954051     0.837255
48    1.75985      1.02183       1.83039      1.83039
49    0.598658     1.27451       0.462746     1.10631
50   -0.230942     0.636723      0.0232296    0.44331
51   -1.1237      -0.85125      -1.62866     -1.7365
52   -1.24668     -0.585527     -0.229384    -0.815609
53   -1.84465     -1.00322      -1.84465     -1.51551
54   -0.3131       0.158125     -0.530424    -0.859908
55   -0.0798356    0.657844      0.0916971   -0.234294
56   -0.894255    -0.447281     -1.22723     -0.329369
57    1.83039      1.83039       1.30451      1.07607
58   -1.25743     -0.942407     -0.831585    -0.261508
59    0.500161     1.01139       0.0690001    0.679088
60   -0.994978    -0.5195       -0.279647    -1.14265
61   -1.12843     -0.544797     -0.822643    -1.5275
62   -1.07858     -1.0604       -1.7371      -1.84465
63    0.0342938   -0.469504     -0.282503     0.494221
64    0.106951    -0.26846      -0.906801    -0.323413
65    0.7462       0.153095     -0.205435     0.46121
66   -0.308398     0.178317     -0.17716     -0.839727
67   -1.84465     -1.07164      -1.84465     -1.84465
68   -0.454266    -0.900224      0.0446647   -0.344445
69    1.83039      1.83039       1.83039      1.08812
70   -1.07851     -1.05822      -0.693496    -1.7312
;

radius = 1.11643
height = 3.67503
softness = 0.1

---------------------------- Solution coords data ----------------------------
distances [*,1,*]
:    1   2   3   4    :=
1    0   1   0   1
2    0   1   0   1
3    0   1   0   1
4    0   1   0   1
5    0   1   0   1
6    0   1   0   1
7    0   1   0   1
8    0   1   0   1
9    0   1   0   1
10   0   1   0   1
11   0   1   0   1
12   0   1   0   1
13   0   1   0   1
14   0   1   0   1
15   0   1   0   1
16   0   1   0   1
17   0   1   0   1
18   0   1   0   1
19   0   1   0   1
20   0   1   0   1
21   0   1   0   1
22   0   1   0   1
23   0   1   0   1
24   0   1   0   1
25   0   1   0   1
26   0   1   0   1
27   0   1   0   1
28   0   1   0   1
29   0   1   0   1
30   0   1   0   1
31   0   1   0   1
32   0   1   0   1
33   0   1   0   1
34   0   1   0   1
35   0   1   0   1
36   0   1   0   1
37   0   1   0   1
38   0   1   0   1
39   0   1   0   1
40   0   1   0   1
41   0   1   0   1
42   0   1   0   1
43   0   1   0   1
44   0   1   0   1
45   0   1   0   1
46   0   1   0   1
47   0   1   0   1
48   0   1   0   1
49   0   1   0   1
50   0   1   0   1
51   0   1   0   1
52   0   1   0   1
53   0   1   0   1
54   0   1   0   1
55   0   1   0   1
56   0   1   0   1
57   0   1   0   1
58   0   1   0   1
59   0   1   0   1
60   0   1   0   1
61   0   1   0   1
62   0   1   0   1
63   0   1   0   1
64   0   1   0   1
65   0   1   0   1
66   0   1   0   1
67   0   1   0   1
68   0   1   0   1
69   0   1   0   1
70   0   1   0   1

 [*,2,*]
:    1   2   3   4    :=
1    0   0   1   1
2    0   0   1   1
3    0   0   1   1
4    0   0   1   1
5    0   0   1   1
6    0   0   1   1
7    0   0   1   1
8    0   0   1   1
9    0   0   1   1
10   0   0   1   1
11   0   0   1   1
12   0   0   1   1
13   0   0   1   1
14   0   0   1   1
15   0   0   1   1
16   0   0   1   1
17   0   0   1   1
18   0   0   1   1
19   0   0   1   1
20   0   0   1   1
21   0   0   1   1
22   0   0   1   1
23   0   0   1   1
24   0   0   1   1
25   0   0   1   1
26   0   0   1   1
27   0   0   1   1
28   0   0   1   1
29   0   0   1   1
30   0   0   1   1
31   0   0   1   1
32   0   0   1   1
33   0   0   1   1
34   0   0   1   1
35   0   0   1   1
36   0   0   1   1
37   0   0   1   1
38   0   0   1   1
39   0   0   1   1
40   0   0   1   1
41   0   0   1   1
42   0   0   1   1
43   0   0   1   1
44   0   0   1   1
45   0   0   1   1
46   0   0   1   1
47   0   0   1   1
48   0   0   1   1
49   0   0   1   1
50   0   0   1   1
51   0   0   1   1
52   0   0   1   1
53   0   0   1   1
54   0   0   1   1
55   0   0   1   1
56   0   0   1   1
57   0   0   1   1
58   0   0   1   1
59   0   0   1   1
60   0   0   1   1
61   0   0   1   1
62   0   0   1   1
63   0   0   1   1
64   0   0   1   1
65   0   0   1   1
66   0   0   1   1
67   0   0   1   1
68   0   0   1   1
69   0   0   1   1
70   0   0   1   1

 [*,3,*]
:    1   2   3   4    :=
1    1   0   0   1
2    1   0   0   1
3    1   0   0   1
4    1   0   0   1
5    1   0   0   1
6    1   0   0   1
7    1   0   0   1
8    1   0   0   1
9    1   0   0   1
10   1   0   0   1
11   1   0   0   1
12   1   0   0   1
13   1   0   0   1
14   1   0   0   1
15   1   0   0   1
16   1   0   0   1
17   1   0   0   1
18   1   0   0   1
19   1   0   0   1
20   1   0   0   1
21   1   0   0   1
22   1   0   0   1
23   1   0   0   1
24   1   0   0   1
25   1   0   0   1
26   1   0   0   1
27   1   0   0   1
28   1   0   0   1
29   1   0   0   1
30   1   0   0   1
31   1   0   0   1
32   1   0   0   1
33   1   0   0   1
34   1   0   0   1
35   1   0   0   1
36   1   0   0   1
37   1   0   0   1
38   1   0   0   1
39   1   0   0   1
40   1   0   0   1
41   1   0   0   1
42   1   0   0   1
43   1   0   0   1
44   1   0   0   1
45   1   0   0   1
46   1   0   0   1
47   1   0   0   1
48   1   0   0   1
49   1   0   0   1
50   1   0   0   1
51   1   0   0   1
52   1   0   0   1
53   1   0   0   1
54   1   0   0   1
55   1   0   0   1
56   1   0   0   1
57   1   0   0   1
58   1   0   0   1
59   1   0   0   1
60   1   0   0   1
61   1   0   0   1
62   1   0   0   1
63   1   0   0   1
64   1   0   0   1
65   1   0   0   1
66   1   0   0   1
67   1   0   0   1
68   1   0   0   1
69   1   0   0   1
70   1   0   0   1

 [*,4,*]
:    1   2   3   4    :=
1    1   1   1   0
2    1   1   1   0
3    1   1   1   0
4    1   1   1   0
5    1   1   1   0
6    1   1   1   0
7    1   1   1   0
8    1   1   1   0
9    1   1   1   0
10   1   1   1   0
11   1   1   1   0
12   1   1   1   0
13   1   1   1   0
14   1   1   1   0
15   1   1   1   0
16   1   1   1   0
17   1   1   1   0
18   1   1   1   0
19   1   1   1   0
20   1   1   1   0
21   1   1   1   0
22   1   1   1   0
23   1   1   1   0
24   1   1   1   0
25   1   1   1   0
26   1   1   1   0
27   1   1   1   0
28   1   1   1   0
29   1   1   1   0
30   1   1   1   0
31   1   1   1   0
32   1   1   1   0
33   1   1   1   0
34   1   1   1   0
35   1   1   1   0
36   1   1   1   0
37   1   1   1   0
38   1   1   1   0
39   1   1   1   0
40   1   1   1   0
41   1   1   1   0
42   1   1   1   0
43   1   1   1   0
44   1   1   1   0
45   1   1   1   0
46   1   1   1   0
47   1   1   1   0
48   1   1   1   0
49   1   1   1   0
50   1   1   1   0
51   1   1   1   0
52   1   1   1   0
53   1   1   1   0
54   1   1   1   0
55   1   1   1   0
56   1   1   1   0
57   1   1   1   0
58   1   1   1   0
59   1   1   1   0
60   1   1   1   0
61   1   1   1   0
62   1   1   1   0
63   1   1   1   0
64   1   1   1   0
65   1   1   1   0
66   1   1   1   0
67   1   1   1   0
68   1   1   1   0
69   1   1   1   0
70   1   1   1   0
;

---------------------------- Solution stats data ----------------------------
_ampl_time = 0.365376
_total_solve_time = 64248.5
_ampl_elapsed_time = 0.469302
_ampl_user_time = 0.308665

Total time elapsed: $64248.49.
_total_solve_time = 64248.5

---------------------------- Solution miscs data ----------------------------
tetrahedron_volume [*] :=
 1 0.117851   15 0.117851   29 0.117851   43 0.117851   57 0.117851
 2 0.117851   16 0.117851   30 0.117851   44 0.117851   58 0.117851
 3 0.117851   17 0.117851   31 0.117851   45 0.117851   59 0.117851
 4 0.117851   18 0.117851   32 0.117851   46 0.117851   60 0.117851
 5 0.117851   19 0.117851   33 0.117851   47 0.117851   61 0.117851
 6 0.117851   20 0.117851   34 0.117851   48 0.117851   62 0.117851
 7 0.117851   21 0.117851   35 0.117851   49 0.117851   63 0.117851
 8 0.117851   22 0.117851   36 0.117851   50 0.117851   64 0.117851
 9 0.117851   23 0.117851   37 0.117851   51 0.117851   65 0.117851
10 0.117851   24 0.117851   38 0.117851   52 0.117851   66 0.117851
11 0.117851   25 0.117851   39 0.117851   53 0.117851   67 0.117851
12 0.117851   26 0.117851   40 0.117851   54 0.117851   68 0.117851
13 0.117851   27 0.117851   41 0.117851   55 0.117851   69 0.117851
14 0.117851   28 0.117851   42 0.117851   56 0.117851   70 0.117851
;

---------------------------- Solution miscs data ----------------------------
tetrahedron_surface_area [*] :=
 1 0    8 0   15 0   22 0   29 0   36 0   43 0   50 0   57 0   64 0
 2 0    9 0   16 0   23 0   30 0   37 0   44 0   51 0   58 0   65 0
 3 0   10 0   17 0   24 0   31 0   38 0   45 0   52 0   59 0   66 0
 4 0   11 0   18 0   25 0   32 0   39 0   46 0   53 0   60 0   67 0
 5 0   12 0   19 0   26 0   33 0   40 0   47 0   54 0   61 0   68 0
 6 0   13 0   20 0   27 0   34 0   41 0   48 0   55 0   62 0   69 0
 7 0   14 0   21 0   28 0   35 0   42 0   49 0   56 0   63 0   70 0
;

