Error at _cmdno 5 executing "solve" command
(file amplin, line 1945, offset 37257):
error processing param distances:
	4000 invalid subscripts discarded:
	distances[51,1,1]
	distances[51,1,2]
	distances[51,1,3]
	and 3997 more.
##### This license is only intended for use by NEOS. #####
##### License is valid until Jan 16, 2026 #####
riables.
Adjusted problem:
6726 variables:
	4276 nonlinear variables
	2450 linear variables
13100 constraints; 79725 nonzeros
	11875 nonlinear constraints
	1225 linear constraints
	1275 equality constraints
	11825 inequality constraints
1 linear objective; 1 nonzero.

Artelys Knitro 14.2.0: threads=4
algorithm=1
ms_enable=1
ms_maxsolves=10
feastol=1e-5
opttol=1e-5
honorbnds=1
bar_initpt=3
bar_murule=4
scale=1
outlev=2
maxtime_real=3600
WARNING:  Option 'threads' is deprecated, please use 'numthreads'.

=======================================
           Academic License
       (NOT FOR COMMERCIAL USE)
         Artelys Knitro 14.2.0
=======================================

No start point provided -- Knitro computing one.

Knitro presolve eliminated 0 variables and 0 constraints.

algorithm                1
bar_initpt               3
bar_murule               4
concurrent_evals         0
datacheck                0
feastol                  1e-05
findiff_numthreads       1
hessian_no_f             1
hessopt                  1
honorbnds                1
maxtime_real             3600
ms_enable                1
ms_maxsolves             10
numthreads               4
opttol                   1e-05

Problem Characteristics                                 (   Presolved)
-----------------------
Objective goal:  Minimize
Objective type:  linear
Number of variables:                               6726 (        6726)
    bounded below only:                             601 (         601)
    bounded above only:                               0 (           0)
    bounded below and above:                          0 (           0)
    fixed:                                            0 (           0)
    free:                                          6125 (        6125)
Number of constraints:                            13100 (       13100)
    linear equalities:                                0 (           0)
    quadratic equalities:                          1225 (        1225)
    gen. nonlinear equalities:                       50 (          50)
    linear one-sided inequalities:                 1225 (        1225)
    quadratic one-sided inequalities:             10600 (       10600)
    gen. nonlinear one-sided inequalities:            0 (           0)
    linear two-sided inequalities:                    0 (           0)
    quadratic two-sided inequalities:                 0 (           0)
    gen. nonlinear two-sided inequalities:            0 (           0)
Number of nonzeros in Jacobian:                   79725 (       79725)
Number of nonzeros in Hessian:                    36976 (       36976)

Knitro parallel multistart will run with 4 threads.

Return codes description
------------------------
  0:  The final solution satisfies the termination conditions for verifying optimality.
  -100 to -199:  A feasible approximate solution was found.
  -200 to -299:  Knitro terminated at an infeasible point.
  -300 to -301:  The problem was determined to be unbounded.
  -400 to -499:  Knitro terminated because it reached a pre-defined limit.
    -400 to -409:  A feasible point was found.
    -410 to -419:  No feasible point was found.
  -500 to -599:  Knitro terminated with an input error or some non-standard error.
A more detailed description of individual return codes and their corresponding
termination messages is provided at
https://www.artelys.com/app/docs/knitro/3_referenceManual/returnCodes.html

 Solve #  ThreadID  Status     Objective      FeasError    OptError    Real Time 
--------  --------  ------  --------------   ----------   ----------  ----------
      4          3    -202         1139.69      24481.8      20.6128      155.086
      2          3    -202         1606.07      62294.0      3.82130      216.286
      7          1    -202         1917.10      62300.2      107.943      297.063
      0          0       0        0.658561  1.11617e-05  7.76308e-06      254.044
      9          2    -410         3738.04  1.16253e+06      1.00000      2093.94
      3          1    -410         157.822     0.142459     0.991687      2327.35
      6          3    -400        0.874590  9.80065e-05  1.89626e-03      2256.67
      8          0    -410         16471.5      7.12095      2.90689      2260.68
      5          0    -202         14349.5      5.37718      2460.11      2287.68
      1          2    -410         1635.83      11.3342      6.11169      2592.80

MULTISTART: Best locally optimal solution is returned.
EXIT: Locally optimal solution found.

Final Statistics
----------------
Final objective value               =   6.58561349158404e-01
Final feasibility error (abs / rel) =   1.12e-05 / 1.04e-08
Final optimality error  (abs / rel) =   7.76e-06 / 7.76e-06
# of iterations                     =      63049 
# of CG iterations                  =          0 
# of function evaluations           =      75282
# of gradient evaluations           =      63346
# of Hessian evaluations            =      63084
Total program time (secs)           =    4803.16064 ( 13370.697 CPU time)

===============================================================================

Knitro 14.2.0: Locally optimal or satisfactory solution.
objective 0.6585613492; feasibility error 1.12e-05
63049 iterations; 75282 function evaluations

suffix feaserror OUT;
suffix opterror OUT;
suffix numfcevals OUT;
suffix numiters OUT;
---------------------------- Container and geometric considerations  ----------------------------
Container type: sphere
Structural conservation type: surface
---------------------------- Solution execution data ----------------------------
solve_result_num = 0
solve_result = solved

---------------------------- Solution data ----------------------------
card(figures) = 50

coords [*,*,1]
:       1         2         3         4       :=
1    19.8769   19.572    20.097    20.4019
2    20.1301   20.4313   19.904    19.6028
3    19.8637   20.097    20.3935   19.5673
4    20.41     20.114    19.5839   19.88
5    20.395    20.0927   19.8685   19.5662
6    20.1211   19.89     20.4191   19.592
7    20.1116   20.426    19.9064   19.592
8    20.3961   19.5686   20.0966   19.8681
9    20.3969   20.0966   19.569    19.8693
10   19.9028   19.5992   20.4288   20.1252
11   20.1125   19.5852   19.8865   20.4136
12   19.5817   20.1095   20.4097   19.882
13   20.3831   20.2469   19.7912   19.6551
14   20.1339   19.8989   19.6034   20.4294
15   20.4156   19.8872   19.5881   20.1166
16   20.0982   19.8704   20.3982   19.5705
17   19.576    20.1036   19.8764   20.4039
18   20.4143   19.587    20.1157   19.8857
19   19.8692   19.5699   20.098    20.3974
20   19.8814   20.1054   20.4078   19.5789
21   19.5678   20.0963   19.8663   20.3949
22   20.4346   19.6046   19.9094   20.1299
23   20.116    19.9042   19.5939   20.4262
24   20.4293   19.6004   20.1273   19.9025
25   20.1027   19.8751   19.575    20.4028
26   19.8651   20.3937   19.5667   20.0953
27   19.5922   19.8948   20.1187   20.4213
28   19.9037   19.5954   20.1186   20.4269
29   19.5715   20.3988   20.0999   19.8705
30   20.1221   19.5977   19.9041   20.4285
31   20.0953   19.5709   20.4011   19.8768
32   19.5662   20.3974   20.0891   19.8745
33   20.124    19.8848   19.592    20.4167
34   19.899    20.1253   19.5979   20.4264
35   19.8641   20.0978   19.5679   20.394
36   19.8797   19.5919   20.4143   20.1267
37   19.8796   20.4056   19.5765   20.1026
38   19.604    20.4333   20.1304   19.907
39   19.9088   20.1276   20.4335   19.603
40   19.8759   20.4023   19.5735   20.1
41   20.4353   20.1264   19.6035   19.9124
42   20.3889   20.2397   19.6505   19.7995
43   19.8817   20.4087   19.5803   20.1075
44   19.8782   20.406    19.5783   20.1063
45   20.4253   20.1086   19.5904   19.9072
46   20.434    19.6058   19.9063   20.1335
47   19.6032   20.4321   19.9054   20.1299
48   19.5843   20.4121   20.1124   19.8841
49   19.9016   19.6017   20.1298   20.4296
50   20.097    20.3932   19.5671   19.8633

 [*,*,2]
:       1         2         3         4       :=
1    19.9714   19.5106   20.051    20.5117
2    20.0287   20.4856   19.9422   19.4852
3    19.9689   20.0646   20.5166   19.5168
4    20.5025   20.0509   19.5028   19.9546
5    20.5169   20.0588   19.9742   19.5161
6    20.0416   19.9491   20.4952   19.4954
7    20.023    20.4935   19.9617   19.4912
8    20.5152   19.5149   20.06     19.9702
9    20.5148   20.0588   19.5143   19.9703
10   19.9471   19.4877   20.4884   20.029
11   20.0439   19.5003   19.9574   20.5008
12   19.5035   20.048    20.5039   19.9596
13   20.4502   20.1695   19.798    19.5173
14   20.0346   19.9374   19.4863   20.4857
15   20.4985   19.9532   19.4984   20.0437
16   20.0578   19.9689   20.5135   19.5131
17   19.5084   20.0528   19.9646   20.5088
18   20.4995   19.4994   20.0453   19.9539
19   19.9689   19.5138   20.059    20.5141
20   19.9637   20.0479   20.5061   19.5053
21   19.5158   20.0617   19.9701   20.516
22   20.4837   19.4828   19.9434   20.0231
23   20.0261   19.9569   19.4905   20.4923
24   20.4876   19.4871   20.0298   19.9449
25   20.0539   19.9652   19.5093   20.5097
26   19.971    20.517    19.5168   20.0628
27   19.494    19.9525   20.0362   20.4946
28   19.9541   19.4898   20.027    20.4913
29   19.5126   20.5128   20.0582   19.9673
30   20.0271   19.4882   19.9506   20.4894
31   20.0509   19.5113   20.5126   19.9731
32   19.5147   20.5164   20.0521   19.979
33   20.0476   19.9452   19.4969   20.4958
34   19.9464   20.033    19.4895   20.4898
35   19.9682   20.0643   19.5164   20.5161
36   19.9416   19.4984   20.4963   20.0534
37   19.9662   20.5081   19.5072   20.0493
38   19.4837   20.4844   20.0256   19.9425
39   19.9457   20.0232   20.485    19.4839
40   19.9681   20.5107   19.51     20.0527
41   20.4842   20.0194   19.4827   19.9475
42   20.4536   20.1588   19.5124   19.807
43   19.9616   20.505    19.5044   20.048
44   19.9622   20.5069   19.5065   20.0514
45   20.4946   20.0217   19.492    19.965
46   20.4355   19.5305   19.7655   20.2005
47   19.4846   20.4852   19.9427   20.0271
48   19.5015   20.5017   20.0463   19.9571
49   19.9422   19.4866   20.0311   20.4867
50   20.065    20.5168   19.5171   19.9689

 [*,*,3]
:       1         2         3         4       :=
1    19.354    20.1029   20.6491   19.9003
2    20.6448   19.8922   19.3512   20.1038
3    19.3565   20.6482   19.8907   20.1139
4    19.8884   20.6461   20.1126   19.3546
5    19.8978   20.6493   19.3552   20.1068
6    20.6455   19.3532   19.8897   20.1092
7    20.6482   19.9094   19.3497   20.0885
8    19.8942   20.1099   20.6486   19.3556
9    19.895    20.6486   20.109    19.3554
10   19.3511   20.1012   19.8955   20.6456
11   20.6469   20.1061   19.3532   19.8944
12   20.1076   20.6471   19.8936   19.3539
13   19.7097   20.5865   19.409    20.2858
14   20.6437   19.3524   20.1109   19.8853
15   19.8914   19.3534   20.1083   20.6461
16   20.6484   19.3553   19.8945   20.1091
17   20.1082   20.6478   19.3545   19.8944
18   19.8911   20.1091   20.6462   19.3536
19   19.3555   20.11     20.6484   19.8939
20   19.3537   20.6478   19.8967   20.1052
21   20.1112   20.6485   19.3559   19.8932
22   19.8962   20.0992   19.3502   20.6452
23   20.6473   19.3503   20.0936   19.9042
24   19.8935   20.1031   20.6452   19.3513
25   20.6479   19.3547   20.1085   19.8943
26   19.3561   19.8931   20.1115   20.6486
27   20.1033   19.3521   20.6463   19.8952
28   19.3505   20.0958   20.6469   19.9017
29   20.1104   19.8933   20.6481   19.3554
30   20.6463   20.0979   19.3506   19.8991
31   20.6494   20.1018   19.9016   19.3539
32   20.0992   19.9051   20.6503   19.3539
33   20.6445   19.3544   20.1157   19.8835
34   19.3518   20.6454   20.1046   19.8927
35   19.3564   20.648    20.1142   19.8903
36   19.3557   20.122    19.8776   20.6435
37   19.3538   19.8977   20.1047   20.6482
38   20.1015   19.8941   20.645    19.3506
39   19.3501   20.6456   19.8978   20.0979
40   19.3544   19.8971   20.106    20.6484
41   19.9013   20.646    20.0942   19.3494
42   19.7231   20.5925   20.2716   19.4031
43   19.3538   19.8951   20.1065   20.6475
44   19.3544   19.8935   20.1086   20.6474
45   19.9126   20.6487   20.0857   19.3494
46   20.2359   19.7594   20.6082   19.3871
47   20.1025   19.8933   19.3509   20.6449
48   20.108    19.8928   20.6467   19.3537
49   19.3516   20.1057   20.6447   19.8907
50   20.6481   19.8904   20.1143   19.3565
;

radius = 0.658561
softness = 0.99

---------------------------- Solution coords data ----------------------------
distances [*,1,*]
:    1   2   3   4    :=
1    0   1   0   1
2    0   1   0   1
3    0   1   0   1
4    0   1   0   1
5    0   1   0   1
6    0   1   0   1
7    0   1   0   1
8    0   1   0   1
9    0   1   0   1
10   0   1   0   1
11   0   1   0   1
12   0   1   0   1
13   0   1   0   1
14   0   1   0   1
15   0   1   0   1
16   0   1   0   1
17   0   1   0   1
18   0   1   0   1
19   0   1   0   1
20   0   1   0   1
21   0   1   0   1
22   0   1   0   1
23   0   1   0   1
24   0   1   0   1
25   0   1   0   1
26   0   1   0   1
27   0   1   0   1
28   0   1   0   1
29   0   1   0   1
30   0   1   0   1
31   0   1   0   1
32   0   1   0   1
33   0   1   0   1
34   0   1   0   1
35   0   1   0   1
36   0   1   0   1
37   0   1   0   1
38   0   1   0   1
39   0   1   0   1
40   0   1   0   1
41   0   1   0   1
42   0   1   0   1
43   0   1   0   1
44   0   1   0   1
45   0   1   0   1
46   0   1   0   1
47   0   1   0   1
48   0   1   0   1
49   0   1   0   1
50   0   1   0   1

 [*,2,*]
:    1   2   3   4    :=
1    0   0   1   1
2    0   0   1   1
3    0   0   1   1
4    0   0   1   1
5    0   0   1   1
6    0   0   1   1
7    0   0   1   1
8    0   0   1   1
9    0   0   1   1
10   0   0   1   1
11   0   0   1   1
12   0   0   1   1
13   0   0   1   1
14   0   0   1   1
15   0   0   1   1
16   0   0   1   1
17   0   0   1   1
18   0   0   1   1
19   0   0   1   1
20   0   0   1   1
21   0   0   1   1
22   0   0   1   1
23   0   0   1   1
24   0   0   1   1
25   0   0   1   1
26   0   0   1   1
27   0   0   1   1
28   0   0   1   1
29   0   0   1   1
30   0   0   1   1
31   0   0   1   1
32   0   0   1   1
33   0   0   1   1
34   0   0   1   1
35   0   0   1   1
36   0   0   1   1
37   0   0   1   1
38   0   0   1   1
39   0   0   1   1
40   0   0   1   1
41   0   0   1   1
42   0   0   1   1
43   0   0   1   1
44   0   0   1   1
45   0   0   1   1
46   0   0   1   1
47   0   0   1   1
48   0   0   1   1
49   0   0   1   1
50   0   0   1   1

 [*,3,*]
:    1   2   3   4    :=
1    1   0   0   1
2    1   0   0   1
3    1   0   0   1
4    1   0   0   1
5    1   0   0   1
6    1   0   0   1
7    1   0   0   1
8    1   0   0   1
9    1   0   0   1
10   1   0   0   1
11   1   0   0   1
12   1   0   0   1
13   1   0   0   1
14   1   0   0   1
15   1   0   0   1
16   1   0   0   1
17   1   0   0   1
18   1   0   0   1
19   1   0   0   1
20   1   0   0   1
21   1   0   0   1
22   1   0   0   1
23   1   0   0   1
24   1   0   0   1
25   1   0   0   1
26   1   0   0   1
27   1   0   0   1
28   1   0   0   1
29   1   0   0   1
30   1   0   0   1
31   1   0   0   1
32   1   0   0   1
33   1   0   0   1
34   1   0   0   1
35   1   0   0   1
36   1   0   0   1
37   1   0   0   1
38   1   0   0   1
39   1   0   0   1
40   1   0   0   1
41   1   0   0   1
42   1   0   0   1
43   1   0   0   1
44   1   0   0   1
45   1   0   0   1
46   1   0   0   1
47   1   0   0   1
48   1   0   0   1
49   1   0   0   1
50   1   0   0   1

 [*,4,*]
:    1   2   3   4    :=
1    1   1   1   0
2    1   1   1   0
3    1   1   1   0
4    1   1   1   0
5    1   1   1   0
6    1   1   1   0
7    1   1   1   0
8    1   1   1   0
9    1   1   1   0
10   1   1   1   0
11   1   1   1   0
12   1   1   1   0
13   1   1   1   0
14   1   1   1   0
15   1   1   1   0
16   1   1   1   0
17   1   1   1   0
18   1   1   1   0
19   1   1   1   0
20   1   1   1   0
21   1   1   1   0
22   1   1   1   0
23   1   1   1   0
24   1   1   1   0
25   1   1   1   0
26   1   1   1   0
27   1   1   1   0
28   1   1   1   0
29   1   1   1   0
30   1   1   1   0
31   1   1   1   0
32   1   1   1   0
33   1   1   1   0
34   1   1   1   0
35   1   1   1   0
36   1   1   1   0
37   1   1   1   0
38   1   1   1   0
39   1   1   1   0
40   1   1   1   0
41   1   1   1   0
42   1   1   1   0
43   1   1   1   0
44   1   1   1   0
45   1   1   1   0
46   1   1   1   0
47   1   1   1   0
48   1   1   1   0
49   1   1   1   0
50   1   1   1   0
;

---------------------------- Solution stats data ----------------------------
_ampl_time = 0.100525
_total_solve_time = 13371
_ampl_elapsed_time = 0.096039
_ampl_user_time = 0.081622

Total time elapsed: $13370.97.
_total_solve_time = 13371

---------------------------- Solution miscs data ----------------------------
tetrahedron_volume [*] :=
 1 0    6 0   11 0   16 0   21 0   26 0   31 0   36 0   41 0   46 0
 2 0    7 0   12 0   17 0   22 0   27 0   32 0   37 0   42 0   47 0
 3 0    8 0   13 0   18 0   23 0   28 0   33 0   38 0   43 0   48 0
 4 0    9 0   14 0   19 0   24 0   29 0   34 0   39 0   44 0   49 0
 5 0   10 0   15 0   20 0   25 0   30 0   35 0   40 0   45 0   50 0
;

---------------------------- Solution miscs data ----------------------------
tetrahedron_surface_area [*] :=
 1 1.73205   10 1.73205   19 1.73205   28 1.73205   37 1.73205   46 1.73205
 2 1.73205   11 1.73205   20 1.73205   29 1.73205   38 1.73205   47 1.73205
 3 1.73205   12 1.73205   21 1.73205   30 1.73205   39 1.73205   48 1.73205
 4 1.73205   13 1.73205   22 1.73205   31 1.73205   40 1.73205   49 1.73205
 5 1.73205   14 1.73205   23 1.73205   32 1.73205   41 1.73205   50 1.73205
 6 1.73205   15 1.73205   24 1.73205   33 1.73205   42 1.73205
 7 1.73205   16 1.73205   25 1.73205   34 1.73205   43 1.73205
 8 1.73205   17 1.73205   26 1.73205   35 1.73205   44 1.73205
 9 1.73205   18 1.73205   27 1.73205   36 1.73205   45 1.73205
;

