Error at _cmdno 5 executing "solve" command
(file amplin, line 1977, offset 37900):
error processing param distances:
	4000 invalid subscripts discarded:
	distances[51,1,1]
	distances[51,1,2]
	distances[51,1,3]
	and 3997 more.
##### This license is only intended for use by NEOS. #####
##### License is valid until Jan 16, 2026 #####
riables.
Adjusted problem:
6726 variables:
	4275 nonlinear variables
	2451 linear variables
14100 constraints; 81325 nonzeros
	11675 nonlinear constraints
	2425 linear constraints
	1275 equality constraints
	12825 inequality constraints
1 linear objective; 1 nonzero.

Artelys Knitro 14.2.0: threads=4
algorithm=1
ms_enable=1
ms_maxsolves=10
feastol=1e-5
opttol=1e-5
honorbnds=1
bar_initpt=3
bar_murule=4
scale=1
outlev=2
maxtime_real=1200
WARNING:  Option 'threads' is deprecated, please use 'numthreads'.

=======================================
           Academic License
       (NOT FOR COMMERCIAL USE)
         Artelys Knitro 14.2.0
=======================================

No start point provided -- Knitro computing one.

Knitro presolve eliminated 0 variables and 0 constraints.

algorithm                1
bar_initpt               3
bar_murule               4
concurrent_evals         0
datacheck                0
feastol                  1e-05
findiff_numthreads       1
hessian_no_f             1
hessopt                  1
honorbnds                1
maxtime_real             1200
ms_enable                1
ms_maxsolves             10
numthreads               4
opttol                   1e-05

Problem Characteristics                                 (   Presolved)
-----------------------
Objective goal:  Minimize
Objective type:  linear
Number of variables:                               6726 (        6726)
    bounded below only:                             601 (         601)
    bounded above only:                               0 (           0)
    bounded below and above:                          0 (           0)
    fixed:                                            0 (           0)
    free:                                          6125 (        6125)
Number of constraints:                            14100 (       14100)
    linear equalities:                                0 (           0)
    quadratic equalities:                          1225 (        1225)
    gen. nonlinear equalities:                       50 (          50)
    linear one-sided inequalities:                 2425 (        2425)
    quadratic one-sided inequalities:             10400 (       10400)
    gen. nonlinear one-sided inequalities:            0 (           0)
    linear two-sided inequalities:                    0 (           0)
    quadratic two-sided inequalities:                 0 (           0)
    gen. nonlinear two-sided inequalities:            0 (           0)
Number of nonzeros in Jacobian:                   81325 (       81325)
Number of nonzeros in Hessian:                    36975 (       36975)

Knitro parallel multistart will run with 4 threads.

Return codes description
------------------------
  0:  The final solution satisfies the termination conditions for verifying optimality.
  -100 to -199:  A feasible approximate solution was found.
  -200 to -299:  Knitro terminated at an infeasible point.
  -300 to -301:  The problem was determined to be unbounded.
  -400 to -499:  Knitro terminated because it reached a pre-defined limit.
    -400 to -409:  A feasible point was found.
    -410 to -419:  No feasible point was found.
  -500 to -599:  Knitro terminated with an input error or some non-standard error.
A more detailed description of individual return codes and their corresponding
termination messages is provided at
https://www.artelys.com/app/docs/knitro/3_referenceManual/returnCodes.html

 Solve #  ThreadID  Status     Objective      FeasError    OptError    Real Time 
--------  --------  ------  --------------   ----------   ----------  ----------
      0          0       0         1.96294  6.50900e-05  5.61878e-06      1055.65
      1          3    -410         433.135  6.22776e-03     0.108588      3476.03
      4          0    -410         423.180     0.267488     0.928373      3360.22
      6          2    -410         458.900  1.34049e-02  5.06677e-02      2599.37
      9          2    -410         3513.90  7.09424e-03     0.720428      1802.01
      7          1    -201         32651.7  1.88349e-04      1.00000      2498.31
      5          3    -400         1701.73  7.11268e-06      1.98697      3471.21
      3          2    -400         10123.9  4.78644e-05      40.4142      3924.48
      8          0    -410         25090.9     0.876770     0.999991      3208.11
      2          1    -410         23849.4     0.100252  7.14249e-02      4145.68

MULTISTART: Best locally optimal solution is returned.
EXIT: Locally optimal solution found.

Final Statistics
----------------
Final objective value               =   1.96294094043352e+00
Final feasibility error (abs / rel) =   6.51e-05 / 3.56e-06
Final optimality error  (abs / rel) =   5.62e-06 / 5.62e-06
# of iterations                     =      90398 
# of CG iterations                  =          0 
# of function evaluations           =     156816
# of gradient evaluations           =      90706
# of Hessian evaluations            =      90480
Total program time (secs)           =    8326.96484 ( 25836.025 CPU time)

===============================================================================

Knitro 14.2.0: Locally optimal or satisfactory solution.
objective 1.96294094; feasibility error 6.51e-05
90398 iterations; 156816 function evaluations

suffix feaserror OUT;
suffix opterror OUT;
suffix numfcevals OUT;
suffix numiters OUT;
---------------------------- Container and geometric considerations  ----------------------------
Container type: cube
Structural conservation type: surface
---------------------------- Solution execution data ----------------------------
solve_result_num = 0
solve_result = solved

---------------------------- Solution data ----------------------------
card(figures) = 50

coords [*,*,1]
:       1         2         3         4       :=
1    20.9815   20.244    20.2677   20.1718
2    20.9815   19.8799   20.6381   20.2273
3    19.8887   20.7105   20.3103   20.9815
4    19.669    19.223    19.0185   19.0185
5    20.0266   20.2578   19.3194   20.1984
6    19.1547   19.8432   20.3166   19.7227
7    20.2911   20.1718   19.4272   19.5349
8    20.9283   20.1223   20.9815   20.9815
9    20.9815   20.9815   20.9815   20.1263
10   19.0185   19.0185   19.0185   19.752
11   20.3053   20.9815   20.9815   20.9815
12   19.0185   19.1741   19.4857   20.0903
13   19.0633   20.0872   19.2149   20.1421
14   20.9815   20.177    20.3837   20.9815
15   19.0185   19.0467   19.824    19.0185
16   20.2487   20.9815   20.5058   20.9815
17   19.7227   19.0185   19.0185   19.0185
18   20.2588   19.8887   19.1559   19.8796
19   20.682    19.5224   20.3703   19.9532
20   20.4395   20.2633   20.9815   19.9024
21   19.9144   19.5987   19.0185   19.4949
22   19.858    20.6427   19.7439   19.9163
23   20.3916   20.9815   20.9815   20.9815
24   20.9815   20.28     20.9815   20.3526
25   20.9815   20.9696   20.234    20.2679
26   19.1472   19.88     19.1431   19.8887
27   19.1431   19.8887   19.0185   19.1075
28   19.4716   19.0185   20.1802   19.8381
29   20.2372   20.2021   20.9569   20.0585
30   20.9815   20.3916   20.9815   20.2948
31   19.6855   19.0185   19.0185   19.0185
32   19.8468   19.1743   19.5531   19.0185
33   20.7105   19.7116   20.218    19.8887
34   20.7022   19.8908   20.8164   20.9815
35   19.4591   20.1489   20.2424   20.2572
36   19.8851   19.2061   19.0185   19.0185
37   20.225    19.7832   19.1998   19.8799
38   20.5184   20.7219   19.8797   19.6677
39   20.1304   19.824    19.0185   19.4104
40   19.0185   19.2063   19.8799   19.8252
41   19.2169   19.0185   19.0185   19.831
42   19.7632   20.178    20.0282   19.1018
43   20.1376   20.9815   20.4625   20.3095
44   20.3087   19.8082   20.9632   20.3314
45   19.7329   19.1163   19.9128   19.9632
46   20.0018   19.8799   20.6313   20.2203
47   20.9815   20.9815   20.1735   20.9815
48   20.1493   20.5248   19.8216   20.2262
49   20.1964   20.9815   20.971    20.9815
50   20.1899   19.8157   19.1743   19.5556

 [*,*,2]
:       1         2         3         4       :=
1    20.9711   20.0874   20.9699   20.9815
2    20.9815   20.9815   20.965    20.1592
3    19.0185   19.8399   19.0367   19.0185
4    20.2905   19.3864   20.3738   19.8196
5    20.4097   20.9815   20.2964   20.1276
6    19.8343   19.7187   19.8385   20.4064
7    19.8952   20.9815   20.6722   20.3323
8    20.9815   20.5126   20.0596   20.192
9    20.1255   20.7572   19.6225   20.3443
10   19.8226   19.0185   19.0185   19.5561
11   19.0185   19.0185   19.8458   19.0185
12   19.0667   20.1723   19.7073   19.4738
13   20.9815   20.4644   20.2815   20.9815
14   20.1853   20.1478   20.7269   20.9815
15   20.9815   20.2632   20.9815   20.9815
16   20.1954   20.5315   19.8906   19.3813
17   20.4064   19.8196   20.2603   20.9815
18   19.0185   19.0185   19.0185   19.7892
19   19.163    19.0894   19.6579   20.068
20   19.4641   20.1931   20.1787   20.131
21   20.1021   19.7599   20.0469   19.0185
22   20.1955   19.6647   19.3368   20.1139
23   19.5505   20.1787   19.0185   19.5323
24   19.0235   19.1113   19.8136   19.9911
25   20.9712   20.3      20.1007   20.9699
26   19.8349   19.7555   19.1262   19.0185
27   19.1262   19.0185   19.0185   19.8786
28   19.0185   19.0185   19.0185   19.6192
29   20.9815   20.0924   20.2885   20.1791
30   20.1787   19.5505   19.5327   20.1925
31   19.5743   20.2283   19.0667   19.8708
32   20.5229   20.2832   19.5935   19.8386
33   19.8399   19.8363   19.1181   19.0185
34   19.7641   19.0185   19.0574   19.0185
35   20.4272   20.9815   20.0527   20.9815
36   20.5674   20.3093   20.9815   20.001
37   20.1646   20.7029   20.058    20.9815
38   19.0185   19.7822   19.0185   19.7634
39   20.954    20.9815   20.9815   20.311
40   20.9815   20.043    20.9815   20.7534
41   20.0031   20.9815   20.9815   20.7945
42   19.8405   19.0185   19.809    19.1279
43   19.1756   19.288    19.9456   20.1221
44   19.1059   19.0185   19.0579   20.0232
45   19.6363   20.0078   20.102    20.6158
46   20.1586   20.9815   20.9815   20.1759
47   20.1956   20.9664   20.9815   20.9815
48   19.1372   20.2299   20.1221   19.9566
49   20.1534   20.0212   19.3047   20.192
50   20.1494   20.4246   20.2861   19.6014

 [*,*,3]
:       1         2         3         4       :=
1    20.9815   20.8227   20.0673   20.9815
2    19.0185   19.0185   19.7478   19.0185
3    20.9815   20.9815   20.2434   20.9815
4    20.9105   20.333    19.9603   20.9815
5    19.6423   20.1616   20.1717   20.7563
6    20.9815   20.0527   20.9815   20.9815
7    20.9815   20.9815   20.9815   20.2584
8    20.5744   19.8813   20.5189   19.7236
9    19.098    19.599    19.8492   19.8535
10   19.2601   19.0185   20.0988   19.7114
11   20.2458   19.8067   20.6225   20.9686
12   20.0486   20.0867   20.7169   20.2373
13   19.8398   19.6551   20.2522   20.2713
14   19.1455   19.1071   19.9818   19.0185
15   20.9815   20.1987   20.1441   19.8336
16   20.9718   20.9815   20.1406   20.8169
17   20.9815   20.9815   20.1695   20.9815
18   20.1796   20.9815   20.1576   20.6397
19   19.0185   19.0185   19.5734   19.0185
20   19.0185   19.9059   19.0185   19.0185
21   19.0185   19.7427   19.0185   19.0185
22   19.9212   19.8063   19.1469   19.0185
23   19.1566   19.0185   19.0185   19.984
24   19.8116   20.3536   20.5908   19.9464
25   20.9813   20.5349   20.798    20.0675
26   20.9815   20.6547   20.0969   20.9815
27   20.0969   20.9815   20.9815   20.9815
28   19.255    20.1551   20.1758   19.6593
29   20.0629   20.8101   20.5236   19.7949
30   19.0185   19.1566   19.9833   19.867
31   20.114    20.0241   20.0486   19.2099
32   19.5734   20.1933   19.8709   19.1312
33   20.9815   20.9815   20.2213   20.9815
34   19.9337   19.7004   19.0185   19.8067
35   20.2072   20.9602   20.8592   20.1613
36   19.6909   20.2374   19.8336   19.2101
37   19.0185   19.7891   19.0185   19.0185
38   19.2073   19.9393   19.6993   19.475
39   20.9622   20.1441   20.9815   20.3156
40   19.0185   19.1431   19.0185   19.8231
41   19.2391   19.0185   19.8336   19.8278
42   19.4692   20.178    20.23     20.0636
43   20.1948   20.8719   20.0668   20.8464
44   20.3322   19.6924   19.8131   19.9511
45   20.0368   19.1248   19.0185   19.6378
46   19.8297   19.0185   19.7479   19.0185
47   19.7277   20.5972   20.0099   19.5476
48   20.1019   20.2248   19.8455   20.922
49   19.9029   20.7492   20.0753   19.7236
50   20.6699   19.6049   20.1931   19.8683
;

side = 1.96294
softness = 0.35

---------------------------- Solution coords data ----------------------------
distances [*,1,*]
:    1   2   3   4    :=
1    0   1   0   1
2    0   1   0   1
3    0   1   0   1
4    0   1   0   1
5    0   1   0   1
6    0   1   0   1
7    0   1   0   1
8    0   1   0   1
9    0   1   0   1
10   0   1   0   1
11   0   1   0   1
12   0   1   0   1
13   0   1   0   1
14   0   1   0   1
15   0   1   0   1
16   0   1   0   1
17   0   1   0   1
18   0   1   0   1
19   0   1   0   1
20   0   1   0   1
21   0   1   0   1
22   0   1   0   1
23   0   1   0   1
24   0   1   0   1
25   0   1   0   1
26   0   1   0   1
27   0   1   0   1
28   0   1   0   1
29   0   1   0   1
30   0   1   0   1
31   0   1   0   1
32   0   1   0   1
33   0   1   0   1
34   0   1   0   1
35   0   1   0   1
36   0   1   0   1
37   0   1   0   1
38   0   1   0   1
39   0   1   0   1
40   0   1   0   1
41   0   1   0   1
42   0   1   0   1
43   0   1   0   1
44   0   1   0   1
45   0   1   0   1
46   0   1   0   1
47   0   1   0   1
48   0   1   0   1
49   0   1   0   1
50   0   1   0   1

 [*,2,*]
:    1   2   3   4    :=
1    0   0   1   1
2    0   0   1   1
3    0   0   1   1
4    0   0   1   1
5    0   0   1   1
6    0   0   1   1
7    0   0   1   1
8    0   0   1   1
9    0   0   1   1
10   0   0   1   1
11   0   0   1   1
12   0   0   1   1
13   0   0   1   1
14   0   0   1   1
15   0   0   1   1
16   0   0   1   1
17   0   0   1   1
18   0   0   1   1
19   0   0   1   1
20   0   0   1   1
21   0   0   1   1
22   0   0   1   1
23   0   0   1   1
24   0   0   1   1
25   0   0   1   1
26   0   0   1   1
27   0   0   1   1
28   0   0   1   1
29   0   0   1   1
30   0   0   1   1
31   0   0   1   1
32   0   0   1   1
33   0   0   1   1
34   0   0   1   1
35   0   0   1   1
36   0   0   1   1
37   0   0   1   1
38   0   0   1   1
39   0   0   1   1
40   0   0   1   1
41   0   0   1   1
42   0   0   1   1
43   0   0   1   1
44   0   0   1   1
45   0   0   1   1
46   0   0   1   1
47   0   0   1   1
48   0   0   1   1
49   0   0   1   1
50   0   0   1   1

 [*,3,*]
:    1   2   3   4    :=
1    1   0   0   1
2    1   0   0   1
3    1   0   0   1
4    1   0   0   1
5    1   0   0   1
6    1   0   0   1
7    1   0   0   1
8    1   0   0   1
9    1   0   0   1
10   1   0   0   1
11   1   0   0   1
12   1   0   0   1
13   1   0   0   1
14   1   0   0   1
15   1   0   0   1
16   1   0   0   1
17   1   0   0   1
18   1   0   0   1
19   1   0   0   1
20   1   0   0   1
21   1   0   0   1
22   1   0   0   1
23   1   0   0   1
24   1   0   0   1
25   1   0   0   1
26   1   0   0   1
27   1   0   0   1
28   1   0   0   1
29   1   0   0   1
30   1   0   0   1
31   1   0   0   1
32   1   0   0   1
33   1   0   0   1
34   1   0   0   1
35   1   0   0   1
36   1   0   0   1
37   1   0   0   1
38   1   0   0   1
39   1   0   0   1
40   1   0   0   1
41   1   0   0   1
42   1   0   0   1
43   1   0   0   1
44   1   0   0   1
45   1   0   0   1
46   1   0   0   1
47   1   0   0   1
48   1   0   0   1
49   1   0   0   1
50   1   0   0   1

 [*,4,*]
:    1   2   3   4    :=
1    1   1   1   0
2    1   1   1   0
3    1   1   1   0
4    1   1   1   0
5    1   1   1   0
6    1   1   1   0
7    1   1   1   0
8    1   1   1   0
9    1   1   1   0
10   1   1   1   0
11   1   1   1   0
12   1   1   1   0
13   1   1   1   0
14   1   1   1   0
15   1   1   1   0
16   1   1   1   0
17   1   1   1   0
18   1   1   1   0
19   1   1   1   0
20   1   1   1   0
21   1   1   1   0
22   1   1   1   0
23   1   1   1   0
24   1   1   1   0
25   1   1   1   0
26   1   1   1   0
27   1   1   1   0
28   1   1   1   0
29   1   1   1   0
30   1   1   1   0
31   1   1   1   0
32   1   1   1   0
33   1   1   1   0
34   1   1   1   0
35   1   1   1   0
36   1   1   1   0
37   1   1   1   0
38   1   1   1   0
39   1   1   1   0
40   1   1   1   0
41   1   1   1   0
42   1   1   1   0
43   1   1   1   0
44   1   1   1   0
45   1   1   1   0
46   1   1   1   0
47   1   1   1   0
48   1   1   1   0
49   1   1   1   0
50   1   1   1   0
;

---------------------------- Solution stats data ----------------------------
_ampl_time = 0.164108
_total_solve_time = 25836.4
_ampl_elapsed_time = 0.259232
_ampl_user_time = 0.133086

Total time elapsed: $25836.38.
_total_solve_time = 25836.4

---------------------------- Solution miscs data ----------------------------
tetrahedron_volume [*] :=
 1 0    6 0   11 0   16 0   21 0   26 0   31 0   36 0   41 0   46 0
 2 0    7 0   12 0   17 0   22 0   27 0   32 0   37 0   42 0   47 0
 3 0    8 0   13 0   18 0   23 0   28 0   33 0   38 0   43 0   48 0
 4 0    9 0   14 0   19 0   24 0   29 0   34 0   39 0   44 0   49 0
 5 0   10 0   15 0   20 0   25 0   30 0   35 0   40 0   45 0   50 0
;

---------------------------- Solution miscs data ----------------------------
tetrahedron_surface_area [*] :=
 1 1.73205   10 1.73205   19 1.73205   28 1.73205   37 1.73205   46 1.73205
 2 1.73205   11 1.73205   20 1.73205   29 1.73205   38 1.73205   47 1.73205
 3 1.73205   12 1.73205   21 1.73205   30 1.73205   39 1.73205   48 1.73205
 4 1.73205   13 1.73205   22 1.73205   31 1.73205   40 1.73205   49 1.73205
 5 1.73205   14 1.73205   23 1.73205   32 1.73205   41 1.73205   50 1.73205
 6 1.73205   15 1.73205   24 1.73205   33 1.73205   42 1.73205
 7 1.73205   16 1.73205   25 1.73205   34 1.73205   43 1.73205
 8 1.73205   17 1.73205   26 1.73205   35 1.73205   44 1.73205
 9 1.73205   18 1.73205   27 1.73205   36 1.73205   45 1.73205
;

