Error at _cmdno 5 executing "solve" command
(file amplin, line 1971, offset 37608):
error processing param distances:
	3200 invalid subscripts discarded:
	distances[101,1,1]
	distances[101,1,2]
	distances[101,1,3]
	and 3197 more.
##### This license is only intended for use by NEOS. #####
##### License is valid until Jan 16, 2026 #####
iables.
Adjusted problem:
25951 variables:
	16050 nonlinear variables
	9901 linear variables
53200 constraints; 315150 nonzeros
	45850 nonlinear constraints
	7350 linear constraints
	5050 equality constraints
	48150 inequality constraints
1 linear objective; 1 nonzero.

Artelys Knitro 14.2.0: algorithm=1
ms_enable=1
ms_maxsolves=50
ms_terminate=1
ms_savetol=0.01
feastol=1e-5
opttol=1e-5
bar_initpt=3
bar_murule=6
bar_penaltyrule=2
linsolver=0
scale=3
honorbnds=1
outlev=3
maxtime_real=28800
numthreads=4
presolve=1
bar_refinement=1
debug=0

=======================================
           Academic License
       (NOT FOR COMMERCIAL USE)
         Artelys Knitro 14.2.0
=======================================

No start point provided -- Knitro computing one.

Knitro presolve eliminated 0 variables and 0 constraints.

algorithm                1
bar_initpt               3
bar_murule               6
bar_penaltyrule          2
bar_refinement           1
concurrent_evals         0
datacheck                0
feastol                  1e-05
findiff_numthreads       1
hessian_no_f             1
hessopt                  1
honorbnds                1
maxtime_real             28800
ms_enable                1
ms_maxsolves             50
ms_savetol               0.01
ms_terminate             1
numthreads               4
opttol                   1e-05
outlev                   3
scale                    3

Problem Characteristics                                 (   Presolved)
-----------------------
Objective goal:  Minimize
Objective type:  linear
Number of variables:                              25951 (       25951)
    bounded below only:                            1201 (        1201)
    bounded above only:                               0 (           0)
    bounded below and above:                          0 (           0)
    fixed:                                            0 (           0)
    free:                                         24750 (       24750)
Number of constraints:                            53200 (       53200)
    linear equalities:                                0 (           0)
    quadratic equalities:                          4950 (        4950)
    gen. nonlinear equalities:                      100 (         100)
    linear one-sided inequalities:                 7350 (        7350)
    quadratic one-sided inequalities:             40800 (       40800)
    gen. nonlinear one-sided inequalities:            0 (           0)
    linear two-sided inequalities:                    0 (           0)
    quadratic two-sided inequalities:                 0 (           0)
    gen. nonlinear two-sided inequalities:            0 (           0)
Number of nonzeros in Jacobian:                  315150 (      315150)
Number of nonzeros in Hessian:                   141450 (      141450)

Knitro parallel multistart will run with 4 threads.

Return codes description
------------------------
  0:  The final solution satisfies the termination conditions for verifying optimality.
  -100 to -199:  A feasible approximate solution was found.
  -200 to -299:  Knitro terminated at an infeasible point.
  -300 to -301:  The problem was determined to be unbounded.
  -400 to -499:  Knitro terminated because it reached a pre-defined limit.
    -400 to -409:  A feasible point was found.
    -410 to -419:  No feasible point was found.
  -500 to -599:  Knitro terminated with an input error or some non-standard error.
A more detailed description of individual return codes and their corresponding
termination messages is provided at
https://www.artelys.com/app/docs/knitro/3_referenceManual/returnCodes.html

 Solve #  ThreadID  Status     Objective      FeasError    OptError    Real Time 
--------  --------  ------  --------------   ----------   ----------  ----------
      0          0       0         2.44803  4.71326e-05  2.22593e-07      482.548
     15          3    -410         1597.41  2.72918e-02      6.24563      4517.55
     14          0    -410         3080.66      11.0986     0.999995      4798.36
     13          1    -410         4713.96      12.1266      70.3606      4453.83
      1          2    -410         5115.35  1.60115e+06      49.9412      5406.25
      3          3    -410         6975.68      351376.      1.00000      5009.78
      6          3    -410         9737.41      7121.57      1.00000      5281.29
      7          0    -410         5891.14      364800.      38.4525      5470.30
     10          2    -410         11931.7      18611.4      4.61811      5454.15

MULTISTART: Best locally optimal solution is returned.
EXIT: Locally optimal solution found.

Final Statistics
----------------
Final objective value               =   2.44802780415381e+00
Final feasibility error (abs / rel) =   4.71e-05 / 2.60e-06
Final optimality error  (abs / rel) =   2.23e-07 / 2.23e-07
# of iterations                     =      81343 
# of CG iterations                  =          0 
# of function evaluations           =      85980
# of gradient evaluations           =      81492
# of Hessian evaluations            =      81375
Total program time (secs)           =   19977.00781 ( 74615.883 CPU time)

===============================================================================

Knitro 14.2.0: Locally optimal or satisfactory solution.
objective 2.448027804; feasibility error 4.71e-05
81343 iterations; 85980 function evaluations

suffix feaserror OUT;
suffix opterror OUT;
suffix numfcevals OUT;
suffix numiters OUT;
---------------------------- Container and geometric considerations  ----------------------------
Container type: cube
Structural conservation type: volume
---------------------------- Solution execution data ----------------------------
solve_result_num = 0
solve_result = solved

---------------------------- Solution data ----------------------------
card(figures) = 100

coords [*,*,1]
:        1         2         3         4       :=
1     20.0851   21.224    20.4635   21.1238
2     20.3396   19.427    20.3471   20.2634
3     20.511    21.2217   20.5046   21.1418
4     19.5471   18.776    18.776    18.776
5     20.3884   20.6925   20.4693   19.7797
6     18.776    18.9222   19.8755   19.8187
7     20.1387   20.4439   19.6124   20.2415
8     19.732    20.4723   20.8764   20.0092
9     21.224    21.224    21.224    20.2151
10    19.3429   18.776    18.776    19.5297
11    19.7362   18.776    19.7181   19.0663
12    20.2087   20.0888   19.6016   20.1225
13    19.5936   18.7865   18.776    19.7838
14    20.6115   20.5846   21.2201   21.224
15    19.6535   19.0218   18.776    19.7569
16    21.0737   21.224    20.3975   21.224
17    20.5443   19.7474   19.7746   19.8729
18    20.0658   20.4285   19.2458   19.9025
19    21.224    20.6094   21.224    21.224
20    19.0134   19.6865   20.0486   19.6573
21    18.776    19.4007   18.8145   18.776
22    19.4042   19.7243   19.7261   18.7852
23    21.1604   21.224    20.3454   21.224
24    20.2875   20.2211   21.224    21.0697
25    20.4149   21.224    21.1947   21.224
26    20.4166   21.1929   21.224    20.559
27    18.9221   18.776    18.776    19.8753
28    20.2988   20.3548   21.1992   20.2917
29    20.5228   21.1521   20.4884   19.9249
30    19.5717   20.2296   20.3112   20.2417
31    19.9777   19.5896   19.6963   20.2367
32    19.2318   19.9468   18.859    20.103
33    21.1234   21.1797   20.0849   20.4294
34    21.224    20.2712   21.224    21.224
35    20.4795   19.7607   19.93     19.5955
36    19.6432   18.8203   19.7928   19.6185
37    19.7259   19.3867   18.776    18.776
38    21.224    20.6092   20.5245   20.0084
39    19.7864   20.6165   20.218    19.7354
40    19.9618   20.5116   20.5948   19.965
41    19.6261   19.7554   19.7304   18.869
42    19.8168   19.9267   20.3633   20.3995
43    20.1033   21.2238   20.1727   20.8295
44    19.7378   18.776    18.776    19.2987
45    21.224    20.3583   20.234    21.2239
46    19.7476   19.4258   18.7857   19.5913
47    21.161    20.4015   20.1311   21.2239
48    18.8004   19.4235   19.3345   19.4996
49    20.1254   20.5653   21.224    20.9269
50    19.3165   18.776    18.776    18.776
51    20.9957   20.4615   19.7902   19.9994
52    19.4733   19.7358   20.3295   20.1176
53    19.4455   18.776    19.3729   18.776
54    18.9435   19.5964   19.6128   19.8976
55    18.776    19.7729   18.776    18.776
56    18.7763   18.8688   19.6262   19.7552
57    18.776    18.776    18.776    19.6582
58    19.4149   20.1936   20.3385   19.4693
59    18.776    19.6324   18.776    18.776
60    18.9149   19.9362   18.776    19.664
61    19.6599   19.9363   18.917    20.0871
62    19.4048   19.1518   18.7897   19.8989
63    19.9724   21.2147   20.5942   20.5084
64    19.223    20.2085   20.0886   19.6767
65    20.3165   20.4054   21.224    20.3397
66    18.7764   18.776    19.5048   18.776
67    21.224    20.2813   20.3542   21.1949
68    21.1515   20.1948   20.488    19.9248
69    19.2461   20.19     19.4505   19.4638
70    18.776    19.3164   18.776    19.6417
71    19.5964   20.4405   19.613    19.9111
72    21.0588   20.0674   19.9364   20.4212
73    20.6925   20.3885   20.4862   21.2237
74    21.224    20.1662   20.8607   20.2555
75    18.776    19.7069   18.836    18.776
76    20.4163   20.2456   21.1942   20.1612
77    20.2883   21.0222   20.2362   20.2217
78    20.4225   19.9717   21.2096   20.4397
79    20.166    21.224    21.0671   21.224
80    21.224    20.4382   21.224    21.224
81    20.4773   20.691    19.9729   19.5735
82    20.6115   20.5879   21.224    20.0578
83    19.6809   19.7923   19.9818   18.8875
84    18.776    19.4536   19.7102   18.776
85    19.492    19.9812   20.4674   20.0306
86    20.3365   21.224    21.224    21.2001
87    19.757    19.0217   18.776    18.776
88    20.1227   20.1089   20.1854   20.8462
89    19.9102   18.776    19.6123   19.1796
90    20.8586   20.1729   21.224    21.224
91    20.3965   21.224    21.224    21.224
92    19.4259   20.2631   19.7498   19.5914
93    18.776    19.8217   19.3436   18.776
94    19.1413   19.8625   19.79     19.6735
95    21.224    21.224    20.508    21.224
96    21.1992   20.2524   21.224    20.3406
97    20.1947   20.4968   19.9419   19.4354
98    21.2239   21.2228   20.5245   20.6091
99    21.224    20.249    21.224    21.2209
100   19.4261   19.75     20.2633   20.2855

 [*,*,2]
:        1         2         3         4       :=
1     20.7409   20.7636   21.224    21.224
2     21.224    21.2239   21.2168   20.3018
3     19.1065   19.5876   19.9413   19.5997
4     19.2972   19.1681   18.776    20.0108
5     21.0329   20.041    20.54     19.9483
6     20.506    19.948    20.0173   20.6461
7     18.813    20.0199   19.9412   19.7784
8     21.224    20.3144   21.224    21.224
9     20.5726   20.6796   19.604    20.1276
10    18.7761   19.7494   18.776    19.0875
11    20.9497   20.5142   20.0803   20.1519
12    18.7922   19.8181   18.776    18.8021
13    20.278    20.9284   20.5528   21.224
14    20.6312   21.2239   20.481    21.2239
15    21.224    20.6403   21.224    20.6042
16    21.224    20.5696   20.2087   20.7681
17    20.4093   19.5778   20.7948   20.3033
18    19.5726   18.776    18.776    19.2746
19    21.224    20.6313   20.4811   20.0723
20    19.7261   18.8011   19.7191   19.9123
21    19.7365   20.1445   19.0464   20.0267
22    19.9864   20.6108   19.8848   20.6196
23    19.5768   19.6039   19.9928   20.5724
24    18.776    18.776    18.776    19.5256
25    20.2399   20.6656   20.786    19.5612
26    20.2426   20.7966   19.5602   19.8393
27    19.948    20.506    19.6998   20.0174
28    19.256    18.808    19.6926   19.9847
29    19.0412   19.5942   19.95     19.3858
30    18.776    19.793    18.7761   18.7764
31    20.7346   19.9996   19.6215   20.1167
32    18.776    19.4164   18.8239   18.776
33    21.224    20.746    20.7409   20.349
34    20.0233   19.2247   19.6786   18.7783
35    20.7455   21.2239   20.7337   20.0679
36    20.0954   19.7108   20.0506   19.3003
37    19.8846   20.0044   19.7541   20.6273
38    20.4993   20.6317   19.9875   20.5353
39    20.6221   20.1378   20.162    19.6239
40    20.0139   20.0055   20.6322   20.5839
41    20.2759   21.224    21.224    21.224
42    20.1456   19.2799   20.0932   19.4311
43    18.776    18.776    18.776    19.7217
44    19.3543   18.8344   19.3193   18.776
45    19.2136   18.7926   19.9597   19.6859
46    20.6106   21.2239   20.6196   19.99
47    19.5762   19.9641   20.0391   20.5707
48    19.7096   19.1064   18.7897   19.9987
49    21.1076   20.141    20.6001   21.224
50    20.7804   20.6036   21.224    20.0251
51    21.2059   20.1657   21.2106   20.498
52    19.8311   19.0703   19.7922   20.1398
53    19.7099   19.7541   20.071    19.0105
54    19.2288   18.8758   19.8095   20.0285
55    21.224    21.224    21.224    20.5549
56    20.9253   21.224    20.2759   21.224
57    21.224    21.224    20.5802   21.224
58    19.1523   18.7781   19.8901   19.733
59    19.1609   20.025    20.011    19.6997
60    20.527    21.224    21.224    21.1945
61    21.1934   21.224    20.5287   20.61
62    20.0851   19.333    19.0034   19.3602
63    19.9998   20.0807   20.645    19.9993
64    19.4983   18.7988   19.8205   18.776
65    20.3721   21.224    21.2237   21.224
66    19.7491   20.6036   20.1667   20.025
67    19.6838   19.2331   19.972    20.0786
68    19.5941   20.0099   19.9499   19.3859
69    18.776    18.776    18.776    19.4113
70    20.6035   20.7803   20.025    20.2091
71    18.8757   19.3765   19.8096   20.0802
72    21.224    20.6106   21.224    21.224
73    20.0411   21.0329   20.4385   20.8431
74    18.776    18.776    19.758    19.1738
75    19.9354   20.6301   20.6416   20.506
76    19.9106   19.8167   19.5215   18.8267
77    18.776    19.48     19.6706   18.7765
78    19.9962   19.9998   20.0803   19.3777
79    18.776    18.776    19.5382   18.776
80    19.5408   19.9245   20.4991   20.0722
81    20.4993   20.0407   19.6842   19.9268
82    20.6313   21.1505   20.5002   20.5389
83    20.0761   21.1979   20.603    20.525
84    19.7025   19.9061   20.1274   20.4975
85    21.224    21.224    21.224    20.5909
86    18.776    18.776    18.776    19.6713
87    20.6041   20.6404   20.5061   21.224
88    18.8004   19.767    19.0245   19.7445
89    19.3026   19.0445   19.9413   19.6588
90    19.7637   18.7762   18.776    18.776
91    21.2112   20.5376   21.224    21.224
92    21.2235   20.302    20.6178   19.9898
93    19.2956   19.3481   18.776    18.776
94    20.1436   20.0957   21.0073   20.0795
95    19.5889   18.7761   19.1043   19.6155
96    19.6926   19.2335   18.776    18.7929
97    20.5113   21.2237   20.248    21.2239
98    20.0723   20.4982   19.9875   20.6315
99    20.6794   20.0644   19.6039   19.5884
100   21.2233   20.6174   20.3019   21.1121

 [*,*,3]
:        1         2         3         4       :=
1     20.6448   21.0964   21.2128   20.1574
2     18.776    18.7775   19.6161   18.776
3     20.1705   21.0545   20.7112   19.8128
4     20.6865   20.6527   19.8597   20.0186
5     21.224    21.224    20.4626   21.1705
6     21.224    20.4263   21.224    20.8961
7     21.224    21.224    21.224    20.5022
8     19.9176   20.0194   20.2001   19.3068
9     19.8369   20.4992   20.3927   20.4043
10    19.4544   19.9849   19.8596   20.6424
11    20.7318   20.0697   19.8408   20.6211
12    19.9821   20.6771   20.7121   21.224
13    19.7237   19.3816   18.8259   19.1008
14    18.779    19.5095   19.7702   18.777
15    20.841    20.2198   21.224    21.2239
16    20.0542   19.818    20.303    21.0471
17    20.2797   20.3578   20.619    21.224
18    19.1487   18.776    18.8725   19.7842
19    18.776    18.776    19.775    18.776
20    20.1335   20.6221   20.673    21.1826
21    18.7986   19.7951   19.7764   20.0092
22    19.6541   19.5505   18.776    18.779
23    19.597    20.3927   20.4413   19.837
24    19.2886   20.2691   19.666    19.9019
25    20.4217   20.5064   21.224    21.081
26    20.4236   21.2239   21.0812   21.224
27    20.4262   21.224    21.224    21.224
28    18.8053   19.3175   19.3738   19.719
29    20.1161   19.7981   20.7338   19.7777
30    19.9367   19.6488   18.9351   19.9697
31    20.2006   19.2738   20.4551   19.449
32    20.3346   21.0995   21.224    21.224
33    20.1572   21.0517   20.6448   20.141
34    18.776    18.776    19.3721   18.776
35    19.1806   19.8541   20.2976   19.4227
36    19.6141   20.0235   20.7225   20.215
37    18.776    19.6285   18.776    18.776
38    19.8188   18.7762   19.7138   19.8622
39    20.5767   20.1951   19.5035   20.3719
40    18.776    19.7123   18.7986   19.8714
41    19.7287   19.1038   19.9699   19.9779
42    18.8503   19.7381   19.6785   18.776
43    21.224    21.224    20.5568   20.8665
44    19.2608   19.8564   18.776    18.776
45    19.8413   19.3117   19.7268   19.3648
46    19.5696   18.776    18.7792   18.776
47    19.5962   20.3832   19.7377   19.8365
48    19.9665   20.3893   19.4603   19.7071
49    19.4564   20.1061   19.7486   20.1732
50    20.0066   18.8995   19.9788   20.0018
51    20.2417   20.0034   19.9309   20.4789
52    19.6696   19.6409   20.4634   19.2868
53    18.776    18.776    19.8214   19.5587
54    18.776    18.776    19.5992   18.776
55    19.8361   19.0905   18.776    18.8246
56    19.3845   19.9781   19.7285   19.1039
57    21.224    19.979    20.2361   20.8338
58    20.1172   19.9668   20.5075   19.6302
59    20.6582   20.9221   20.0186   21.224
60    20.1141   19.9684   19.979    20.8511
61    20.8616   19.9682   20.1157   20.4651
62    19.7419   18.9654   19.7804   19.342
63    18.776    18.776    18.776    19.7173
64    20.2764   19.9774   20.6786   20.6207
65    18.8111   19.7147   18.7767   18.776
66    18.8504   18.8993   19.7696   20.0016
67    19.3633   18.7761   19.7042   18.7922
68    19.7981   19.7201   20.7338   19.7777
69    18.8726   19.0992   20.1007   19.8858
70    18.8995   20.0066   20.0018   19.7024
71    18.776    18.776    19.599    18.776
72    20.2453   20.4182   19.9682   21.1149
73    21.224    21.224    20.3064   21.224
74    20.5429   20.5568   20.8782   20.0088
75    20.4813   20.9294   20.0398   21.224
76    21.224    20.4737   21.224    21.2238
77    19.276    19.8637   19.6121   20.2683
78    19.6514   18.776    18.776    18.776
79    20.3023   20.5429   19.9059   19.666
80    19.5858   19.7012   19.819    18.776
81    20.5225   21.224    20.2716   21.1591
82    18.7791   19.4191   19.8109   19.813
83    19.6466   19.9368   20.4333   20.1059
84    19.9365   20.7104   19.7232   20.1149
85    21.2235   20.0787   21.224    20.6173
86    19.3083   18.776    19.666    19.36
87    21.224    20.2199   21.224    21.224
88    21.224    20.4396   20.0852   20.8564
89    21.224    21.224    21.224    20.3416
90    20.8802   20.5568   20.5429   21.224
91    19.7089   19.6993   18.8834   20.1284
92    18.776    18.776    19.5792   18.776
93    20.7998   21.1131   20.1161   21.224
94    20.5314   21.1428   20.7341   19.9124
95    21.0657   20.5428   20.17     19.8677
96    19.3738   18.776    18.776    19.3166
97    20.5412   21.224    21.224    21.2236
98    18.7761   19.8186   19.7138   18.7761
99    20.4992   20.4501   20.3928   21.0656
100   18.7762   19.58     18.7761   19.4723
;

side = 2.44803
softness = 0.55

---------------------------- Solution coords data ----------------------------
distances [*,1,*]
:     1   2   3   4    :=
1     0   1   0   1
2     0   1   0   1
3     0   1   0   1
4     0   1   0   1
5     0   1   0   1
6     0   1   0   1
7     0   1   0   1
8     0   1   0   1
9     0   1   0   1
10    0   1   0   1
11    0   1   0   1
12    0   1   0   1
13    0   1   0   1
14    0   1   0   1
15    0   1   0   1
16    0   1   0   1
17    0   1   0   1
18    0   1   0   1
19    0   1   0   1
20    0   1   0   1
21    0   1   0   1
22    0   1   0   1
23    0   1   0   1
24    0   1   0   1
25    0   1   0   1
26    0   1   0   1
27    0   1   0   1
28    0   1   0   1
29    0   1   0   1
30    0   1   0   1
31    0   1   0   1
32    0   1   0   1
33    0   1   0   1
34    0   1   0   1
35    0   1   0   1
36    0   1   0   1
37    0   1   0   1
38    0   1   0   1
39    0   1   0   1
40    0   1   0   1
41    0   1   0   1
42    0   1   0   1
43    0   1   0   1
44    0   1   0   1
45    0   1   0   1
46    0   1   0   1
47    0   1   0   1
48    0   1   0   1
49    0   1   0   1
50    0   1   0   1
51    0   1   0   1
52    0   1   0   1
53    0   1   0   1
54    0   1   0   1
55    0   1   0   1
56    0   1   0   1
57    0   1   0   1
58    0   1   0   1
59    0   1   0   1
60    0   1   0   1
61    0   1   0   1
62    0   1   0   1
63    0   1   0   1
64    0   1   0   1
65    0   1   0   1
66    0   1   0   1
67    0   1   0   1
68    0   1   0   1
69    0   1   0   1
70    0   1   0   1
71    0   1   0   1
72    0   1   0   1
73    0   1   0   1
74    0   1   0   1
75    0   1   0   1
76    0   1   0   1
77    0   1   0   1
78    0   1   0   1
79    0   1   0   1
80    0   1   0   1
81    0   1   0   1
82    0   1   0   1
83    0   1   0   1
84    0   1   0   1
85    0   1   0   1
86    0   1   0   1
87    0   1   0   1
88    0   1   0   1
89    0   1   0   1
90    0   1   0   1
91    0   1   0   1
92    0   1   0   1
93    0   1   0   1
94    0   1   0   1
95    0   1   0   1
96    0   1   0   1
97    0   1   0   1
98    0   1   0   1
99    0   1   0   1
100   0   1   0   1

 [*,2,*]
:     1   2   3   4    :=
1     0   0   1   1
2     0   0   1   1
3     0   0   1   1
4     0   0   1   1
5     0   0   1   1
6     0   0   1   1
7     0   0   1   1
8     0   0   1   1
9     0   0   1   1
10    0   0   1   1
11    0   0   1   1
12    0   0   1   1
13    0   0   1   1
14    0   0   1   1
15    0   0   1   1
16    0   0   1   1
17    0   0   1   1
18    0   0   1   1
19    0   0   1   1
20    0   0   1   1
21    0   0   1   1
22    0   0   1   1
23    0   0   1   1
24    0   0   1   1
25    0   0   1   1
26    0   0   1   1
27    0   0   1   1
28    0   0   1   1
29    0   0   1   1
30    0   0   1   1
31    0   0   1   1
32    0   0   1   1
33    0   0   1   1
34    0   0   1   1
35    0   0   1   1
36    0   0   1   1
37    0   0   1   1
38    0   0   1   1
39    0   0   1   1
40    0   0   1   1
41    0   0   1   1
42    0   0   1   1
43    0   0   1   1
44    0   0   1   1
45    0   0   1   1
46    0   0   1   1
47    0   0   1   1
48    0   0   1   1
49    0   0   1   1
50    0   0   1   1
51    0   0   1   1
52    0   0   1   1
53    0   0   1   1
54    0   0   1   1
55    0   0   1   1
56    0   0   1   1
57    0   0   1   1
58    0   0   1   1
59    0   0   1   1
60    0   0   1   1
61    0   0   1   1
62    0   0   1   1
63    0   0   1   1
64    0   0   1   1
65    0   0   1   1
66    0   0   1   1
67    0   0   1   1
68    0   0   1   1
69    0   0   1   1
70    0   0   1   1
71    0   0   1   1
72    0   0   1   1
73    0   0   1   1
74    0   0   1   1
75    0   0   1   1
76    0   0   1   1
77    0   0   1   1
78    0   0   1   1
79    0   0   1   1
80    0   0   1   1
81    0   0   1   1
82    0   0   1   1
83    0   0   1   1
84    0   0   1   1
85    0   0   1   1
86    0   0   1   1
87    0   0   1   1
88    0   0   1   1
89    0   0   1   1
90    0   0   1   1
91    0   0   1   1
92    0   0   1   1
93    0   0   1   1
94    0   0   1   1
95    0   0   1   1
96    0   0   1   1
97    0   0   1   1
98    0   0   1   1
99    0   0   1   1
100   0   0   1   1

 [*,3,*]
:     1   2   3   4    :=
1     1   0   0   1
2     1   0   0   1
3     1   0   0   1
4     1   0   0   1
5     1   0   0   1
6     1   0   0   1
7     1   0   0   1
8     1   0   0   1
9     1   0   0   1
10    1   0   0   1
11    1   0   0   1
12    1   0   0   1
13    1   0   0   1
14    1   0   0   1
15    1   0   0   1
16    1   0   0   1
17    1   0   0   1
18    1   0   0   1
19    1   0   0   1
20    1   0   0   1
21    1   0   0   1
22    1   0   0   1
23    1   0   0   1
24    1   0   0   1
25    1   0   0   1
26    1   0   0   1
27    1   0   0   1
28    1   0   0   1
29    1   0   0   1
30    1   0   0   1
31    1   0   0   1
32    1   0   0   1
33    1   0   0   1
34    1   0   0   1
35    1   0   0   1
36    1   0   0   1
37    1   0   0   1
38    1   0   0   1
39    1   0   0   1
40    1   0   0   1
41    1   0   0   1
42    1   0   0   1
43    1   0   0   1
44    1   0   0   1
45    1   0   0   1
46    1   0   0   1
47    1   0   0   1
48    1   0   0   1
49    1   0   0   1
50    1   0   0   1
51    1   0   0   1
52    1   0   0   1
53    1   0   0   1
54    1   0   0   1
55    1   0   0   1
56    1   0   0   1
57    1   0   0   1
58    1   0   0   1
59    1   0   0   1
60    1   0   0   1
61    1   0   0   1
62    1   0   0   1
63    1   0   0   1
64    1   0   0   1
65    1   0   0   1
66    1   0   0   1
67    1   0   0   1
68    1   0   0   1
69    1   0   0   1
70    1   0   0   1
71    1   0   0   1
72    1   0   0   1
73    1   0   0   1
74    1   0   0   1
75    1   0   0   1
76    1   0   0   1
77    1   0   0   1
78    1   0   0   1
79    1   0   0   1
80    1   0   0   1
81    1   0   0   1
82    1   0   0   1
83    1   0   0   1
84    1   0   0   1
85    1   0   0   1
86    1   0   0   1
87    1   0   0   1
88    1   0   0   1
89    1   0   0   1
90    1   0   0   1
91    1   0   0   1
92    1   0   0   1
93    1   0   0   1
94    1   0   0   1
95    1   0   0   1
96    1   0   0   1
97    1   0   0   1
98    1   0   0   1
99    1   0   0   1
100   1   0   0   1

 [*,4,*]
:     1   2   3   4    :=
1     1   1   1   0
2     1   1   1   0
3     1   1   1   0
4     1   1   1   0
5     1   1   1   0
6     1   1   1   0
7     1   1   1   0
8     1   1   1   0
9     1   1   1   0
10    1   1   1   0
11    1   1   1   0
12    1   1   1   0
13    1   1   1   0
14    1   1   1   0
15    1   1   1   0
16    1   1   1   0
17    1   1   1   0
18    1   1   1   0
19    1   1   1   0
20    1   1   1   0
21    1   1   1   0
22    1   1   1   0
23    1   1   1   0
24    1   1   1   0
25    1   1   1   0
26    1   1   1   0
27    1   1   1   0
28    1   1   1   0
29    1   1   1   0
30    1   1   1   0
31    1   1   1   0
32    1   1   1   0
33    1   1   1   0
34    1   1   1   0
35    1   1   1   0
36    1   1   1   0
37    1   1   1   0
38    1   1   1   0
39    1   1   1   0
40    1   1   1   0
41    1   1   1   0
42    1   1   1   0
43    1   1   1   0
44    1   1   1   0
45    1   1   1   0
46    1   1   1   0
47    1   1   1   0
48    1   1   1   0
49    1   1   1   0
50    1   1   1   0
51    1   1   1   0
52    1   1   1   0
53    1   1   1   0
54    1   1   1   0
55    1   1   1   0
56    1   1   1   0
57    1   1   1   0
58    1   1   1   0
59    1   1   1   0
60    1   1   1   0
61    1   1   1   0
62    1   1   1   0
63    1   1   1   0
64    1   1   1   0
65    1   1   1   0
66    1   1   1   0
67    1   1   1   0
68    1   1   1   0
69    1   1   1   0
70    1   1   1   0
71    1   1   1   0
72    1   1   1   0
73    1   1   1   0
74    1   1   1   0
75    1   1   1   0
76    1   1   1   0
77    1   1   1   0
78    1   1   1   0
79    1   1   1   0
80    1   1   1   0
81    1   1   1   0
82    1   1   1   0
83    1   1   1   0
84    1   1   1   0
85    1   1   1   0
86    1   1   1   0
87    1   1   1   0
88    1   1   1   0
89    1   1   1   0
90    1   1   1   0
91    1   1   1   0
92    1   1   1   0
93    1   1   1   0
94    1   1   1   0
95    1   1   1   0
96    1   1   1   0
97    1   1   1   0
98    1   1   1   0
99    1   1   1   0
100   1   1   1   0
;

---------------------------- Solution stats data ----------------------------
_ampl_time = 0.177206
_total_solve_time = 74616.4
_ampl_elapsed_time = 0.173945
_ampl_user_time = 0.142578

Total time elapsed: $74616.39.
_total_solve_time = 74616.4

---------------------------- Solution miscs data ----------------------------
tetrahedron_volume [*] :=
  1 0.117851    21 0.117851    41 0.117851    61 0.117851    81 0.117851
  2 0.117851    22 0.117851    42 0.117851    62 0.117851    82 0.117851
  3 0.117851    23 0.117851    43 0.117851    63 0.117851    83 0.117851
  4 0.117851    24 0.117851    44 0.117851    64 0.117851    84 0.117851
  5 0.117851    25 0.117851    45 0.117851    65 0.117851    85 0.117851
  6 0.117851    26 0.117851    46 0.117851    66 0.117851    86 0.117851
  7 0.117851    27 0.117851    47 0.117851    67 0.117851    87 0.117851
  8 0.117851    28 0.117851    48 0.117851    68 0.117851    88 0.117851
  9 0.117851    29 0.117851    49 0.117851    69 0.117851    89 0.117851
 10 0.117851    30 0.117851    50 0.117851    70 0.117851    90 0.117851
 11 0.117851    31 0.117851    51 0.117851    71 0.117851    91 0.117851
 12 0.117851    32 0.117851    52 0.117851    72 0.117851    92 0.117851
 13 0.117851    33 0.117851    53 0.117851    73 0.117851    93 0.117851
 14 0.117851    34 0.117851    54 0.117851    74 0.117851    94 0.117851
 15 0.117851    35 0.117851    55 0.117851    75 0.117851    95 0.117851
 16 0.117851    36 0.117851    56 0.117851    76 0.117851    96 0.117851
 17 0.117851    37 0.117851    57 0.117851    77 0.117851    97 0.117851
 18 0.117851    38 0.117851    58 0.117851    78 0.117851    98 0.117851
 19 0.117851    39 0.117851    59 0.117851    79 0.117851    99 0.117851
 20 0.117851    40 0.117851    60 0.117851    80 0.117851   100 0.117851
;

---------------------------- Solution miscs data ----------------------------
tetrahedron_surface_area [*] :=
  1 0    11 0    21 0    31 0    41 0    51 0    61 0    71 0    81 0    91 0
  2 0    12 0    22 0    32 0    42 0    52 0    62 0    72 0    82 0    92 0
  3 0    13 0    23 0    33 0    43 0    53 0    63 0    73 0    83 0    93 0
  4 0    14 0    24 0    34 0    44 0    54 0    64 0    74 0    84 0    94 0
  5 0    15 0    25 0    35 0    45 0    55 0    65 0    75 0    85 0    95 0
  6 0    16 0    26 0    36 0    46 0    56 0    66 0    76 0    86 0    96 0
  7 0    17 0    27 0    37 0    47 0    57 0    67 0    77 0    87 0    97 0
  8 0    18 0    28 0    38 0    48 0    58 0    68 0    78 0    88 0    98 0
  9 0    19 0    29 0    39 0    49 0    59 0    69 0    79 0    89 0    99 0
 10 0    20 0    30 0    40 0    50 0    60 0    70 0    80 0    90 0   100 0
;

