Error at _cmdno 5 executing "solve" command
(file amplin, line 1945, offset 37258):
error processing param distances:
	2800 invalid subscripts discarded:
	distances[126,1,1]
	distances[126,1,2]
	distances[126,1,3]
	and 2797 more.
##### This license is only intended for use by NEOS. #####
##### License is valid until Jan 16, 2026 #####
iables.
Adjusted problem:
40251 variables:
	24751 nonlinear variables
	15500 linear variables
79625 constraints; 485250 nonzeros
	71875 nonlinear constraints
	7750 linear constraints
	7875 equality constraints
	71750 inequality constraints
1 linear objective; 1 nonzero.

Artelys Knitro 14.2.0: threads=4
algorithm=1
ms_enable=1
ms_maxsolves=10
feastol=1e-5
opttol=1e-5
honorbnds=1
bar_initpt=3
bar_murule=4
scale=1
outlev=2
maxtime_real=3600
WARNING:  Option 'threads' is deprecated, please use 'numthreads'.

=======================================
           Academic License
       (NOT FOR COMMERCIAL USE)
         Artelys Knitro 14.2.0
=======================================

No start point provided -- Knitro computing one.

Knitro presolve eliminated 0 variables and 0 constraints.

algorithm                1
bar_initpt               3
bar_murule               4
concurrent_evals         0
datacheck                0
feastol                  1e-05
findiff_numthreads       1
hessian_no_f             1
hessopt                  1
honorbnds                1
maxtime_real             3600
ms_enable                1
ms_maxsolves             10
numthreads               4
opttol                   1e-05

Problem Characteristics                                 (   Presolved)
-----------------------
Objective goal:  Minimize
Objective type:  linear
Number of variables:                              40251 (       40251)
    bounded below only:                            1501 (        1501)
    bounded above only:                               0 (           0)
    bounded below and above:                          0 (           0)
    fixed:                                            0 (           0)
    free:                                         38750 (       38750)
Number of constraints:                            79625 (       79625)
    linear equalities:                                0 (           0)
    quadratic equalities:                          7750 (        7750)
    gen. nonlinear equalities:                      125 (         125)
    linear one-sided inequalities:                 7750 (        7750)
    quadratic one-sided inequalities:             64000 (       64000)
    gen. nonlinear one-sided inequalities:            0 (           0)
    linear two-sided inequalities:                    0 (           0)
    quadratic two-sided inequalities:                 0 (           0)
    gen. nonlinear two-sided inequalities:            0 (           0)
Number of nonzeros in Jacobian:                  485250 (      485250)
Number of nonzeros in Hessian:                   219001 (      219001)

Knitro parallel multistart will run with 4 threads.

Return codes description
------------------------
  0:  The final solution satisfies the termination conditions for verifying optimality.
  -100 to -199:  A feasible approximate solution was found.
  -200 to -299:  Knitro terminated at an infeasible point.
  -300 to -301:  The problem was determined to be unbounded.
  -400 to -499:  Knitro terminated because it reached a pre-defined limit.
    -400 to -409:  A feasible point was found.
    -410 to -419:  No feasible point was found.
  -500 to -599:  Knitro terminated with an input error or some non-standard error.
A more detailed description of individual return codes and their corresponding
termination messages is provided at
https://www.artelys.com/app/docs/knitro/3_referenceManual/returnCodes.html

 Solve #  ThreadID  Status     Objective      FeasError    OptError    Real Time 
--------  --------  ------  --------------   ----------   ----------  ----------
      1          3    -202         1303.03      58050.3      1.00000      2448.53
      3          2    -202         1963.94      56765.7      1.20171      2766.63
      5          2    -202         2061.20      60599.1      12.3991      2443.22
      4          3    -202         2397.68      67305.0      46.5842      2687.74
      6          3    -202         2077.12      63764.6      25.8771      2508.33
      0          0       0        0.760767  1.26280e-04  5.52366e-06      10691.5
      2          1    -202         2701.73      4338.68      63.9915      14941.7
      9          0    -410         387.529      17.9338      3.63153      9255.72
      7          2    -410         1030.87      9.50330      66.8567      12044.2
      8          3    -410         2037.00      54.2220      5.06802      9771.91

MULTISTART: Best locally optimal solution is returned.
EXIT: Locally optimal solution found.

HINT: For large problems, one of the parallel linear solvers available in 
      Knitro (e.g., linsolver=6, 7, or 8) may improve performance.

Final Statistics
----------------
Final objective value               =   7.60766876538519e-01
Final feasibility error (abs / rel) =   1.26e-04 / 1.18e-07
Final optimality error  (abs / rel) =   5.52e-06 / 5.52e-06
# of iterations                     =      49983 
# of CG iterations                  =          0 
# of function evaluations           =      51533
# of gradient evaluations           =      50246
# of Hessian evaluations            =      49998
Total program time (secs)           =   19949.45117 ( 61940.945 CPU time)

===============================================================================

Knitro 14.2.0: Locally optimal or satisfactory solution.
objective 0.7607668765; feasibility error 0.000126
49983 iterations; 51533 function evaluations

suffix feaserror OUT;
suffix opterror OUT;
suffix numfcevals OUT;
suffix numiters OUT;
---------------------------- Container and geometric considerations  ----------------------------
Container type: sphere
Structural conservation type: surface
---------------------------- Solution execution data ----------------------------
solve_result_num = 0
solve_result = solved

---------------------------- Solution data ----------------------------
card(figures) = 125

coords [*,*,1]
:        1         2         3         4       :=
1     19.502    19.3337   20.0216   20.4321
2     20.5834   20.2807   20.0607   20.4485
3     20.4403   20.0525   20.2887   20.5735
4     20.0522   20.2877   20.4401   20.5729
5     19.3193   20.054    19.5943   20.4409
6     20.593    20.0826   19.8406   19.3131
7     19.3218   20.0516   20.44     19.58
8     20.4535   19.3953   19.2806   20.1003
9     19.4595   19.3166   20.4435   20.0169
10    20.0607   19.5807   19.3284   20.448
11    19.9051   19.263    20.4974   20.1277
12    19.2805   19.801    20.5547   20.4554
13    20.0301   19.3508   19.5177   20.4291
14    19.3234   20.5847   20.1594   19.8199
15    19.6496   20.0693   19.2848   20.4342
16    19.28     20.562    20.4393   19.8223
17    20.439    19.8244   20.5573   19.28
18    20.4325   20.0404   20.5666   20.3063
19    20.4536   19.3975   19.2805   20.1004
20    20.4412   19.816    20.5583   19.2802
21    20.4391   20.5684   19.28     19.8105
22    19.9205   20.4683   19.2507   19.7989
23    20.5965   19.8784   20.0776   19.3055
24    19.5787   20.061    19.3287   20.4481
25    20.4377   19.4338   20.0291   19.3198
26    20.558    19.8166   20.4412   19.2802
27    20.1198   19.3224   20.5848   19.8043
28    20.6032   20.0206   19.2994   19.9407
29    20.4412   19.8165   20.5584   19.2802
30    19.59     20.0613   20.4479   19.3239
31    19.3184   19.4681   20.0355   20.4228
32    19.5196   19.3405   20.0306   20.4214
33    19.8045   19.3307   20.1369   20.5831
34    20.4535   19.2806   19.8144   20.5584
35    20.0337   19.5361   19.3515   20.4269
36    20.0552   20.441    20.2899   20.574
37    19.9327   20.1385   19.2621   20.4932
38    20.4449   19.682    19.2739   20.0375
39    20.4393   19.28     19.4374   20.1132
40    19.8311   20.5533   19.28     20.4391
41    20.4176   19.3505   20.0383   19.5326
42    19.28     20.5608   20.4391   19.8211
43    19.8007   20.1317   20.5831   19.3282
44    20.4399   19.3203   19.5909   20.0516
45    20.4412   19.5708   19.3244   20.0552
46    20.2852   20.449    20.5691   20.0607
47    19.2805   19.3951   20.1015   20.4536
48    20.0565   20.5758   20.2929   20.4412
49    20.4557   19.798    19.2806   20.5531
50    20.3068   20.4307   20.0401   20.5649
51    20.5561   20.4393   19.28     19.8193
52    20.4405   19.2801   20.5539   19.8131
53    20.439    20.5601   19.8228   19.28
54    19.2805   19.3977   20.4536   20.0997
55    19.3686   19.491    20.2218   20.3538
56    20.4321   19.2869   20.0743   19.6421
57    20.4502   19.339    20.019    19.4949
58    20.4391   19.8106   19.28     20.5607
59    19.4058   20.372    19.5694   20.4649
60    20.3549   19.4928   20.2196   19.3669
61    19.3238   20.0519   19.5729   20.4401
62    19.3319   20.4179   20.0334   19.4913
63    19.3237   19.9174   20.54     20.1384
64    19.5913   19.3198   20.0525   20.4403
65    20.2826   19.2534   19.8797   20.5422
66    19.3087   20.05     20.5997   19.891
67    20.4486   20.0607   20.2721   20.5666
68    20.2816   20.0606   20.4494   20.5684
69    19.2801   20.4392   19.8227   20.5656
70    19.9567   19.2554   20.4635   19.762
71    20.4396   20.561    19.8483   19.2801
72    20.4391   19.28     20.1136   19.4392
73    20.2861   20.5723   20.4398   20.0519
74    20.5583   19.2806   19.8145   20.4535
75    20.4392   19.28     19.4379   20.1135
76    19.5937   19.3196   20.055    20.4411
77    19.2861   20.4263   20.04     19.4266
78    19.318    20.1015   20.5897   19.8259
79    19.2806   19.8112   20.5549   20.4536
80    19.5799   19.3263   20.0613   20.4481
81    20.4398   20.2864   20.0525   20.5716
82    20.0958   19.2803   19.388    20.4553
83    20.1078   19.6108   19.3003   20.4186
84    20.5746   20.2924   20.0525   20.4406
85    19.5873   19.3209   20.4411   20.0544
86    20.5819   19.3288   19.8072   20.1516
87    19.3256   19.5814   20.0598   20.4473
88    20.4413   19.5877   19.3212   20.0565
89    19.8079   20.4392   19.2801   20.5686
90    20.291    20.4404   20.0544   20.5747
91    19.8146   20.558    20.4536   19.2805
92    20.1123   20.4393   19.28     19.4365
93    20.42     19.3285   20.0323   19.4811
94    20.3536   19.4882   19.3702   20.2232
95    20.4501   20.5695   20.0606   20.2714
96    20.4521   20.0985   19.2813   19.3793
97    19.8039   20.4392   19.2801   20.5684
98    20.5693   20.4496   20.0606   20.2836
99    20.4255   19.3326   19.5007   20.0248
100   20.2816   19.2553   19.8842   20.541
101   20.0231   19.2697   19.6963   20.449
102   19.8035   20.4551   20.5561   19.2806
103   19.554    19.3523   20.0367   20.4383
104   20.5631   20.4398   19.7761   19.2801
105   20.4488   20.0239   19.6956   19.2699
106   19.2803   20.0979   19.4023   20.4553
107   19.8066   20.4395   20.5684   19.28
108   19.4013   20.0979   20.4553   19.2804
109   20.5657   20.4324   20.0409   20.3044
110   19.7062   19.3341   20.2512   20.5448
111   20.0606   20.4485   20.5659   20.2658
112   19.3433   20.5553   19.7249   20.2191
113   19.7597   20.1901   19.3529   20.5682
114   20.1149   19.8327   19.3096   20.5898
115   19.324    20.1215   20.5845   19.8034
116   19.2801   20.4405   20.1109   19.4259
117   20.4491   19.6965   20.0229   19.2696
118   20.4081   19.5822   20.1287   19.3115
119   20.5833   19.3263   20.1578   19.8206
120   19.28     19.812    20.5639   20.4392
121   19.4179   20.4412   19.2801   20.1109
122   19.9707   19.2797   20.0554   20.4913
123   19.5894   19.3204   20.0545   20.4411
124   20.5666   19.3425   19.742    20.1782
125   20.0612   19.5898   19.324    20.4473

 [*,*,2]
:        1         2         3         4       :=
1     20.1621   19.6359   19.2911   20.0914
2     20.4687   19.9046   19.2611   20.0002
3     20.012    19.2753   19.9349   20.4846
4     19.2754   19.9326   20.0122   20.4842
5     19.6603   19.2748   20.196    20.0089
6     19.7665   19.2618   20.213    19.6946
7     19.6554   19.2758   20.014    20.1913
8     20.3664   19.5491   20.2182   19.4423
9     20.1404   19.6658   20.1046   19.2953
10    19.2744   20.1861   19.6427   20
11    20.2353   19.8944   20.179    19.6223
12    20.2169   20.2113   20.2966   20.3654
13    19.2899   19.6106   20.1694   20.0881
14    19.6638   19.7965   19.2702   20.213
15    20.5682   20.0235   19.9815   20.6102
16    20.2214   20.3208   20.3704   20.2314
17    20.3704   20.2314   20.3183   20.2214
18    20.0229   19.2764   20.4779   19.9747
19    20.3661   19.5465   20.2179   19.4424
20    20.3704   20.2276   20.3163   20.2212
21    20.3704   20.322    20.2214   20.2305
22    19.9541   20.5329   20.0589   20.6377
23    19.6064   19.2734   20.1901   19.8643
24    20.1854   19.2744   19.6421   19.9997
25    20.1379   20.1227   19.2951   19.6594
26    20.3162   20.2276   20.3704   20.2212
27    19.2648   19.6665   19.7945   20.211
28    19.6496   20.2016   19.8209   19.2649
29    20.3704   20.2276   20.3162   20.2212
30    20.1888   19.2743   19.9992   19.6512
31    19.662    20.1456   19.2929   20.1164
32    20.1705   19.6226   19.29     20.0952
33    20.2115   19.6456   19.2669   19.8009
34    20.3664   20.2182   20.2148   20.3008
35    19.2868   20.1773   19.6058   20.0847
36    19.2745   20.0079   19.9375   20.4846
37    20.2425   19.6174   19.9049   20.1723
38    20.5947   20.5853   19.9972   20.0066
39    20.3704   20.2213   19.5052   19.4514
40    20.2306   20.3156   20.2213   20.3704
41    20.0958   19.6068   19.2886   20.1768
42    20.2214   20.3205   20.3704   20.2313
43    20.2109   19.2662   19.8004   19.6515
44    20.0136   19.6583   20.1949   19.2757
45    20.0086   20.1881   19.6503   19.2748
46    19.9151   20.0015   20.4699   19.2613
47    20.2181   19.5494   19.443    20.3663
48    19.2744   20.4858   19.9439   20.0071
49    20.3654   20.2108   20.2168   20.2906
50    19.9759   20.0228   19.276    20.476
51    20.318    20.3704   20.2213   20.2297
52    20.3703   20.2212   20.3153   20.2273
53    20.3704   20.3204   20.2314   20.2214
54    20.2179   19.5463   20.3663   19.4418
55    19.9168   20.4645   20.1223   20.6732
56    20.6128   19.9788   20.0262   20.564
57    20.0749   19.6367   19.2911   20.157
58    20.3704   20.2304   20.2214   20.3203
59    20.0472   20.0619   19.3878   19.3989
60    20.6727   20.4659   20.1206   19.9176
61    19.6516   19.2758   20.1888   20.0139
62    19.6368   20.1077   19.2921   20.1567
63    19.9014   20.2415   20.2875   19.6497
64    20.195    19.6593   19.2753   20.0119
65    19.9466   19.8957   20.2327   20.2922
66    19.7107   19.2606   19.7363   20.2138
67    20.0005   19.2611   19.8843   20.4671
68    19.908    19.2616   20.0026   20.47
69    20.2214   20.3705   20.2323   20.3225
70    19.9689   20.0388   20.553    20.6227
71    20.3703   20.3167   20.23     20.2212
72    20.3704   20.2214   19.4518   19.5035
73    19.929    20.4837   20.0128   19.2754
74    20.3007   20.2182   20.2148   20.3664
75    20.3704   20.2213   19.5048   19.4516
76    20.1955   19.6596   19.2747   20.0082
77    19.7422   20.1449   19.3192   20.117
78    19.679    19.2631   19.7788   20.2125
79    20.2179   20.2144   20.2974   20.3663
80    20.1855   19.6467   19.2743   19.9995
81    20.0105   19.9293   19.275    20.4828
82    19.432    20.2165   19.5578   20.3653
83    20.0454   20.5461   19.9637   20.628
84    20.4854   19.9432   19.2754   20.0125
85    20.1936   19.6572   20.0086   19.2748
86    19.8044   19.6499   20.2119   19.2689
87    19.648    20.1867   19.2744   20.0009
88    20.0075   20.193    19.6565   19.2744
89    20.2314   20.3706   20.2214   20.3232
90    19.9399   20.0112   19.2749   20.4852
91    20.2148   20.3005   20.3663   20.2179
92    19.4503   20.3704   20.2213   19.506
93    20.1114   19.6428   19.2922   20.1527
94    20.6733   20.4624   19.916    20.1234
95    20.0045   20.4713   19.2624   19.8856
96    20.3703   19.4413   20.2205   19.5686
97    20.2309   20.3705   20.2214   20.323
98    20.4708   20.0031   19.2617   19.9126
99    20.0987   19.6359   20.1621   19.2915
100   19.938    19.8943   20.2338   20.291
101   19.9994   20.0045   20.5925   20.5876
102   20.2119   20.3659   20.2969   20.2177
103   20.1829   19.6041   19.2797   20.0671
104   20.3021   20.3703   20.2243   20.2212
105   20.5879   19.9998   20.5921   20.004
106   20.2166   19.4407   19.5411   20.3653
107   20.2271   20.3703   20.3173   20.2212
108   19.5423   19.4408   20.3654   20.2168
109   20.4769   20.0219   19.2761   19.9705
110   19.321    19.9505   20.1316   19.4865
111   19.2611   20.0004   20.4664   19.8705
112   19.9636   19.5033   19.3136   20.1447
113   20.2073   19.2755   19.6012   19.8378
114   19.2644   20.2131   19.7075   19.7793
115   19.6622   19.265    19.7955   20.211
116   20.2212   20.3703   19.4494   19.5163
117   20.5875   20.5926   19.9993   20.0047
118   20.6378   20.5285   20.058    19.9533
119   19.8008   19.6563   19.2699   20.2133
120   20.2214   20.2313   20.3213   20.3704
121   19.5244   20.3702   20.221    19.449
122   20.2211   19.9458   19.3885   20.1725
123   20.1941   19.6581   19.2748   20.0084
124   19.8399   19.6207   20.2037   19.273
125   19.2743   20.1891   19.6511   20.0003

 [*,*,3]
:        1         2         3         4       :=
1     20.5517   19.9772   19.7249   20.6193
2     19.863    19.2994   19.8292   20.6145
3     20.6203   19.7744   19.2991   19.8772
4     19.7743   19.299    20.6204   19.8729
5     19.9992   19.7764   20.613    20.6199
6     20.4154   19.836    20.7127   20.117
7     19.9947   19.7728   20.6205   20.6047
8     19.5113   19.901    20.1166   19.4924
9     20.5166   20.0042   20.6092   19.7139
10    19.7796   20.6069   19.9899   20.6149
11    20.7059   20.1089   20.5471   19.55
12    20.1182   20.7032   20.4279   19.5123
13    19.7287   19.9554   20.5634   20.6219
14    20.0869   20.4421   19.8562   20.7077
15    20.3649   19.2428   19.7415   19.8662
16    20.1069   20.4      19.5015   20.7026
17    19.5012   20.7031   20.4085   20.1067
18    20.6254   19.7685   19.8287   19.3041
19    19.5112   19.8992   20.1166   19.4923
20    19.5031   20.7022   20.4086   20.1081
21    19.5012   20.3899   20.1067   20.6986
22    19.2448   19.7253   19.8827   20.3628
23    20.2608   19.8103   20.7325   20.2793
24    20.6057   19.7798   19.9894   20.6148
25    20.6067   20.4931   19.7152   19.9979
26    20.4091   20.7024   19.5031   20.1081
27    19.8456   20.0915   20.4411   20.7043
28    20.3036   20.7333   20.2362   19.8132
29    19.5031   20.7024   20.4086   20.1082
30    20.6124   19.7802   20.6149   19.9978
31    20.0007   20.524    19.7216   20.6216
32    20.5647   19.9654   19.7285   20.6262
33    20.7041   20.0719   19.8498   20.4462
34    19.5113   20.1167   20.7058   20.4201
35    19.7375   20.5763   19.9506   20.6239
36    19.7777   20.6199   19.2994   19.8799
37    20.7178   19.5513   20.1344   20.5529
38    19.8353   20.3675   19.773    19.2402
39    19.5014   20.1069   19.868    19.4852
40    20.705    20.4159   20.1068   19.5012
41    20.6286   19.9516   19.7332   20.5736
42    20.1068   20.402    19.5013   20.7023
43    20.7033   19.8486   20.446    20.0777
44    20.6205   19.9973   20.611    19.7731
45    20.6197   20.5994   19.9901   19.7767
46    19.2998   20.6142   19.8154   19.8286
47    20.1166   19.9012   19.4919   19.5113
48    19.7784   19.8944   19.3001   20.6198
49    19.5126   20.7016   20.119    20.434
50    19.3043   20.6267   19.7698   19.8183
51    20.4104   19.5014   20.1069   20.7024
52    19.5024   20.1076   20.4154   20.7016
53    19.5012   20.403    20.7027   20.1067
54    20.1166   19.8991   19.5113   19.4928
55    19.5839   20.3223   19.2826   20.0189
56    19.8717   19.7359   19.2433   20.364
57    20.6083   19.9791   19.7249   20.5466
58    19.5012   20.6998   20.1068   20.4022
59    20.4727   20.6607   19.8639   20.0357
60    20.0173   20.3231   19.2817   19.5863
61    19.9912   19.7727   20.6005   20.6204
62    19.9778   20.6265   19.7234   20.5435
63    20.0805   20.7166   20.4521   19.5509
64    20.6113   19.9982   19.7745   20.6203
65    19.572    20.1017   20.7143   20.4466
66    20.131    19.8282   20.3868   20.7219
67    20.6144   19.8293   19.2991   19.8012
68    19.2993   19.8274   20.6138   19.8135
69    20.1068   19.5014   20.7024   20.3935
70    19.2411   19.849    19.759    20.3666
71    19.5017   20.4046   20.7077   20.1074
72    19.5012   20.1068   19.4849   19.8666
73    19.2986   19.8688   20.6206   19.7741
74    20.4203   20.1167   20.7058   19.5113
75    19.5013   20.1068   19.8676   19.485
76    20.6128   19.9988   19.7772   20.6198
77    20.0503   20.6132   19.6628   20.4861
78    20.1027   19.8406   20.4266   20.7094
79    20.1172   20.7051   20.427    19.5113
80    20.6065   19.9936   19.78     20.6148
81    20.6207   19.2988   19.7756   19.8623
82    19.5031   20.1179   19.9074   19.5122
83    19.2483   20.3593   19.7035   19.9042
84    19.8861   19.3      19.7744   20.6201
85    20.6091   19.9964   20.6198   19.7766
86    20.4493   20.0757   20.7048   19.8543
87    19.9935   20.6072   19.7793   20.6154
88    20.6197   20.6095   19.9959   19.7783
89    20.6988   19.5015   20.1069   20.3886
90    19.2997   20.6202   19.7763   19.8853
91    20.7058   20.4208   19.5113   20.1167
92    19.4863   19.5014   20.1069   19.8687
93    20.6244   19.9832   19.7231   20.535
94    20.0192   20.321    19.5817   19.2833
95    20.6133   19.8204   19.824    19.2986
96    19.513    19.4931   20.1167   19.9142
97    20.6978   19.5014   20.1068   20.389
98    19.8186   20.6137   19.8269   19.2995
99    20.6228   19.977    20.5506   19.7242
100   19.5709   20.1016   20.7146   20.4488
101   19.2396   19.7869   20.3681   19.8215
102   20.7037   19.5124   20.4259   20.1179
103   20.5885   19.9491   19.7579   20.6182
104   20.4128   19.5018   20.6851   20.1073
105   19.8222   19.2396   20.3681   19.7861
106   20.1178   19.4937   19.8956   19.5122
107   20.6963   19.5015   20.3938   20.1072
108   19.8963   19.4936   19.5122   20.1178
109   19.8232   20.6256   19.7696   19.3034
110   19.8229   20.3645   20.7059   20.1349
111   19.8292   20.6145   19.7975   19.2991
112   20.3822   20.1537   19.8217   20.714
113   20.6914   19.8669   20.0316   20.4792
114   19.8438   20.7109   20.1284   20.4268
115   20.0875   19.846    20.4419   20.704
116   20.1076   19.5024   19.4869   19.8767
117   19.8212   20.3681   19.2396   19.7874
118   19.9267   20.3534   19.2524   19.6799
119   20.4459   20.0801   19.8556   20.7078
120   20.1068   20.6999   20.3969   19.5014
121   19.8829   19.503    20.1081   19.4873
122   20.6761   20.2387   19.5509   20.5545
123   20.6103   19.9973   19.7767   20.6197
124   20.4818   20.0508   20.6861   19.864
125   19.7799   20.6121   19.9975   20.6154
;

radius = 0.760767
softness = 0.99

---------------------------- Solution coords data ----------------------------
distances [*,1,*]
:     1   2   3   4    :=
1     0   1   0   1
2     0   1   0   1
3     0   1   0   1
4     0   1   0   1
5     0   1   0   1
6     0   1   0   1
7     0   1   0   1
8     0   1   0   1
9     0   1   0   1
10    0   1   0   1
11    0   1   0   1
12    0   1   0   1
13    0   1   0   1
14    0   1   0   1
15    0   1   0   1
16    0   1   0   1
17    0   1   0   1
18    0   1   0   1
19    0   1   0   1
20    0   1   0   1
21    0   1   0   1
22    0   1   0   1
23    0   1   0   1
24    0   1   0   1
25    0   1   0   1
26    0   1   0   1
27    0   1   0   1
28    0   1   0   1
29    0   1   0   1
30    0   1   0   1
31    0   1   0   1
32    0   1   0   1
33    0   1   0   1
34    0   1   0   1
35    0   1   0   1
36    0   1   0   1
37    0   1   0   1
38    0   1   0   1
39    0   1   0   1
40    0   1   0   1
41    0   1   0   1
42    0   1   0   1
43    0   1   0   1
44    0   1   0   1
45    0   1   0   1
46    0   1   0   1
47    0   1   0   1
48    0   1   0   1
49    0   1   0   1
50    0   1   0   1
51    0   1   0   1
52    0   1   0   1
53    0   1   0   1
54    0   1   0   1
55    0   1   0   1
56    0   1   0   1
57    0   1   0   1
58    0   1   0   1
59    0   1   0   1
60    0   1   0   1
61    0   1   0   1
62    0   1   0   1
63    0   1   0   1
64    0   1   0   1
65    0   1   0   1
66    0   1   0   1
67    0   1   0   1
68    0   1   0   1
69    0   1   0   1
70    0   1   0   1
71    0   1   0   1
72    0   1   0   1
73    0   1   0   1
74    0   1   0   1
75    0   1   0   1
76    0   1   0   1
77    0   1   0   1
78    0   1   0   1
79    0   1   0   1
80    0   1   0   1
81    0   1   0   1
82    0   1   0   1
83    0   1   0   1
84    0   1   0   1
85    0   1   0   1
86    0   1   0   1
87    0   1   0   1
88    0   1   0   1
89    0   1   0   1
90    0   1   0   1
91    0   1   0   1
92    0   1   0   1
93    0   1   0   1
94    0   1   0   1
95    0   1   0   1
96    0   1   0   1
97    0   1   0   1
98    0   1   0   1
99    0   1   0   1
100   0   1   0   1
101   0   1   0   1
102   0   1   0   1
103   0   1   0   1
104   0   1   0   1
105   0   1   0   1
106   0   1   0   1
107   0   1   0   1
108   0   1   0   1
109   0   1   0   1
110   0   1   0   1
111   0   1   0   1
112   0   1   0   1
113   0   1   0   1
114   0   1   0   1
115   0   1   0   1
116   0   1   0   1
117   0   1   0   1
118   0   1   0   1
119   0   1   0   1
120   0   1   0   1
121   0   1   0   1
122   0   1   0   1
123   0   1   0   1
124   0   1   0   1
125   0   1   0   1

 [*,2,*]
:     1   2   3   4    :=
1     0   0   1   1
2     0   0   1   1
3     0   0   1   1
4     0   0   1   1
5     0   0   1   1
6     0   0   1   1
7     0   0   1   1
8     0   0   1   1
9     0   0   1   1
10    0   0   1   1
11    0   0   1   1
12    0   0   1   1
13    0   0   1   1
14    0   0   1   1
15    0   0   1   1
16    0   0   1   1
17    0   0   1   1
18    0   0   1   1
19    0   0   1   1
20    0   0   1   1
21    0   0   1   1
22    0   0   1   1
23    0   0   1   1
24    0   0   1   1
25    0   0   1   1
26    0   0   1   1
27    0   0   1   1
28    0   0   1   1
29    0   0   1   1
30    0   0   1   1
31    0   0   1   1
32    0   0   1   1
33    0   0   1   1
34    0   0   1   1
35    0   0   1   1
36    0   0   1   1
37    0   0   1   1
38    0   0   1   1
39    0   0   1   1
40    0   0   1   1
41    0   0   1   1
42    0   0   1   1
43    0   0   1   1
44    0   0   1   1
45    0   0   1   1
46    0   0   1   1
47    0   0   1   1
48    0   0   1   1
49    0   0   1   1
50    0   0   1   1
51    0   0   1   1
52    0   0   1   1
53    0   0   1   1
54    0   0   1   1
55    0   0   1   1
56    0   0   1   1
57    0   0   1   1
58    0   0   1   1
59    0   0   1   1
60    0   0   1   1
61    0   0   1   1
62    0   0   1   1
63    0   0   1   1
64    0   0   1   1
65    0   0   1   1
66    0   0   1   1
67    0   0   1   1
68    0   0   1   1
69    0   0   1   1
70    0   0   1   1
71    0   0   1   1
72    0   0   1   1
73    0   0   1   1
74    0   0   1   1
75    0   0   1   1
76    0   0   1   1
77    0   0   1   1
78    0   0   1   1
79    0   0   1   1
80    0   0   1   1
81    0   0   1   1
82    0   0   1   1
83    0   0   1   1
84    0   0   1   1
85    0   0   1   1
86    0   0   1   1
87    0   0   1   1
88    0   0   1   1
89    0   0   1   1
90    0   0   1   1
91    0   0   1   1
92    0   0   1   1
93    0   0   1   1
94    0   0   1   1
95    0   0   1   1
96    0   0   1   1
97    0   0   1   1
98    0   0   1   1
99    0   0   1   1
100   0   0   1   1
101   0   0   1   1
102   0   0   1   1
103   0   0   1   1
104   0   0   1   1
105   0   0   1   1
106   0   0   1   1
107   0   0   1   1
108   0   0   1   1
109   0   0   1   1
110   0   0   1   1
111   0   0   1   1
112   0   0   1   1
113   0   0   1   1
114   0   0   1   1
115   0   0   1   1
116   0   0   1   1
117   0   0   1   1
118   0   0   1   1
119   0   0   1   1
120   0   0   1   1
121   0   0   1   1
122   0   0   1   1
123   0   0   1   1
124   0   0   1   1
125   0   0   1   1

 [*,3,*]
:     1   2   3   4    :=
1     1   0   0   1
2     1   0   0   1
3     1   0   0   1
4     1   0   0   1
5     1   0   0   1
6     1   0   0   1
7     1   0   0   1
8     1   0   0   1
9     1   0   0   1
10    1   0   0   1
11    1   0   0   1
12    1   0   0   1
13    1   0   0   1
14    1   0   0   1
15    1   0   0   1
16    1   0   0   1
17    1   0   0   1
18    1   0   0   1
19    1   0   0   1
20    1   0   0   1
21    1   0   0   1
22    1   0   0   1
23    1   0   0   1
24    1   0   0   1
25    1   0   0   1
26    1   0   0   1
27    1   0   0   1
28    1   0   0   1
29    1   0   0   1
30    1   0   0   1
31    1   0   0   1
32    1   0   0   1
33    1   0   0   1
34    1   0   0   1
35    1   0   0   1
36    1   0   0   1
37    1   0   0   1
38    1   0   0   1
39    1   0   0   1
40    1   0   0   1
41    1   0   0   1
42    1   0   0   1
43    1   0   0   1
44    1   0   0   1
45    1   0   0   1
46    1   0   0   1
47    1   0   0   1
48    1   0   0   1
49    1   0   0   1
50    1   0   0   1
51    1   0   0   1
52    1   0   0   1
53    1   0   0   1
54    1   0   0   1
55    1   0   0   1
56    1   0   0   1
57    1   0   0   1
58    1   0   0   1
59    1   0   0   1
60    1   0   0   1
61    1   0   0   1
62    1   0   0   1
63    1   0   0   1
64    1   0   0   1
65    1   0   0   1
66    1   0   0   1
67    1   0   0   1
68    1   0   0   1
69    1   0   0   1
70    1   0   0   1
71    1   0   0   1
72    1   0   0   1
73    1   0   0   1
74    1   0   0   1
75    1   0   0   1
76    1   0   0   1
77    1   0   0   1
78    1   0   0   1
79    1   0   0   1
80    1   0   0   1
81    1   0   0   1
82    1   0   0   1
83    1   0   0   1
84    1   0   0   1
85    1   0   0   1
86    1   0   0   1
87    1   0   0   1
88    1   0   0   1
89    1   0   0   1
90    1   0   0   1
91    1   0   0   1
92    1   0   0   1
93    1   0   0   1
94    1   0   0   1
95    1   0   0   1
96    1   0   0   1
97    1   0   0   1
98    1   0   0   1
99    1   0   0   1
100   1   0   0   1
101   1   0   0   1
102   1   0   0   1
103   1   0   0   1
104   1   0   0   1
105   1   0   0   1
106   1   0   0   1
107   1   0   0   1
108   1   0   0   1
109   1   0   0   1
110   1   0   0   1
111   1   0   0   1
112   1   0   0   1
113   1   0   0   1
114   1   0   0   1
115   1   0   0   1
116   1   0   0   1
117   1   0   0   1
118   1   0   0   1
119   1   0   0   1
120   1   0   0   1
121   1   0   0   1
122   1   0   0   1
123   1   0   0   1
124   1   0   0   1
125   1   0   0   1

 [*,4,*]
:     1   2   3   4    :=
1     1   1   1   0
2     1   1   1   0
3     1   1   1   0
4     1   1   1   0
5     1   1   1   0
6     1   1   1   0
7     1   1   1   0
8     1   1   1   0
9     1   1   1   0
10    1   1   1   0
11    1   1   1   0
12    1   1   1   0
13    1   1   1   0
14    1   1   1   0
15    1   1   1   0
16    1   1   1   0
17    1   1   1   0
18    1   1   1   0
19    1   1   1   0
20    1   1   1   0
21    1   1   1   0
22    1   1   1   0
23    1   1   1   0
24    1   1   1   0
25    1   1   1   0
26    1   1   1   0
27    1   1   1   0
28    1   1   1   0
29    1   1   1   0
30    1   1   1   0
31    1   1   1   0
32    1   1   1   0
33    1   1   1   0
34    1   1   1   0
35    1   1   1   0
36    1   1   1   0
37    1   1   1   0
38    1   1   1   0
39    1   1   1   0
40    1   1   1   0
41    1   1   1   0
42    1   1   1   0
43    1   1   1   0
44    1   1   1   0
45    1   1   1   0
46    1   1   1   0
47    1   1   1   0
48    1   1   1   0
49    1   1   1   0
50    1   1   1   0
51    1   1   1   0
52    1   1   1   0
53    1   1   1   0
54    1   1   1   0
55    1   1   1   0
56    1   1   1   0
57    1   1   1   0
58    1   1   1   0
59    1   1   1   0
60    1   1   1   0
61    1   1   1   0
62    1   1   1   0
63    1   1   1   0
64    1   1   1   0
65    1   1   1   0
66    1   1   1   0
67    1   1   1   0
68    1   1   1   0
69    1   1   1   0
70    1   1   1   0
71    1   1   1   0
72    1   1   1   0
73    1   1   1   0
74    1   1   1   0
75    1   1   1   0
76    1   1   1   0
77    1   1   1   0
78    1   1   1   0
79    1   1   1   0
80    1   1   1   0
81    1   1   1   0
82    1   1   1   0
83    1   1   1   0
84    1   1   1   0
85    1   1   1   0
86    1   1   1   0
87    1   1   1   0
88    1   1   1   0
89    1   1   1   0
90    1   1   1   0
91    1   1   1   0
92    1   1   1   0
93    1   1   1   0
94    1   1   1   0
95    1   1   1   0
96    1   1   1   0
97    1   1   1   0
98    1   1   1   0
99    1   1   1   0
100   1   1   1   0
101   1   1   1   0
102   1   1   1   0
103   1   1   1   0
104   1   1   1   0
105   1   1   1   0
106   1   1   1   0
107   1   1   1   0
108   1   1   1   0
109   1   1   1   0
110   1   1   1   0
111   1   1   1   0
112   1   1   1   0
113   1   1   1   0
114   1   1   1   0
115   1   1   1   0
116   1   1   1   0
117   1   1   1   0
118   1   1   1   0
119   1   1   1   0
120   1   1   1   0
121   1   1   1   0
122   1   1   1   0
123   1   1   1   0
124   1   1   1   0
125   1   1   1   0
;

---------------------------- Solution stats data ----------------------------
_ampl_time = 0.829603
_total_solve_time = 61942.6
_ampl_elapsed_time = 0.961897
_ampl_user_time = 0.722332

Total time elapsed: $61942.61.
_total_solve_time = 61942.6

---------------------------- Solution miscs data ----------------------------
tetrahedron_volume [*] :=
  1 0    14 0    27 0    40 0    53 0    66 0    79 0    92 0   105 0   118 0
  2 0    15 0    28 0    41 0    54 0    67 0    80 0    93 0   106 0   119 0
  3 0    16 0    29 0    42 0    55 0    68 0    81 0    94 0   107 0   120 0
  4 0    17 0    30 0    43 0    56 0    69 0    82 0    95 0   108 0   121 0
  5 0    18 0    31 0    44 0    57 0    70 0    83 0    96 0   109 0   122 0
  6 0    19 0    32 0    45 0    58 0    71 0    84 0    97 0   110 0   123 0
  7 0    20 0    33 0    46 0    59 0    72 0    85 0    98 0   111 0   124 0
  8 0    21 0    34 0    47 0    60 0    73 0    86 0    99 0   112 0   125 0
  9 0    22 0    35 0    48 0    61 0    74 0    87 0   100 0   113 0
 10 0    23 0    36 0    49 0    62 0    75 0    88 0   101 0   114 0
 11 0    24 0    37 0    50 0    63 0    76 0    89 0   102 0   115 0
 12 0    25 0    38 0    51 0    64 0    77 0    90 0   103 0   116 0
 13 0    26 0    39 0    52 0    65 0    78 0    91 0   104 0   117 0
;

---------------------------- Solution miscs data ----------------------------
tetrahedron_surface_area [*] :=
  1 1.73205    26 1.73205    51 1.73205    76 1.73205   101 1.73205
  2 1.73205    27 1.73205    52 1.73205    77 1.73205   102 1.73205
  3 1.73205    28 1.73205    53 1.73205    78 1.73205   103 1.73205
  4 1.73205    29 1.73205    54 1.73205    79 1.73205   104 1.73205
  5 1.73205    30 1.73205    55 1.73205    80 1.73205   105 1.73205
  6 1.73205    31 1.73205    56 1.73205    81 1.73205   106 1.73205
  7 1.73205    32 1.73205    57 1.73205    82 1.73205   107 1.73205
  8 1.73205    33 1.73205    58 1.73205    83 1.73205   108 1.73205
  9 1.73205    34 1.73205    59 1.73205    84 1.73205   109 1.73205
 10 1.73205    35 1.73205    60 1.73205    85 1.73205   110 1.73205
 11 1.73205    36 1.73205    61 1.73205    86 1.73205   111 1.73205
 12 1.73205    37 1.73205    62 1.73205    87 1.73205   112 1.73205
 13 1.73205    38 1.73205    63 1.73205    88 1.73205   113 1.73205
 14 1.73205    39 1.73205    64 1.73205    89 1.73205   114 1.73205
 15 1.73205    40 1.73205    65 1.73205    90 1.73205   115 1.73205
 16 1.73205    41 1.73205    66 1.73205    91 1.73205   116 1.73205
 17 1.73205    42 1.73205    67 1.73205    92 1.73205   117 1.73205
 18 1.73205    43 1.73205    68 1.73205    93 1.73205   118 1.73205
 19 1.73205    44 1.73205    69 1.73205    94 1.73205   119 1.73205
 20 1.73205    45 1.73205    70 1.73205    95 1.73205   120 1.73205
 21 1.73205    46 1.73205    71 1.73205    96 1.73205   121 1.73205
 22 1.73205    47 1.73205    72 1.73205    97 1.73205   122 1.73205
 23 1.73205    48 1.73205    73 1.73205    98 1.73205   123 1.73205
 24 1.73205    49 1.73205    74 1.73205    99 1.73205   124 1.73205
 25 1.73205    50 1.73205    75 1.73205   100 1.73205   125 1.73205
;

