Error at _cmdno 5 executing "solve" command
(file amplin, line 1977, offset 37913):
error processing param distances:
	4000 invalid subscripts discarded:
	distances[51,1,1]
	distances[51,1,2]
	distances[51,1,3]
	and 3997 more.
##### This license is only intended for use by NEOS. #####
##### License is valid until Jan 16, 2026 #####
riables.
Adjusted problem:
6726 variables:
	4275 nonlinear variables
	2451 linear variables
14100 constraints; 81325 nonzeros
	11675 nonlinear constraints
	2425 linear constraints
	1275 equality constraints
	12825 inequality constraints
1 linear objective; 1 nonzero.

Artelys Knitro 14.2.0: threads=4
algorithm=1
ms_enable=1
ms_maxsolves=10
feastol=1e-5
opttol=1e-5
honorbnds=1
bar_initpt=3
bar_murule=4
scale=1
outlev=2
maxtime_real=1200
WARNING:  Option 'threads' is deprecated, please use 'numthreads'.

=======================================
           Academic License
       (NOT FOR COMMERCIAL USE)
         Artelys Knitro 14.2.0
=======================================

No start point provided -- Knitro computing one.

Knitro presolve eliminated 0 variables and 0 constraints.

algorithm                1
bar_initpt               3
bar_murule               4
concurrent_evals         0
datacheck                0
feastol                  1e-05
findiff_numthreads       1
hessian_no_f             1
hessopt                  1
honorbnds                1
maxtime_real             1200
ms_enable                1
ms_maxsolves             10
numthreads               4
opttol                   1e-05

Problem Characteristics                                 (   Presolved)
-----------------------
Objective goal:  Minimize
Objective type:  linear
Number of variables:                               6726 (        6726)
    bounded below only:                             601 (         601)
    bounded above only:                               0 (           0)
    bounded below and above:                          0 (           0)
    fixed:                                            0 (           0)
    free:                                          6125 (        6125)
Number of constraints:                            14100 (       14100)
    linear equalities:                                0 (           0)
    quadratic equalities:                          1225 (        1225)
    gen. nonlinear equalities:                       50 (          50)
    linear one-sided inequalities:                 2425 (        2425)
    quadratic one-sided inequalities:             10400 (       10400)
    gen. nonlinear one-sided inequalities:            0 (           0)
    linear two-sided inequalities:                    0 (           0)
    quadratic two-sided inequalities:                 0 (           0)
    gen. nonlinear two-sided inequalities:            0 (           0)
Number of nonzeros in Jacobian:                   81325 (       81325)
Number of nonzeros in Hessian:                    36975 (       36975)

Knitro parallel multistart will run with 4 threads.

Return codes description
------------------------
  0:  The final solution satisfies the termination conditions for verifying optimality.
  -100 to -199:  A feasible approximate solution was found.
  -200 to -299:  Knitro terminated at an infeasible point.
  -300 to -301:  The problem was determined to be unbounded.
  -400 to -499:  Knitro terminated because it reached a pre-defined limit.
    -400 to -409:  A feasible point was found.
    -410 to -419:  No feasible point was found.
  -500 to -599:  Knitro terminated with an input error or some non-standard error.
A more detailed description of individual return codes and their corresponding
termination messages is provided at
https://www.artelys.com/app/docs/knitro/3_referenceManual/returnCodes.html

 Solve #  ThreadID  Status     Objective      FeasError    OptError    Real Time 
--------  --------  ------  --------------   ----------   ----------  ----------
      4          0    -202         2544.80      5456.96     0.999998      45.3004
      0          0       0         1.13089  4.27242e-05  9.87927e-06      211.486
      1          3    -410         334.312     0.207072     0.457626      978.526
      2          1    -410         416.133  1.26549e-02  1.24662e-02      927.468
      8          2    -410         343.306     0.100859  4.56074e-02      1030.19
      3          2    -410         4917.94     0.353716      7.06906      1031.10
      9          0    -410         4376.38     0.516868      1.84547      1217.19
      6          1    -410         27579.1     0.255188     0.999995      1272.03
      5          0    -410         35814.3     0.125609      1.00000      1361.25
      7          3    -410         18284.3  7.69104e-03     0.999991      1310.88

MULTISTART: Best locally optimal solution is returned.
EXIT: Locally optimal solution found.

Final Statistics
----------------
Final objective value               =   1.13089209468169e+00
Final feasibility error (abs / rel) =   4.27e-05 / 2.34e-06
Final optimality error  (abs / rel) =   9.88e-06 / 9.88e-06
# of iterations                     =      83005 
# of CG iterations                  =          0 
# of function evaluations           =     174829
# of gradient evaluations           =      83273
# of Hessian evaluations            =      83072
Total program time (secs)           =    2836.12061 (  9351.822 CPU time)

===============================================================================

Knitro 14.2.0: Locally optimal or satisfactory solution.
objective 1.130892095; feasibility error 4.27e-05
83005 iterations; 174829 function evaluations

suffix feaserror OUT;
suffix opterror OUT;
suffix numfcevals OUT;
suffix numiters OUT;
---------------------------- Container and geometric considerations  ----------------------------
Container type: cylinder
Structural conservation type: volume & surface
---------------------------- Solution execution data ----------------------------
solve_result_num = 0
solve_result = solved

---------------------------- Solution data ----------------------------
card(figures) = 50

coords [*,*,1]
:       1         2         3         4       :=
1    20.5654   19.6102   19.7477   20.2853
2    20.4811   19.7882   20.5604   19.4353
3    19.4348   20.3663   19.5628   20.2809
4    19.4358   20.0492   19.6533   20.2808
5    19.4346   19.6353   19.4346   19.7502
6    20.5654   20.4553   19.5671   20.4423
7    19.4346   20.2482   20.0769   19.4959
8    19.7567   20.5561   19.4394   20.4817
9    20.5654   20.2852   19.7476   19.61
10   19.6641   19.4346   19.4346   19.7906
11   19.7749   19.9999   20.4789   20.5654
12   19.5057   19.4347   20.1603   20.2622
13   19.4346   19.4346   19.7876   19.4346
14   19.4346   19.4346   20.5654   20.2479
15   19.4662   19.4346   19.7528   19.4346
16   19.5734   19.8211   19.4357   20.2078
17   19.4929   20.1254   19.4346   20.2481
18   19.5361   20.2207   19.4348   20.304
19   20.5654   19.7476   20.2853   19.6101
20   20.5654   19.7476   20.2852   19.6101
21   19.6662   19.7918   19.4346   19.4346
22   19.4346   19.7502   19.4346   19.6353
23   20.5654   20.5654   19.4346   20.5654
24   20.5037   19.5344   20.5654   19.7686
25   20.4397   19.4346   20.5654   20.5654
26   19.4357   20.2701   19.5725   19.6531
27   19.7142   20.0493   20.3449   20.5654
28   19.4346   19.4346   19.7887   19.6614
29   20.5654   20.5228   19.4346   19.4346
30   20.5654   19.4657   19.6051   20.5654
31   19.7503   19.4346   19.4346   19.635
32   20.2855   19.7475   19.6104   20.5654
33   20.2086   19.5584   19.458    19.4346
34   19.748    20.5654   20.5654   20.5203
35   19.6352   19.4346   19.7502   19.4346
36   19.7707   20.4823   19.4368   20.5587
37   19.4346   20.1394   20.5654   19.4346
38   19.605    20.5654   20.5654   19.4657
39   19.7504   19.6349   19.4346   19.4346
40   19.4347   19.7778   19.4372   19.6373
41   19.4352   19.789    20.4811   20.5605
42   19.6101   20.2852   20.5654   19.7476
43   19.4346   20.5654   20.442    20.5654
44   19.7914   19.4346   19.4346   19.6655
45   19.4346   19.4351   19.6558   19.7851
46   19.7572   20.5581   20.4833   19.4374
47   20.5585   19.771    19.4369   20.4821
48   19.4346   20.5654   20.5654   20.5654
49   19.4346   20.5654   19.4346   19.4346
50   19.7502   19.4346   19.6353   19.4346

 [*,*,2]
:       1         2         3         4       :=
1    20.4655   20.2516   20.442    20.5654
2    20.5469   20.4547   20.4706   20.2125
3    19.4346   20.4268   19.9004   20.1577
4    19.4346   19.4346   19.4346   20.2159
5    19.6821   20.2861   19.4346   20.4456
6    19.4346   20.5632   20.2059   20.5654
7    19.4346   20.5259   20.3589   19.8264
8    20.4475   20.4697   20.2142   20.5454
9    20.4655   20.5654   20.4422   20.2516
10   20.2968   19.4346   19.6771   20.4543
11   19.8944   19.4346   20.499    19.4346
12   19.8379   19.4346   20.2768   20.5184
13   20.5654   19.4346   20.5654   20.2123
14   20.5654   20.2123   20.5654   20.3988
15   20.2364   19.701    20.4543   19.4346
16   20.0446   20.4605   19.4364   20.5475
17   19.8221   20.2923   19.4346   20.5258
18   19.8733   20.236    19.4346   20.4911
19   20.4655   20.4419   20.5654   20.2516
20   20.4655   20.4419   20.5654   20.2516
21   20.2977   20.4548   19.6768   19.4346
22   19.4346   20.4456   19.6821   20.2861
23   20.5312   20.4655   20.105    19.4346
24   20.5207   20.0114   19.4346   19.6159
25   20.5623   20.0701   20.3809   19.4346
26   19.4346   20.2035   19.8381   19.4346
27   19.5465   19.4346   20.3843   19.4346
28   19.6777   19.4346   20.4537   20.2956
29   20.5654   20.4975   20.5654   20.2123
30   19.4346   20.2353   19.9743   20.5648
31   20.4459   19.6823   19.4346   20.2861
32   20.5654   20.4419   20.2517   20.4655
33   20.5483   20.0354   19.6701   19.4346
34   19.6519   19.4346   19.4346   20.5326
35   20.2861   19.4346   20.4456   19.6821
36   20.4507   20.5455   20.2131   20.4702
37   20.2123   20.5654   20.5505   20.5654
38   19.9743   20.5648   19.4346   20.2353
39   20.4462   20.2861   19.683    19.4346
40   19.4349   20.4507   19.6891   20.2861
41   20.2125   20.4549   20.5469   20.4706
42   20.2516   20.5654   20.4655   20.4419
43   20.0853   19.4346   20.562    20.2948
44   20.4547   19.6769   19.4346   20.2974
45   19.4347   19.6797   20.2933   20.4527
46   20.4477   20.47     20.5442   20.2134
47   20.4701   20.4508   20.2132   20.5456
48   20.1613   20.4583   19.4346   20.5654
49   20.5654   20.5654   20.2123   20.5654
50   20.4456   19.682    20.2861   19.4346

 [*,*,3]
:       1         2         3         4       :=
1    19.4346   19.4346   20.544    20.5654
2    20.1286   20.5654   19.4771   19.4352
3    20.5654   20.4231   19.4346   20.5654
4    20.5654   20.5654   19.4346   20.381
5    19.4621   19.6354   20.5654   20.5654
6    20.0964   20.2495   19.563    20.5654
7    20.5654   20.3485   20.5654   19.4346
8    20.5645   19.4782   19.4404   20.1178
9    19.4346   20.5654   20.5439   19.4346
10   19.6663   20.5654   19.4841   20.5654
11   19.6      19.8325   20.5654   20.5645
12   19.4346   20.5654   20.5654   20.3637
13   20.5654   20.5654   20.5654   19.4346
14   20.5654   19.4346   19.9152   19.4651
15   19.5467   19.4555   20.5651   20.5654
16   19.4959   20.5654   20.5654   20.5654
17   19.4346   20.5654   20.5654   20.348
18   19.4346   20.5654   20.5654   20.3982
19   19.4346   20.5439   20.5654   19.4346
20   19.4346   20.5439   20.5654   19.4346
21   19.6685   20.5654   19.4851   20.5654
22   20.5654   20.5654   19.4621   19.6354
23   19.8559   19.4346   19.4346   19.4346
24   20.2715   19.4346   19.4566   19.536
25   20.2391   19.4346   20.0127   19.4566
26   20.5654   20.3697   19.4346   19.4346
27   19.4871   20.5654   20.3817   20.5654
28   19.4826   20.5654   20.5654   19.6634
29   20.071    19.7221   20.5654   19.4346
30   19.4346   19.5461   19.4346   20.125
31   20.5654   19.4621   20.5654   19.6353
32   20.5654   20.5438   19.4346   19.4346
33   20.5654   19.4636   19.8136   20.5654
34   19.5617   19.4567   20.0964   20.2884
35   19.6354   20.5654   20.5654   19.4621
36   20.565    20.1175   19.4371   19.4771
37   19.4347   20.5654   20.0233   20.5654
38   19.4346   20.125    19.4346   19.5462
39   20.5654   19.6352   19.462    20.5654
40   20.5654   20.5653   19.4681   19.6377
41   19.435    20.5654   20.1289   19.4771
42   19.4346   20.5654   19.4346   20.5438
43   19.4459   19.4566   20.2399   20.1243
44   20.5654   19.4848   20.5654   19.6678
45   20.5654   19.4791   19.6574   20.5654
46   20.5649   19.4771   20.107    19.4378
47   19.477    20.565    19.4372   20.1185
48   19.4562   19.8279   19.4346   20.1254
49   19.4346   19.7774   19.4346   20.5654
50   20.5654   19.4621   19.6354   20.5654
;

side = 1.13089
softness = 0.9

---------------------------- Solution coords data ----------------------------
distances [*,1,*]
:    1   2   3   4    :=
1    0   1   0   1
2    0   1   0   1
3    0   1   0   1
4    0   1   0   1
5    0   1   0   1
6    0   1   0   1
7    0   1   0   1
8    0   1   0   1
9    0   1   0   1
10   0   1   0   1
11   0   1   0   1
12   0   1   0   1
13   0   1   0   1
14   0   1   0   1
15   0   1   0   1
16   0   1   0   1
17   0   1   0   1
18   0   1   0   1
19   0   1   0   1
20   0   1   0   1
21   0   1   0   1
22   0   1   0   1
23   0   1   0   1
24   0   1   0   1
25   0   1   0   1
26   0   1   0   1
27   0   1   0   1
28   0   1   0   1
29   0   1   0   1
30   0   1   0   1
31   0   1   0   1
32   0   1   0   1
33   0   1   0   1
34   0   1   0   1
35   0   1   0   1
36   0   1   0   1
37   0   1   0   1
38   0   1   0   1
39   0   1   0   1
40   0   1   0   1
41   0   1   0   1
42   0   1   0   1
43   0   1   0   1
44   0   1   0   1
45   0   1   0   1
46   0   1   0   1
47   0   1   0   1
48   0   1   0   1
49   0   1   0   1
50   0   1   0   1

 [*,2,*]
:    1   2   3   4    :=
1    0   0   1   1
2    0   0   1   1
3    0   0   1   1
4    0   0   1   1
5    0   0   1   1
6    0   0   1   1
7    0   0   1   1
8    0   0   1   1
9    0   0   1   1
10   0   0   1   1
11   0   0   1   1
12   0   0   1   1
13   0   0   1   1
14   0   0   1   1
15   0   0   1   1
16   0   0   1   1
17   0   0   1   1
18   0   0   1   1
19   0   0   1   1
20   0   0   1   1
21   0   0   1   1
22   0   0   1   1
23   0   0   1   1
24   0   0   1   1
25   0   0   1   1
26   0   0   1   1
27   0   0   1   1
28   0   0   1   1
29   0   0   1   1
30   0   0   1   1
31   0   0   1   1
32   0   0   1   1
33   0   0   1   1
34   0   0   1   1
35   0   0   1   1
36   0   0   1   1
37   0   0   1   1
38   0   0   1   1
39   0   0   1   1
40   0   0   1   1
41   0   0   1   1
42   0   0   1   1
43   0   0   1   1
44   0   0   1   1
45   0   0   1   1
46   0   0   1   1
47   0   0   1   1
48   0   0   1   1
49   0   0   1   1
50   0   0   1   1

 [*,3,*]
:    1   2   3   4    :=
1    1   0   0   1
2    1   0   0   1
3    1   0   0   1
4    1   0   0   1
5    1   0   0   1
6    1   0   0   1
7    1   0   0   1
8    1   0   0   1
9    1   0   0   1
10   1   0   0   1
11   1   0   0   1
12   1   0   0   1
13   1   0   0   1
14   1   0   0   1
15   1   0   0   1
16   1   0   0   1
17   1   0   0   1
18   1   0   0   1
19   1   0   0   1
20   1   0   0   1
21   1   0   0   1
22   1   0   0   1
23   1   0   0   1
24   1   0   0   1
25   1   0   0   1
26   1   0   0   1
27   1   0   0   1
28   1   0   0   1
29   1   0   0   1
30   1   0   0   1
31   1   0   0   1
32   1   0   0   1
33   1   0   0   1
34   1   0   0   1
35   1   0   0   1
36   1   0   0   1
37   1   0   0   1
38   1   0   0   1
39   1   0   0   1
40   1   0   0   1
41   1   0   0   1
42   1   0   0   1
43   1   0   0   1
44   1   0   0   1
45   1   0   0   1
46   1   0   0   1
47   1   0   0   1
48   1   0   0   1
49   1   0   0   1
50   1   0   0   1

 [*,4,*]
:    1   2   3   4    :=
1    1   1   1   0
2    1   1   1   0
3    1   1   1   0
4    1   1   1   0
5    1   1   1   0
6    1   1   1   0
7    1   1   1   0
8    1   1   1   0
9    1   1   1   0
10   1   1   1   0
11   1   1   1   0
12   1   1   1   0
13   1   1   1   0
14   1   1   1   0
15   1   1   1   0
16   1   1   1   0
17   1   1   1   0
18   1   1   1   0
19   1   1   1   0
20   1   1   1   0
21   1   1   1   0
22   1   1   1   0
23   1   1   1   0
24   1   1   1   0
25   1   1   1   0
26   1   1   1   0
27   1   1   1   0
28   1   1   1   0
29   1   1   1   0
30   1   1   1   0
31   1   1   1   0
32   1   1   1   0
33   1   1   1   0
34   1   1   1   0
35   1   1   1   0
36   1   1   1   0
37   1   1   1   0
38   1   1   1   0
39   1   1   1   0
40   1   1   1   0
41   1   1   1   0
42   1   1   1   0
43   1   1   1   0
44   1   1   1   0
45   1   1   1   0
46   1   1   1   0
47   1   1   1   0
48   1   1   1   0
49   1   1   1   0
50   1   1   1   0
;

---------------------------- Solution stats data ----------------------------
_ampl_time = 0.042175
_total_solve_time = 9351.95
_ampl_elapsed_time = 0.039751
_ampl_user_time = 0.031383

Total time elapsed: $9351.95.
_total_solve_time = 9351.95

---------------------------- Solution miscs data ----------------------------
tetrahedron_volume [*] :=
 1 0    6 0   11 0   16 0   21 0   26 0   31 0   36 0   41 0   46 0
 2 0    7 0   12 0   17 0   22 0   27 0   32 0   37 0   42 0   47 0
 3 0    8 0   13 0   18 0   23 0   28 0   33 0   38 0   43 0   48 0
 4 0    9 0   14 0   19 0   24 0   29 0   34 0   39 0   44 0   49 0
 5 0   10 0   15 0   20 0   25 0   30 0   35 0   40 0   45 0   50 0
;

---------------------------- Solution miscs data ----------------------------
tetrahedron_surface_area [*] :=
 1 1.73205   10 1.73205   19 1.73205   28 1.73205   37 1.73205   46 1.73205
 2 1.73205   11 1.73205   20 1.73205   29 1.73205   38 1.73205   47 1.73205
 3 1.73205   12 1.73205   21 1.73205   30 1.73205   39 1.73205   48 1.73205
 4 1.73205   13 1.73205   22 1.73205   31 1.73205   40 1.73205   49 1.73205
 5 1.73205   14 1.73205   23 1.73205   32 1.73205   41 1.73205   50 1.73205
 6 1.73205   15 1.73205   24 1.73205   33 1.73205   42 1.73205
 7 1.73205   16 1.73205   25 1.73205   34 1.73205   43 1.73205
 8 1.73205   17 1.73205   26 1.73205   35 1.73205   44 1.73205
 9 1.73205   18 1.73205   27 1.73205   36 1.73205   45 1.73205
;

