Error at _cmdno 5 executing "solve" command
(file amplin, line 1945, offset 37257):
error processing param distances:
	3680 invalid subscripts discarded:
	distances[71,1,1]
	distances[71,1,2]
	distances[71,1,3]
	and 3677 more.
##### This license is only intended for use by NEOS. #####
##### License is valid until Jan 16, 2026 #####
ariables.
Adjusted problem:
12916 variables:
	8086 nonlinear variables
	4830 linear variables
25340 constraints; 154315 nonzeros
	22925 nonlinear constraints
	2415 linear constraints
	2485 equality constraints
	22855 inequality constraints
1 linear objective; 1 nonzero.

Artelys Knitro 14.2.0: threads=4
algorithm=1
ms_enable=1
ms_maxsolves=10
feastol=1e-5
opttol=1e-5
honorbnds=1
bar_initpt=3
bar_murule=4
scale=1
outlev=2
maxtime_real=3600
WARNING:  Option 'threads' is deprecated, please use 'numthreads'.

=======================================
           Academic License
       (NOT FOR COMMERCIAL USE)
         Artelys Knitro 14.2.0
=======================================

No start point provided -- Knitro computing one.

Knitro presolve eliminated 0 variables and 0 constraints.

algorithm                1
bar_initpt               3
bar_murule               4
concurrent_evals         0
datacheck                0
feastol                  1e-05
findiff_numthreads       1
hessian_no_f             1
hessopt                  1
honorbnds                1
maxtime_real             3600
ms_enable                1
ms_maxsolves             10
numthreads               4
opttol                   1e-05

Problem Characteristics                                 (   Presolved)
-----------------------
Objective goal:  Minimize
Objective type:  linear
Number of variables:                              12916 (       12916)
    bounded below only:                             841 (         841)
    bounded above only:                               0 (           0)
    bounded below and above:                          0 (           0)
    fixed:                                            0 (           0)
    free:                                         12075 (       12075)
Number of constraints:                            25340 (       25340)
    linear equalities:                                0 (           0)
    quadratic equalities:                          2415 (        2415)
    gen. nonlinear equalities:                       70 (          70)
    linear one-sided inequalities:                 2415 (        2415)
    quadratic one-sided inequalities:             20440 (       20440)
    gen. nonlinear one-sided inequalities:            0 (           0)
    linear two-sided inequalities:                    0 (           0)
    quadratic two-sided inequalities:                 0 (           0)
    gen. nonlinear two-sided inequalities:            0 (           0)
Number of nonzeros in Jacobian:                  154315 (      154315)
Number of nonzeros in Hessian:                    70666 (       70666)

Knitro parallel multistart will run with 4 threads.

Return codes description
------------------------
  0:  The final solution satisfies the termination conditions for verifying optimality.
  -100 to -199:  A feasible approximate solution was found.
  -200 to -299:  Knitro terminated at an infeasible point.
  -300 to -301:  The problem was determined to be unbounded.
  -400 to -499:  Knitro terminated because it reached a pre-defined limit.
    -400 to -409:  A feasible point was found.
    -410 to -419:  No feasible point was found.
  -500 to -599:  Knitro terminated with an input error or some non-standard error.
A more detailed description of individual return codes and their corresponding
termination messages is provided at
https://www.artelys.com/app/docs/knitro/3_referenceManual/returnCodes.html

 Solve #  ThreadID  Status     Objective      FeasError    OptError    Real Time 
--------  --------  ------  --------------   ----------   ----------  ----------
      2          3    -202         2493.88      61668.1      94.7395      348.232
      0          0       0        0.658117  9.70878e-05  1.11281e-06      490.301
      7          1    -202         13129.3      5.03600     0.999923      4336.72
      5          0    -400         1.97345  9.52174e-04  1.26345e-04      3825.90
      4          3    -410         1767.60  1.64179e-02     0.126634      4523.52
      8          2    -410         1205.59      10.8629     0.999544      5163.89
      9          3    -410         740.371  2.45360e-02  7.26699e-04      5024.61
      1          1    -410         1639.08     0.955851     0.999949      4657.48
      3          2    -410         16809.5      1.77869     0.999979      4677.04
      6          0    -410         1157.16      6.50910     0.333264      5226.60

MULTISTART: Best locally optimal solution is returned.
EXIT: Locally optimal solution found.

Final Statistics
----------------
Final objective value               =   6.58116807535951e-01
Final feasibility error (abs / rel) =   9.71e-05 / 9.07e-08
Final optimality error  (abs / rel) =   1.11e-06 / 1.11e-06
# of iterations                     =      80337 
# of CG iterations                  =          0 
# of function evaluations           =      97661
# of gradient evaluations           =      80661
# of Hessian evaluations            =      80397
Total program time (secs)           =    9897.89551 ( 35291.719 CPU time)

===============================================================================

Knitro 14.2.0: Locally optimal or satisfactory solution.
objective 0.6581168075; feasibility error 9.71e-05
80337 iterations; 97661 function evaluations

suffix feaserror OUT;
suffix opterror OUT;
suffix numfcevals OUT;
suffix numiters OUT;
---------------------------- Container and geometric considerations  ----------------------------
Container type: sphere
Structural conservation type: surface
---------------------------- Solution execution data ----------------------------
solve_result_num = 0
solve_result = solved

---------------------------- Solution data ----------------------------
card(figures) = 70

coords [*,*,1]
:       1         2         3         4       :=
1    19.5514   20.4395   20.083    19.9075
2    20.4517   20.048    19.5525   19.9558
3    19.5626   20.0878   20.4517   19.9264
4    19.9089   20.4482   19.5663   20.1056
5    20.0751   20.4426   19.5507   19.9184
6    20.0688   19.9461   20.4551   19.5598
7    19.5545   20.0799   19.9181   20.4443
8    20.4537   19.9739   19.5511   20.0284
9    20.0508   20.4504   19.9513   19.5519
10   20.4506   20.0869   19.9251   19.5616
11   20.0893   19.5626   19.9242   20.451
12   19.9014   20.0876   20.4375   19.5515
13   20.4446   19.5409   19.9643   20.0211
14   20.0572   19.556    20.4535   19.952
15   20.4386   19.9148   19.5466   20.0703
16   19.5505   20.4512   19.9588   20.0426
17   20.4402   19.5454   19.9237   20.0619
18   20.4272   19.5876   19.8404   20.1743
19   20.0437   19.9637   19.5539   20.454
20   19.9177   20.4424   20.0755   19.5513
21   19.5452   20.0621   19.923    20.4399
22   20.0519   19.5442   19.9343   20.442
23   19.5517   20.0186   19.9877   20.455
24   20.4525   19.5593   20.0743   19.9375
25   20.4442   19.5536   19.9193   20.0786
26   19.5515   20.4385   19.9044   20.0855
27   19.5657   20.1025   20.4491   19.9123
28   19.5594   19.9353   20.452    20.0759
29   19.9559   19.5504   20.0451   20.4506
30   20.0881   19.9227   19.5613   20.4497
31   20.4438   20.0808   19.9166   19.5543
32   20.439    20.0814   19.5505   19.9079
33   19.9212   19.563    20.092    20.4503
34   20.4527   19.9422   19.5578   20.0681
35   19.9174   20.0679   20.4391   19.5462
36   19.9425   19.5603   20.4545   20.0723
37   20.444    20.0617   19.9305   19.5481
38   20.442    20.0554   19.9318   19.5451
39   19.5563   19.925    20.4472   20.0779
40   19.9264   20.4461   19.5536   20.0733
41   19.5516   20.4369   19.8995   20.0887
42   20.054    20.4421   19.9329   19.5447
43   19.918    20.4499   19.5639   20.0957
44   20.4519   19.9269   20.0876   19.5627
45   19.5537   19.9277   20.4465   20.0717
46   19.953    20.0523   20.4519   19.5536
47   20.0806   19.5567   19.9215   20.4462
48   19.9167   20.0958   20.4491   19.5634
49   19.5571   19.941    20.0678   20.4519
50   19.5455   20.4397   19.9214   20.0638
51   20.444    20.0718   19.9237   19.5511
52   19.5509   19.9225   20.0714   20.4435
53   20.0744   20.4444   19.9224   19.5521
54   19.9288   20.4498   20.0793   19.5587
55   20.061    19.5454   20.4406   19.925
56   20.0097   20.4457   19.9768   19.5408
57   19.551    20.4371   19.901    20.0868
58   20.4424   19.5531   20.0809   19.914
59   19.5516   20.4398   19.9083   20.0824
60   19.9061   20.438    20.0817   19.5498
61   19.9596   20.0544   19.5577   20.4563
62   19.8873   20.4331   20.0984   19.5526
63   19.9434   20.0665   20.4526   19.5574
64   20.4464   19.9493   19.5462   20.0428
65   19.5523   20.0245   19.9823   20.455
66   20.4389   19.9056   20.0843   19.5515
67   20.0462   19.5533   19.9593   20.4529
68   20.0927   20.45     19.563    19.9202
69   20.4457   19.9289   19.5514   20.0685
70   20.0853   20.437    19.902    19.5504

 [*,*,2]
:       1         2         3         4       :=
1    19.5314   20.4771   20.0734   19.9346
2    20.4758   20.0239   19.5201   19.9715
3    19.5188   20.0565   20.4677   19.93
4    19.9111   20.4648   19.5216   20.0753
5    20.0628   20.4777   19.5287   19.9438
6    20.0356   19.9504   20.4697   19.5162
7    19.5263   20.0627   19.9372   20.4745
8    20.4762   19.9901   19.5191   20.0025
9    20.0287   20.4764   19.9688   19.5214
10   20.4686   20.0575   19.9306   19.5198
11   20.0588   19.5194   19.9283   20.4678
12   19.9302   20.0801   20.4771   19.5332
13   20.4847   19.5291   20.0007   20.0131
14   20.0286   19.518    20.473    19.9621
15   20.4812   19.9485   19.5328   20.0656
16   19.5212   20.4772   19.9776   20.0205
17   20.4821   19.5316   19.9575   20.0562
18   20.429    19.5571   19.7954   20.1907
19   20.0158   19.9762   19.518    20.4744
20   19.9424   20.4771   20.0627   19.5286
21   19.5318   20.0568   19.9573   20.4823
22   20.045    19.5303   19.9681   20.4828
23   19.5182   19.9902   20.0028   20.4753
24   20.4704   19.5184   20.0445   19.9443
25   20.4754   19.5268   19.94     20.0625
26   19.5324   20.4771   19.9324   20.077
27   19.5208   20.0716   20.4652   19.9144
28   19.5188   19.9424   20.4704   20.0467
29   19.9752   19.5216   20.0238   20.4774
30   20.0601   19.9293   19.5206   20.469
31   20.4747   20.0642   19.9363   19.5268
32   20.4779   20.0731   19.532    19.9366
33   19.9254   19.52     20.062    20.4675
34   20.4716   19.9507   19.5184   20.0392
35   19.9511   20.0628   20.4815   19.5324
36   19.9466   19.5166   20.4694   20.0394
37   20.4796   20.0497   19.9579   19.5279
38   20.4821   20.0477   19.9645   19.5301
39   19.5233   19.9395   20.4731   20.0563
40   19.9453   20.4754   19.525    20.055
41   19.5337   20.4771   19.9286   20.0818
42   20.0466   20.4824   19.966    19.5302
43   19.9215   20.4667   19.5202   20.0654
44   20.4676   19.9302   20.056    19.5186
45   19.5244   19.9459   20.4751   20.0527
46   19.9672   20.0273   20.475    19.5198
47   20.0598   19.5242   19.9365   20.4729
48   19.9214   20.0667   20.4672   19.5209
49   19.5192   19.9508   20.0403   20.4723
50   19.532    20.482    19.9555   20.0585
51   20.4773   20.0576   19.9475   19.5274
52   19.5278   19.9469   20.0578   20.4774
53   20.0592   20.4766   19.9447   19.5269
54   19.9385   20.4711   20.0531   19.5208
55   20.0548   19.5313   20.482    19.9585
56   20        20.4842   20.0128   19.5286
57   19.5336   20.4775   19.9307   20.0802
58   20.4756   19.5283   20.0667   19.9364
59   19.531    20.4769   19.9349   20.0722
60   19.9365   20.4786   20.0751   19.533
61   19.9208   20.0659   19.5202   20.4665
62   19.9186   20.4763   20.0949   19.5371
63   19.9524   20.0379   20.472    19.5185
64   20.4807   19.9772   19.5262   20.029
65   19.5179   19.996    19.9965   20.4751
66   20.4771   19.9331   20.0753   19.5319
67   20.0201   19.5191   19.9734   20.4751
68   20.063    20.4675   19.5202   19.9247
69   20.477    19.9509   19.5258   20.0523
70   20.0792   20.4781   19.9326   19.5338

 [*,*,3]
:       1         2         3         4       :=
1    20.1106   19.889    20.6487   19.3518
2    19.9489   20.6559   20.0504   19.3441
3    20.1011   20.6498   19.8984   19.3498
4    19.3543   19.8726   20.127    20.6452
5    20.6507   19.9055   20.0952   19.3494
6    20.6535   19.346    19.9267   20.0728
7    20.1006   20.6501   19.3501   19.898
8    19.9808   19.3425   20.0164   20.6574
9    20.6554   19.9432   19.3445   20.0565
10   19.8979   20.6498   19.3499   20.1013
11   20.6494   20.1038   19.3502   19.8956
12   19.3531   20.6473   19.8817   20.1186
13   19.9762   20.0243   19.3429   20.6576
14   20.655    20.06     19.9393   19.3448
15   19.9043   19.3495   20.0962   20.6511
16   20.0413   19.9586   19.3436   20.6563
17   19.9169   20.0836   19.3477   20.6528
18   20.2581   19.7415   20.6048   19.3947
19   20.6564   19.3434   20.0415   19.9577
20   19.3497   19.9017   20.6507   20.0976
21   20.0842   20.6527   19.3478   19.9163
22   20.6545   20.0686   19.346    19.9319
23   20.0054   20.6577   19.3421   19.9935
24   19.9164   20.0831   20.6524   19.3473
25   19.9016   20.0989   19.3497   20.6503
26   20.1149   19.8854   19.3524   20.6479
27   20.1221   20.6461   19.8774   19.3534
28   20.0859   19.3476   19.9135   20.652
29   19.3439   20.0457   20.656    19.9545
30   20.6494   19.3503   20.104    19.8953
31   19.8964   20.6499   19.3504   20.1022
32   19.8908   20.6489   20.1092   19.3515
33   19.3509   20.108    20.6487   19.8914
34   19.9243   19.3463   20.0752   20.6534
35   19.3489   20.6516   19.9079   20.0925
36   19.3466   20.078    19.9215   20.6529
37   19.9236   20.6533   19.347    20.0772
38   19.9275   20.654    19.3464   20.0729
39   20.0944   19.349    19.9044   20.651
40   19.3484   19.9102   20.0901   20.6516
41   20.1206   19.8792   19.3536   20.6469
42   20.6542   19.9294   19.3462   20.0711
43   19.3518   19.8864   20.113    20.6478
44   19.8989   19.3497   20.6498   20.1006
45   20.0877   19.3482   19.911    20.652
46   19.3445   20.6554   19.9434   20.0562
47   20.6504   20.1005   19.3498   19.8983
48   19.3519   20.6477   19.8855   20.114
49   20.0757   19.3464   20.6533   19.9236
50   20.0866   19.9139   19.3481   20.6524
51   19.9106   20.6516   19.3485   20.0905
52   20.0912   19.3487   20.6516   19.9083
53   20.6511   19.9084   19.3489   20.0926
54   19.3487   19.9063   20.6511   20.093
55   20.653    20.0819   19.9185   19.3475
56   20.658    19.9936   19.3424   20.0069
57   20.1181   19.8818   19.3531   20.6474
58   19.8947   20.1042   20.6496   19.3507
59   20.1093   19.8897   19.3516   20.6489
60   19.3518   19.8895   20.6487   20.1109
61   20.6521   19.3475   19.9145   20.085
62   19.3567   19.8636   20.6438   20.1368
63   19.3461   20.6536   19.9263   20.0731
64   19.9487   19.3443   20.0507   20.656
65   20.0144   20.6576   19.3422   19.9847
66   19.8866   19.3522   20.6483   20.1128
67   20.6561   20.0464   19.3437   19.9527
68   20.6485   19.8903   20.1092   19.3511
69   19.9174   19.3476   20.0835   20.6524
70   20.6477   19.8839   19.3527   20.1164
;

radius = 0.658117
softness = 0.75

---------------------------- Solution coords data ----------------------------
distances [*,1,*]
:    1   2   3   4    :=
1    0   1   0   1
2    0   1   0   1
3    0   1   0   1
4    0   1   0   1
5    0   1   0   1
6    0   1   0   1
7    0   1   0   1
8    0   1   0   1
9    0   1   0   1
10   0   1   0   1
11   0   1   0   1
12   0   1   0   1
13   0   1   0   1
14   0   1   0   1
15   0   1   0   1
16   0   1   0   1
17   0   1   0   1
18   0   1   0   1
19   0   1   0   1
20   0   1   0   1
21   0   1   0   1
22   0   1   0   1
23   0   1   0   1
24   0   1   0   1
25   0   1   0   1
26   0   1   0   1
27   0   1   0   1
28   0   1   0   1
29   0   1   0   1
30   0   1   0   1
31   0   1   0   1
32   0   1   0   1
33   0   1   0   1
34   0   1   0   1
35   0   1   0   1
36   0   1   0   1
37   0   1   0   1
38   0   1   0   1
39   0   1   0   1
40   0   1   0   1
41   0   1   0   1
42   0   1   0   1
43   0   1   0   1
44   0   1   0   1
45   0   1   0   1
46   0   1   0   1
47   0   1   0   1
48   0   1   0   1
49   0   1   0   1
50   0   1   0   1
51   0   1   0   1
52   0   1   0   1
53   0   1   0   1
54   0   1   0   1
55   0   1   0   1
56   0   1   0   1
57   0   1   0   1
58   0   1   0   1
59   0   1   0   1
60   0   1   0   1
61   0   1   0   1
62   0   1   0   1
63   0   1   0   1
64   0   1   0   1
65   0   1   0   1
66   0   1   0   1
67   0   1   0   1
68   0   1   0   1
69   0   1   0   1
70   0   1   0   1

 [*,2,*]
:    1   2   3   4    :=
1    0   0   1   1
2    0   0   1   1
3    0   0   1   1
4    0   0   1   1
5    0   0   1   1
6    0   0   1   1
7    0   0   1   1
8    0   0   1   1
9    0   0   1   1
10   0   0   1   1
11   0   0   1   1
12   0   0   1   1
13   0   0   1   1
14   0   0   1   1
15   0   0   1   1
16   0   0   1   1
17   0   0   1   1
18   0   0   1   1
19   0   0   1   1
20   0   0   1   1
21   0   0   1   1
22   0   0   1   1
23   0   0   1   1
24   0   0   1   1
25   0   0   1   1
26   0   0   1   1
27   0   0   1   1
28   0   0   1   1
29   0   0   1   1
30   0   0   1   1
31   0   0   1   1
32   0   0   1   1
33   0   0   1   1
34   0   0   1   1
35   0   0   1   1
36   0   0   1   1
37   0   0   1   1
38   0   0   1   1
39   0   0   1   1
40   0   0   1   1
41   0   0   1   1
42   0   0   1   1
43   0   0   1   1
44   0   0   1   1
45   0   0   1   1
46   0   0   1   1
47   0   0   1   1
48   0   0   1   1
49   0   0   1   1
50   0   0   1   1
51   0   0   1   1
52   0   0   1   1
53   0   0   1   1
54   0   0   1   1
55   0   0   1   1
56   0   0   1   1
57   0   0   1   1
58   0   0   1   1
59   0   0   1   1
60   0   0   1   1
61   0   0   1   1
62   0   0   1   1
63   0   0   1   1
64   0   0   1   1
65   0   0   1   1
66   0   0   1   1
67   0   0   1   1
68   0   0   1   1
69   0   0   1   1
70   0   0   1   1

 [*,3,*]
:    1   2   3   4    :=
1    1   0   0   1
2    1   0   0   1
3    1   0   0   1
4    1   0   0   1
5    1   0   0   1
6    1   0   0   1
7    1   0   0   1
8    1   0   0   1
9    1   0   0   1
10   1   0   0   1
11   1   0   0   1
12   1   0   0   1
13   1   0   0   1
14   1   0   0   1
15   1   0   0   1
16   1   0   0   1
17   1   0   0   1
18   1   0   0   1
19   1   0   0   1
20   1   0   0   1
21   1   0   0   1
22   1   0   0   1
23   1   0   0   1
24   1   0   0   1
25   1   0   0   1
26   1   0   0   1
27   1   0   0   1
28   1   0   0   1
29   1   0   0   1
30   1   0   0   1
31   1   0   0   1
32   1   0   0   1
33   1   0   0   1
34   1   0   0   1
35   1   0   0   1
36   1   0   0   1
37   1   0   0   1
38   1   0   0   1
39   1   0   0   1
40   1   0   0   1
41   1   0   0   1
42   1   0   0   1
43   1   0   0   1
44   1   0   0   1
45   1   0   0   1
46   1   0   0   1
47   1   0   0   1
48   1   0   0   1
49   1   0   0   1
50   1   0   0   1
51   1   0   0   1
52   1   0   0   1
53   1   0   0   1
54   1   0   0   1
55   1   0   0   1
56   1   0   0   1
57   1   0   0   1
58   1   0   0   1
59   1   0   0   1
60   1   0   0   1
61   1   0   0   1
62   1   0   0   1
63   1   0   0   1
64   1   0   0   1
65   1   0   0   1
66   1   0   0   1
67   1   0   0   1
68   1   0   0   1
69   1   0   0   1
70   1   0   0   1

 [*,4,*]
:    1   2   3   4    :=
1    1   1   1   0
2    1   1   1   0
3    1   1   1   0
4    1   1   1   0
5    1   1   1   0
6    1   1   1   0
7    1   1   1   0
8    1   1   1   0
9    1   1   1   0
10   1   1   1   0
11   1   1   1   0
12   1   1   1   0
13   1   1   1   0
14   1   1   1   0
15   1   1   1   0
16   1   1   1   0
17   1   1   1   0
18   1   1   1   0
19   1   1   1   0
20   1   1   1   0
21   1   1   1   0
22   1   1   1   0
23   1   1   1   0
24   1   1   1   0
25   1   1   1   0
26   1   1   1   0
27   1   1   1   0
28   1   1   1   0
29   1   1   1   0
30   1   1   1   0
31   1   1   1   0
32   1   1   1   0
33   1   1   1   0
34   1   1   1   0
35   1   1   1   0
36   1   1   1   0
37   1   1   1   0
38   1   1   1   0
39   1   1   1   0
40   1   1   1   0
41   1   1   1   0
42   1   1   1   0
43   1   1   1   0
44   1   1   1   0
45   1   1   1   0
46   1   1   1   0
47   1   1   1   0
48   1   1   1   0
49   1   1   1   0
50   1   1   1   0
51   1   1   1   0
52   1   1   1   0
53   1   1   1   0
54   1   1   1   0
55   1   1   1   0
56   1   1   1   0
57   1   1   1   0
58   1   1   1   0
59   1   1   1   0
60   1   1   1   0
61   1   1   1   0
62   1   1   1   0
63   1   1   1   0
64   1   1   1   0
65   1   1   1   0
66   1   1   1   0
67   1   1   1   0
68   1   1   1   0
69   1   1   1   0
70   1   1   1   0
;

---------------------------- Solution stats data ----------------------------
_ampl_time = 0.216242
_total_solve_time = 35292.3
_ampl_elapsed_time = 0.210394
_ampl_user_time = 0.16862

Total time elapsed: $35292.31.
_total_solve_time = 35292.3

---------------------------- Solution miscs data ----------------------------
tetrahedron_volume [*] :=
 1 0    8 0   15 0   22 0   29 0   36 0   43 0   50 0   57 0   64 0
 2 0    9 0   16 0   23 0   30 0   37 0   44 0   51 0   58 0   65 0
 3 0   10 0   17 0   24 0   31 0   38 0   45 0   52 0   59 0   66 0
 4 0   11 0   18 0   25 0   32 0   39 0   46 0   53 0   60 0   67 0
 5 0   12 0   19 0   26 0   33 0   40 0   47 0   54 0   61 0   68 0
 6 0   13 0   20 0   27 0   34 0   41 0   48 0   55 0   62 0   69 0
 7 0   14 0   21 0   28 0   35 0   42 0   49 0   56 0   63 0   70 0
;

---------------------------- Solution miscs data ----------------------------
tetrahedron_surface_area [*] :=
 1 1.73205   13 1.73205   25 1.73205   37 1.73205   49 1.73205   61 1.73205
 2 1.73205   14 1.73205   26 1.73205   38 1.73205   50 1.73205   62 1.73205
 3 1.73205   15 1.73205   27 1.73205   39 1.73205   51 1.73205   63 1.73205
 4 1.73205   16 1.73205   28 1.73205   40 1.73205   52 1.73205   64 1.73205
 5 1.73205   17 1.73205   29 1.73205   41 1.73205   53 1.73205   65 1.73205
 6 1.73205   18 1.73205   30 1.73205   42 1.73205   54 1.73205   66 1.73205
 7 1.73205   19 1.73205   31 1.73205   43 1.73205   55 1.73205   67 1.73205
 8 1.73205   20 1.73205   32 1.73205   44 1.73205   56 1.73205   68 1.73205
 9 1.73205   21 1.73205   33 1.73205   45 1.73205   57 1.73205   69 1.73205
10 1.73205   22 1.73205   34 1.73205   46 1.73205   58 1.73205   70 1.73205
11 1.73205   23 1.73205   35 1.73205   47 1.73205   59 1.73205
12 1.73205   24 1.73205   36 1.73205   48 1.73205   60 1.73205
;

