Error at _cmdno 5 executing "solve" command
(file amplin, line 1977, offset 37909):
error processing param distances:
	4080 invalid subscripts discarded:
	distances[46,1,1]
	distances[46,1,2]
	distances[46,1,3]
	and 4077 more.
##### This license is only intended for use by NEOS. #####
##### License is valid until Jan 16, 2026 #####
riables.
Adjusted problem:
5491 variables:
	3510 nonlinear variables
	1981 linear variables
11565 constraints; 66330 nonzeros
	9495 nonlinear constraints
	2070 linear constraints
	1035 equality constraints
	10530 inequality constraints
1 linear objective; 1 nonzero.

Artelys Knitro 14.2.0: threads=4
algorithm=1
ms_enable=1
ms_maxsolves=10
feastol=1e-5
opttol=1e-5
honorbnds=1
bar_initpt=3
bar_murule=4
scale=1
outlev=2
maxtime_real=1200
WARNING:  Option 'threads' is deprecated, please use 'numthreads'.

=======================================
           Academic License
       (NOT FOR COMMERCIAL USE)
         Artelys Knitro 14.2.0
=======================================

No start point provided -- Knitro computing one.

Knitro presolve eliminated 0 variables and 0 constraints.

algorithm                1
bar_initpt               3
bar_murule               4
concurrent_evals         0
datacheck                0
feastol                  1e-05
findiff_numthreads       1
hessian_no_f             1
hessopt                  1
honorbnds                1
maxtime_real             1200
ms_enable                1
ms_maxsolves             10
numthreads               4
opttol                   1e-05

Problem Characteristics                                 (   Presolved)
-----------------------
Objective goal:  Minimize
Objective type:  linear
Number of variables:                               5491 (        5491)
    bounded below only:                             541 (         541)
    bounded above only:                               0 (           0)
    bounded below and above:                          0 (           0)
    fixed:                                            0 (           0)
    free:                                          4950 (        4950)
Number of constraints:                            11565 (       11565)
    linear equalities:                                0 (           0)
    quadratic equalities:                           990 (         990)
    gen. nonlinear equalities:                       45 (          45)
    linear one-sided inequalities:                 2070 (        2070)
    quadratic one-sided inequalities:              8460 (        8460)
    gen. nonlinear one-sided inequalities:            0 (           0)
    linear two-sided inequalities:                    0 (           0)
    quadratic two-sided inequalities:                 0 (           0)
    gen. nonlinear two-sided inequalities:            0 (           0)
Number of nonzeros in Jacobian:                   66330 (       66330)
Number of nonzeros in Hessian:                    30240 (       30240)

Knitro parallel multistart will run with 4 threads.

Return codes description
------------------------
  0:  The final solution satisfies the termination conditions for verifying optimality.
  -100 to -199:  A feasible approximate solution was found.
  -200 to -299:  Knitro terminated at an infeasible point.
  -300 to -301:  The problem was determined to be unbounded.
  -400 to -499:  Knitro terminated because it reached a pre-defined limit.
    -400 to -409:  A feasible point was found.
    -410 to -419:  No feasible point was found.
  -500 to -599:  Knitro terminated with an input error or some non-standard error.
A more detailed description of individual return codes and their corresponding
termination messages is provided at
https://www.artelys.com/app/docs/knitro/3_referenceManual/returnCodes.html

 Solve #  ThreadID  Status     Objective      FeasError    OptError    Real Time 
--------  --------  ------  --------------   ----------   ----------  ----------
      0          0       0         1.02540  1.70582e-05  6.12801e-06      847.396
      5          3    -410         373.249  3.41060e-02     0.155087      7996.79
      8          0    -410         528.080  1.99403e-02     0.246388      7586.95
      4          0    -410         457.198  5.72366e-02     0.317374      7633.42
      2          2    -410         169.411  1.00843e-02  4.62129e-02      7333.89
      3          3    -410         297.184     0.113321     0.322899      7245.34
      7          1    -410         1004.99  7.89688e-02     0.864958      7877.52
      6          2    -410         3696.98     0.208658      6.25666      8465.02
      1          1    -410         1640.27  1.54229e-03     0.555181      8118.33
      9          3    -410         1201.53  5.39486e-02     0.766166      2939.21

MULTISTART: Best locally optimal solution is returned.
EXIT: Locally optimal solution found.

Final Statistics
----------------
Final objective value               =   1.02539664757380e+00
Final feasibility error (abs / rel) =   1.71e-05 / 9.26e-07
Final optimality error  (abs / rel) =   6.13e-06 / 6.13e-06
# of iterations                     =      91445 
# of CG iterations                  =          0 
# of function evaluations           =     113417
# of gradient evaluations           =      91656
# of Hessian evaluations            =      91527
Total program time (secs)           =   18182.05078 ( 23899.033 CPU time)

===============================================================================

Knitro 14.2.0: Locally optimal or satisfactory solution.
objective 1.025396648; feasibility error 1.71e-05
91445 iterations; 113417 function evaluations

suffix feaserror OUT;
suffix opterror OUT;
suffix numfcevals OUT;
suffix numiters OUT;
---------------------------- Container and geometric considerations  ----------------------------
Container type: cube
Structural conservation type: volume & surface
---------------------------- Solution execution data ----------------------------
solve_result_num = 0
solve_result = solved

---------------------------- Solution data ----------------------------
card(figures) = 45

coords [*,*,1]
:       1         2         3         4       :=
1    20.2627   19.4873   20.439    19.4873
2    19.7241   20.5103   20.5127   19.5302
3    19.5356   19.5116   19.4873   20.4851
4    20.4609   19.732    19.4873   19.4873
5    19.5279   20.5101   20.2635   20.5127
6    19.4888   19.4888   20.2936   19.4898
7    19.6399   20.5098   20.5105   20.5099
8    20.253    20.5093   19.499    20.5127
9    20.464    20.5127   19.4876   20.4606
10   19.4905   19.4938   20.2841   19.4954
11   20.5127   19.7262   19.5323   20.5109
12   19.4873   19.5396   19.537    20.5105
13   19.6421   20.5106   20.51     20.5098
14   19.4876   20.4606   20.464    20.5127
15   20.5127   19.4873   20.2508   20.4951
16   19.5383   19.537    19.4873   20.5105
17   19.4951   20.4652   19.4873   19.7295
18   19.4873   19.537    19.5403   20.5105
19   20.5127   19.5388   19.7671   20.5102
20   20.4607   20.4633   20.5127   19.4873
21   20.3349   20.3193   19.5048   19.5253
22   20.2595   19.4873   20.4219   19.4873
23   20.4633   20.5127   19.4873   20.4607
24   19.4873   19.5367   20.5103   19.5367
25   20.2546   19.503    20.5127   20.5095
26   19.732    20.4609   19.4873   19.4873
27   19.4873   20.4609   19.4873   19.7319
28   19.4873   19.4873   19.7319   20.4609
29   20.5109   19.4873   20.4631   20.4491
30   19.5293   20.5127   19.7237   20.5095
31   20.2503   20.4731   19.4873   20.5108
32   19.4873   20.4097   20.2586   19.4886
33   20.4609   19.4873   19.4873   19.732
34   20.2627   19.4873   20.439    19.4873
35   20.4601   20.4625   19.4873   20.5127
36   19.5374   19.5407   20.5105   19.4873
37   19.7256   20.5109   20.5127   19.5316
38   20.5127   20.4635   20.4606   19.4873
39   20.5127   20.511    19.7252   19.531
40   20.4607   19.4873   20.5127   20.4634
41   19.5013   20.5127   20.5095   20.2538
42   20.5127   19.4873   20.4633   20.4607
43   19.4873   20.4609   19.4873   19.732
44   20.5031   19.5338   20.5047   20.2518
45   20.5096   20.5126   19.536    19.7175

 [*,*,2]
:       1         2         3         4       :=
1    20.2604   19.5159   20.5127   20.4879
2    20.2574   19.5327   20.508    20.5019
3    19.5137   20.4892   19.6996   20.5127
4    20.5127   19.7308   19.537    20.5127
5    20.4552   19.4882   20.5116   20.4534
6    19.6304   20.5102   20.5106   20.51
7    19.4889   19.49     20.2989   19.4889
8    20.5016   19.4875   20.4253   20.4226
9    20.4602   19.7316   19.4873   19.4873
10   20.2844   19.4911   20.2713   19.4911
11   20.5097   20.26     20.5049   19.5342
12   19.7274   19.5343   20.5127   20.5127
13   20.5094   20.5102   19.6182   20.5097
14   19.4873   19.4873   20.4603   19.7779
15   20.4093   20.4277   20.5016   19.4873
16   19.5355   20.5127   19.728    20.5127
17   19.4873   20.4664   20.4337   20.5127
18   19.727    20.5127   19.5336   20.5127
19   20.4628   19.4873   19.7697   19.488
20   19.4873   20.4607   19.7849   19.4873
21   19.4982   20.2664   19.4911   20.2694
22   20.255    19.4999   20.5127   20.4879
23   20.4606   19.779    19.4873   19.4873
24   19.7291   19.537    20.5127   20.5127
25   20.5031   20.4291   20.427    19.4873
26   19.7308   20.5127   19.537    20.5127
27   20.5127   20.5127   19.537    19.7307
28   20.5127   19.537    19.7308   20.5127
29   19.7296   19.488    20.4615   19.4873
30   20.5008   20.5071   20.2555   19.5318
31   20.2493   19.4873   19.4873   20.4097
32   20.4878   20.5125   20.2506   19.4873
33   20.5127   20.5127   19.537    19.7308
34   20.2604   19.5159   20.5127   20.4879
35   19.5375   20.5127   20.5127   19.7525
36   20.4899   19.5332   20.5127   19.7108
37   20.259    19.5337   20.5092   20.5036
38   19.7784   20.4605   19.4873   19.4873
39   20.5088   19.5333   20.2583   20.5026
40   19.4873   19.4873   19.7787   20.4606
41   20.4272   20.4251   19.4873   20.5022
42   19.7793   19.4873   20.4606   19.4873
43   20.5127   20.5127   19.537    19.7309
44   19.5374   19.527    20.5054   19.4873
45   19.5355   20.5109   20.4882   20.2334

 [*,*,3]
:       1         2         3         4       :=
1    20.5119   20.4646   20.4392   19.4873
2    19.4873   19.5321   20.5062   19.5394
3    20.4845   19.511    20.2331   20.4866
4    20.463    20.5127   20.4609   19.4873
5    19.4873   19.4873   20.2653   20.4517
6    20.5103   19.6265   20.5107   20.51
7    20.5096   20.5098   20.5103   19.6218
8    20.2589   19.4873   19.4873   20.4213
9    20.5127   19.7302   20.5127   19.5363
10   19.501    19.4979   20.2886   20.2868
11   20.5079   19.4873   19.5389   19.534
12   20.2591   20.5042   19.5369   20.5127
13   19.4889   20.2976   19.4889   19.49
14   20.5127   19.5363   20.5127   19.7763
15   20.4083   19.4873   20.2569   19.4873
16   20.5066   19.5369   20.2608   20.5127
17   20.5014   20.5127   19.5418   19.7292
18   20.2581   19.5369   20.5027   20.5127
19   20.4619   20.4579   20.5127   19.4873
20   19.5362   20.5122   19.7831   20.5121
21   19.4907   20.26     19.4928   19.4903
22   20.5067   20.4485   20.4217   19.4873
23   20.5122   19.7773   20.5122   19.5362
24   20.2636   20.5103   20.5125   19.5367
25   20.2594   19.4873   20.4256   19.4873
26   20.5127   20.463    20.4609   19.4873
27   19.4873   20.463    20.4609   20.5127
28   19.4873   20.4609   20.5127   20.463
29   19.7288   20.51     20.5102   19.5351
30   19.5395   20.5053   19.4873   19.5313
31   20.5103   19.4873   20.4483   20.4069
32   19.4873   20.4094   20.5023   20.4353
33   20.463    19.4873   20.4609   20.5127
34   20.5119   20.4647   20.4393   19.4873
35   19.4873   20.4615   19.4873   19.7533
36   19.5367   20.5019   20.5126   20.2456
37   19.4873   19.5335   20.5074   19.5392
38   19.7767   20.5124   19.5362   20.5122
39   20.507    19.5331   19.4873   19.5394
40   19.5362   20.5122   19.777    20.5122
41   19.4873   20.4238   19.4873   20.2593
42   19.7776   20.5121   20.5122   19.5362
43   19.4873   20.463    20.4608   20.5127
44   19.5313   20.5026   20.5127   19.7168
45   19.5351   20.509    19.5365   19.4873
;

side = 1.0254
softness = 0.9

---------------------------- Solution coords data ----------------------------
distances [*,1,*]
:    1   2   3   4    :=
1    0   1   0   1
2    0   1   0   1
3    0   1   0   1
4    0   1   0   1
5    0   1   0   1
6    0   1   0   1
7    0   1   0   1
8    0   1   0   1
9    0   1   0   1
10   0   1   0   1
11   0   1   0   1
12   0   1   0   1
13   0   1   0   1
14   0   1   0   1
15   0   1   0   1
16   0   1   0   1
17   0   1   0   1
18   0   1   0   1
19   0   1   0   1
20   0   1   0   1
21   0   1   0   1
22   0   1   0   1
23   0   1   0   1
24   0   1   0   1
25   0   1   0   1
26   0   1   0   1
27   0   1   0   1
28   0   1   0   1
29   0   1   0   1
30   0   1   0   1
31   0   1   0   1
32   0   1   0   1
33   0   1   0   1
34   0   1   0   1
35   0   1   0   1
36   0   1   0   1
37   0   1   0   1
38   0   1   0   1
39   0   1   0   1
40   0   1   0   1
41   0   1   0   1
42   0   1   0   1
43   0   1   0   1
44   0   1   0   1
45   0   1   0   1

 [*,2,*]
:    1   2   3   4    :=
1    0   0   1   1
2    0   0   1   1
3    0   0   1   1
4    0   0   1   1
5    0   0   1   1
6    0   0   1   1
7    0   0   1   1
8    0   0   1   1
9    0   0   1   1
10   0   0   1   1
11   0   0   1   1
12   0   0   1   1
13   0   0   1   1
14   0   0   1   1
15   0   0   1   1
16   0   0   1   1
17   0   0   1   1
18   0   0   1   1
19   0   0   1   1
20   0   0   1   1
21   0   0   1   1
22   0   0   1   1
23   0   0   1   1
24   0   0   1   1
25   0   0   1   1
26   0   0   1   1
27   0   0   1   1
28   0   0   1   1
29   0   0   1   1
30   0   0   1   1
31   0   0   1   1
32   0   0   1   1
33   0   0   1   1
34   0   0   1   1
35   0   0   1   1
36   0   0   1   1
37   0   0   1   1
38   0   0   1   1
39   0   0   1   1
40   0   0   1   1
41   0   0   1   1
42   0   0   1   1
43   0   0   1   1
44   0   0   1   1
45   0   0   1   1

 [*,3,*]
:    1   2   3   4    :=
1    1   0   0   1
2    1   0   0   1
3    1   0   0   1
4    1   0   0   1
5    1   0   0   1
6    1   0   0   1
7    1   0   0   1
8    1   0   0   1
9    1   0   0   1
10   1   0   0   1
11   1   0   0   1
12   1   0   0   1
13   1   0   0   1
14   1   0   0   1
15   1   0   0   1
16   1   0   0   1
17   1   0   0   1
18   1   0   0   1
19   1   0   0   1
20   1   0   0   1
21   1   0   0   1
22   1   0   0   1
23   1   0   0   1
24   1   0   0   1
25   1   0   0   1
26   1   0   0   1
27   1   0   0   1
28   1   0   0   1
29   1   0   0   1
30   1   0   0   1
31   1   0   0   1
32   1   0   0   1
33   1   0   0   1
34   1   0   0   1
35   1   0   0   1
36   1   0   0   1
37   1   0   0   1
38   1   0   0   1
39   1   0   0   1
40   1   0   0   1
41   1   0   0   1
42   1   0   0   1
43   1   0   0   1
44   1   0   0   1
45   1   0   0   1

 [*,4,*]
:    1   2   3   4    :=
1    1   1   1   0
2    1   1   1   0
3    1   1   1   0
4    1   1   1   0
5    1   1   1   0
6    1   1   1   0
7    1   1   1   0
8    1   1   1   0
9    1   1   1   0
10   1   1   1   0
11   1   1   1   0
12   1   1   1   0
13   1   1   1   0
14   1   1   1   0
15   1   1   1   0
16   1   1   1   0
17   1   1   1   0
18   1   1   1   0
19   1   1   1   0
20   1   1   1   0
21   1   1   1   0
22   1   1   1   0
23   1   1   1   0
24   1   1   1   0
25   1   1   1   0
26   1   1   1   0
27   1   1   1   0
28   1   1   1   0
29   1   1   1   0
30   1   1   1   0
31   1   1   1   0
32   1   1   1   0
33   1   1   1   0
34   1   1   1   0
35   1   1   1   0
36   1   1   1   0
37   1   1   1   0
38   1   1   1   0
39   1   1   1   0
40   1   1   1   0
41   1   1   1   0
42   1   1   1   0
43   1   1   1   0
44   1   1   1   0
45   1   1   1   0
;

---------------------------- Solution stats data ----------------------------
_ampl_time = 0.12547
_total_solve_time = 23899.4
_ampl_elapsed_time = 0.212723
_ampl_user_time = 0.103379

Total time elapsed: $23899.42.
_total_solve_time = 23899.4

---------------------------- Solution miscs data ----------------------------
tetrahedron_volume [*] :=
 1 0    6 0   11 0   16 0   21 0   26 0   31 0   36 0   41 0
 2 0    7 0   12 0   17 0   22 0   27 0   32 0   37 0   42 0
 3 0    8 0   13 0   18 0   23 0   28 0   33 0   38 0   43 0
 4 0    9 0   14 0   19 0   24 0   29 0   34 0   39 0   44 0
 5 0   10 0   15 0   20 0   25 0   30 0   35 0   40 0   45 0
;

---------------------------- Solution miscs data ----------------------------
tetrahedron_surface_area [*] :=
 1 1.73205    9 1.73205   17 1.73205   25 1.73205   33 1.73205   41 1.73205
 2 1.73205   10 1.73205   18 1.73205   26 1.73205   34 1.73205   42 1.73205
 3 1.73205   11 1.73205   19 1.73205   27 1.73205   35 1.73205   43 1.73205
 4 1.73205   12 1.73205   20 1.73205   28 1.73205   36 1.73205   44 1.73205
 5 1.73205   13 1.73205   21 1.73205   29 1.73205   37 1.73205   45 1.73205
 6 1.73205   14 1.73205   22 1.73205   30 1.73205   38 1.73205
 7 1.73205   15 1.73205   23 1.73205   31 1.73205   39 1.73205
 8 1.73205   16 1.73205   24 1.73205   32 1.73205   40 1.73205
;

