Error at _cmdno 5 executing "solve" command
(file amplin, line 1961, offset 37058):
error processing param distances:
	3440 invalid subscripts discarded:
	distances[86,1,1]
	distances[86,1,2]
	distances[86,1,3]
	and 3437 more.
##### This license is only intended for use by NEOS. #####
##### License is valid until Jan 16, 2026 #####
ariables.
Substitution eliminates 1 variable.
Adjusted problem:
18873 variables:
	11733 nonlinear variables
	7140 linear variables
37828 constraints; 227296 nonzeros
	33575 nonlinear constraints
	4253 linear constraints
	3656 equality constraints
	34172 inequality constraints
1 nonlinear objective; 3 nonzeros.

Artelys Knitro 14.2.0: threads=4
algorithm=1
ms_enable=1
ms_maxsolves=10
feastol=1e-5
opttol=1e-5
honorbnds=1
bar_initpt=3
bar_murule=4
scale=1
outlev=2
maxtime_real=1200
WARNING:  Option 'threads' is deprecated, please use 'numthreads'.
WARNING: 1 constraint is constant or undefined and will be ignored.

=======================================
           Academic License
       (NOT FOR COMMERCIAL USE)
         Artelys Knitro 14.2.0
=======================================

No start point provided -- Knitro computing one.

Knitro presolve eliminated 0 variables and 1 constraint.

algorithm                1
bar_initpt               3
bar_murule               4
concurrent_evals         0
datacheck                0
feastol                  1e-05
findiff_numthreads       1
hessian_no_f             1
hessopt                  1
honorbnds                1
maxtime_real             1200
ms_enable                1
ms_maxsolves             10
numthreads               4
opttol                   1e-05

Problem Characteristics                                 (   Presolved)
-----------------------
Objective goal:  Minimize
Objective type:  general
Number of variables:                              18873 (       18873)
    bounded below only:                               1 (           1)
    bounded above only:                               0 (           0)
    bounded below and above:                          0 (           0)
    fixed:                                            0 (           0)
    free:                                         18872 (       18872)
Number of constraints:                            37828 (       37827)
    linear equalities:                                1 (           0)
    quadratic equalities:                          3570 (        3570)
    gen. nonlinear equalities:                       85 (          85)
    linear one-sided inequalities:                 4252 (        4252)
    quadratic one-sided inequalities:             29920 (       29920)
    gen. nonlinear one-sided inequalities:            0 (           0)
    linear two-sided inequalities:                    0 (           0)
    quadratic two-sided inequalities:                 0 (           0)
    gen. nonlinear two-sided inequalities:            0 (           0)
Number of nonzeros in Jacobian:                  227296 (      227296)
Number of nonzeros in Hessian:                   103023 (      103023)

Knitro parallel multistart will run with 4 threads.

Return codes description
------------------------
  0:  The final solution satisfies the termination conditions for verifying optimality.
  -100 to -199:  A feasible approximate solution was found.
  -200 to -299:  Knitro terminated at an infeasible point.
  -300 to -301:  The problem was determined to be unbounded.
  -400 to -499:  Knitro terminated because it reached a pre-defined limit.
    -400 to -409:  A feasible point was found.
    -410 to -419:  No feasible point was found.
  -500 to -599:  Knitro terminated with an input error or some non-standard error.
A more detailed description of individual return codes and their corresponding
termination messages is provided at
https://www.artelys.com/app/docs/knitro/3_referenceManual/returnCodes.html

 Solve #  ThreadID  Status     Objective      FeasError    OptError    Real Time 
--------  --------  ------  --------------   ----------   ----------  ----------
      0          0       0         5.84478  1.96280e-05  6.70304e-06      1028.55
      3          1    -410     1.54524e+13  1.00283e+06      345716.      4038.68
      1          2    -410     8.30581e+11      25989.6      50951.9      4174.59
      4          0    -410     2.64795e+08      1475.03      825.217      4307.58
      5          1    -410     1.49828e+11  3.04605e+06      21789.1      3695.53
      7          3    -410     1.54193e+13  1.52252e+06      556321.      3736.37
      8          0    -410     1.72943e+10  6.12784e+06      4216.72      3494.05
      9          1    -410     1.08438e+13  1.40970e+06  1.47307e+06      2891.92
      6          2    -410     6.59442e+12      244.340      744485.      3797.79
      2          3    -410     2.74650e+08      111.557      947.777      4321.65

MULTISTART: Best locally optimal solution is returned.
EXIT: Locally optimal solution found.

Final Statistics
----------------
Final objective value               =   5.84478357453057e+00
Final feasibility error (abs / rel) =   1.96e-05 / 3.73e-06
Final optimality error  (abs / rel) =   6.70e-06 / 7.61e-07
# of iterations                     =      92525 
# of CG iterations                  =          0 
# of function evaluations           =      93075
# of gradient evaluations           =      92619
# of Hessian evaluations            =      92555
Total program time (secs)           =   10626.68457 ( 35386.645 CPU time)

===============================================================================

Knitro 14.2.0: Locally optimal or satisfactory solution.
objective 5.844783575; feasibility error 1.96e-05
92525 iterations; 93075 function evaluations

suffix feaserror OUT;
suffix opterror OUT;
suffix numfcevals OUT;
suffix numiters OUT;
---------------------------- Solver Status Report ----------------------------
solve_result_num = 0
solve_result = solved
solve_message = 'Knitro 14.2.0: Locally optimal or satisfactory solution.\
objective 5.844783575; feasibility error 1.96e-05\
92525 iterations; 93075 function evaluations'


---------------------------- Problem Dimensions ----------------------------
Variables: 37234
Constraints: 37914
---------------------------- Container and geometric considerations  ----------------------------
Container type: cylinder
Structural conservation type: volume & surface
---------------------------- Solution execution data ----------------------------
solve_result_num = 0
solve_result = solved

---------------------------- Solution data ----------------------------
card(figures) = 85

coords [*,*,1]
:         1            2            3            4         :=
1     0.0981709     0.783794     0.0918697    0.812225
2    -0.0699846    -0.341605     0.0317863    0.61426
3     0.56835       0.494321     1.31573      1.05382
4     1.32687       0.909761     0.355036     0.907304
5    -1.26203      -0.343002    -0.55101     -1.05848
6    -1.21379      -0.262953    -0.545901    -0.410626
7     0.333854     -0.0245964   -0.632291    -0.0849067
8    -1.04838      -0.657142    -0.186525    -0.232237
9     0.325474      0.297686     0.790112     1.16541
10   -1.2981       -0.445482    -1.32615     -1.03997
11   -1.02022      -0.350983    -1.29948     -0.719929
12    0.944803      0.320553     1.10473      1.28146
13   -0.429467     -1.25813     -0.452487    -1.08492
14    0.941005      1.08952      0.183338     0.986983
15   -0.611673     -0.28943     -1.06774     -0.0952819
16    0.183338      0.458611     0.986983     1.08952
17    0.155321      0.347962     0.851246    -0.0925571
18   -0.0921489     0.559537    -0.285857     0.505275
19   -0.3692        0.316292     0.635142     0.225267
20   -1.28059      -1.04838     -0.65701     -0.309201
21   -0.443345      0.358336     0.401501    -0.200852
22    1.15414       0.766758     1.2006       0.317836
23   -0.0721853    -0.870336     0.0554853   -0.234546
24    0.270205     -0.236049    -0.221713    -0.702398
25   -1.08491      -0.337389    -0.28212     -0.854525
26   -0.637767      0.237458    -0.258452     0.0961392
27    0.102835      0.187391     0.975047     0.703561
28   -0.360184     -0.73904     -0.0891532   -1.04806
29   -1.08491      -0.337392    -1.30789     -0.854937
30   -0.470483     -1.26422     -0.891478    -1.32019
31    0.260548      0.047056     0.93687      0.672402
32    0.444486     -0.291081     0.650974     0.280815
33    0.307776      0.182517     0.707097     1.09409
34   -0.742606     -0.0332592    0.223882    -0.363925
35    1.11576       0.348527     0.961644     0.401081
36   -0.00466507    0.0403811   -0.594178    -0.70299
37    0.679363      0.22563      0.0436404   -0.288255
38   -0.119939     -0.719928    -0.947273    -0.230752
39    0.756809      0.288757    -0.195532     0.515094
40   -0.464212     -0.20056     -1.18053     -0.48752
41    0.887631      0.276803     0.608184     1.2591
42    0.0375831    -0.229871     0.288857     0.724989
43   -0.491777     -0.348242    -0.915602    -1.22318
44   -0.357409     -0.904474    -0.065488     0.0197219
45    1.16439       0.606815     1.32542      0.483907
46   -0.549264     -0.177764    -1.1705      -0.52154
47   -0.36008      -1.27305     -1.1238      -1.09179
48    0.425226      1.04834      0.503282     0.0686982
49    0.104168     -0.549667    -0.0832858   -0.747237
50   -0.0126887    -0.086565     0.343531     0.797957
51    0.0471246     0.0509372   -0.314663     0.657151
52   -1.28484      -1.09994     -0.335541    -1.04838
53   -0.943447     -1.2778      -0.463681    -1.29264
54    0.782196      1.04397      0.0736797    0.440275
55    0.184082      0.385672    -0.47282     -0.30644
56    1.30409       0.448595     1.30619      1.09142
57   -0.35232       0.0368543   -0.0966238    0.617972
58    0.323934      1.2006       0.428009     0.770615
59    1.225         1.04917      1.32326      0.417698
60   -0.111059     -0.650981    -0.400979    -1.03053
61   -0.248972      0.0821701    0.0922699    0.730311
62   -0.201083      0.419522     0.321192     0.767395
63    0.862379      0.347681    -0.0923576    0.118601
64   -1.21056      -0.467244    -1.27818     -0.731105
65   -0.4122       -0.99979     -0.456322    -1.27336
66   -1.30089      -0.809672    -0.886968    -0.33977
67   -0.301207      0.615811    -0.150344    -0.153563
68    0.563427     -0.0629733    0.248182     0.86134
69   -0.269122     -0.119837    -0.285098    -1.0065
70   -0.486162      0.38602      0.344487     0.0859832
71   -0.648789     -1.02697     -0.393921    -1.26687
72    1.3252        0.890784     0.497588     1.32212
73    0.571192      0.354496    -0.385586    -0.0731714
74   -0.361461     -1.11481     -1.29426     -0.744645
75   -0.540685     -0.518731     0.281827    -0.107467
76    0.280894      0.327902     1.16439      0.616286
77    0.47927      -0.480942    -0.258234    -0.182432
78    1.27476       0.423225     0.853902     1.20404
79   -0.490463     -0.19097     -0.601818     0.311217
80   -0.120549      0.217314    -0.725338     0.121905
81    0.0479813     0.109521     0.854181     0.695414
82    0.210414      0.301368    -0.573774     0.10103
83   -0.119939      0.288757    -0.230753    -0.719928
84    0.0317267    -0.807717    -0.80505     -0.348158
85    1.04917       0.434656     0.510248     1.225

 [*,*,2]
:        1            2             3            4         :=
1     0.342151     0.351539    -0.333935     -0.321257
2     0.451344     1.2825       1.32684       1.17123
3    -0.206424    -0.0415531    0.174223     -0.806826
4    -0.0303994   -0.966358    -0.104801     -0.416612
5     0.410854    -0.0414878    0.539372     -0.290277
6    -0.350583    -0.233651    -1.02437      -0.119883
7     1.28454      0.4496       1.16693       1.3245
8    -0.813887    -1.15312     -1.26909      -0.336675
9    -0.256658    -0.460246    -1.06641      -0.135131
10    0.145973     0.0935318    0.0531851    -0.717848
11   -0.758849    -0.253382    -0.269939     -1.115
12    0.932127     0.273511    -0.00393889    0.345484
13   -0.254466     0.172383    -0.0775207    -0.764502
14    0.93596      0.0306246    0.508916      0.838739
15   -0.115675     0.197544     0.649858      0.762023
16    0.508916     0.051449     0.838739      0.0306256
17   -0.451047    -1.28079     -1.01828      -1.32399
18    0.390104     0.198282    -0.310509     -0.442333
19   -1.02876     -0.389201    -1.16538      -0.411849
20   -0.348729    -0.813887    -1.15319      -0.310739
21    1.0264       0.388196     1.26503       0.544845
22   -0.34359      0.451451     0.565757      0.135641
23    0.359962     1.00201      1.32606       0.941025
24   -1.1418      -0.387546    -1.30857      -1.12611
25    0.764511     0.314347     1.29689       1.01522
26   -1.12882     -1.26133     -0.377428     -0.5641
27    1.32323      0.391768     0.900442      1.1254
28   -0.118599     0.823606     0.401312      0.0653663
29    0.764511     0.314345     0.134681      1.01518
30    0.0905011    0.404044     0.983249      0.136409
31   -1.27501     -0.542423    -0.9401       -0.337382
32    1.08058      0.496189     0.351725      0.116157
33   -0.446026     0.328774     0.390917     -0.119201
34   -0.406871     0.289073    -0.678489     -0.340208
35   -0.718737    -1.28064     -0.914742     -0.286734
36   -0.385526     0.362345    -0.414498      0.290904
37   -0.333794    -1.24662     -0.528953     -0.4121
38   -0.418527    -1.115       -0.625748     -1.307
39   -0.468554    -1.29543     -0.613203     -1.19482
40    0.610051     0.0811176    0.0650607    -0.414379
41    0.986723     0.351716     1.17967       0.419749
42   -0.451968    -1.30716     -1.2954       -1.11171
43    1.23275      0.281461     0.960825      0.515117
44    0.90843      0.943837     0.356275      1.32707
45    0.63696      0.570721    -0.0690914    -0.125921
46   -0.885237    -0.740331    -0.625657      0.0461501
47   -0.17171     -0.3753      -0.20846       0.545562
48   -0.125544    -0.768718    -0.0811883    -0.829463
49    0.552616    -0.151214     0.208856      0.790288
50    0.452578     1.32439      1.28199       0.93894
51    0.437624     1.32624      1.25287       1.15311
52   -0.332721     0.159428    -0.339471     -0.813887
53   -0.464725     0.358789     0.440503      0.30097
54   -1.07223     -0.242572    -0.572015     -0.184672
55   -1.31439     -0.799267    -1.24014      -0.437101
56    0.18969     -0.0762037   -0.235305     -0.755197
57   -0.716655    -0.328364     0.275625     -0.387212
58    0.139934     0.565758     1.14632       0.476937
59   -0.510764    -0.812871     0.102392     -0.161014
60    1.1551       1.15661      0.270808      0.83637
61    0.542239     0.325505    -0.361161      0.435548
62    0.558984     1.23149      0.29766       0.451638
63    0.259912    -0.0171138    0.507199     -0.433199
64   -0.544117    -0.142895    -0.357461     -1.1077
65    0.405827    -0.430139    -0.0624602     0.374242
66   -0.263043    -0.989338    -0.98732      -0.291621
67    0.222844     0.561044     0.361737      1.16253
68    1.20169      1.32572      0.414117      1.00975
69    0.63893      1.26319      0.27382       0.865139
70   -0.354682    -0.86861      0.155243     -0.319179
71    1.15784      0.840735     0.258427      0.395679
72    0.0732783    0.809721    -0.136287      0.116195
73    0.042085    -0.369237     0.132031     -0.729341
74    0.2573       0.720209     0.29394       1.09864
75   -0.871809     0.0649203   -0.327755     -0.758218
76    0.117881     1.1415       0.63696       0.574833
77   -0.415017    -0.590033    -0.334452      0.364936
78   -0.369451    -0.614781     0.300551     -0.558394
79    1.06391      0.53916      0.0846384     0.425707
80   -1.32173     -1.30931     -1.00295      -0.490428
81    0.621859     0.492288     0.950319     -0.0543849
82    0.251232    -0.408762    -0.0652066     0.524554
83   -0.418528    -1.29543     -1.30701      -1.115
84   -1.19759     -0.987148    -1.05518      -0.301174
85   -0.812871    -0.212933    -1.20234      -0.510765

 [*,*,3]
:         1            2            3            4         :=
1    -1.6118       -0.850328    -0.887295    -1.61594
2     1.27153       1.70211      0.748895     1.52367
3    -0.0256812     0.964069     0.485822     0.623464
4     1.70211       1.70211      1.70211      0.897263
5    -1.58799      -1.61594     -0.861399    -0.925874
6     0.212374      0.576015    -0.0111063   -0.380672
7    -0.357256      0.0408066   -0.305006     0.54678
8    -1.61594      -0.770324    -1.61594     -1.22075
9    -0.86597       0.0868054   -0.496357    -0.291745
10    1.10062       0.53468      0.119001     0.730237
11    0.845962      1.43471      1.70211      1.70211
12    0.358992      0.714715     0.116313     1.06324
13    1.45728       1.08087      0.499076     0.857078
14    0.36384      -0.0844061   -0.0761304   -0.619611
15    0.304972     -0.579484    -0.0899493    0.191015
16   -0.07613      -0.891574    -0.61961     -0.0844073
17   -0.29187       0.181848    -0.671259    -0.742315
18    0.0823469     0.83256      0.73167      0.0939183
19   -0.712248     -0.298653    -0.794519    -1.27441
20   -0.791498     -1.61594     -0.770083    -1.11549
21   -1.61594      -1.61594     -1.19251     -0.782026
22   -1.26819      -0.750657    -1.61594     -1.61594
23    0.708366      0.735339     0.689488     1.53662
24   -0.745018     -1.21915     -1.56976     -0.683395
25    1.70211       1.26787      1.55345      0.758874
26   -0.0275356     0.405874     0.556867    -0.331625
27   -0.374186     -0.685068    -0.271729    -1.18041
28    0.503876      0.640694     1.30225      1.16945
29    1.70211       1.26787      0.992464     0.757952
30    0.502923      0.0195068    0.778176     0.999688
31    0.482568     -0.201343    -0.210558     0.517616
32    1.39699       0.987808     0.783691     1.70211
33    0.0315711    -0.546352     0.331688    -0.46832
34    0.609739      0.859717     0.814983     1.52655
35    0.174807      0.433717     1.1687       0.677403
36   -0.811533     -1.51057     -1.61594     -0.880709
37    0.524906      0.420661    -0.21324      0.719813
38    1.3713        1.70211      0.830929     0.872978
39    1.31843       1.70211      1.16969      0.71501
40    1.70211       0.91335      1.21234      1.70211
41    0.282373      0.699092     1.20375      0.982769
42   -1.20024      -1.5838      -0.700179    -1.57735
43   -0.0896592     0.263117     0.744865    -0.0972861
44   -0.10423       0.737659     0.708116     0.691075
45    1.70211       0.894044     1.04976      1.63167
46   -0.0528006    -0.984121    -0.757561    -0.47912
47    0.0347135     0.308637    -0.64747      0.0456583
48    1.5728        1.0814       0.55205      1.00063
49    0.0924713     0.257162     1.03941      0.610064
50    0.0168792     0.550245    -0.37885      0.412234
51   -0.708039     -0.30761     -1.2125      -1.1154
52   -0.764602     -1.61594     -1.15033     -1.61594
53   -0.78758      -1.29751     -0.767864    -0.274558
54   -1.17121      -1.61594     -1.61594     -0.78999
55    1.34799       0.485429     0.621889     1.14862
56    0.492904      0.990323     1.42531      0.602256
57   -1.61594      -0.811099    -1.61594     -1.61594
58   -1.60419      -1.61594     -1.44185     -0.745755
59   -1.29529      -0.332057    -0.524839    -0.807797
60   -0.769615     -1.61133     -1.19854     -0.715013
61   -0.725212     -1.61593     -0.857212    -0.836725
62   -0.773958     -1.23502     -1.61594     -0.751012
63    0.84942       1.62938      0.866847     0.721421
64   -0.823083     -0.336764     0.182196    -0.11421
65   -0.814545     -0.737736     0.0493182   -0.260108
66    0.356433     -0.0692406    0.951487     0.515895
67   -0.814624     -0.506893     0.13824     -0.433584
68    1.33789       0.541101     0.857903     0.376427
69    0.00498939   -0.742961    -0.952319    -0.669622
70    1.70211       1.70211      1.70211      0.89087
71   -1.61594      -0.724665    -1.19844     -1.61594
72   -1.21836      -0.726521    -0.7481      -0.194573
73   -0.900408     -0.0437534   -0.544761    -0.87708
74   -0.528367     -0.963787    -0.105826    -0.0864255
75   -0.0782156    -0.493013    -0.099423    -0.943906
76    1.70211       1.70211      1.70211      0.898535
77    0.094455     -0.188572     0.726592     0.0326166
78   -0.467695     -0.061865     0.101493     0.536943
79   -1.61594      -0.788334    -1.60968     -1.61594
80   -0.82344       0.143873    -0.112426    -0.376062
81    0.845738     -0.125692     0.305224     0.429175
82   -0.767794      0.0107534   -0.283111     0.2137
83    1.3713        1.70211      0.872977     1.70211
84    0.374757     -0.0736297    0.948801     0.533202
85   -0.332056     -0.792982    -1.04862     -1.29529
;

radius = 1.32722
height = 3.31805
softness = 0.05

---------------------------- Solution coords data ----------------------------
distances [*,1,*]
:    1   2   3   4    :=
1    0   1   0   1
2    0   1   0   1
3    0   1   0   1
4    0   1   0   1
5    0   1   0   1
6    0   1   0   1
7    0   1   0   1
8    0   1   0   1
9    0   1   0   1
10   0   1   0   1
11   0   1   0   1
12   0   1   0   1
13   0   1   0   1
14   0   1   0   1
15   0   1   0   1
16   0   1   0   1
17   0   1   0   1
18   0   1   0   1
19   0   1   0   1
20   0   1   0   1
21   0   1   0   1
22   0   1   0   1
23   0   1   0   1
24   0   1   0   1
25   0   1   0   1
26   0   1   0   1
27   0   1   0   1
28   0   1   0   1
29   0   1   0   1
30   0   1   0   1
31   0   1   0   1
32   0   1   0   1
33   0   1   0   1
34   0   1   0   1
35   0   1   0   1
36   0   1   0   1
37   0   1   0   1
38   0   1   0   1
39   0   1   0   1
40   0   1   0   1
41   0   1   0   1
42   0   1   0   1
43   0   1   0   1
44   0   1   0   1
45   0   1   0   1
46   0   1   0   1
47   0   1   0   1
48   0   1   0   1
49   0   1   0   1
50   0   1   0   1
51   0   1   0   1
52   0   1   0   1
53   0   1   0   1
54   0   1   0   1
55   0   1   0   1
56   0   1   0   1
57   0   1   0   1
58   0   1   0   1
59   0   1   0   1
60   0   1   0   1
61   0   1   0   1
62   0   1   0   1
63   0   1   0   1
64   0   1   0   1
65   0   1   0   1
66   0   1   0   1
67   0   1   0   1
68   0   1   0   1
69   0   1   0   1
70   0   1   0   1
71   0   1   0   1
72   0   1   0   1
73   0   1   0   1
74   0   1   0   1
75   0   1   0   1
76   0   1   0   1
77   0   1   0   1
78   0   1   0   1
79   0   1   0   1
80   0   1   0   1
81   0   1   0   1
82   0   1   0   1
83   0   1   0   1
84   0   1   0   1
85   0   1   0   1

 [*,2,*]
:    1   2   3   4    :=
1    0   0   1   1
2    0   0   1   1
3    0   0   1   1
4    0   0   1   1
5    0   0   1   1
6    0   0   1   1
7    0   0   1   1
8    0   0   1   1
9    0   0   1   1
10   0   0   1   1
11   0   0   1   1
12   0   0   1   1
13   0   0   1   1
14   0   0   1   1
15   0   0   1   1
16   0   0   1   1
17   0   0   1   1
18   0   0   1   1
19   0   0   1   1
20   0   0   1   1
21   0   0   1   1
22   0   0   1   1
23   0   0   1   1
24   0   0   1   1
25   0   0   1   1
26   0   0   1   1
27   0   0   1   1
28   0   0   1   1
29   0   0   1   1
30   0   0   1   1
31   0   0   1   1
32   0   0   1   1
33   0   0   1   1
34   0   0   1   1
35   0   0   1   1
36   0   0   1   1
37   0   0   1   1
38   0   0   1   1
39   0   0   1   1
40   0   0   1   1
41   0   0   1   1
42   0   0   1   1
43   0   0   1   1
44   0   0   1   1
45   0   0   1   1
46   0   0   1   1
47   0   0   1   1
48   0   0   1   1
49   0   0   1   1
50   0   0   1   1
51   0   0   1   1
52   0   0   1   1
53   0   0   1   1
54   0   0   1   1
55   0   0   1   1
56   0   0   1   1
57   0   0   1   1
58   0   0   1   1
59   0   0   1   1
60   0   0   1   1
61   0   0   1   1
62   0   0   1   1
63   0   0   1   1
64   0   0   1   1
65   0   0   1   1
66   0   0   1   1
67   0   0   1   1
68   0   0   1   1
69   0   0   1   1
70   0   0   1   1
71   0   0   1   1
72   0   0   1   1
73   0   0   1   1
74   0   0   1   1
75   0   0   1   1
76   0   0   1   1
77   0   0   1   1
78   0   0   1   1
79   0   0   1   1
80   0   0   1   1
81   0   0   1   1
82   0   0   1   1
83   0   0   1   1
84   0   0   1   1
85   0   0   1   1

 [*,3,*]
:    1   2   3   4    :=
1    1   0   0   1
2    1   0   0   1
3    1   0   0   1
4    1   0   0   1
5    1   0   0   1
6    1   0   0   1
7    1   0   0   1
8    1   0   0   1
9    1   0   0   1
10   1   0   0   1
11   1   0   0   1
12   1   0   0   1
13   1   0   0   1
14   1   0   0   1
15   1   0   0   1
16   1   0   0   1
17   1   0   0   1
18   1   0   0   1
19   1   0   0   1
20   1   0   0   1
21   1   0   0   1
22   1   0   0   1
23   1   0   0   1
24   1   0   0   1
25   1   0   0   1
26   1   0   0   1
27   1   0   0   1
28   1   0   0   1
29   1   0   0   1
30   1   0   0   1
31   1   0   0   1
32   1   0   0   1
33   1   0   0   1
34   1   0   0   1
35   1   0   0   1
36   1   0   0   1
37   1   0   0   1
38   1   0   0   1
39   1   0   0   1
40   1   0   0   1
41   1   0   0   1
42   1   0   0   1
43   1   0   0   1
44   1   0   0   1
45   1   0   0   1
46   1   0   0   1
47   1   0   0   1
48   1   0   0   1
49   1   0   0   1
50   1   0   0   1
51   1   0   0   1
52   1   0   0   1
53   1   0   0   1
54   1   0   0   1
55   1   0   0   1
56   1   0   0   1
57   1   0   0   1
58   1   0   0   1
59   1   0   0   1
60   1   0   0   1
61   1   0   0   1
62   1   0   0   1
63   1   0   0   1
64   1   0   0   1
65   1   0   0   1
66   1   0   0   1
67   1   0   0   1
68   1   0   0   1
69   1   0   0   1
70   1   0   0   1
71   1   0   0   1
72   1   0   0   1
73   1   0   0   1
74   1   0   0   1
75   1   0   0   1
76   1   0   0   1
77   1   0   0   1
78   1   0   0   1
79   1   0   0   1
80   1   0   0   1
81   1   0   0   1
82   1   0   0   1
83   1   0   0   1
84   1   0   0   1
85   1   0   0   1

 [*,4,*]
:    1   2   3   4    :=
1    1   1   1   0
2    1   1   1   0
3    1   1   1   0
4    1   1   1   0
5    1   1   1   0
6    1   1   1   0
7    1   1   1   0
8    1   1   1   0
9    1   1   1   0
10   1   1   1   0
11   1   1   1   0
12   1   1   1   0
13   1   1   1   0
14   1   1   1   0
15   1   1   1   0
16   1   1   1   0
17   1   1   1   0
18   1   1   1   0
19   1   1   1   0
20   1   1   1   0
21   1   1   1   0
22   1   1   1   0
23   1   1   1   0
24   1   1   1   0
25   1   1   1   0
26   1   1   1   0
27   1   1   1   0
28   1   1   1   0
29   1   1   1   0
30   1   1   1   0
31   1   1   1   0
32   1   1   1   0
33   1   1   1   0
34   1   1   1   0
35   1   1   1   0
36   1   1   1   0
37   1   1   1   0
38   1   1   1   0
39   1   1   1   0
40   1   1   1   0
41   1   1   1   0
42   1   1   1   0
43   1   1   1   0
44   1   1   1   0
45   1   1   1   0
46   1   1   1   0
47   1   1   1   0
48   1   1   1   0
49   1   1   1   0
50   1   1   1   0
51   1   1   1   0
52   1   1   1   0
53   1   1   1   0
54   1   1   1   0
55   1   1   1   0
56   1   1   1   0
57   1   1   1   0
58   1   1   1   0
59   1   1   1   0
60   1   1   1   0
61   1   1   1   0
62   1   1   1   0
63   1   1   1   0
64   1   1   1   0
65   1   1   1   0
66   1   1   1   0
67   1   1   1   0
68   1   1   1   0
69   1   1   1   0
70   1   1   1   0
71   1   1   1   0
72   1   1   1   0
73   1   1   1   0
74   1   1   1   0
75   1   1   1   0
76   1   1   1   0
77   1   1   1   0
78   1   1   1   0
79   1   1   1   0
80   1   1   1   0
81   1   1   1   0
82   1   1   1   0
83   1   1   1   0
84   1   1   1   0
85   1   1   1   0
;

---------------------------- Solution stats data ----------------------------
_ampl_time = 0.244483
_total_solve_time = 35387.2
_ampl_elapsed_time = 0.240329
_ampl_user_time = 0.213682

Total time elapsed: $35387.16.
_total_solve_time = 35387.2

---------------------------- Solution miscs data ----------------------------
tetrahedron_volume [*] :=
 1 0.117851   18 0.117851   35 0.117851   52 0.117851   69 0.117851
 2 0.117851   19 0.117851   36 0.117851   53 0.117851   70 0.117851
 3 0.117851   20 0.117851   37 0.117851   54 0.117851   71 0.117851
 4 0.117851   21 0.117851   38 0.117851   55 0.117851   72 0.117851
 5 0.117851   22 0.117851   39 0.117851   56 0.117851   73 0.117851
 6 0.117851   23 0.117851   40 0.117851   57 0.117851   74 0.117851
 7 0.117851   24 0.117851   41 0.117851   58 0.117851   75 0.117851
 8 0.117851   25 0.117851   42 0.117851   59 0.117851   76 0.117851
 9 0.117851   26 0.117851   43 0.117851   60 0.117851   77 0.117851
10 0.117851   27 0.117851   44 0.117851   61 0.117851   78 0.117851
11 0.117851   28 0.117851   45 0.117851   62 0.117851   79 0.117851
12 0.117851   29 0.117851   46 0.117851   63 0.117851   80 0.117851
13 0.117851   30 0.117851   47 0.117851   64 0.117851   81 0.117851
14 0.117851   31 0.117851   48 0.117851   65 0.117851   82 0.117851
15 0.117851   32 0.117851   49 0.117851   66 0.117851   83 0.117851
16 0.117851   33 0.117851   50 0.117851   67 0.117851   84 0.117851
17 0.117851   34 0.117851   51 0.117851   68 0.117851   85 0.117851
;

---------------------------- Solution miscs data ----------------------------
tetrahedron_surface_area [*] :=
 1 0    9 0   17 0   25 0   33 0   41 0   49 0   57 0   65 0   73 0   81 0
 2 0   10 0   18 0   26 0   34 0   42 0   50 0   58 0   66 0   74 0   82 0
 3 0   11 0   19 0   27 0   35 0   43 0   51 0   59 0   67 0   75 0   83 0
 4 0   12 0   20 0   28 0   36 0   44 0   52 0   60 0   68 0   76 0   84 0
 5 0   13 0   21 0   29 0   37 0   45 0   53 0   61 0   69 0   77 0   85 0
 6 0   14 0   22 0   30 0   38 0   46 0   54 0   62 0   70 0   78 0
 7 0   15 0   23 0   31 0   39 0   47 0   55 0   63 0   71 0   79 0
 8 0   16 0   24 0   32 0   40 0   48 0   56 0   64 0   72 0   80 0
;

