Error at _cmdno 5 executing "solve" command
(file amplin, line 1961, offset 37058):
error processing param distances:
	3440 invalid subscripts discarded:
	distances[86,1,1]
	distances[86,1,2]
	distances[86,1,3]
	and 3437 more.
##### This license is only intended for use by NEOS. #####
##### License is valid until Jan 16, 2026 #####
ariables.
Substitution eliminates 1 variable.
Adjusted problem:
18873 variables:
	11733 nonlinear variables
	7140 linear variables
37828 constraints; 227296 nonzeros
	33575 nonlinear constraints
	4253 linear constraints
	3656 equality constraints
	34172 inequality constraints
1 nonlinear objective; 3 nonzeros.

Artelys Knitro 14.2.0: threads=4
algorithm=1
ms_enable=1
ms_maxsolves=10
feastol=1e-5
opttol=1e-5
honorbnds=1
bar_initpt=3
bar_murule=4
scale=1
outlev=2
maxtime_real=1200
WARNING:  Option 'threads' is deprecated, please use 'numthreads'.
WARNING: 1 constraint is constant or undefined and will be ignored.

=======================================
           Academic License
       (NOT FOR COMMERCIAL USE)
         Artelys Knitro 14.2.0
=======================================

No start point provided -- Knitro computing one.

Knitro presolve eliminated 0 variables and 1 constraint.

algorithm                1
bar_initpt               3
bar_murule               4
concurrent_evals         0
datacheck                0
feastol                  1e-05
findiff_numthreads       1
hessian_no_f             1
hessopt                  1
honorbnds                1
maxtime_real             1200
ms_enable                1
ms_maxsolves             10
numthreads               4
opttol                   1e-05

Problem Characteristics                                 (   Presolved)
-----------------------
Objective goal:  Minimize
Objective type:  general
Number of variables:                              18873 (       18873)
    bounded below only:                               1 (           1)
    bounded above only:                               0 (           0)
    bounded below and above:                          0 (           0)
    fixed:                                            0 (           0)
    free:                                         18872 (       18872)
Number of constraints:                            37828 (       37827)
    linear equalities:                                1 (           0)
    quadratic equalities:                          3570 (        3570)
    gen. nonlinear equalities:                       85 (          85)
    linear one-sided inequalities:                 4252 (        4252)
    quadratic one-sided inequalities:             29920 (       29920)
    gen. nonlinear one-sided inequalities:            0 (           0)
    linear two-sided inequalities:                    0 (           0)
    quadratic two-sided inequalities:                 0 (           0)
    gen. nonlinear two-sided inequalities:            0 (           0)
Number of nonzeros in Jacobian:                  227296 (      227296)
Number of nonzeros in Hessian:                   103023 (      103023)

Knitro parallel multistart will run with 4 threads.

Return codes description
------------------------
  0:  The final solution satisfies the termination conditions for verifying optimality.
  -100 to -199:  A feasible approximate solution was found.
  -200 to -299:  Knitro terminated at an infeasible point.
  -300 to -301:  The problem was determined to be unbounded.
  -400 to -499:  Knitro terminated because it reached a pre-defined limit.
    -400 to -409:  A feasible point was found.
    -410 to -419:  No feasible point was found.
  -500 to -599:  Knitro terminated with an input error or some non-standard error.
A more detailed description of individual return codes and their corresponding
termination messages is provided at
https://www.artelys.com/app/docs/knitro/3_referenceManual/returnCodes.html

 Solve #  ThreadID  Status     Objective      FeasError    OptError    Real Time 
--------  --------  ------  --------------   ----------   ----------  ----------
      0          0       0         5.07018  1.83121e-05  3.41799e-06      758.621
      3          3    -410     3.35466e+10  4.15128e+06      6016.70      2941.05
      1          2    -410     3.51263e+11  1.48811e+06      25786.3      3042.15
      2          1    -410     3.35970e+13  1.59270e+06  2.09842e+06      3049.61
      5          3    -410     8.33244e+12  1.29955e+06      308774.      3897.79
      7          1    -410     9.55990e+12  2.32988e+06      405831.      3918.07
      6          2    -410     3.04156e+09  4.62504e+06      4218.66      4097.33
      4          0    -410     6.43709e+13  1.22000e+06  3.19728e+06      3161.63
      8          0    -410     4.38598e+12      164432.      151994.      4463.44
      9          3    -410     5.99352e+12  1.43273e+06  1.00570e+06      4231.07

MULTISTART: Best locally optimal solution is returned.
EXIT: Locally optimal solution found.

Final Statistics
----------------
Final objective value               =   5.07017914198879e+00
Final feasibility error (abs / rel) =   1.83e-05 / 3.48e-06
Final optimality error  (abs / rel) =   3.42e-06 / 4.04e-07
# of iterations                     =      93005 
# of CG iterations                  =          0 
# of function evaluations           =      93559
# of gradient evaluations           =      93071
# of Hessian evaluations            =      93025
Total program time (secs)           =   11070.15430 ( 33418.180 CPU time)

===============================================================================

Knitro 14.2.0: Locally optimal or satisfactory solution.
objective 5.070179142; feasibility error 1.83e-05
93005 iterations; 93559 function evaluations

suffix feaserror OUT;
suffix opterror OUT;
suffix numfcevals OUT;
suffix numiters OUT;
---------------------------- Solver Status Report ----------------------------
solve_result_num = 0
solve_result = solved
solve_message = 'Knitro 14.2.0: Locally optimal or satisfactory solution.\
objective 5.070179142; feasibility error 1.83e-05\
93005 iterations; 93559 function evaluations'


---------------------------- Problem Dimensions ----------------------------
Variables: 37234
Constraints: 37914
---------------------------- Container and geometric considerations  ----------------------------
Container type: cylinder
Structural conservation type: volume & surface
---------------------------- Solution execution data ----------------------------
solve_result_num = 0
solve_result = solved

---------------------------- Solution data ----------------------------
card(figures) = 85

coords [*,*,1]
:        1             2            3             4         :=
1     0.889856    -0.00960889    0.413739     0.162858
2    -0.373097    -0.0584528    -0.28681      0.583566
3     0.846589     1.19706       0.303431     1.15776
4     1.16618      1.05494       1.14622      0.254625
5    -1.18643     -1.04388      -0.251964    -0.599902
6    -0.474644     0.121865     -0.736621     0.115511
7    -0.523407    -0.147675     -0.317638     0.383146
8    -0.413679    -0.322392     -0.256921    -1.03814
9     1.04065      0.503306      0.117377     0.129403
10   -1.1659      -0.47486      -0.21088     -1.12445
11   -1.12816     -0.265281     -1.07111     -0.996249
12    0.132583     0.894226      0.483626     0.946655
13   -1.056       -1.00718      -1.13252     -0.258054
14    0.664462     1.14226       0.490135     0.325299
15   -1.15577     -0.454529     -0.187586    -0.857342
16    1.16784      0.182722      0.422659     0.665371
17    0.572052     0.334259      0.104718    -0.319138
18    0.20814      0.624155      0.585508     1.1599
19   -0.475442     0.238664      0.387507     0.355327
20   -0.383773    -0.69563      -0.0821698   -0.995068
21   -0.118848    -0.0401011     0.152098     0.754631
22    1.18673      0.355544      1.11974      1.08668
23   -0.446572     0.0142802    -0.118848    -0.918825
24    0.476316    -0.379321     -0.267948    -0.319964
25   -1.14574     -0.931854     -0.514163    -0.372471
26   -1.04681     -1.08228      -0.237029    -0.52635
27   -0.0432114    0.562541      0.248287     0.816193
28   -1.18568     -0.970915     -0.215242    -0.716832
29   -1.13087     -0.687025     -1.17108     -0.26618
30   -1.17063     -0.30125      -1.06385     -1.10457
31    0.557922     1.05551       0.323735     0.0856328
32    1.0954       0.364925      1.18671      0.852488
33    1.01651     -0.0397426     0.508265     0.616515
34   -0.318228     0.404948     -0.260887     0.182249
35    0.412168     1.05552       1.05297      0.162724
36   -0.90587     -0.0054701    -0.0128781   -0.164374
37   -0.153393     0.410424     -0.279857    -0.578286
38   -0.0817496   -0.278461     -0.965828    -0.772843
39    0.50686     -0.414152      0.018114     0.195
40   -0.300686    -0.975043     -1.0953      -1.18568
41    0.816022     1.17116       0.481767     0.183091
42    0.565506     0.252775      0.0713387    1.08852
43   -0.869786    -0.00427022   -0.0742712   -0.866627
44    0.120484    -0.609463     -0.858235    -0.319866
45    0.672524     0.276967      1.16685      1.14526
46   -1.05504     -0.440748     -0.0714366   -0.184593
47   -0.254896    -1.04375      -1.18686     -1.15089
48    0.861846     1.16315       0.282829     0.579753
49    0.334325     0.211905     -0.441797     0.574407
50    0.493691    -0.527482     -0.0506223    0.0913265
51   -0.89515     -0.0583346    -0.268764    -0.382268
52   -0.223433    -0.931249     -1.11814     -1.05504
53   -0.899017    -1.16623      -0.262252    -0.521498
54    0.404571     0.845875     -0.171977     0.191542
55   -0.66486     -0.22441      -0.151206     0.405841
56    0.193341     0.731006      1.1774       1.05286
57    0.22391     -0.0499056    -0.364262    -0.784783
58    1.18106      1.18808       0.284763     0.853302
59    0.970668     0.845875      0.140257     0.195876
60   -0.454574    -0.687144     -1.13091     -0.227757
61   -0.0585634    0.9286        0.493691     0.138625
62    0.253013     0.567267     -0.0584528   -0.284366
63    0.395677    -0.186988      0.180559     0.720303
64    0.0411439   -0.787278      0.0740905   -0.406054
65   -1.14066     -0.331629     -0.286391    -0.285078
66   -0.924729    -0.301267     -1.11172     -0.221557
67   -0.0921911    0.489087      0.275535    -0.533522
68    0.0782372   -0.0049001    -0.01959      0.866828
69   -0.0246673   -0.838897      0.0764086   -0.00357831
70    0.134084     0.312532      0.831778     1.03749
71   -0.910329    -1.1401       -0.358133    -1.18568
72    0.833633     1.1599        1.03088      0.20059
73    0.476958     0.152662      1.04072      0.109051
74   -0.371642     0.129723      0.65918      0.137717
75    0.500168     0.145998     -0.0617861   -0.335733
76    0.368538    -0.293914      0.658617     0.51418
77   -0.498721     0.302265      0.332596     0.0296369
78    0.999205     0.228696      1.06917      1.10976
79   -0.464395     0.124229     -0.717064    -0.205021
80   -0.0623127    0.20201      -0.386469    -0.696507
81    0.533546    -0.0423209    -0.292473    -0.259091
82    1.18507      0.364914      0.280161     0.885496
83   -0.256838    -0.716832     -0.23652     -0.995517
84   -0.0295485   -0.716832     -0.190493     0.252775
85    0.871678     0.27587      -0.0732485    0.625921

 [*,*,2]
:         1              2              3            4         :=
1     0.800744       0.281578       0.0921559     1.10494
2     1.13747        1.19567        0.316134      0.824599
3    -0.846359      -0.00849213    -0.183962     -0.30435
4     0.27028       -0.565808       0.345279      0.126457
5    -0.159438      -0.585963      -0.138812     -1.03593
6    -0.11131       -0.882419      -0.599167      0.0501543
7     1.07661        0.396247       0.155551      0.746704
8    -1.12335       -0.158466      -0.948148     -0.596072
9    -0.591678      -1.08615       -0.220456     -1.02478
10    0.271517       0.618465      -0.150855     -0.190441
11    0.400369      -0.151812      -0.534559     -0.464614
12    1.14885        0.795861       0.136051      0.732721
13    0.563826       0.647015      -0.229625      0.374772
14    0.995754       0.358174       0.945388      0.0719851
15    0.31183       -0.0811623      0.0680209    -0.714089
16    0.251512       0.0888786      0.651711     -0.392437
17   -1.03757       -1.14948       -0.338659     -1.15377
18    0.0409189      0.979665       0.11076       0.29608
19   -0.163649      -0.814093      -0.131418      0.205955
20   -1.12563       -0.974235      -0.234092     -0.270263
21    1.19118        0.789204       0.153592      0.929283
22   -0.157188      -0.03925       -0.396464      0.502164
23    1.11068        0.318876       1.19118       0.733057
24   -1.02239       -1.13541       -1.16672      -0.315057
25    0.346866       0.751454       1.08105       0.0386176
26   -0.580701      -0.511566      -0.139247     -1.07517
27    1.18627        0.800598       0.182529      0.875708
28   -0.164904      -0.691264      -0.198696     -0.958742
29    0.392654       0.980322       0.248213      0.213795
30    0.250321       0.181648      -0.54888       0.380111
31   -1.05913       -0.564738      -1.15249      -0.293105
32    0.482843      -0.0248294     -0.157363      0.730828
33    0.442979       0.257707       0.237005     -0.530473
34   -0.340127      -0.909725      -1.16832      -0.202915
35   -1.1239        -0.564729      -0.569463     -0.249479
36    0.653701       0.269107       1.12078       0.248226
37   -0.128874      -0.880385      -0.161355     -0.960398
38    0.369818      -0.598974      -0.225903      0.325
39   -1.08449       -1.12317       -0.268539     -1.18111
40   -0.172334      -0.694497       0.288151     -0.164904
41    0.875867       0.24782        0.686267      0.0899786
42   -0.703351      -1.1701        -0.158539     -0.498147
43    0.811713       0.304604       1.19479       0.52334
44    0.274656      -0.294343       0.712957      0.350476
45    0.990327       0.1312         0.267393      0.34843
46   -0.565614      -0.282914      -0.138393     -1.04886
47   -0.138867      -0.586198      -0.156185      0.329373
48   -0.830816      -0.283056      -0.194769     -1.04734
49    0.801951       0.000725819    0.0863484    -0.145959
50    1.09055        1.07462        0.277268      0.967309
51    0.794822       1.16775        0.229619      1.13442
52   -0.201349      -0.494414       0.371515     -0.565614
53    0.790445       0.270076       0.114454      1.07753
54   -0.918185      -0.847072      -1.18468      -0.198813
55   -0.995488      -0.210355      -1.18751      -0.940419
56   -0.0382574     -0.449666       0.216253     -0.569672
57   -0.0302905     -0.101288       0.682536     -0.293654
58    0.19528       -0.146592      -0.0191314     0.83959
59   -0.226303      -0.847072      -0.119792     -0.728029
60    1.10647        0.980239       0.392518      0.252676
61    0.249957       0.368642       1.09055       0.928125
62    0.191825       0.809894       1.19567       0.325547
63    0.529951      -0.318408      -0.111622     -0.465882
64    0.163948       0.593189       0.253003     -0.40347
65    0.363222       0.763943       0.116671     -0.231186
66   -0.491758       0.181471       0.341791     -0.200572
67    0.330796      -0.168332       0.726414      0.0433199
68    1.08574        0.2669         1.19693       0.825618
69    1.19684        0.853983       1.14962       0.304039
70   -0.588019      -0.0732536      0.179949     -0.597198
71    0.736592       0.36496        0.0243561    -0.164904
72    0.178417       0.29608       -0.608537      0.0388948
73    0.000900429   -1.01372       -0.59156      -0.231616
74    0.549637       1.00744        0.33625       0.11007
75   -0.00105258    -0.999009      -0.104783     -0.252021
76    0.323126       1.16045        0.999629      1.08104
77    0.0635425     -0.170506      -0.0254941    -0.841695
78   -0.65926       -0.346982      -0.538431      0.242822
79    1.10335        1.19063        0.958569      0.234034
80   -0.241088      -1.17993       -1.13299      -0.973609
81    0.0792757     -0.328985      -0.00979429    0.645383
82   -0.154391       0.0666872     -0.0081464     0.794693
83   -0.231121      -0.958742      -1.1735       -0.664817
84   -0.135553      -0.958742      -0.817209     -1.1701
85   -0.820495      -0.188136      -1.19201      -1.02042

 [*,*,3]
:        1            2             3            4         :=
1    -0.594001    -0.407396    -1.2042       -1.07248
2     0.821956    -0.150612     0.389455      0.451944
3    -0.481461    -0.322884    -0.889127     -1.3529
4     0.0204811    0.392748     0.950949      0.566718
5    -0.122762     0.742645     0.402926      0.0715175
6     1.23051      1.07024      0.493376      0.540837
7     0.824726     1.32065      0.315494      0.457276
8    -0.665185    -0.9771      -1.69968      -1.35947
9    -0.368307     0.196645     0.0313957    -0.677773
10    0.647411    -0.0307312    0.40339      -0.156815
11   -0.562465    -0.832215    -1.0649       -0.112604
12   -1.10179     -0.593016    -1.13349      -1.66225
13    0.286138    -0.781896    -0.177089     -0.318542
14    0.264349     0.982127     1.26483       0.664829
15    0.76153      1.25278      0.370144      0.669697
16   -0.0129334   -0.404209     0.385624      0.414684
17    1.30467      0.264991     0.638995      1.09906
18    1.61789      1.30855      0.731473      1.61789
19   -1.17665     -0.933868    -1.74738      -0.873508
20    0.178692    -0.675606    -0.335311     -0.0326603
21    1.61789      0.775831     1.61789       1.48207
22   -0.831753    -1.21283     -1.87495      -1.67154
23    0.719613     1.27698      1.61789       1.60526
24   -1.17172     -0.630228    -1.69635      -1.04676
25    0.648061     1.61789      0.836362      1.04434
26   -1.3718      -0.30224     -0.847148     -0.774775
27   -0.135869     0.442336    -0.375732     -0.592495
28    1.61789      0.713539     1.29348       1.61789
29   -1.67393     -0.894414    -0.612086     -1.18652
30   -0.627455    -0.926557    -1.07453      -1.60868
31    1.22053      0.62222      0.221898      0.637313
32   -1.64529     -1.22792     -0.831544     -0.643738
33   -1.92018     -1.92018     -1.17906      -1.92018
34   -1.06731     -1.11805     -1.74614      -1.89318
35    0.270897     0.622223    -0.386348      0.118697
36   -0.659451    -0.374449    -1.02606      -1.28237
37   -0.362552     0.154499     0.55011       0.161778
38   -0.125828    -0.541455    -0.00954273   -0.769179
39    0.20701      0.222543    -0.259899     -0.658126
40    1.35957      0.709502     0.805905      1.61789
41   -0.590959    -0.0169957    0.410203     -0.402743
42    0.886899     1.61789      1.61789       1.61789
43   -0.78073     -0.401622    -0.172118      0.0949586
44    1.61789      1.61789      1.61789       0.811449
45    0.273043     0.567647    -0.0150728     0.990319
46   -1.92018     -1.08788     -1.92018      -1.79337
47    0.401258     0.743156    -0.128967      0.758953
48   -0.510959    -1.38227     -0.861502     -1.44026
49    1.16196      1.61789      0.973416      0.721699
50   -1.92018     -1.92018     -1.85947      -1.05095
51   -0.0526583   -0.155929     0.319076      0.825764
52   -1.75976     -1.00936     -1.61371      -1.92018
53   -0.0633855    0.649224     0.472867      0.833488
54   -1.11384     -1.92018     -1.92018      -1.88008
55    0.148262     0.522746     0.892898      0.124463
56   -0.307245     0.524416     0.034592     -0.431037
57   -0.338797     0.538691     0.0547379    -0.0874439
58    0.0235804   -0.832617    -0.278019     -0.576953
59   -1.25005     -1.92018     -1.92018      -1.07559
60   -1.83358     -0.894559    -1.67408      -1.22564
61   -1.89196     -1.54642     -1.92018      -1.08499
62   -0.363428     0.45464     -0.150612      0.383675
63    0.268905     0.570215    -0.35728       0.498977
64   -1.18343     -0.717167    -0.176504     -0.610675
65   -1.6659      -1.92018     -1.06637      -1.92018
66   -1.01623     -0.926473    -1.59296      -1.76175
67    0.212155     0.724976     1.13858       0.968848
68   -1.0807      -0.393248    -0.146604     -0.622405
69   -0.140858    -0.748705    -1.05604      -0.401368
70    0.831652     1.61789      0.76397       1.39447
71    1.61789      0.686669     1.03668       1.61789
72    0.763609     1.61789      1.4143        1.61789
73   -0.793845    -0.669874    -0.368209      0.022226
74   -1.6212      -0.997464    -1.64073      -0.786136
75   -0.825644    -0.656391    -0.102148     -1.12844
76    0.863465     0.763261     0.30831       1.3678
77    1.15439      0.480865     1.54296       1.14012
78    1.41109      0.733748     0.406718      0.894567
79   -1.79737     -1.06256     -0.765284     -1.26911
80   -0.284328    -0.668258     0.182507     -0.678266
81   -1.32714     -1.92018     -0.927439     -1.77575
82   -0.831202    -1.18964     -0.274642     -0.598873
83    1.27026      1.61789      0.758874      0.625077
84    1.61789      1.61789      0.868384      1.61789
85   -0.37939     -0.867172    -0.724487     -1.30044
;

radius = 1.19709
height = 3.53807
softness = 0.15

---------------------------- Solution coords data ----------------------------
distances [*,1,*]
:    1   2   3   4    :=
1    0   1   0   1
2    0   1   0   1
3    0   1   0   1
4    0   1   0   1
5    0   1   0   1
6    0   1   0   1
7    0   1   0   1
8    0   1   0   1
9    0   1   0   1
10   0   1   0   1
11   0   1   0   1
12   0   1   0   1
13   0   1   0   1
14   0   1   0   1
15   0   1   0   1
16   0   1   0   1
17   0   1   0   1
18   0   1   0   1
19   0   1   0   1
20   0   1   0   1
21   0   1   0   1
22   0   1   0   1
23   0   1   0   1
24   0   1   0   1
25   0   1   0   1
26   0   1   0   1
27   0   1   0   1
28   0   1   0   1
29   0   1   0   1
30   0   1   0   1
31   0   1   0   1
32   0   1   0   1
33   0   1   0   1
34   0   1   0   1
35   0   1   0   1
36   0   1   0   1
37   0   1   0   1
38   0   1   0   1
39   0   1   0   1
40   0   1   0   1
41   0   1   0   1
42   0   1   0   1
43   0   1   0   1
44   0   1   0   1
45   0   1   0   1
46   0   1   0   1
47   0   1   0   1
48   0   1   0   1
49   0   1   0   1
50   0   1   0   1
51   0   1   0   1
52   0   1   0   1
53   0   1   0   1
54   0   1   0   1
55   0   1   0   1
56   0   1   0   1
57   0   1   0   1
58   0   1   0   1
59   0   1   0   1
60   0   1   0   1
61   0   1   0   1
62   0   1   0   1
63   0   1   0   1
64   0   1   0   1
65   0   1   0   1
66   0   1   0   1
67   0   1   0   1
68   0   1   0   1
69   0   1   0   1
70   0   1   0   1
71   0   1   0   1
72   0   1   0   1
73   0   1   0   1
74   0   1   0   1
75   0   1   0   1
76   0   1   0   1
77   0   1   0   1
78   0   1   0   1
79   0   1   0   1
80   0   1   0   1
81   0   1   0   1
82   0   1   0   1
83   0   1   0   1
84   0   1   0   1
85   0   1   0   1

 [*,2,*]
:    1   2   3   4    :=
1    0   0   1   1
2    0   0   1   1
3    0   0   1   1
4    0   0   1   1
5    0   0   1   1
6    0   0   1   1
7    0   0   1   1
8    0   0   1   1
9    0   0   1   1
10   0   0   1   1
11   0   0   1   1
12   0   0   1   1
13   0   0   1   1
14   0   0   1   1
15   0   0   1   1
16   0   0   1   1
17   0   0   1   1
18   0   0   1   1
19   0   0   1   1
20   0   0   1   1
21   0   0   1   1
22   0   0   1   1
23   0   0   1   1
24   0   0   1   1
25   0   0   1   1
26   0   0   1   1
27   0   0   1   1
28   0   0   1   1
29   0   0   1   1
30   0   0   1   1
31   0   0   1   1
32   0   0   1   1
33   0   0   1   1
34   0   0   1   1
35   0   0   1   1
36   0   0   1   1
37   0   0   1   1
38   0   0   1   1
39   0   0   1   1
40   0   0   1   1
41   0   0   1   1
42   0   0   1   1
43   0   0   1   1
44   0   0   1   1
45   0   0   1   1
46   0   0   1   1
47   0   0   1   1
48   0   0   1   1
49   0   0   1   1
50   0   0   1   1
51   0   0   1   1
52   0   0   1   1
53   0   0   1   1
54   0   0   1   1
55   0   0   1   1
56   0   0   1   1
57   0   0   1   1
58   0   0   1   1
59   0   0   1   1
60   0   0   1   1
61   0   0   1   1
62   0   0   1   1
63   0   0   1   1
64   0   0   1   1
65   0   0   1   1
66   0   0   1   1
67   0   0   1   1
68   0   0   1   1
69   0   0   1   1
70   0   0   1   1
71   0   0   1   1
72   0   0   1   1
73   0   0   1   1
74   0   0   1   1
75   0   0   1   1
76   0   0   1   1
77   0   0   1   1
78   0   0   1   1
79   0   0   1   1
80   0   0   1   1
81   0   0   1   1
82   0   0   1   1
83   0   0   1   1
84   0   0   1   1
85   0   0   1   1

 [*,3,*]
:    1   2   3   4    :=
1    1   0   0   1
2    1   0   0   1
3    1   0   0   1
4    1   0   0   1
5    1   0   0   1
6    1   0   0   1
7    1   0   0   1
8    1   0   0   1
9    1   0   0   1
10   1   0   0   1
11   1   0   0   1
12   1   0   0   1
13   1   0   0   1
14   1   0   0   1
15   1   0   0   1
16   1   0   0   1
17   1   0   0   1
18   1   0   0   1
19   1   0   0   1
20   1   0   0   1
21   1   0   0   1
22   1   0   0   1
23   1   0   0   1
24   1   0   0   1
25   1   0   0   1
26   1   0   0   1
27   1   0   0   1
28   1   0   0   1
29   1   0   0   1
30   1   0   0   1
31   1   0   0   1
32   1   0   0   1
33   1   0   0   1
34   1   0   0   1
35   1   0   0   1
36   1   0   0   1
37   1   0   0   1
38   1   0   0   1
39   1   0   0   1
40   1   0   0   1
41   1   0   0   1
42   1   0   0   1
43   1   0   0   1
44   1   0   0   1
45   1   0   0   1
46   1   0   0   1
47   1   0   0   1
48   1   0   0   1
49   1   0   0   1
50   1   0   0   1
51   1   0   0   1
52   1   0   0   1
53   1   0   0   1
54   1   0   0   1
55   1   0   0   1
56   1   0   0   1
57   1   0   0   1
58   1   0   0   1
59   1   0   0   1
60   1   0   0   1
61   1   0   0   1
62   1   0   0   1
63   1   0   0   1
64   1   0   0   1
65   1   0   0   1
66   1   0   0   1
67   1   0   0   1
68   1   0   0   1
69   1   0   0   1
70   1   0   0   1
71   1   0   0   1
72   1   0   0   1
73   1   0   0   1
74   1   0   0   1
75   1   0   0   1
76   1   0   0   1
77   1   0   0   1
78   1   0   0   1
79   1   0   0   1
80   1   0   0   1
81   1   0   0   1
82   1   0   0   1
83   1   0   0   1
84   1   0   0   1
85   1   0   0   1

 [*,4,*]
:    1   2   3   4    :=
1    1   1   1   0
2    1   1   1   0
3    1   1   1   0
4    1   1   1   0
5    1   1   1   0
6    1   1   1   0
7    1   1   1   0
8    1   1   1   0
9    1   1   1   0
10   1   1   1   0
11   1   1   1   0
12   1   1   1   0
13   1   1   1   0
14   1   1   1   0
15   1   1   1   0
16   1   1   1   0
17   1   1   1   0
18   1   1   1   0
19   1   1   1   0
20   1   1   1   0
21   1   1   1   0
22   1   1   1   0
23   1   1   1   0
24   1   1   1   0
25   1   1   1   0
26   1   1   1   0
27   1   1   1   0
28   1   1   1   0
29   1   1   1   0
30   1   1   1   0
31   1   1   1   0
32   1   1   1   0
33   1   1   1   0
34   1   1   1   0
35   1   1   1   0
36   1   1   1   0
37   1   1   1   0
38   1   1   1   0
39   1   1   1   0
40   1   1   1   0
41   1   1   1   0
42   1   1   1   0
43   1   1   1   0
44   1   1   1   0
45   1   1   1   0
46   1   1   1   0
47   1   1   1   0
48   1   1   1   0
49   1   1   1   0
50   1   1   1   0
51   1   1   1   0
52   1   1   1   0
53   1   1   1   0
54   1   1   1   0
55   1   1   1   0
56   1   1   1   0
57   1   1   1   0
58   1   1   1   0
59   1   1   1   0
60   1   1   1   0
61   1   1   1   0
62   1   1   1   0
63   1   1   1   0
64   1   1   1   0
65   1   1   1   0
66   1   1   1   0
67   1   1   1   0
68   1   1   1   0
69   1   1   1   0
70   1   1   1   0
71   1   1   1   0
72   1   1   1   0
73   1   1   1   0
74   1   1   1   0
75   1   1   1   0
76   1   1   1   0
77   1   1   1   0
78   1   1   1   0
79   1   1   1   0
80   1   1   1   0
81   1   1   1   0
82   1   1   1   0
83   1   1   1   0
84   1   1   1   0
85   1   1   1   0
;

---------------------------- Solution stats data ----------------------------
_ampl_time = 0.135668
_total_solve_time = 33418.5
_ampl_elapsed_time = 0.13229
_ampl_user_time = 0.106541

Total time elapsed: $33418.49.
_total_solve_time = 33418.5

---------------------------- Solution miscs data ----------------------------
tetrahedron_volume [*] :=
 1 0.117851   18 0.117851   35 0.117851   52 0.117851   69 0.117851
 2 0.117851   19 0.117851   36 0.117851   53 0.117851   70 0.117851
 3 0.117851   20 0.117851   37 0.117851   54 0.117851   71 0.117851
 4 0.117851   21 0.117851   38 0.117851   55 0.117851   72 0.117851
 5 0.117851   22 0.117851   39 0.117851   56 0.117851   73 0.117851
 6 0.117851   23 0.117851   40 0.117851   57 0.117851   74 0.117851
 7 0.117851   24 0.117851   41 0.117851   58 0.117851   75 0.117851
 8 0.117851   25 0.117851   42 0.117851   59 0.117851   76 0.117851
 9 0.117851   26 0.117851   43 0.117851   60 0.117851   77 0.117851
10 0.117851   27 0.117851   44 0.117851   61 0.117851   78 0.117851
11 0.117851   28 0.117851   45 0.117851   62 0.117851   79 0.117851
12 0.117851   29 0.117851   46 0.117851   63 0.117851   80 0.117851
13 0.117851   30 0.117851   47 0.117851   64 0.117851   81 0.117851
14 0.117851   31 0.117851   48 0.117851   65 0.117851   82 0.117851
15 0.117851   32 0.117851   49 0.117851   66 0.117851   83 0.117851
16 0.117851   33 0.117851   50 0.117851   67 0.117851   84 0.117851
17 0.117851   34 0.117851   51 0.117851   68 0.117851   85 0.117851
;

---------------------------- Solution miscs data ----------------------------
tetrahedron_surface_area [*] :=
 1 0    9 0   17 0   25 0   33 0   41 0   49 0   57 0   65 0   73 0   81 0
 2 0   10 0   18 0   26 0   34 0   42 0   50 0   58 0   66 0   74 0   82 0
 3 0   11 0   19 0   27 0   35 0   43 0   51 0   59 0   67 0   75 0   83 0
 4 0   12 0   20 0   28 0   36 0   44 0   52 0   60 0   68 0   76 0   84 0
 5 0   13 0   21 0   29 0   37 0   45 0   53 0   61 0   69 0   77 0   85 0
 6 0   14 0   22 0   30 0   38 0   46 0   54 0   62 0   70 0   78 0
 7 0   15 0   23 0   31 0   39 0   47 0   55 0   63 0   71 0   79 0
 8 0   16 0   24 0   32 0   40 0   48 0   56 0   64 0   72 0   80 0
;

