Error at _cmdno 5 executing "solve" command
(file amplin, line 1945, offset 37257):
error processing param distances:
	3680 invalid subscripts discarded:
	distances[71,1,1]
	distances[71,1,2]
	distances[71,1,3]
	and 3677 more.
##### This license is only intended for use by NEOS. #####
##### License is valid until Jan 16, 2026 #####
ariables.
Adjusted problem:
12916 variables:
	8086 nonlinear variables
	4830 linear variables
25340 constraints; 154315 nonzeros
	22925 nonlinear constraints
	2415 linear constraints
	2485 equality constraints
	22855 inequality constraints
1 linear objective; 1 nonzero.

Artelys Knitro 14.2.0: threads=4
algorithm=1
ms_enable=1
ms_maxsolves=10
feastol=1e-5
opttol=1e-5
honorbnds=1
bar_initpt=3
bar_murule=4
scale=1
outlev=2
maxtime_real=3600
WARNING:  Option 'threads' is deprecated, please use 'numthreads'.

=======================================
           Academic License
       (NOT FOR COMMERCIAL USE)
         Artelys Knitro 14.2.0
=======================================

No start point provided -- Knitro computing one.

Knitro presolve eliminated 0 variables and 0 constraints.

algorithm                1
bar_initpt               3
bar_murule               4
concurrent_evals         0
datacheck                0
feastol                  1e-05
findiff_numthreads       1
hessian_no_f             1
hessopt                  1
honorbnds                1
maxtime_real             3600
ms_enable                1
ms_maxsolves             10
numthreads               4
opttol                   1e-05

Problem Characteristics                                 (   Presolved)
-----------------------
Objective goal:  Minimize
Objective type:  linear
Number of variables:                              12916 (       12916)
    bounded below only:                             841 (         841)
    bounded above only:                               0 (           0)
    bounded below and above:                          0 (           0)
    fixed:                                            0 (           0)
    free:                                         12075 (       12075)
Number of constraints:                            25340 (       25340)
    linear equalities:                                0 (           0)
    quadratic equalities:                          2415 (        2415)
    gen. nonlinear equalities:                       70 (          70)
    linear one-sided inequalities:                 2415 (        2415)
    quadratic one-sided inequalities:             20440 (       20440)
    gen. nonlinear one-sided inequalities:            0 (           0)
    linear two-sided inequalities:                    0 (           0)
    quadratic two-sided inequalities:                 0 (           0)
    gen. nonlinear two-sided inequalities:            0 (           0)
Number of nonzeros in Jacobian:                  154315 (      154315)
Number of nonzeros in Hessian:                    70666 (       70666)

Knitro parallel multistart will run with 4 threads.

Return codes description
------------------------
  0:  The final solution satisfies the termination conditions for verifying optimality.
  -100 to -199:  A feasible approximate solution was found.
  -200 to -299:  Knitro terminated at an infeasible point.
  -300 to -301:  The problem was determined to be unbounded.
  -400 to -499:  Knitro terminated because it reached a pre-defined limit.
    -400 to -409:  A feasible point was found.
    -410 to -419:  No feasible point was found.
  -500 to -599:  Knitro terminated with an input error or some non-standard error.
A more detailed description of individual return codes and their corresponding
termination messages is provided at
https://www.artelys.com/app/docs/knitro/3_referenceManual/returnCodes.html

 Solve #  ThreadID  Status     Objective      FeasError    OptError    Real Time 
--------  --------  ------  --------------   ----------   ----------  ----------
      6          1    -202         1123.70      32444.7      102.045      351.488
      1          3    -202         1971.38      52895.6      19.0678      401.673
      0          0       0         1.52157  4.90270e-04  5.43570e-06      1199.88
      2          1    -202         1984.56      59024.8      4.14474      4076.98
      3          2    -410         652.768      2.65545     0.999152      5490.03
      8          2    -400         1030.45  5.06233e-04     0.161980      4991.02
      5          0    -410         390.755  5.83659e-03  2.56732e-02      4938.42
      4          3    -410         2657.85      2.58831      30.1845      5527.19
      9          3    -410         2058.10     0.404915     0.704696      4832.14
      7          1    -410         5335.06     0.375126      13410.8      5693.64

MULTISTART: Best locally optimal solution is returned.
EXIT: Locally optimal solution found.

Final Statistics
----------------
Final objective value               =   1.52157084240405e+00
Final feasibility error (abs / rel) =   4.90e-04 / 4.58e-07
Final optimality error  (abs / rel) =   5.44e-06 / 5.44e-06
# of iterations                     =      71985 
# of CG iterations                  =          0 
# of function evaluations           =      87460
# of gradient evaluations           =      72266
# of Hessian evaluations            =      72035
Total program time (secs)           =   10761.81934 ( 33335.062 CPU time)

===============================================================================

Knitro 14.2.0: Locally optimal or satisfactory solution.
objective 1.521570842; feasibility error 0.00049
71985 iterations; 87460 function evaluations

suffix feaserror OUT;
suffix opterror OUT;
suffix numfcevals OUT;
suffix numiters OUT;
---------------------------- Container and geometric considerations  ----------------------------
Container type: sphere
Structural conservation type: surface
---------------------------- Solution execution data ----------------------------
solve_result_num = 0
solve_result = solved

---------------------------- Solution data ----------------------------
card(figures) = 70

coords [*,*,1]
:       1         2         3         4       :=
1    18.9642   19.308    18.6026   19.4793
2    20.5247   20.5044   20.802    21.3219
3    19.1804   19.2517   20.0457   19.7052
4    18.8852   19.5799   18.9976   19.7755
5    20.034    20.2155   19.3263   19.4898
6    19.6895   20.0678   20.7126   20.4123
7    19.909    19.4659   19.3122   18.9642
8    20.7788   19.9589   19.9636   20.0414
9    20.5358   20.4104   20.5133   19.6824
10   20.1585   20.3312   20.7126   19.7778
11   19.3971   19.7891   19.7973   20.4145
12   19.7893   20.0139   20.4104   20.6615
13   19.8979   19.4251   19.1895   20.0268
14   20.5751   21.39     21.2569   21.4569
15   19.1745   19.1643   19.7152   19.8782
16   20.7577   21.2031   20.6619   21.4585
17   19.4446   18.498    19.0056   18.836
18   19.5592   18.8136   19.5988   19.6418
19   20.8023   19.8127   20.4362   20.5689
20   20.12     19.3553   20.2561   20.1104
21   18.9194   19.8166   19.7576   19.3952
22   19.9407   20.7734   20.0517   20.6171
23   20.6102   20.4468   20.5687   21.3206
24   20.958    20.7126   20.0482   20.9462
25   20.8685   20.1426   20.1955   21.0073
26   19.6431   19.1414   18.6024   19.1732
27   19.5923   19.7342   20.4114   20.0676
28   21.1136   20.7515   20.4355   21.3395
29   19.8255   20.3468   20.5796   19.7146
30   21.2241   20.3486   20.712    20.2507
31   19.8822   19.7092   20.529    20.4609
32   19.0848   19.9618   19.8219   19.2902
33   19.9033   19.7621   20.2509   19.2499
34   20.9571   20.9615   20.1037   20.4805
35   19.3757   19.6576   18.6726   18.88
36   19.6854   18.9263   19.7637   19.6309
37   20.2643   20.6163   20.4266   19.7471
38   20.9026   20.6622   19.9884   20.7101
39   19.5854   18.9642   18.6236   19.3474
40   20.2318   19.6968   19.4029   20.3502
41   18.6744   19.3997   18.5344   18.7223
42   20.0397   19.9588   19.9584   19.1853
43   18.8261   19.6293   19.0202   19.601
44   19.9774   19.62     20.1298   20.6317
45   20.5663   19.6226   19.8837   19.8112
46   20.6304   19.9472   19.9861   20.706
47   20.2864   19.6951   19.4576   19.4099
48   20.7126   20.252    21.2134   20.3312
49   20.7984   20.4346   20.5688   21.2949
50   19.3061   19.0479   19.7404   18.6971
51   21.2515   21.2057   20.6837   20.3746
52   20.4351   20.2596   21.2112   20.6111
53   20.0602   19.275    19.6764   20.2769
54   21.2309   21.5056   20.5466   21.3388
55   19.8147   19.1894   20.1898   19.8782
56   18.8989   19.6073   19.1385   19.8873
57   19.7016   18.7015   19.1351   18.8584
58   19.3105   18.6367   19.1858   19.6194
59   20.147    19.8684   19.6197   19.1774
60   19.8937   20.7223   19.9555   19.934
61   19.0026   19.581    18.8843   18.6654
62   20.2706   19.6493   19.2453   19.8411
63   21.5064   21.1438   20.5952   20.906
64   19.811    18.9642   19.8625   19.6225
65   20.8022   20.5199   21.2931   21.322
66   18.9642   18.6088   19.5267   18.6018
67   20.6873   19.8446   20.5959   20.2532
68   21.2105   20.7126   20.2599   20.4346
69   20.3845   20.1358   21.0233   20.81
70   20.6292   19.607    19.9456   19.9768

 [*,*,2]
:       1         2         3         4       :=
1    19.3733   18.7291   19.3997   19.7589
2    20.0636   21.0962   20.4527   20.6156
3    18.9058   19.9173   19.4015   19.4752
4    20.5201   19.8219   20.4596   20.7716
5    20.2714   20.0688   19.8684   20.7957
6    18.9664   19.5565   18.9523   19.6422
7    19.3987   19.852    18.8168   19.3733
8    20.4558   20.0931   20.3239   21.0511
9    19.8665   20.2165   20.8878   20.2543
10   19.5164   18.5177   18.9523   18.8162
11   21.079    20.2767   20.3087   20.9086
12   19.9344   20.8707   20.6025   20.1859
13   20.3974   21.3316   20.5784   21.0237
14   20.0444   19.785    20.7624   20.2302
15   21.2698   20.8963   20.5103   21.4292
16   21.0117   20.7991   20.0716   20.2322
17   19.801    19.7654   18.8486   19.414
18   19.5166   19.4666   18.7714   19.7228
19   20.4488   20.1022   19.8739   19.5372
20   19.9676   19.8917   20.2884   19.3216
21   20.1647   20.1908   20.3879   21.0825
22   21.4827   21.0422   20.5735   21.3168
23   18.8982   19.907    19.5369   19.6684
24   19.8673   18.9523   19.4898   19.2421
25   20.833    20.4202   20.0906   19.9393
26   20.4678   20.9255   20.551    21.2696
27   19.2026   20.2366   19.6412   19.5564
28   19.2193   18.8661   19.8259   19.7346
29   20.2331   19.7712   19.6029   19.2813
30   19.0974   18.5216   18.8624   19.484
31   19.3438   18.9796   18.6724   19.5582
32   20.0628   19.7357   20.6822   19.9528
33   19.8206   18.8373   19.0175   19.1243
34   19.8209   19.2313   19.5123   20.1427
35   19.4929   19.8342   19.4836   20.291
36   20.0033   20.1673   20.389    19.4532
37   19.964    20.6404   19.624    20.2847
38   20.3149   21.2708   20.5324   21.0011
39   20.0283   19.3733   20.2042   20.1166
40   19.2262   19.4773   19.8647   20.1515
41   19.6107   19.7841   19.84     20.5684
42   21.0277   20.3285   20.0898   20.5751
43   19.4458   19.717    18.932    18.7629
44   19.3741   18.5877   18.5443   18.7046
45   19.5393   19.9743   19.7964   19.0008
46   21.3107   21.085    20.492    20.4844
47   20.106    20.4682   19.589    20.3357
48   18.9523   19.4905   19.0832   18.5177
49   20.4475   19.9196   19.5369   19.6564
50   19.9689   20.0309   20.6605   20.7017
51   19.7532   20.5679   20.5265   19.9549
52   19.6545   19.9769   19.861    20.5823
53   21.4764   21.0481   20.5763   20.7647
54   19.1486   20.1427   19.8922   19.737
55   20.541    21.2813   21.459    21.4292
56   20.7409   21.4474   20.9      20.5413
57   20.5722   20.7892   20.9      20.0653
58   20.1201   20.2019   20.9398   20.144
59   18.5541   19.4284   18.5879   18.7828
60   20.4117   20.7323   20.3282   21.3017
61   20.4548   19.8206   20.5215   19.6358
62   18.587    19.0405   18.7173   19.4424
63   20.1326   19.5766   20.2945   19.3762
64   19.0012   19.3733   19.7831   19.9747
65   20.4528   20.061    19.6622   20.6156
66   19.3733   20.1868   19.8713   19.401
67   19.636    19.2009   18.8182   19.6829
68   19.8608   18.9523   19.8219   19.6544
69   20.3732   21.2406   21.0745   20.5484
70   21.3107   21.4471   21.0841   20.5241

 [*,*,3]
:       1         2         3         4       :=
1    19.0783   19.8054   19.955    19.9066
2    19.7225   19.5396   18.7888   19.5655
3    20.0512   20.3171   20.3761   19.4811
4    20.1084   20.4689   21.0484   20.6026
5    19.7197   20.6588   20.3314   20.4469
6    21.0726   20.4333   20.8424   21.4203
7    19.1593   19.8652   19.7959   19.0783
8    18.8584   18.4818   19.5049   18.9006
9    19.8463   18.9464   19.6087   19.7004
10   20.2479   20.0903   20.8424   20.9298
11   20.8874   20.5207   21.4761   21.0771
12   20.818    20.4023   21.3355   20.5102
13   19.6014   19.5402   18.8495   18.8746
14   19.8302   19.4195   19.6073   20.3668
15   19.8538   20.8338   20.0292   20.5077
16   20.3314   19.5213   19.8764   20.3659
17   19.988    19.9357   19.9767   20.7495
18   21.3738   20.7893   20.788    20.3487
19   18.7875   18.7612   19.5731   18.6668
20   20.9091   20.2821   19.9199   20.2131
21   21.0585   20.5251   21.4512   20.8818
22   20.3367   20.4493   19.8497   19.5524
23   19.367    19.6028   18.6668   19.3208
24   20.7909   20.8424   20.4306   19.9488
25   20.3269   19.6924   20.5804   20.0405
26   20.0501   20.8494   20.1506   19.8592
27   21.229    21.1256   21.4203   20.4331
28   20.1234   19.3208   19.6017   19.3287
29   19.5934   18.9493   19.958    19.4596
30   20.0461   20.0902   19.2829   19.9906
31   19.7682   18.9094   19.4776   18.9202
32   19.4754   19.6299   19.8913   20.395
33   20.6158   20.9522   20.1594   20.1819
34   20.7285   19.9317   20.4519   19.8514
35   21.2917   20.4525   20.5352   20.988
36   20.4798   21.0651   21.4519   21.3711
37   20.5148   21.235    21.4113   21.369
38   19.6673   19.4884   19.7971   20.3967
39   19.6123   19.0783   19.3843   18.6304
40   20.203    19.4609   20.2754   19.9284
41   20.6375   20.051    19.6236   20.2124
42   18.8786   19.5147   18.4935   18.8508
43   20.7937   20.3562   20.0201   20.7909
44   19.9895   19.5804   20.4235   19.5166
45   18.6685   18.5262   19.4222   18.8681
46   19.5529   18.9346   19.6741   18.9114
47   19.0625   19.7099   19.4443   18.7094
48   20.8424   20.069    20.0474   20.0903
49   18.8014   19.6315   18.6669   19.2786
50   20.4018   19.4458   19.9191   20.0176
51   20.8295   20.3455   21.2532   20.5287
52   21.4165   20.485    20.9105   21.266
53   20.3631   20.8313   20.1128   20.9518
54   20.1053   20.1677   19.8247   19.3265
55   19.9535   19.8723   19.6121   20.5077
56   20.0559   19.7433   19.1264   19.7673
57   19.8491   20.0784   19.1299   19.4857
58   18.6489   19.3552   19.1231   19.651
59   20.4506   19.9427   19.5799   20.3962
60   19.6829   20.2403   20.6259   20.2363
61   21.0552   20.4676   20.1163   20.6336
62   19.5046   18.8724   19.6832   19.8219
63   20.1684   20.9098   20.3771   19.977
64   18.8678   19.0783   19.4318   18.5262
65   18.7889   19.72     19.2727   19.5657
66   19.0783   19.4129   19.8101   19.9629
67   19.9426   19.9162   19.2924   19.0791
68   20.9113   20.8424   20.4698   21.4166
69   20.3359   20.8705   20.3367   21.1655
70   19.5512   19.7421   18.9337   19.787
;

radius = 1.52157
softness = 0.1

---------------------------- Solution coords data ----------------------------
distances [*,1,*]
:    1   2   3   4    :=
1    0   1   0   1
2    0   1   0   1
3    0   1   0   1
4    0   1   0   1
5    0   1   0   1
6    0   1   0   1
7    0   1   0   1
8    0   1   0   1
9    0   1   0   1
10   0   1   0   1
11   0   1   0   1
12   0   1   0   1
13   0   1   0   1
14   0   1   0   1
15   0   1   0   1
16   0   1   0   1
17   0   1   0   1
18   0   1   0   1
19   0   1   0   1
20   0   1   0   1
21   0   1   0   1
22   0   1   0   1
23   0   1   0   1
24   0   1   0   1
25   0   1   0   1
26   0   1   0   1
27   0   1   0   1
28   0   1   0   1
29   0   1   0   1
30   0   1   0   1
31   0   1   0   1
32   0   1   0   1
33   0   1   0   1
34   0   1   0   1
35   0   1   0   1
36   0   1   0   1
37   0   1   0   1
38   0   1   0   1
39   0   1   0   1
40   0   1   0   1
41   0   1   0   1
42   0   1   0   1
43   0   1   0   1
44   0   1   0   1
45   0   1   0   1
46   0   1   0   1
47   0   1   0   1
48   0   1   0   1
49   0   1   0   1
50   0   1   0   1
51   0   1   0   1
52   0   1   0   1
53   0   1   0   1
54   0   1   0   1
55   0   1   0   1
56   0   1   0   1
57   0   1   0   1
58   0   1   0   1
59   0   1   0   1
60   0   1   0   1
61   0   1   0   1
62   0   1   0   1
63   0   1   0   1
64   0   1   0   1
65   0   1   0   1
66   0   1   0   1
67   0   1   0   1
68   0   1   0   1
69   0   1   0   1
70   0   1   0   1

 [*,2,*]
:    1   2   3   4    :=
1    0   0   1   1
2    0   0   1   1
3    0   0   1   1
4    0   0   1   1
5    0   0   1   1
6    0   0   1   1
7    0   0   1   1
8    0   0   1   1
9    0   0   1   1
10   0   0   1   1
11   0   0   1   1
12   0   0   1   1
13   0   0   1   1
14   0   0   1   1
15   0   0   1   1
16   0   0   1   1
17   0   0   1   1
18   0   0   1   1
19   0   0   1   1
20   0   0   1   1
21   0   0   1   1
22   0   0   1   1
23   0   0   1   1
24   0   0   1   1
25   0   0   1   1
26   0   0   1   1
27   0   0   1   1
28   0   0   1   1
29   0   0   1   1
30   0   0   1   1
31   0   0   1   1
32   0   0   1   1
33   0   0   1   1
34   0   0   1   1
35   0   0   1   1
36   0   0   1   1
37   0   0   1   1
38   0   0   1   1
39   0   0   1   1
40   0   0   1   1
41   0   0   1   1
42   0   0   1   1
43   0   0   1   1
44   0   0   1   1
45   0   0   1   1
46   0   0   1   1
47   0   0   1   1
48   0   0   1   1
49   0   0   1   1
50   0   0   1   1
51   0   0   1   1
52   0   0   1   1
53   0   0   1   1
54   0   0   1   1
55   0   0   1   1
56   0   0   1   1
57   0   0   1   1
58   0   0   1   1
59   0   0   1   1
60   0   0   1   1
61   0   0   1   1
62   0   0   1   1
63   0   0   1   1
64   0   0   1   1
65   0   0   1   1
66   0   0   1   1
67   0   0   1   1
68   0   0   1   1
69   0   0   1   1
70   0   0   1   1

 [*,3,*]
:    1   2   3   4    :=
1    1   0   0   1
2    1   0   0   1
3    1   0   0   1
4    1   0   0   1
5    1   0   0   1
6    1   0   0   1
7    1   0   0   1
8    1   0   0   1
9    1   0   0   1
10   1   0   0   1
11   1   0   0   1
12   1   0   0   1
13   1   0   0   1
14   1   0   0   1
15   1   0   0   1
16   1   0   0   1
17   1   0   0   1
18   1   0   0   1
19   1   0   0   1
20   1   0   0   1
21   1   0   0   1
22   1   0   0   1
23   1   0   0   1
24   1   0   0   1
25   1   0   0   1
26   1   0   0   1
27   1   0   0   1
28   1   0   0   1
29   1   0   0   1
30   1   0   0   1
31   1   0   0   1
32   1   0   0   1
33   1   0   0   1
34   1   0   0   1
35   1   0   0   1
36   1   0   0   1
37   1   0   0   1
38   1   0   0   1
39   1   0   0   1
40   1   0   0   1
41   1   0   0   1
42   1   0   0   1
43   1   0   0   1
44   1   0   0   1
45   1   0   0   1
46   1   0   0   1
47   1   0   0   1
48   1   0   0   1
49   1   0   0   1
50   1   0   0   1
51   1   0   0   1
52   1   0   0   1
53   1   0   0   1
54   1   0   0   1
55   1   0   0   1
56   1   0   0   1
57   1   0   0   1
58   1   0   0   1
59   1   0   0   1
60   1   0   0   1
61   1   0   0   1
62   1   0   0   1
63   1   0   0   1
64   1   0   0   1
65   1   0   0   1
66   1   0   0   1
67   1   0   0   1
68   1   0   0   1
69   1   0   0   1
70   1   0   0   1

 [*,4,*]
:    1   2   3   4    :=
1    1   1   1   0
2    1   1   1   0
3    1   1   1   0
4    1   1   1   0
5    1   1   1   0
6    1   1   1   0
7    1   1   1   0
8    1   1   1   0
9    1   1   1   0
10   1   1   1   0
11   1   1   1   0
12   1   1   1   0
13   1   1   1   0
14   1   1   1   0
15   1   1   1   0
16   1   1   1   0
17   1   1   1   0
18   1   1   1   0
19   1   1   1   0
20   1   1   1   0
21   1   1   1   0
22   1   1   1   0
23   1   1   1   0
24   1   1   1   0
25   1   1   1   0
26   1   1   1   0
27   1   1   1   0
28   1   1   1   0
29   1   1   1   0
30   1   1   1   0
31   1   1   1   0
32   1   1   1   0
33   1   1   1   0
34   1   1   1   0
35   1   1   1   0
36   1   1   1   0
37   1   1   1   0
38   1   1   1   0
39   1   1   1   0
40   1   1   1   0
41   1   1   1   0
42   1   1   1   0
43   1   1   1   0
44   1   1   1   0
45   1   1   1   0
46   1   1   1   0
47   1   1   1   0
48   1   1   1   0
49   1   1   1   0
50   1   1   1   0
51   1   1   1   0
52   1   1   1   0
53   1   1   1   0
54   1   1   1   0
55   1   1   1   0
56   1   1   1   0
57   1   1   1   0
58   1   1   1   0
59   1   1   1   0
60   1   1   1   0
61   1   1   1   0
62   1   1   1   0
63   1   1   1   0
64   1   1   1   0
65   1   1   1   0
66   1   1   1   0
67   1   1   1   0
68   1   1   1   0
69   1   1   1   0
70   1   1   1   0
;

---------------------------- Solution stats data ----------------------------
_ampl_time = 0.227182
_total_solve_time = 33335.7
_ampl_elapsed_time = 0.223046
_ampl_user_time = 0.182707

Total time elapsed: $33335.68.
_total_solve_time = 33335.7

---------------------------- Solution miscs data ----------------------------
tetrahedron_volume [*] :=
 1 0    8 0   15 0   22 0   29 0   36 0   43 0   50 0   57 0   64 0
 2 0    9 0   16 0   23 0   30 0   37 0   44 0   51 0   58 0   65 0
 3 0   10 0   17 0   24 0   31 0   38 0   45 0   52 0   59 0   66 0
 4 0   11 0   18 0   25 0   32 0   39 0   46 0   53 0   60 0   67 0
 5 0   12 0   19 0   26 0   33 0   40 0   47 0   54 0   61 0   68 0
 6 0   13 0   20 0   27 0   34 0   41 0   48 0   55 0   62 0   69 0
 7 0   14 0   21 0   28 0   35 0   42 0   49 0   56 0   63 0   70 0
;

---------------------------- Solution miscs data ----------------------------
tetrahedron_surface_area [*] :=
 1 1.73205   13 1.73205   25 1.73205   37 1.73205   49 1.73205   61 1.73205
 2 1.73205   14 1.73205   26 1.73205   38 1.73205   50 1.73205   62 1.73205
 3 1.73205   15 1.73205   27 1.73205   39 1.73205   51 1.73205   63 1.73205
 4 1.73205   16 1.73205   28 1.73205   40 1.73205   52 1.73205   64 1.73205
 5 1.73205   17 1.73205   29 1.73205   41 1.73205   53 1.73205   65 1.73205
 6 1.73205   18 1.73205   30 1.73205   42 1.73205   54 1.73205   66 1.73205
 7 1.73205   19 1.73205   31 1.73205   43 1.73205   55 1.73205   67 1.73205
 8 1.73205   20 1.73205   32 1.73205   44 1.73205   56 1.73205   68 1.73205
 9 1.73205   21 1.73205   33 1.73205   45 1.73205   57 1.73205   69 1.73205
10 1.73205   22 1.73205   34 1.73205   46 1.73205   58 1.73205   70 1.73205
11 1.73205   23 1.73205   35 1.73205   47 1.73205   59 1.73205
12 1.73205   24 1.73205   36 1.73205   48 1.73205   60 1.73205
;

