Error at _cmdno 5 executing "solve" command
(file amplin, line 1961, offset 37058):
error processing param distances:
	3680 invalid subscripts discarded:
	distances[71,1,1]
	distances[71,1,2]
	distances[71,1,3]
	and 3677 more.
##### This license is only intended for use by NEOS. #####
##### License is valid until Jan 16, 2026 #####
ariables.
Substitution eliminates 1 variable.
Adjusted problem:
12918 variables:
	8088 nonlinear variables
	4830 linear variables
25903 constraints; 155161 nonzeros
	22925 nonlinear constraints
	2978 linear constraints
	2486 equality constraints
	23417 inequality constraints
1 nonlinear objective; 3 nonzeros.

Artelys Knitro 14.2.0: threads=4
algorithm=1
ms_enable=1
ms_maxsolves=10
feastol=1e-5
opttol=1e-5
honorbnds=1
bar_initpt=3
bar_murule=4
scale=1
outlev=2
maxtime_real=1200
WARNING:  Option 'threads' is deprecated, please use 'numthreads'.
WARNING: 1 constraint is constant or undefined and will be ignored.

=======================================
           Academic License
       (NOT FOR COMMERCIAL USE)
         Artelys Knitro 14.2.0
=======================================

No start point provided -- Knitro computing one.

Knitro presolve eliminated 0 variables and 1 constraint.

algorithm                1
bar_initpt               3
bar_murule               4
concurrent_evals         0
datacheck                0
feastol                  1e-05
findiff_numthreads       1
hessian_no_f             1
hessopt                  1
honorbnds                1
maxtime_real             1200
ms_enable                1
ms_maxsolves             10
numthreads               4
opttol                   1e-05

Problem Characteristics                                 (   Presolved)
-----------------------
Objective goal:  Minimize
Objective type:  general
Number of variables:                              12918 (       12918)
    bounded below only:                               1 (           1)
    bounded above only:                               0 (           0)
    bounded below and above:                          0 (           0)
    fixed:                                            0 (           0)
    free:                                         12917 (       12917)
Number of constraints:                            25903 (       25902)
    linear equalities:                                1 (           0)
    quadratic equalities:                          2415 (        2415)
    gen. nonlinear equalities:                       70 (          70)
    linear one-sided inequalities:                 2977 (        2977)
    quadratic one-sided inequalities:             20440 (       20440)
    gen. nonlinear one-sided inequalities:            0 (           0)
    linear two-sided inequalities:                    0 (           0)
    quadratic two-sided inequalities:                 0 (           0)
    gen. nonlinear two-sided inequalities:            0 (           0)
Number of nonzeros in Jacobian:                  155161 (      155161)
Number of nonzeros in Hessian:                    70668 (       70668)

Knitro parallel multistart will run with 4 threads.

Return codes description
------------------------
  0:  The final solution satisfies the termination conditions for verifying optimality.
  -100 to -199:  A feasible approximate solution was found.
  -200 to -299:  Knitro terminated at an infeasible point.
  -300 to -301:  The problem was determined to be unbounded.
  -400 to -499:  Knitro terminated because it reached a pre-defined limit.
    -400 to -409:  A feasible point was found.
    -410 to -419:  No feasible point was found.
  -500 to -599:  Knitro terminated with an input error or some non-standard error.
A more detailed description of individual return codes and their corresponding
termination messages is provided at
https://www.artelys.com/app/docs/knitro/3_referenceManual/returnCodes.html

 Solve #  ThreadID  Status     Objective      FeasError    OptError    Real Time 
--------  --------  ------  --------------   ----------   ----------  ----------
      0          0       0         3.11180  2.62177e-05  7.69484e-07      446.615
      7          1    -410     7.77925e+08  1.26163e+07      598.843      2589.63
      3          3    -410     3.01321e+10      202847.      16675.5      2339.37
      5          3    -410     4.92512e+08      125744.      536.717      2426.84
      2          1    -410     5.86940e+10  1.40068e-02      2187.63      2371.48
      8          0    -410     4.70535e+13  1.27968e+06  3.11491e+06      2383.73
      4          0    -410     2.72630e+13      553.212  2.21102e+06      2470.21
      1          2    -410     8.45755e+10      39.2554      17324.3      2351.14
      9          3    -410     6.89348e+10      11.3005      16924.6      2502.35
      6          2    -410     1.03566e+13      72.4389      630257.      2604.05

MULTISTART: Best locally optimal solution is returned.
EXIT: Locally optimal solution found.

Final Statistics
----------------
Final objective value               =   3.11180406016983e+00
Final feasibility error (abs / rel) =   2.62e-05 / 4.75e-06
Final optimality error  (abs / rel) =   7.69e-07 / 1.33e-07
# of iterations                     =      92282 
# of CG iterations                  =          0 
# of function evaluations           =      95071
# of gradient evaluations           =      92432
# of Hessian evaluations            =      92322
Total program time (secs)           =    7268.89307 ( 22390.830 CPU time)

===============================================================================

Knitro 14.2.0: Locally optimal or satisfactory solution.
objective 3.11180406; feasibility error 2.62e-05
92282 iterations; 95071 function evaluations

suffix feaserror OUT;
suffix opterror OUT;
suffix numfcevals OUT;
suffix numiters OUT;
---------------------------- Solver Status Report ----------------------------
solve_result_num = 0
solve_result = solved
solve_message = 'Knitro 14.2.0: Locally optimal or satisfactory solution.\
objective 3.11180406; feasibility error 2.62e-05\
92282 iterations; 95071 function evaluations'


---------------------------- Problem Dimensions ----------------------------
Variables: 25414
Constraints: 25974
---------------------------- Container and geometric considerations  ----------------------------
Container type: cylinder
Structural conservation type: volume & surface
---------------------------- Solution execution data ----------------------------
solve_result_num = 0
solve_result = solved

---------------------------- Solution data ----------------------------
card(figures) = 70

coords [*,*,1]
:         1             2             3              4         :=
1    -0.519745     -0.050253      0.0236763      0.140713
2     0.849596      0.0226872    -0.152202      -0.0296299
3     0.997279     -0.0609975     1.06499        1.05289
4     0.886127     -0.0721476     1.06598        1.01432
5    -0.313579      0.355704      0.283897       0.0353351
6     0.38534       0.637131      0.848407      -0.303514
7    -0.867408     -0.00485794    0.203896       0.541457
8    -1.01543      -1.06638      -0.0896975     -0.190718
9     0.712812     -0.190718      0.870523       0.283897
10   -0.598161     -0.0904527     0.385239       0.35796
11   -1.016        -0.0800057    -0.983218      -0.66232
12    0.35796      -0.0690042     0.385158       0.848379
13   -0.904183     -0.116353     -0.713056      -1.06924
14   -0.0754905    -1.00789      -0.550746      -0.869927
15   -0.214521     -0.539945     -0.920631      -0.331444
16   -0.190718      0.712812      0.870523       0.21028
17   -0.101486     -0.550246     -0.313579      -0.869636
18   -0.983287     -0.0896976    -1.01543       -1.06638
19    0.0353351    -0.313579      0.356558      -0.101725
20   -0.44651       0.039458     -0.469074       0.0996135
21    0.0572591     0.342958      0.862961      -0.154568
22    0.997279      0.708418      0.819845      -0.0609989
23    0.241489     -0.243587     -0.867408      -0.004858
24   -0.598161     -0.661861      0.000309361   -0.0618925
25    0.0394738     1.06499       1.0702         0.719942
26   -0.142124     -0.538397      0.0616859      0.303699
27   -0.661593     -1.01977      -0.598161      -0.0892098
28   -0.116352     -0.0502531    -0.904183      -0.713056
29   -0.331444      0.306135     -0.542232      -0.148086
30    0.140713      0.647916      0.733301       0.0501979
31    0.222008      0.739305      1.06273        0.870523
32   -0.904183     -0.0502532    -0.116352       0.00353558
33   -0.867408      0.241489     -0.00485807     0.541457
34   -0.00485781    0.203897      0.708418       0.312127
35   -0.399229      0.0993132    -0.0913283     -1.00789
36   -1.01965      -0.190718     -1.06209       -0.663923
37   -0.190718     -0.598161     -1.01963       -0.0939962
38    0.647916     -0.081773      0.140713       0.0501979
39   -0.154568      0.342958      1.01504        0.862961
40    0.787813      0.355705      0.034599       0.283897
41   -0.21818      -1.06924      -1.02451       -0.905809
42   -1.00789      -0.0124637    -0.869927      -1.0663
43   -0.728429      0.0143272    -1.00789       -0.212988
44    0.647916     -0.0817731     0.140713      -0.050253
45    0.450001      0.0233823     0.624894      -0.140491
46   -0.0609983     1.06499       0.708418       0.016229
47   -0.00883063   -0.331444      0.312059       0.203897
48    0.81656      -0.0331745     0.383641       0.708418
49   -0.144879     -0.981609      0.036441      -0.68019
50   -0.190719      0.283897     -0.717765       0.357675
51   -1.00801       0.353587     -0.190719      -0.721037
52   -0.468808     -0.0913282    -0.39923       -1.00789
53   -1.06924      -0.880299      0.241489      -0.24539
54    1.07568       0.90373       0.00443829     1.06761
55   -0.313579      0.0353351    -0.101242      -0.53341
56    0.824159      0.357955     -0.0668539      0.0546197
57    0.0231753     0.850084      1.06547        0.719942
58    0.253587     -0.598161     -0.0930868     -0.190718
59    0.0415021     1.06499       0.647916      -0.0960999
60    1.06389       0.450008      0.0226101      0.624918
61    0.0226872     0.745681      0.849596      -0.0296298
62   -0.652746     -0.218184     -0.920631      -1.02451
63    0.203896     -0.331444     -0.000906347   -0.902984
64    0.0494537     0.647916      1.06499        0.719942
65    1.05289       0.819845     -0.060997       0.997279
66    1.06273       0.848761      0.637131       0.35796
67    1.06756       1.07568       0.849006       0.0374588
68    0.35796      -0.598161      0.067963      -0.080402
69   -0.218184     -1.06924      -1.02451       -0.920631
70   -0.680488     -1.00789      -1.0663         0.0303061

 [*,*,2]
:         1             2             3            4         :=
1     0.941803      1.07452       0.00598668    1.06646
2     0.658702     -0.109191      0.240933      1.07529
3    -0.40319       0.120672      0.151384     -0.22032
4     0.609841      0.26027       0.144263     -0.358176
5     1.02898       0.195953      1.03756       1.07512
6    -0.244609      0.167723     -0.661312      0.132293
7    -0.611774     -0.128826     -1.0562       -0.540364
8    -0.35502       0.141259     -0.0849054     0.201337
9     0.520761      0.201338      0.631916      1.03756
10   -0.894054     -0.0794781    -0.244621     -1.01439
11   -0.353386     -0.0787978    -0.43636      -0.84762
12   -1.01439      -0.0313751    -0.244504     -0.661133
13    0.582735     -0.0091903     0.805406      0.117703
14    0.00882021    0.375877      0.924017      0.632736
15    0.344779     -0.93037      -0.556388     -1.02336
16    0.201338      0.520761      0.631916     -0.279621
17    0.0215486     0.924315      1.02898       0.633137
18   -0.436205     -0.0849055    -0.35502       0.141259
19    1.07512       1.02898       0.193609      0.0166587
20    0.978651     -0.153895      0.968038      1.07108
21   -0.141035     -0.938813      0.164956      0.268671
22   -0.40319      -0.809489     -0.696406      0.120672
23   -0.0568435     0.372588     -0.611774     -0.128826
24   -0.894054     -0.847979     -1.0757       -0.0487155
25    0.0126936     0.151384     -0.108652      0.799257
26   -1.06627      -0.931266      0.143252     -1.03194
27   -0.848188     -0.342327     -0.894054     -0.0816624
28   -0.00919067    1.07452       0.582735      0.805406
29   -1.02336      -1.01243      -0.929038      0.247825
30    1.06646       0.858681      0.787018      0.0204936
31   -0.26343       0.556281     -0.166554      0.631916
32    0.582735      1.07452      -0.00919062    0.297091
33   -0.611774     -0.0568435    -0.128826     -0.540364
34   -0.128826     -1.0562       -0.809489     -1.02942
35    0.868463     -0.306102      0.0969515     0.375877
36   -0.342703      0.201337      0.170557      0.846365
37    0.201337     -0.894054     -0.342746     -0.0727247
38    0.858681      0.287108      1.06646       0.0204937
39    0.268671     -0.938813     -0.35611       0.164956
40    0.732447      0.195946      1.07514       1.03756
41    0.382655      0.117703     -0.327877      0.580206
42    0.375877     -0.0406783     0.632736     -0.141875
43   -0.656077     -0.573868      0.375877      0.429774
44    0.858681      0.287108      1.06646       1.07452
45   -0.97705       0.253759     -0.875577     -1.06649
46    0.120672      0.151384     -0.809489      0.306255
47   -0.111177     -1.02336      -1.02944      -1.0562
48   -0.700255      0.11149      -1.00496      -0.809489
49   -1.0659       -0.439969     -0.00122259   -0.833349
50    0.201337      1.03756       0.801213      0.139987
51    0.127743      0.140444      0.201337      0.798269
52    0.968167      0.0969515     0.868463      0.375877
53    0.117703     -0.618225     -0.0568434     0.374185
54    0.00683654    0.583438      0.288208     -0.131691
55    1.02898       1.07512       0.0203894     0.934131
56   -0.691296     -1.01438      -0.031919     -1.07431
57   -0.108738      0.659155      0.147957      0.799257
58   -0.331563     -0.894054     -0.0570671     0.201337
59    0.0232366     0.151384      0.858681      0.322843
60   -0.158935     -0.977047      0.254219     -0.87556
61   -0.109191      0.775299      0.658702      1.07529
62   -0.855015      0.382652     -0.556388     -0.327877
63   -1.0562       -1.02336      -0.14638      -0.584592
64    0.0242296     0.858681      0.151384      0.799257
65   -0.22032      -0.696407      0.120671     -0.40319
66   -0.166554     -0.660858      0.167723     -1.01439
67   -0.13208       0.00683634   -0.660543      0.279536
68   -1.01439      -0.894054     -1.07355      -0.0778928
69    0.382652      0.117703     -0.327877     -0.556388
70   -0.833105      0.375877     -0.141875     -0.0101645

 [*,*,3]
:         1             2            3             4         :=
1     1.39564        1.82606      0.90804      0.562515
2     0.0488365      0.895336     0.204595     0.524786
3     1.82606        1.16083      1.82606      0.709631
4     0.151926       0.215986     1.04134      0.476311
5    -0.863187      -0.0756158   -0.863187     0.502877
6    -0.863187      -0.346318     0.178482    -0.00391767
7     1.82606        0.819697     1.82606      1.82606
8    -0.816833      -0.0142017    0.212762    -0.863187
9     0.171995      -0.863187    -0.863187    -0.863187
10   -0.863187       0.0932961   -0.863187    -0.863187
11   -0.844144       0.174936     0.563705     0.24377
12   -0.863187       0.0540794   -0.863016     0.17689
13    0.81663        1.82606      1.82606      1.82606
14    0.119449       0.640086     0.326853    -0.503298
15    1.00186        0.65722      1.82606      1.27594
16   -0.863187       0.171995    -0.863187    -0.863187
17    0.0908445      0.327985    -0.863187    -0.502397
18    0.561023       0.212762    -0.816833    -0.0142017
19    0.502877      -0.863187    -0.077158     0.0904889
20    1.29887        0.919169     0.262708     0.612001
21    0.968465       0.689555     0.89411      0.156216
22    1.82606        1.82606      0.624068     1.16083
23    1.82606        1.06987      1.82606      0.819697
24   -0.863187       0.250299    -0.211124     0.130704
25    0.889477       1.82606      1.05199      0.941052
26   -0.126935       0.650127     0.218377     0.502501
27    0.24548       -0.862561    -0.863187     0.165108
28    1.82606        1.82606      0.816631     1.82606
29    1.27594        0.496433     0.650296     0.938526
30    0.562514       1.82606      0.769306     0.861604
31   -0.863187       0.161741    -0.863187    -0.863187
32    0.816631       1.82606      1.82606      1.15814
33    1.82606        1.82606      0.819697     1.82606
34    0.819697       1.82606      1.82606      0.490177
35    1.26193        0.660391     0.121772     0.640086
36   -0.863187      -0.863187     0.0294828   -0.863187
37   -0.863187      -0.863187    -0.862724     0.166976
38    1.82606        1.71712      0.562515     0.861604
39    0.156216       0.689555     0.479062     0.89411
40    0.107288      -0.0756098    0.507047    -0.863187
41    1.04199        1.82606      0.718788     0.82232
42    0.640086       0.168855    -0.503298     0.267762
43    0.910442       0.432589     0.640086     1.0388
44    1.82606        1.71712      0.562515     1.82606
45    0.71116        0.169768     0.0379283   -0.124647
46    1.16083        1.82606      1.82606      1.82606
47    0.800545       1.27594      0.491032     1.82606
48    0.662204       1.05675      0.711469     1.82606
49   -0.121863       0.561579     0.175862     0.95707
50   -0.863187      -0.863187    -0.656715    -0.0272629
51   -0.000637838   -0.0334944   -0.863187    -0.667883
52    0.275017       0.121772     1.26193      0.640086
53    1.82606        1.82606      1.82606      1.06706
54   -0.662791       0.161519     0.210866     0.404816
55   -0.863187       0.502877     0.0919423    0.238897
56    0.107563      -0.863176     0.055684    -0.0946667
57    0.894837       0.0483368    1.03479      0.941052
58   -0.863187      -0.863187     0.141492    -0.863187
59    0.882907       1.82606      1.82606      1.82606
60    0.398657       0.711135     0.1714       0.0378305
61    0.895336       0.775412     0.0488365    0.524786
62    0.973682       1.04199      1.82606      0.718788
63    1.82606        1.27594      0.838746     1.81119
64    0.890234       1.82606      1.82606      0.941052
65    0.709631       0.624067     1.16083      1.82606
66   -0.863187       0.1777      -0.346318    -0.863187
67    0.40788       -0.66279      0.177159     0.183925
68   -0.863187      -0.863187    -0.128196     0.0963996
69    1.04199        1.82606      0.718788     1.82606
70    0.95682        0.640086     0.267762     0.184321
;

radius = 1.0757
height = 2.68925
softness = 0.99

---------------------------- Solution coords data ----------------------------
distances [*,1,*]
:    1   2   3   4    :=
1    0   1   0   1
2    0   1   0   1
3    0   1   0   1
4    0   1   0   1
5    0   1   0   1
6    0   1   0   1
7    0   1   0   1
8    0   1   0   1
9    0   1   0   1
10   0   1   0   1
11   0   1   0   1
12   0   1   0   1
13   0   1   0   1
14   0   1   0   1
15   0   1   0   1
16   0   1   0   1
17   0   1   0   1
18   0   1   0   1
19   0   1   0   1
20   0   1   0   1
21   0   1   0   1
22   0   1   0   1
23   0   1   0   1
24   0   1   0   1
25   0   1   0   1
26   0   1   0   1
27   0   1   0   1
28   0   1   0   1
29   0   1   0   1
30   0   1   0   1
31   0   1   0   1
32   0   1   0   1
33   0   1   0   1
34   0   1   0   1
35   0   1   0   1
36   0   1   0   1
37   0   1   0   1
38   0   1   0   1
39   0   1   0   1
40   0   1   0   1
41   0   1   0   1
42   0   1   0   1
43   0   1   0   1
44   0   1   0   1
45   0   1   0   1
46   0   1   0   1
47   0   1   0   1
48   0   1   0   1
49   0   1   0   1
50   0   1   0   1
51   0   1   0   1
52   0   1   0   1
53   0   1   0   1
54   0   1   0   1
55   0   1   0   1
56   0   1   0   1
57   0   1   0   1
58   0   1   0   1
59   0   1   0   1
60   0   1   0   1
61   0   1   0   1
62   0   1   0   1
63   0   1   0   1
64   0   1   0   1
65   0   1   0   1
66   0   1   0   1
67   0   1   0   1
68   0   1   0   1
69   0   1   0   1
70   0   1   0   1

 [*,2,*]
:    1   2   3   4    :=
1    0   0   1   1
2    0   0   1   1
3    0   0   1   1
4    0   0   1   1
5    0   0   1   1
6    0   0   1   1
7    0   0   1   1
8    0   0   1   1
9    0   0   1   1
10   0   0   1   1
11   0   0   1   1
12   0   0   1   1
13   0   0   1   1
14   0   0   1   1
15   0   0   1   1
16   0   0   1   1
17   0   0   1   1
18   0   0   1   1
19   0   0   1   1
20   0   0   1   1
21   0   0   1   1
22   0   0   1   1
23   0   0   1   1
24   0   0   1   1
25   0   0   1   1
26   0   0   1   1
27   0   0   1   1
28   0   0   1   1
29   0   0   1   1
30   0   0   1   1
31   0   0   1   1
32   0   0   1   1
33   0   0   1   1
34   0   0   1   1
35   0   0   1   1
36   0   0   1   1
37   0   0   1   1
38   0   0   1   1
39   0   0   1   1
40   0   0   1   1
41   0   0   1   1
42   0   0   1   1
43   0   0   1   1
44   0   0   1   1
45   0   0   1   1
46   0   0   1   1
47   0   0   1   1
48   0   0   1   1
49   0   0   1   1
50   0   0   1   1
51   0   0   1   1
52   0   0   1   1
53   0   0   1   1
54   0   0   1   1
55   0   0   1   1
56   0   0   1   1
57   0   0   1   1
58   0   0   1   1
59   0   0   1   1
60   0   0   1   1
61   0   0   1   1
62   0   0   1   1
63   0   0   1   1
64   0   0   1   1
65   0   0   1   1
66   0   0   1   1
67   0   0   1   1
68   0   0   1   1
69   0   0   1   1
70   0   0   1   1

 [*,3,*]
:    1   2   3   4    :=
1    1   0   0   1
2    1   0   0   1
3    1   0   0   1
4    1   0   0   1
5    1   0   0   1
6    1   0   0   1
7    1   0   0   1
8    1   0   0   1
9    1   0   0   1
10   1   0   0   1
11   1   0   0   1
12   1   0   0   1
13   1   0   0   1
14   1   0   0   1
15   1   0   0   1
16   1   0   0   1
17   1   0   0   1
18   1   0   0   1
19   1   0   0   1
20   1   0   0   1
21   1   0   0   1
22   1   0   0   1
23   1   0   0   1
24   1   0   0   1
25   1   0   0   1
26   1   0   0   1
27   1   0   0   1
28   1   0   0   1
29   1   0   0   1
30   1   0   0   1
31   1   0   0   1
32   1   0   0   1
33   1   0   0   1
34   1   0   0   1
35   1   0   0   1
36   1   0   0   1
37   1   0   0   1
38   1   0   0   1
39   1   0   0   1
40   1   0   0   1
41   1   0   0   1
42   1   0   0   1
43   1   0   0   1
44   1   0   0   1
45   1   0   0   1
46   1   0   0   1
47   1   0   0   1
48   1   0   0   1
49   1   0   0   1
50   1   0   0   1
51   1   0   0   1
52   1   0   0   1
53   1   0   0   1
54   1   0   0   1
55   1   0   0   1
56   1   0   0   1
57   1   0   0   1
58   1   0   0   1
59   1   0   0   1
60   1   0   0   1
61   1   0   0   1
62   1   0   0   1
63   1   0   0   1
64   1   0   0   1
65   1   0   0   1
66   1   0   0   1
67   1   0   0   1
68   1   0   0   1
69   1   0   0   1
70   1   0   0   1

 [*,4,*]
:    1   2   3   4    :=
1    1   1   1   0
2    1   1   1   0
3    1   1   1   0
4    1   1   1   0
5    1   1   1   0
6    1   1   1   0
7    1   1   1   0
8    1   1   1   0
9    1   1   1   0
10   1   1   1   0
11   1   1   1   0
12   1   1   1   0
13   1   1   1   0
14   1   1   1   0
15   1   1   1   0
16   1   1   1   0
17   1   1   1   0
18   1   1   1   0
19   1   1   1   0
20   1   1   1   0
21   1   1   1   0
22   1   1   1   0
23   1   1   1   0
24   1   1   1   0
25   1   1   1   0
26   1   1   1   0
27   1   1   1   0
28   1   1   1   0
29   1   1   1   0
30   1   1   1   0
31   1   1   1   0
32   1   1   1   0
33   1   1   1   0
34   1   1   1   0
35   1   1   1   0
36   1   1   1   0
37   1   1   1   0
38   1   1   1   0
39   1   1   1   0
40   1   1   1   0
41   1   1   1   0
42   1   1   1   0
43   1   1   1   0
44   1   1   1   0
45   1   1   1   0
46   1   1   1   0
47   1   1   1   0
48   1   1   1   0
49   1   1   1   0
50   1   1   1   0
51   1   1   1   0
52   1   1   1   0
53   1   1   1   0
54   1   1   1   0
55   1   1   1   0
56   1   1   1   0
57   1   1   1   0
58   1   1   1   0
59   1   1   1   0
60   1   1   1   0
61   1   1   1   0
62   1   1   1   0
63   1   1   1   0
64   1   1   1   0
65   1   1   1   0
66   1   1   1   0
67   1   1   1   0
68   1   1   1   0
69   1   1   1   0
70   1   1   1   0
;

---------------------------- Solution stats data ----------------------------
_ampl_time = 0.099373
_total_solve_time = 22391.1
_ampl_elapsed_time = 0.096478
_ampl_user_time = 0.079513

Total time elapsed: $22391.11.
_total_solve_time = 22391.1

---------------------------- Solution miscs data ----------------------------
tetrahedron_volume [*] :=
 1 0.117851   15 0.117851   29 0.117851   43 0.117851   57 0.117851
 2 0.117851   16 0.117851   30 0.117851   44 0.117851   58 0.117851
 3 0.117851   17 0.117851   31 0.117851   45 0.117851   59 0.117851
 4 0.117851   18 0.117851   32 0.117851   46 0.117851   60 0.117851
 5 0.117851   19 0.117851   33 0.117851   47 0.117851   61 0.117851
 6 0.117851   20 0.117851   34 0.117851   48 0.117851   62 0.117851
 7 0.117851   21 0.117851   35 0.117851   49 0.117851   63 0.117851
 8 0.117851   22 0.117851   36 0.117851   50 0.117851   64 0.117851
 9 0.117851   23 0.117851   37 0.117851   51 0.117851   65 0.117851
10 0.117851   24 0.117851   38 0.117851   52 0.117851   66 0.117851
11 0.117851   25 0.117851   39 0.117851   53 0.117851   67 0.117851
12 0.117851   26 0.117851   40 0.117851   54 0.117851   68 0.117851
13 0.117851   27 0.117851   41 0.117851   55 0.117851   69 0.117851
14 0.117851   28 0.117851   42 0.117851   56 0.117851   70 0.117851
;

---------------------------- Solution miscs data ----------------------------
tetrahedron_surface_area [*] :=
 1 0    8 0   15 0   22 0   29 0   36 0   43 0   50 0   57 0   64 0
 2 0    9 0   16 0   23 0   30 0   37 0   44 0   51 0   58 0   65 0
 3 0   10 0   17 0   24 0   31 0   38 0   45 0   52 0   59 0   66 0
 4 0   11 0   18 0   25 0   32 0   39 0   46 0   53 0   60 0   67 0
 5 0   12 0   19 0   26 0   33 0   40 0   47 0   54 0   61 0   68 0
 6 0   13 0   20 0   27 0   34 0   41 0   48 0   55 0   62 0   69 0
 7 0   14 0   21 0   28 0   35 0   42 0   49 0   56 0   63 0   70 0
;

