Error at _cmdno 5 executing "solve" command
(file amplin, line 1961, offset 37058):
error processing param distances:
	3440 invalid subscripts discarded:
	distances[86,1,1]
	distances[86,1,2]
	distances[86,1,3]
	and 3437 more.
##### This license is only intended for use by NEOS. #####
##### License is valid until Jan 16, 2026 #####
ariables.
Substitution eliminates 1 variable.
Adjusted problem:
18873 variables:
	11733 nonlinear variables
	7140 linear variables
37828 constraints; 227296 nonzeros
	33575 nonlinear constraints
	4253 linear constraints
	3656 equality constraints
	34172 inequality constraints
1 nonlinear objective; 3 nonzeros.

Artelys Knitro 14.2.0: threads=4
algorithm=1
ms_enable=1
ms_maxsolves=10
feastol=1e-5
opttol=1e-5
honorbnds=1
bar_initpt=3
bar_murule=4
scale=1
outlev=2
maxtime_real=1200
WARNING:  Option 'threads' is deprecated, please use 'numthreads'.
WARNING: 1 constraint is constant or undefined and will be ignored.

=======================================
           Academic License
       (NOT FOR COMMERCIAL USE)
         Artelys Knitro 14.2.0
=======================================

No start point provided -- Knitro computing one.

Knitro presolve eliminated 0 variables and 1 constraint.

algorithm                1
bar_initpt               3
bar_murule               4
concurrent_evals         0
datacheck                0
feastol                  1e-05
findiff_numthreads       1
hessian_no_f             1
hessopt                  1
honorbnds                1
maxtime_real             1200
ms_enable                1
ms_maxsolves             10
numthreads               4
opttol                   1e-05

Problem Characteristics                                 (   Presolved)
-----------------------
Objective goal:  Minimize
Objective type:  general
Number of variables:                              18873 (       18873)
    bounded below only:                               1 (           1)
    bounded above only:                               0 (           0)
    bounded below and above:                          0 (           0)
    fixed:                                            0 (           0)
    free:                                         18872 (       18872)
Number of constraints:                            37828 (       37827)
    linear equalities:                                1 (           0)
    quadratic equalities:                          3570 (        3570)
    gen. nonlinear equalities:                       85 (          85)
    linear one-sided inequalities:                 4252 (        4252)
    quadratic one-sided inequalities:             29920 (       29920)
    gen. nonlinear one-sided inequalities:            0 (           0)
    linear two-sided inequalities:                    0 (           0)
    quadratic two-sided inequalities:                 0 (           0)
    gen. nonlinear two-sided inequalities:            0 (           0)
Number of nonzeros in Jacobian:                  227296 (      227296)
Number of nonzeros in Hessian:                   103023 (      103023)

Knitro parallel multistart will run with 4 threads.

Return codes description
------------------------
  0:  The final solution satisfies the termination conditions for verifying optimality.
  -100 to -199:  A feasible approximate solution was found.
  -200 to -299:  Knitro terminated at an infeasible point.
  -300 to -301:  The problem was determined to be unbounded.
  -400 to -499:  Knitro terminated because it reached a pre-defined limit.
    -400 to -409:  A feasible point was found.
    -410 to -419:  No feasible point was found.
  -500 to -599:  Knitro terminated with an input error or some non-standard error.
A more detailed description of individual return codes and their corresponding
termination messages is provided at
https://www.artelys.com/app/docs/knitro/3_referenceManual/returnCodes.html

 Solve #  ThreadID  Status     Objective      FeasError    OptError    Real Time 
--------  --------  ------  --------------   ----------   ----------  ----------
      0          0       0         3.72174  3.17517e-06  7.52352e-07      716.844
      1          2    -410     5.92634e+09  6.34010e+06      1881.34      4703.83
      3          3    -410     3.19548e+12  3.30008e+06      122541.      3928.78
      7          2    -410     3.18061e+11  1.84754e+06      42675.9      5049.02
      4          0    -410     1.76411e+13      449147.  1.50303e+06      4913.11
      6          1    -410     9.64225e+11      117.592      206590.      4913.52
      8          0    -410     4.35945e+11      70559.1      34670.1      4854.15
      2          1    -410     1.80527e+12      31.1840      332089.      4547.55
      5          3    -410     2.57201e+11      25.3099      33871.6      5115.32
      9          3    -410     1.09288e+12      94.4471      353608.      4361.49

MULTISTART: Best locally optimal solution is returned.
EXIT: Locally optimal solution found.

Final Statistics
----------------
Final objective value               =   3.72174220340681e+00
Final feasibility error (abs / rel) =   3.18e-06 / 6.03e-07
Final optimality error  (abs / rel) =   7.52e-07 / 1.15e-07
# of iterations                     =      92266 
# of CG iterations                  =          0 
# of function evaluations           =      94018
# of gradient evaluations           =      92444
# of Hessian evaluations            =      92307
Total program time (secs)           =   13406.08398 ( 42865.910 CPU time)

===============================================================================

Knitro 14.2.0: Locally optimal or satisfactory solution.
objective 3.721742203; feasibility error 3.18e-06
92266 iterations; 94018 function evaluations

suffix feaserror OUT;
suffix opterror OUT;
suffix numfcevals OUT;
suffix numiters OUT;
---------------------------- Solver Status Report ----------------------------
solve_result_num = 0
solve_result = solved
solve_message = 'Knitro 14.2.0: Locally optimal or satisfactory solution.\
objective 3.721742203; feasibility error 3.18e-06\
92266 iterations; 94018 function evaluations'


---------------------------- Problem Dimensions ----------------------------
Variables: 37234
Constraints: 37914
---------------------------- Container and geometric considerations  ----------------------------
Container type: cylinder
Structural conservation type: volume & surface
---------------------------- Solution execution data ----------------------------
solve_result_num = 0
solve_result = solved

---------------------------- Solution data ----------------------------
card(figures) = 85

coords [*,*,1]
:         1             2              3             4          :=
1    -0.14336       0.686506       0.432311      0.898988
2    -0.216105      0.119505       0.375891      0.576789
3     1.12098       0.15572        1.13965       0.884822
4     1.12088       0.979795       1.1281        0.11679
5    -1.11786      -1.13361       -1.02916      -0.112204
6     0.38031       0.171962      -0.24437       0.116114
7    -0.84473       0.313793      -0.184956      0.0174382
8     0.407195     -0.0564836      0.380257     -0.211934
9     0.778398      0.0416446      0.504472      0.979795
10   -1.03783      -0.0364966     -1.13331      -0.983217
11   -1.11786      -0.0951104     -0.657743     -0.897871
12    0.503175      0.0862475      0.717367      1.04337
13   -0.974256     -1.12493        0.130912     -0.835071
14    0.575595      0.964924      -0.0874018     0.375891
15   -0.286128     -0.00940672     0.196353     -1.11159
16   -0.0306006     0.153112       0.964924      1.14102
17   -0.262251      0.228397       0.128043     -0.149973
18    0.262879      1.12098        0.98991       0.311657
19   -0.262251      0.128185       0.228405      0.503674
20   -0.897871     -0.657743      -0.262251     -0.0951104
21    0.375891     -0.0874018      0.12434      -0.240129
22    1.12098       0.329047       0.98991       1.13965
23   -0.680585      0.164371       0.256476     -0.201593
24   -0.061086      0.879803       0.407195      0.3811
25   -0.115224     -0.874888      -1.11159      -0.85196
26   -0.00359664   -0.823916      -0.262251     -0.215591
27    0.564166      1.12085        0.0888998     0.283062
28   -1.11159      -0.0650577     -1.00999      -0.239392
29   -1.11081       0.24472       -0.766368     -0.958099
30   -0.992129     -1.02916       -0.426113     -0.0712499
31    0.884827      0.406272       0.884649     -0.0575955
32    0.964924      0.6677         0.149639      1.13664
33    0.575595     -0.0874018      0.964924      0.163413
34   -0.217752      0.0966442     -0.548916      0.76607
35    0.0178111     0.884442       0.552567      0.0883096
36   -1.11105      -0.84473        0.272673     -0.8629
37    0.376546     -0.215591      -0.262251     -0.00359664
38   -1.01015      -0.978424       0.0377219    -0.59814
39    0.884647      0.884822      -0.0949219     1.12105
40   -0.0371313    -1.11159       -1.14063      -1.00999
41    0.484566      0.0706366      0.0886482     0.900038
42    0.552567     -0.19104       -0.185338      0.0557968
43   -0.479283     -0.135301      -0.388586     -0.874888
44   -0.534662     -0.388586       0.427239      0.686506
45    0.98991       0.900344       1.13961       0.317684
46   -0.93513      -0.00109596    -0.00247853   -0.834868
47    0.217007     -0.596816      -1.10484      -0.234987
48    1.12088       0.78779        0.11679       0.979795
49    0.313793     -0.84473        0.163778      0.0174382
50    0.185995      0.716352      -0.0845317     0.185902
51   -0.479283     -0.135301      -0.388586      0.127941
52   -1.13338      -1.01125       -0.84169      -0.078602
53   -1.02271      -1.11159       -1.00999      -0.239392
54    0.0416446     0.778398       0.221073      0.504472
55   -0.580757      0.0447783     -0.19104       0.0435207
56    1.12098       0.262879       0.552567      0.175373
57   -0.19104      -1.02271        0.0336546    -0.186397
58    1.12559       0.964924       0.149639      1.1281
59    1.14119       0.000174012    0.141908      0.796196
60   -0.849858     -0.479283      -0.874888     -0.137774
61   -0.680585      0.209974      -0.161558     -0.991908
62    0.4299       -0.186234      -0.539466      0.686506
63    0.898988      0.32794       -0.14336       0.98991
64   -0.584836      0.0102321     -1.00591      -0.0741433
65    0.103929     -0.0606321     -0.426113     -0.983488
66   -0.0296594    -1.13361       -1.03099      -0.112204
67   -0.991899      0.0858807      0.198845     -0.138996
68   -0.0846167     0.179285      -0.216612      0.568591
69   -0.426113     -0.138997       0.0858807    -0.638255
70    0.0892537     1.13642        1.03847       0.717914
71   -0.949701     -0.0371312     -1.14063      -1.11159
72    1.03847       1.12073        0.00984576    1.14124
73    0.00984564    1.12073        1.14124       0.900063
74   -0.638255      0.0858807     -0.991905     -0.426113
75   -1.10924       0.148587      -0.84304      -0.991122
76    0.898988      0.98991        0.686506     -0.14336
77   -0.119952     -0.811129      -0.262251      0.120949
78    0.552567      0.890471       0.183664      1.12098
79    0.375891     -0.240129      -0.426113     -0.0768154
80    0.228397     -0.657743      -0.164943     -0.262251
81    0.262879      0.116114       0.988456      0.310204
82    0.152558      1.14119       -0.0306006     0.000174018
83   -0.0741433    -1.02271       -0.19104      -0.582994
84   -0.812566     -0.974256       0.10769      -0.40678
85    0.0501787    -0.185338       0.552567      0.0429875

 [*,*,2]
:         1             2             3            4         :=
1     0.123851      0.912409      1.05683       0.703989
2     1.1212       -0.009226      1.07819       0.985441
3    -0.21722      -0.136737      0.0705823    -0.721713
4    -0.217713     -0.586329      0.176565     -0.0187511
5    -0.232723     -0.136751      0.49459      -0.0516226
6    -0.792176     -0.0964959    -0.0413244     0.593537
7     0.768252     -0.0304224     0.00874978    0.625593
8    -1.06676      -0.0472446    -1.07665      -1.12199
9    -0.83539      -0.00571793   -1.02435      -0.586329
10    0.476128      0.06532      -0.139255      0.580573
11   -0.232723     -0.0373982    -0.933356     -0.705413
12    1.02499      -0.289658      0.888349      0.463848
13   -0.595487      0.195737      0.0691464    -0.77874
14    0.986139      0.610492      0.0409641     1.07819
15   -0.114866     -0.104449      0.734849      0.261041
16    0.0799209     0.0177657     0.610492     -0.0381095
17   -1.11131      -1.11876      -0.125083     -0.185525
18   -0.176248     -0.21722       0.569085     -0.0976468
19   -1.11131      -0.124923     -1.11874      -1.02474
20   -0.705413     -0.933356     -1.11131      -0.0373982
21    1.07819       0.0409641     0.011283      1.1163
22   -0.21722      -0.100216      0.569085      0.0705823
23    0.916833      1.12994      -0.0234128     1.12389
24   -0.0360152    -0.727822     -1.06676      -1.07636
25   -0.0693595     0.733724      0.261041      0.760227
26    0.0805902    -0.790533     -1.11131      -1.12129
27    0.96163      -0.217877     -0.0412384    -0.288556
28    0.261041     -0.0681657    -0.532626     -0.136149
29   -0.264347      0.0039997     0.84644       0.621148
30    0.565208      0.49459       1.05934      -0.0509881
31   -0.721707     -1.06711      -0.721925     -0.0431815
32    0.610491      0.926259     -0.0124069     0.108711
33    0.986139      0.0409641     0.610492      0.0217815
34    0.0127528    -0.128838     -1.00123      -0.784066
35   -0.0707291    -0.722178     -0.999224     -1.13841
36   -0.263331      0.768252     -0.00207461    0.568441
37   -1.07796      -1.12129      -1.11131       0.0805902
38   -0.532338     -0.496233     -0.0185506    -0.972629
39   -0.721928     -0.721713     -0.01616      -0.216881
40   -0.0544391     0.261041      0.0522661    -0.532626
41    1.03391      -0.199259      1.13839       0.702646
42   -0.999224     -1.12574      -0.110593     -1.14047
43    1.03637      -0.0533551     1.07368       0.733724
44    0.35749       1.07368       1.05889       0.912409
45    0.569085      0.702254      0.0711885    -0.111725
46   -0.191603     -0.0987189     0.0769762    -0.778958
47    0.0177581    -0.973443      0.288296      0.0966543
48   -0.217713     -0.826538     -0.0187511    -0.586329
49   -0.0304224     0.768252      1.13003       0.625593
50   -0.103476      0.889168      1.1387        0.958883
51    1.03637      -0.0533551     1.07368       1.13464
52   -0.138648     -0.213524     -0.771581      0.0550547
53   -0.507779      0.261041     -0.532626     -0.136149
54   -0.00571793   -0.83539      -1.10069      -1.02435
55   -0.983108     -1.14095      -1.12574      -0.0417128
56   -0.21722      -0.176248     -0.999224     -0.098905
57   -1.12574      -0.507779     -0.0873089    -0.111007
58   -0.191912      0.610491     -0.0124067     0.176565
59   -0.0381272    -0.555855      0.0185573    -0.818445
60    0.762575      1.03637       0.733724     -0.0455197
61    0.916833      0.0232479     1.13034       0.565595
62    1.05739      -0.00185579    0.355307      0.912409
63    0.703989     -0.0974568     0.123851      0.569085
64   -0.980687     -0.0314733    -0.509155     -0.585499
65   -0.0592894    -0.0842099     1.05934       0.580112
66    0.0625149    -0.136751      0.473323     -0.0516226
67    0.56561      -0.0211983    -0.00631543    1.13334
68    1.13869      -0.13773       1.1211        0.990194
69    1.05934       1.13334      -0.0211983     0.94679
70   -0.220062      0.111063      0.474713      0.887908
71    0.633915     -0.0544391     0.0522661     0.261041
72    0.474713     -0.218496     -0.278184      0.0367965
73   -0.278184     -0.218496      0.0367965    -0.702614
74    0.94679      -0.0211983     0.565601      1.05934
75   -0.270871      0.0533241    -0.770106      0.566972
76    0.703989      0.569085      0.912409      0.123851
77   -0.197011     -0.760805     -1.11131       0.0156749
78   -0.999224     -0.714731     -0.130758     -0.21722
79    1.07819       1.1163        1.05934      -0.0335739
80   -1.11876      -0.933356     -0.148602     -1.11131
81   -0.176248      0.593537      0.567656     -0.0990758
82    0.0179533    -0.0381272     0.0799209    -0.555855
83   -0.585499     -0.507779     -1.12574      -0.981783
84   -0.802195     -0.595487      0.0551809    -1.06692
85   -1.11647      -0.110593     -0.999224     -0.0214669

 [*,*,3]
:        1            2            3            4         :=
1     0.457547     1.18615      0.328003    -0.159914
2    -0.902011    -0.807155    -1.66843     -0.81119
3     1.18615      0.160575     0.105101     0.397863
4    -1.66843     -0.654188    -0.775569    -0.697758
5    -1.66843     -0.680497    -1.66843     -1.64976
6     1.18615      0.126421     1.18615      1.18615
7    -0.246775    -0.346496     0.434803     0.587638
8     0.409034    -0.385899    -0.673568     0.170165
9    -1.66843     -0.797319    -0.636789    -0.654188
10   -1.64092     -0.736167    -0.676403    -0.716363
11   -1.66843     -1.66843     -1.66843     -0.791617
12   -0.361317    -0.531488    -0.983138    -0.0300842
13    0.0805198    0.0615127   -0.266512    -0.66866
14   -0.816524    -1.66843     -1.61653     -1.66843
15    1.18615      0.385144     1.18615      1.18615
16   -1.66843     -0.711758    -1.66843     -1.66843
17   -0.769682    -1.66843     -0.672168    -1.66843
18    1.18615      1.18615      1.16991      0.128067
19   -0.769682    -0.672296    -1.66843     -0.639934
20   -0.791617    -1.66843     -0.769682    -1.66843
21   -1.66843     -1.61653     -0.823399    -0.867729
22    1.18615      0.150802     1.16991      0.105101
23   -0.0689909    0.441634    -0.365395    -0.427542
24   -0.377149    -0.644468     0.40903     -0.639848
25    0.462045     1.18615      1.18615     -0.107455
26   -0.532442    -0.79544     -0.769683     0.175042
27   -0.323919     0.213542     0.0953559   -0.42086
28    1.18615      0.320913     0.0730524    1.18615
29   -0.259031    -0.340932    -0.249698    -0.743862
30   -0.855654    -1.66843     -1.66843     -1.66843
31    0.428921     0.410673    -0.658512    -0.371981
32   -1.66843     -1.00129     -0.700285    -0.641019
33   -0.816524    -1.61653     -1.66843     -0.702946
34    0.227537    -0.255199    -0.0509796    0.411243
35    0.268577     0.429015     1.18615      0.309487
36   -0.258985    -0.246776    -0.342957     0.269405
37   -0.667932     0.175042    -0.769682    -0.532442
38    0.0916786    1.15535      0.301378    -0.0360007
39   -0.671373     0.397863     0.0582409    0.216152
40    0.328238     1.18615      0.0541746    0.0730523
41   -0.367726     0.178122     0.625764    -0.161201
42    1.18615      1.18615      1.18213      0.248745
43    0.0851591    0.486426     1.18615      1.18615
44    1.06827      1.18615      0.31223      1.18615
45    1.16991     -0.141541     0.106327     0.133279
46   -1.5829      -1.55801     -0.559165    -0.668062
47   -0.293225    -0.0361149    0.118526     0.309658
48   -1.66843     -1.6284      -0.697758    -0.654188
49   -0.346496    -0.246775     0.441448     0.587638
50   -0.602871    -0.98004     -0.138086     0.325243
51    0.0851591    0.486426     1.18615      0.659681
52   -0.699874    -1.66645     -0.66062     -0.642723
53    1.18615      1.18615      0.0730524    1.18615
54   -0.797319    -1.66843     -1.66843     -0.636789
55   -0.0597842    0.290569     1.18615      0.314439
56    1.18615      1.18615      1.18615      0.16774
57    1.18615      1.18615      0.351105     1.18615
58   -1.61219     -1.66843     -0.700286    -0.775569
59   -1.66843     -1.66843     -0.704371    -1.63245
60   -0.22401      0.0851593    1.18615      0.483541
61   -0.0689909   -0.350686    -0.454242    -0.852023
62    0.321201     0.559691     1.0678       1.18615
63   -0.159914     0.128758     0.457547     1.16991
64   -0.0645193    0.32448      1.17845      0.751719
65   -0.991885    -1.66843     -1.66843     -0.870702
66   -0.729989    -0.680497    -1.63474     -1.64976
67   -0.852019    -1.01492     -0.357015    -0.449784
68   -0.138004    -0.677544    -0.902041    -0.812633
69   -1.66843     -0.449789    -1.01492     -0.610216
70   -0.607123    -0.641955    -0.0495558   -0.981852
71    0.26322      0.328238     0.0541746    1.18615
72   -0.0495558    0.213625    -0.653767    -0.755267
73   -0.653767     0.213625    -0.755267    -0.632944
74   -0.610216    -1.01492     -0.852024    -1.66843
75   -0.255325    -0.373136    -0.660752    -0.715375
76   -0.159914     1.16991      1.18615      0.457547
77   -1.53485     -0.788624    -0.769683    -0.525684
78    1.18615      0.411507     0.198782     1.18615
79   -1.66843     -0.867728    -1.66843     -1.66843
80   -1.66843     -1.66843     -1.66843     -0.769682
81    1.18615      1.18615      1.16768      0.125835
82   -0.714645    -1.66843     -1.66843     -1.66843
83    0.751719     1.18615      1.18615     -0.0676353
84   -0.773477     0.0805198   -0.25922     -0.0951405
85    0.270492     1.18213      1.18615      0.316815
;

radius = 1.14183
height = 2.85458
softness = 0.99

---------------------------- Solution coords data ----------------------------
distances [*,1,*]
:    1   2   3   4    :=
1    0   1   0   1
2    0   1   0   1
3    0   1   0   1
4    0   1   0   1
5    0   1   0   1
6    0   1   0   1
7    0   1   0   1
8    0   1   0   1
9    0   1   0   1
10   0   1   0   1
11   0   1   0   1
12   0   1   0   1
13   0   1   0   1
14   0   1   0   1
15   0   1   0   1
16   0   1   0   1
17   0   1   0   1
18   0   1   0   1
19   0   1   0   1
20   0   1   0   1
21   0   1   0   1
22   0   1   0   1
23   0   1   0   1
24   0   1   0   1
25   0   1   0   1
26   0   1   0   1
27   0   1   0   1
28   0   1   0   1
29   0   1   0   1
30   0   1   0   1
31   0   1   0   1
32   0   1   0   1
33   0   1   0   1
34   0   1   0   1
35   0   1   0   1
36   0   1   0   1
37   0   1   0   1
38   0   1   0   1
39   0   1   0   1
40   0   1   0   1
41   0   1   0   1
42   0   1   0   1
43   0   1   0   1
44   0   1   0   1
45   0   1   0   1
46   0   1   0   1
47   0   1   0   1
48   0   1   0   1
49   0   1   0   1
50   0   1   0   1
51   0   1   0   1
52   0   1   0   1
53   0   1   0   1
54   0   1   0   1
55   0   1   0   1
56   0   1   0   1
57   0   1   0   1
58   0   1   0   1
59   0   1   0   1
60   0   1   0   1
61   0   1   0   1
62   0   1   0   1
63   0   1   0   1
64   0   1   0   1
65   0   1   0   1
66   0   1   0   1
67   0   1   0   1
68   0   1   0   1
69   0   1   0   1
70   0   1   0   1
71   0   1   0   1
72   0   1   0   1
73   0   1   0   1
74   0   1   0   1
75   0   1   0   1
76   0   1   0   1
77   0   1   0   1
78   0   1   0   1
79   0   1   0   1
80   0   1   0   1
81   0   1   0   1
82   0   1   0   1
83   0   1   0   1
84   0   1   0   1
85   0   1   0   1

 [*,2,*]
:    1   2   3   4    :=
1    0   0   1   1
2    0   0   1   1
3    0   0   1   1
4    0   0   1   1
5    0   0   1   1
6    0   0   1   1
7    0   0   1   1
8    0   0   1   1
9    0   0   1   1
10   0   0   1   1
11   0   0   1   1
12   0   0   1   1
13   0   0   1   1
14   0   0   1   1
15   0   0   1   1
16   0   0   1   1
17   0   0   1   1
18   0   0   1   1
19   0   0   1   1
20   0   0   1   1
21   0   0   1   1
22   0   0   1   1
23   0   0   1   1
24   0   0   1   1
25   0   0   1   1
26   0   0   1   1
27   0   0   1   1
28   0   0   1   1
29   0   0   1   1
30   0   0   1   1
31   0   0   1   1
32   0   0   1   1
33   0   0   1   1
34   0   0   1   1
35   0   0   1   1
36   0   0   1   1
37   0   0   1   1
38   0   0   1   1
39   0   0   1   1
40   0   0   1   1
41   0   0   1   1
42   0   0   1   1
43   0   0   1   1
44   0   0   1   1
45   0   0   1   1
46   0   0   1   1
47   0   0   1   1
48   0   0   1   1
49   0   0   1   1
50   0   0   1   1
51   0   0   1   1
52   0   0   1   1
53   0   0   1   1
54   0   0   1   1
55   0   0   1   1
56   0   0   1   1
57   0   0   1   1
58   0   0   1   1
59   0   0   1   1
60   0   0   1   1
61   0   0   1   1
62   0   0   1   1
63   0   0   1   1
64   0   0   1   1
65   0   0   1   1
66   0   0   1   1
67   0   0   1   1
68   0   0   1   1
69   0   0   1   1
70   0   0   1   1
71   0   0   1   1
72   0   0   1   1
73   0   0   1   1
74   0   0   1   1
75   0   0   1   1
76   0   0   1   1
77   0   0   1   1
78   0   0   1   1
79   0   0   1   1
80   0   0   1   1
81   0   0   1   1
82   0   0   1   1
83   0   0   1   1
84   0   0   1   1
85   0   0   1   1

 [*,3,*]
:    1   2   3   4    :=
1    1   0   0   1
2    1   0   0   1
3    1   0   0   1
4    1   0   0   1
5    1   0   0   1
6    1   0   0   1
7    1   0   0   1
8    1   0   0   1
9    1   0   0   1
10   1   0   0   1
11   1   0   0   1
12   1   0   0   1
13   1   0   0   1
14   1   0   0   1
15   1   0   0   1
16   1   0   0   1
17   1   0   0   1
18   1   0   0   1
19   1   0   0   1
20   1   0   0   1
21   1   0   0   1
22   1   0   0   1
23   1   0   0   1
24   1   0   0   1
25   1   0   0   1
26   1   0   0   1
27   1   0   0   1
28   1   0   0   1
29   1   0   0   1
30   1   0   0   1
31   1   0   0   1
32   1   0   0   1
33   1   0   0   1
34   1   0   0   1
35   1   0   0   1
36   1   0   0   1
37   1   0   0   1
38   1   0   0   1
39   1   0   0   1
40   1   0   0   1
41   1   0   0   1
42   1   0   0   1
43   1   0   0   1
44   1   0   0   1
45   1   0   0   1
46   1   0   0   1
47   1   0   0   1
48   1   0   0   1
49   1   0   0   1
50   1   0   0   1
51   1   0   0   1
52   1   0   0   1
53   1   0   0   1
54   1   0   0   1
55   1   0   0   1
56   1   0   0   1
57   1   0   0   1
58   1   0   0   1
59   1   0   0   1
60   1   0   0   1
61   1   0   0   1
62   1   0   0   1
63   1   0   0   1
64   1   0   0   1
65   1   0   0   1
66   1   0   0   1
67   1   0   0   1
68   1   0   0   1
69   1   0   0   1
70   1   0   0   1
71   1   0   0   1
72   1   0   0   1
73   1   0   0   1
74   1   0   0   1
75   1   0   0   1
76   1   0   0   1
77   1   0   0   1
78   1   0   0   1
79   1   0   0   1
80   1   0   0   1
81   1   0   0   1
82   1   0   0   1
83   1   0   0   1
84   1   0   0   1
85   1   0   0   1

 [*,4,*]
:    1   2   3   4    :=
1    1   1   1   0
2    1   1   1   0
3    1   1   1   0
4    1   1   1   0
5    1   1   1   0
6    1   1   1   0
7    1   1   1   0
8    1   1   1   0
9    1   1   1   0
10   1   1   1   0
11   1   1   1   0
12   1   1   1   0
13   1   1   1   0
14   1   1   1   0
15   1   1   1   0
16   1   1   1   0
17   1   1   1   0
18   1   1   1   0
19   1   1   1   0
20   1   1   1   0
21   1   1   1   0
22   1   1   1   0
23   1   1   1   0
24   1   1   1   0
25   1   1   1   0
26   1   1   1   0
27   1   1   1   0
28   1   1   1   0
29   1   1   1   0
30   1   1   1   0
31   1   1   1   0
32   1   1   1   0
33   1   1   1   0
34   1   1   1   0
35   1   1   1   0
36   1   1   1   0
37   1   1   1   0
38   1   1   1   0
39   1   1   1   0
40   1   1   1   0
41   1   1   1   0
42   1   1   1   0
43   1   1   1   0
44   1   1   1   0
45   1   1   1   0
46   1   1   1   0
47   1   1   1   0
48   1   1   1   0
49   1   1   1   0
50   1   1   1   0
51   1   1   1   0
52   1   1   1   0
53   1   1   1   0
54   1   1   1   0
55   1   1   1   0
56   1   1   1   0
57   1   1   1   0
58   1   1   1   0
59   1   1   1   0
60   1   1   1   0
61   1   1   1   0
62   1   1   1   0
63   1   1   1   0
64   1   1   1   0
65   1   1   1   0
66   1   1   1   0
67   1   1   1   0
68   1   1   1   0
69   1   1   1   0
70   1   1   1   0
71   1   1   1   0
72   1   1   1   0
73   1   1   1   0
74   1   1   1   0
75   1   1   1   0
76   1   1   1   0
77   1   1   1   0
78   1   1   1   0
79   1   1   1   0
80   1   1   1   0
81   1   1   1   0
82   1   1   1   0
83   1   1   1   0
84   1   1   1   0
85   1   1   1   0
;

---------------------------- Solution stats data ----------------------------
_ampl_time = 0.199676
_total_solve_time = 42866.3
_ampl_elapsed_time = 0.196221
_ampl_user_time = 0.159948

Total time elapsed: $42866.34.
_total_solve_time = 42866.3

---------------------------- Solution miscs data ----------------------------
tetrahedron_volume [*] :=
 1 0.117851   18 0.117851   35 0.117851   52 0.117851   69 0.117851
 2 0.117851   19 0.117851   36 0.117851   53 0.117851   70 0.117851
 3 0.117851   20 0.117851   37 0.117851   54 0.117851   71 0.117851
 4 0.117851   21 0.117851   38 0.117851   55 0.117851   72 0.117851
 5 0.117851   22 0.117851   39 0.117851   56 0.117851   73 0.117851
 6 0.117851   23 0.117851   40 0.117851   57 0.117851   74 0.117851
 7 0.117851   24 0.117851   41 0.117851   58 0.117851   75 0.117851
 8 0.117851   25 0.117851   42 0.117851   59 0.117851   76 0.117851
 9 0.117851   26 0.117851   43 0.117851   60 0.117851   77 0.117851
10 0.117851   27 0.117851   44 0.117851   61 0.117851   78 0.117851
11 0.117851   28 0.117851   45 0.117851   62 0.117851   79 0.117851
12 0.117851   29 0.117851   46 0.117851   63 0.117851   80 0.117851
13 0.117851   30 0.117851   47 0.117851   64 0.117851   81 0.117851
14 0.117851   31 0.117851   48 0.117851   65 0.117851   82 0.117851
15 0.117851   32 0.117851   49 0.117851   66 0.117851   83 0.117851
16 0.117851   33 0.117851   50 0.117851   67 0.117851   84 0.117851
17 0.117851   34 0.117851   51 0.117851   68 0.117851   85 0.117851
;

---------------------------- Solution miscs data ----------------------------
tetrahedron_surface_area [*] :=
 1 0    9 0   17 0   25 0   33 0   41 0   49 0   57 0   65 0   73 0   81 0
 2 0   10 0   18 0   26 0   34 0   42 0   50 0   58 0   66 0   74 0   82 0
 3 0   11 0   19 0   27 0   35 0   43 0   51 0   59 0   67 0   75 0   83 0
 4 0   12 0   20 0   28 0   36 0   44 0   52 0   60 0   68 0   76 0   84 0
 5 0   13 0   21 0   29 0   37 0   45 0   53 0   61 0   69 0   77 0   85 0
 6 0   14 0   22 0   30 0   38 0   46 0   54 0   62 0   70 0   78 0
 7 0   15 0   23 0   31 0   39 0   47 0   55 0   63 0   71 0   79 0
 8 0   16 0   24 0   32 0   40 0   48 0   56 0   64 0   72 0   80 0
;

